#depth	N	N+	N+2	N+3	N+4	N+5	N+6	N+7
 6.17135e+19	3.97e-18	9.26e-13	6.45e-09	3.53e-06	2.48e-04	8.59e-02	4.70e-01	4.44e-01
 1.87609e+20	6.74e-18	1.48e-12	9.71e-09	4.97e-06	3.19e-04	9.90e-02	4.87e-01	4.14e-01
 2.96560e+20	1.04e-17	2.17e-12	1.36e-08	6.62e-06	3.94e-04	1.11e-01	5.00e-01	3.89e-01
 3.77242e+20	1.41e-17	2.84e-12	1.73e-08	8.11e-06	4.57e-04	1.21e-01	5.08e-01	3.71e-01
 4.36988e+20	1.76e-17	3.45e-12	2.05e-08	9.39e-06	5.09e-04	1.28e-01	5.14e-01	3.57e-01
 4.83685e+20	2.07e-17	4.00e-12	2.34e-08	1.05e-05	5.54e-04	1.34e-01	5.18e-01	3.47e-01
 5.36273e+20	2.48e-17	4.70e-12	2.70e-08	1.19e-05	6.06e-04	1.41e-01	5.22e-01	3.36e-01
 6.04638e+20	3.11e-17	5.76e-12	3.24e-08	1.39e-05	6.80e-04	1.50e-01	5.27e-01	3.22e-01
 6.77913e+20	3.94e-17	7.11e-12	3.91e-08	1.63e-05	7.67e-04	1.60e-01	5.32e-01	3.08e-01
 7.42222e+20	4.80e-17	8.50e-12	4.59e-08	1.88e-05	8.50e-04	1.68e-01	5.35e-01	2.96e-01
 8.10476e+20	5.88e-17	1.02e-11	5.41e-08	2.17e-05	9.45e-04	1.78e-01	5.38e-01	2.83e-01
 8.87279e+20	7.33e-17	1.24e-11	6.46e-08	2.53e-05	1.06e-03	1.89e-01	5.41e-01	2.70e-01
 9.59909e+20	8.95e-17	1.49e-11	7.61e-08	2.92e-05	1.18e-03	1.99e-01	5.42e-01	2.57e-01
 1.02846e+21	1.07e-16	1.76e-11	8.84e-08	3.32e-05	1.30e-03	2.09e-01	5.43e-01	2.46e-01
 1.10700e+21	1.31e-16	2.11e-11	1.04e-07	3.84e-05	1.45e-03	2.21e-01	5.44e-01	2.34e-01
 1.19500e+21	1.63e-16	2.56e-11	1.25e-07	4.49e-05	1.62e-03	2.34e-01	5.44e-01	2.21e-01
 1.27802e+21	1.98e-16	3.06e-11	1.47e-07	5.17e-05	1.81e-03	2.46e-01	5.43e-01	2.09e-01
 1.34848e+21	2.33e-16	3.54e-11	1.67e-07	5.81e-05	1.97e-03	2.56e-01	5.42e-01	2.00e-01
 1.40979e+21	2.66e-16	4.01e-11	1.87e-07	6.41e-05	2.12e-03	2.65e-01	5.40e-01	1.92e-01
 1.47946e+21	3.09e-16	4.59e-11	2.12e-07	7.15e-05	2.30e-03	2.76e-01	5.38e-01	1.84e-01
 1.57003e+21	3.72e-16	5.45e-11	2.48e-07	8.20e-05	2.54e-03	2.89e-01	5.35e-01	1.73e-01
 1.66335e+21	4.49e-16	6.46e-11	2.90e-07	9.40e-05	2.82e-03	3.03e-01	5.31e-01	1.63e-01
 1.74049e+21	5.21e-16	7.40e-11	3.29e-07	1.05e-04	3.05e-03	3.14e-01	5.28e-01	1.55e-01
 1.82100e+21	6.05e-16	8.49e-11	3.73e-07	1.17e-04	3.31e-03	3.26e-01	5.24e-01	1.47e-01
 1.92567e+21	7.30e-16	1.01e-10	4.37e-07	1.34e-04	3.67e-03	3.41e-01	5.18e-01	1.38e-01
 2.03162e+21	8.78e-16	1.20e-10	5.10e-07	1.54e-04	4.06e-03	3.56e-01	5.11e-01	1.29e-01
 2.11612e+21	1.01e-15	1.36e-10	5.75e-07	1.70e-04	4.38e-03	3.67e-01	5.06e-01	1.22e-01
 2.20285e+21	1.17e-15	1.55e-10	6.48e-07	1.89e-04	4.73e-03	3.79e-01	5.00e-01	1.16e-01
 2.31560e+21	1.39e-15	1.83e-10	7.53e-07	2.15e-04	5.20e-03	3.94e-01	4.92e-01	1.08e-01
 2.43252e+21	1.66e-15	2.15e-10	8.75e-07	2.45e-04	5.72e-03	4.10e-01	4.84e-01	1.00e-01
 2.52993e+21	1.92e-15	2.46e-10	9.89e-07	2.72e-04	6.18e-03	4.22e-01	4.77e-01	9.44e-02
 2.63165e+21	2.22e-15	2.81e-10	1.12e-06	3.02e-04	6.68e-03	4.35e-01	4.69e-01	8.87e-02
 2.76389e+21	2.67e-15	3.32e-10	1.31e-06	3.45e-04	7.36e-03	4.52e-01	4.59e-01	8.19e-02
 2.89983e+21	3.20e-15	3.93e-10	1.52e-06	3.93e-04	8.09e-03	4.68e-01	4.48e-01	7.54e-02
 3.01183e+21	3.70e-15	4.49e-10	1.72e-06	4.36e-04	8.73e-03	4.81e-01	4.39e-01	7.05e-02
 3.12868e+21	4.29e-15	5.14e-10	1.95e-06	4.84e-04	9.42e-03	4.94e-01	4.30e-01	6.58e-02
 3.28058e+21	5.15e-15	6.10e-10	2.28e-06	5.51e-04	1.04e-02	5.11e-01	4.18e-01	6.03e-02
 3.43917e+21	6.21e-15	7.24e-10	2.67e-06	6.29e-04	1.14e-02	5.27e-01	4.06e-01	5.50e-02
 3.55959e+21	7.09e-15	8.20e-10	3.00e-06	6.93e-04	1.22e-02	5.40e-01	3.96e-01	5.12e-02
 3.65120e+21	7.89e-15	9.03e-10	3.28e-06	7.44e-04	1.29e-02	5.48e-01	3.89e-01	4.87e-02
 3.75221e+21	8.80e-15	1.00e-09	3.60e-06	8.03e-04	1.36e-02	5.58e-01	3.82e-01	4.60e-02
 3.88352e+21	1.01e-14	1.14e-09	4.05e-06	8.85e-04	1.46e-02	5.70e-01	3.72e-01	4.28e-02
 4.02820e+21	1.17e-14	1.31e-09	4.60e-06	9.81e-04	1.57e-02	5.83e-01	3.61e-01	3.95e-02
 4.15962e+21	1.34e-14	1.48e-09	5.15e-06	1.08e-03	1.68e-02	5.94e-01	3.52e-01	3.67e-02
 4.28109e+21	1.51e-14	1.65e-09	5.70e-06	1.17e-03	1.78e-02	6.04e-01	3.43e-01	3.44e-02
 4.42031e+21	1.72e-14	1.86e-09	6.39e-06	1.28e-03	1.90e-02	6.14e-01	3.33e-01	3.19e-02
 4.57746e+21	2.00e-14	2.14e-09	7.25e-06	1.41e-03	2.04e-02	6.26e-01	3.23e-01	2.94e-02
 4.72667e+21	2.29e-14	2.42e-09	8.14e-06	1.55e-03	2.18e-02	6.37e-01	3.13e-01	2.72e-02
 4.86748e+21	2.59e-14	2.72e-09	9.06e-06	1.68e-03	2.31e-02	6.46e-01	3.04e-01	2.52e-02
 5.02864e+21	2.98e-14	3.10e-09	1.02e-05	1.85e-03	2.47e-02	6.56e-01	2.94e-01	2.33e-02
 5.20934e+21	3.47e-14	3.57e-09	1.16e-05	2.04e-03	2.65e-02	6.67e-01	2.83e-01	2.12e-02
 5.37975e+21	3.98e-14	4.06e-09	1.31e-05	2.24e-03	2.83e-02	6.77e-01	2.73e-01	1.95e-02
 5.54081e+21	4.55e-14	4.59e-09	1.47e-05	2.44e-03	3.00e-02	6.85e-01	2.64e-01	1.80e-02
 5.72541e+21	5.27e-14	5.26e-09	1.66e-05	2.68e-03	3.20e-02	6.94e-01	2.54e-01	1.65e-02
 5.96539e+21	6.34e-14	6.24e-09	1.95e-05	3.02e-03	3.47e-02	7.05e-01	2.42e-01	1.47e-02
 6.20886e+21	7.62e-14	7.39e-09	2.27e-05	3.39e-03	3.76e-02	7.15e-01	2.30e-01	1.31e-02
 6.40577e+21	8.80e-14	8.45e-09	2.57e-05	3.71e-03	4.00e-02	7.23e-01	2.21e-01	1.20e-02
 6.61064e+21	1.02e-13	9.68e-09	2.91e-05	4.06e-03	4.26e-02	7.30e-01	2.12e-01	1.09e-02
 6.87698e+21	1.23e-13	1.15e-08	3.41e-05	4.55e-03	4.59e-02	7.38e-01	2.01e-01	9.73e-03
 7.15908e+21	1.49e-13	1.37e-08	4.01e-05	5.11e-03	4.97e-02	7.46e-01	1.90e-01	8.60e-03
 7.37639e+21	1.73e-13	1.57e-08	4.53e-05	5.57e-03	5.27e-02	7.52e-01	1.82e-01	7.84e-03
 7.54130e+21	1.93e-13	1.74e-08	4.96e-05	5.94e-03	5.50e-02	7.55e-01	1.76e-01	7.31e-03
 7.72342e+21	2.17e-13	1.94e-08	5.47e-05	6.36e-03	5.75e-02	7.59e-01	1.70e-01	6.78e-03
 7.96018e+21	2.55e-13	2.24e-08	6.20e-05	6.94e-03	6.08e-02	7.63e-01	1.63e-01	6.18e-03
 8.22616e+21	3.00e-13	2.60e-08	7.10e-05	7.64e-03	6.48e-02	7.67e-01	1.55e-01	5.54e-03
 8.47430e+21	3.50e-13	2.99e-08	8.05e-05	8.33e-03	6.85e-02	7.70e-01	1.48e-01	5.03e-03
 8.74103e+21	4.14e-13	3.47e-08	9.18e-05	9.11e-03	7.25e-02	7.73e-01	1.41e-01	4.55e-03
 9.02789e+21	4.91e-13	4.05e-08	1.05e-04	1.00e-02	7.70e-02	7.75e-01	1.33e-01	4.07e-03
 9.28004e+21	5.70e-13	4.63e-08	1.19e-04	1.08e-02	8.10e-02	7.77e-01	1.27e-01	3.71e-03
 9.54696e+21	6.69e-13	5.33e-08	1.34e-04	1.18e-02	8.52e-02	7.78e-01	1.22e-01	3.37e-03
 9.89396e+21	8.18e-13	6.37e-08	1.56e-04	1.30e-02	9.07e-02	7.79e-01	1.14e-01	2.98e-03
 1.02483e+22	9.93e-13	7.59e-08	1.82e-04	1.44e-02	9.67e-02	7.79e-01	1.07e-01	2.63e-03
 1.05349e+22	1.16e-12	8.73e-08	2.06e-04	1.56e-02	1.02e-01	7.78e-01	1.02e-01	2.39e-03
 1.08304e+22	1.37e-12	1.01e-07	2.32e-04	1.69e-02	1.07e-01	7.77e-01	9.72e-02	2.16e-03
 1.12146e+22	1.68e-12	1.20e-07	2.71e-04	1.87e-02	1.13e-01	7.75e-01	9.11e-02	1.91e-03
 1.16179e+22	2.08e-12	1.45e-07	3.17e-04	2.08e-02	1.20e-01	7.72e-01	8.52e-02	1.67e-03
 1.19607e+22	2.48e-12	1.69e-07	3.61e-04	2.26e-02	1.26e-01	7.69e-01	8.06e-02	1.50e-03
 1.23210e+22	2.97e-12	1.98e-07	4.12e-04	2.46e-02	1.32e-01	7.65e-01	7.60e-02	1.35e-03
 1.27894e+22	3.75e-12	2.41e-07	4.86e-04	2.73e-02	1.40e-01	7.60e-01	7.07e-02	1.17e-03
 1.32739e+22	4.73e-12	2.95e-07	5.74e-04	3.04e-02	1.49e-01	7.53e-01	6.55e-02	1.01e-03
 1.36756e+22	5.72e-12	3.47e-07	6.57e-04	3.31e-02	1.56e-01	7.48e-01	6.15e-02	9.03e-04
 1.40942e+22	6.94e-12	4.09e-07	7.52e-04	3.61e-02	1.64e-01	7.41e-01	5.78e-02	8.03e-04
 1.46385e+22	8.87e-12	5.03e-07	8.90e-04	4.01e-02	1.73e-01	7.32e-01	5.33e-02	6.92e-04
 1.52118e+22	1.14e-11	6.22e-07	1.06e-03	4.47e-02	1.83e-01	7.21e-01	4.89e-02	5.92e-04
 1.57040e+22	1.41e-11	7.43e-07	1.22e-03	4.89e-02	1.92e-01	7.12e-01	4.55e-02	5.20e-04
 1.61322e+22	1.68e-11	8.63e-07	1.38e-03	5.27e-02	1.99e-01	7.03e-01	4.28e-02	4.65e-04
 1.65961e+22	2.03e-11	1.01e-06	1.56e-03	5.69e-02	2.07e-01	6.94e-01	4.01e-02	4.14e-04
 1.71991e+22	2.59e-11	1.23e-06	1.83e-03	6.27e-02	2.17e-01	6.81e-01	3.69e-02	3.57e-04
 1.78315e+22	3.30e-11	1.51e-06	2.15e-03	6.92e-02	2.28e-01	6.67e-01	3.37e-02	3.05e-04
 1.83652e+22	4.03e-11	1.79e-06	2.45e-03	7.49e-02	2.36e-01	6.55e-01	3.13e-02	2.68e-04
 1.88424e+22	4.81e-11	2.06e-06	2.74e-03	8.02e-02	2.44e-01	6.44e-01	2.94e-02	2.40e-04
 1.93829e+22	5.83e-11	2.42e-06	3.10e-03	8.63e-02	2.52e-01	6.31e-01	2.73e-02	2.11e-04
 2.00857e+22	7.45e-11	2.95e-06	3.62e-03	9.46e-02	2.62e-01	6.14e-01	2.49e-02	1.81e-04
 2.08174e+22	9.54e-11	3.61e-06	4.23e-03	1.04e-01	2.73e-01	5.96e-01	2.26e-02	1.53e-04
 2.14136e+22	1.16e-10	4.24e-06	4.78e-03	1.11e-01	2.81e-01	5.82e-01	2.08e-02	1.34e-04
 2.20154e+22	1.41e-10	4.95e-06	5.38e-03	1.19e-01	2.89e-01	5.67e-01	1.93e-02	1.18e-04
 2.27976e+22	1.79e-10	6.01e-06	6.22e-03	1.30e-01	2.98e-01	5.48e-01	1.75e-02	9.98e-05
 2.36136e+22	2.29e-10	7.33e-06	7.23e-03	1.41e-01	3.08e-01	5.28e-01	1.57e-02	8.37e-05
 2.42979e+22	2.80e-10	8.60e-06	8.15e-03	1.51e-01	3.15e-01	5.11e-01	1.44e-02	7.25e-05
 2.50119e+22	3.42e-10	1.01e-05	9.18e-03	1.62e-01	3.22e-01	4.94e-01	1.31e-02	6.28e-05
 2.59402e+22	4.40e-10	1.23e-05	1.06e-02	1.75e-01	3.30e-01	4.72e-01	1.17e-02	5.22e-05
 2.69111e+22	5.71e-10	1.51e-05	1.24e-02	1.90e-01	3.38e-01	4.49e-01	1.03e-02	4.29e-05
 2.77322e+22	7.05e-10	1.79e-05	1.39e-02	2.03e-01	3.44e-01	4.30e-01	9.34e-03	3.65e-05
 2.85944e+22	8.73e-10	2.11e-05	1.57e-02	2.16e-01	3.49e-01	4.11e-01	8.42e-03	3.11e-05
 2.97151e+22	1.14e-09	2.60e-05	1.82e-02	2.34e-01	3.54e-01	3.86e-01	7.34e-03	2.51e-05
 3.08925e+22	1.50e-09	3.22e-05	2.12e-02	2.52e-01	3.59e-01	3.61e-01	6.35e-03	2.01e-05
 3.18984e+22	1.89e-09	3.83e-05	2.39e-02	2.68e-01	3.61e-01	3.41e-01	5.61e-03	1.67e-05
 3.29612e+22	2.36e-09	4.56e-05	2.70e-02	2.85e-01	3.63e-01	3.21e-01	4.95e-03	1.38e-05
 3.41101e+22	3.02e-09	5.48e-05	3.06e-02	3.02e-01	3.63e-01	2.99e-01	4.31e-03	1.12e-05
 3.52002e+22	3.77e-09	6.48e-05	3.43e-02	3.19e-01	3.63e-01	2.80e-01	3.78e-03	9.24e-06
 3.62465e+22	4.63e-09	7.57e-05	3.81e-02	3.34e-01	3.62e-01	2.63e-01	3.34e-03	7.69e-06
 3.74061e+22	5.75e-09	8.89e-05	4.24e-02	3.51e-01	3.59e-01	2.45e-01	2.93e-03	6.34e-06
 3.86779e+22	7.29e-09	1.06e-04	4.76e-02	3.68e-01	3.55e-01	2.26e-01	2.52e-03	5.09e-06
 3.98839e+22	9.04e-09	1.24e-04	5.27e-02	3.85e-01	3.51e-01	2.09e-01	2.19e-03	4.16e-06
 4.10272e+22	1.10e-08	1.44e-04	5.79e-02	3.99e-01	3.46e-01	1.94e-01	1.92e-03	3.44e-06
 4.23004e+22	1.36e-08	1.67e-04	6.38e-02	4.15e-01	3.40e-01	1.79e-01	1.66e-03	2.81e-06
 4.37075e+22	1.71e-08	1.97e-04	7.08e-02	4.31e-01	3.33e-01	1.64e-01	1.42e-03	2.24e-06
 4.49915e+22	2.09e-08	2.28e-04	7.75e-02	4.45e-01	3.25e-01	1.51e-01	1.23e-03	1.83e-06
 4.61730e+22	2.50e-08	2.60e-04	8.39e-02	4.58e-01	3.18e-01	1.39e-01	1.08e-03	1.52e-06
 4.75181e+22	3.03e-08	2.98e-04	9.13e-02	4.70e-01	3.09e-01	1.28e-01	9.33e-04	1.24e-06
 4.92668e+22	3.87e-08	3.54e-04	1.01e-01	4.85e-01	2.98e-01	1.14e-01	7.75e-04	9.63e-07
 5.10884e+22	4.96e-08	4.22e-04	1.13e-01	5.00e-01	2.85e-01	1.01e-01	6.37e-04	7.33e-07
 5.26018e+22	6.07e-08	4.86e-04	1.22e-01	5.10e-01	2.75e-01	9.17e-02	5.41e-04	5.87e-07
 5.39416e+22	7.18e-08	5.47e-04	1.31e-01	5.19e-01	2.65e-01	8.41e-02	4.71e-04	4.86e-07
 5.54587e+22	8.59e-08	6.20e-04	1.41e-01	5.27e-01	2.55e-01	7.64e-02	4.05e-04	3.96e-07
 5.74311e+22	1.07e-07	7.25e-04	1.54e-01	5.35e-01	2.42e-01	6.76e-02	3.34e-04	3.05e-07
 5.95504e+22	1.36e-07	8.54e-04	1.69e-01	5.43e-01	2.28e-01	5.90e-02	2.71e-04	2.30e-07
 6.14045e+22	1.66e-07	9.80e-04	1.83e-01	5.48e-01	2.15e-01	5.25e-02	2.27e-04	1.81e-07
 6.30795e+22	1.97e-07	1.10e-03	1.95e-01	5.51e-01	2.05e-01	4.73e-02	1.94e-04	1.47e-07
 6.49783e+22	2.36e-07	1.25e-03	2.09e-01	5.54e-01	1.93e-01	4.23e-02	1.63e-04	0.00e+00
 6.74343e+22	2.94e-07	1.45e-03	2.28e-01	5.55e-01	1.79e-01	3.66e-02	1.32e-04	0.00e+00
 6.99093e+22	3.66e-07	1.69e-03	2.48e-01	5.54e-01	1.65e-01	3.15e-02	1.06e-04	0.00e+00
 7.18549e+22	4.30e-07	1.89e-03	2.64e-01	5.51e-01	1.55e-01	2.81e-02	9.01e-05	0.00e+00
 7.38177e+22	5.02e-07	2.10e-03	2.80e-01	5.48e-01	1.45e-01	2.52e-02	7.68e-05	0.00e+00
 7.59452e+22	5.90e-07	2.36e-03	2.97e-01	5.43e-01	1.35e-01	2.23e-02	6.46e-05	0.00e+00
 7.78303e+22	6.77e-07	2.59e-03	3.13e-01	5.37e-01	1.26e-01	2.00e-02	5.57e-05	0.00e+00
 7.95580e+22	7.63e-07	2.82e-03	3.28e-01	5.32e-01	1.19e-01	1.82e-02	4.88e-05	0.00e+00
 8.15375e+22	8.67e-07	3.08e-03	3.45e-01	5.25e-01	1.11e-01	1.64e-02	4.22e-05	0.00e+00
 8.41110e+22	1.02e-06	3.45e-03	3.67e-01	5.14e-01	1.01e-01	1.43e-02	3.51e-05	0.00e+00
 8.66889e+22	1.19e-06	3.85e-03	3.89e-01	5.02e-01	9.19e-02	1.25e-02	2.91e-05	0.00e+00
 8.86799e+22	1.33e-06	4.17e-03	4.07e-01	4.93e-01	8.52e-02	1.12e-02	2.53e-05	0.00e+00
 9.06754e+22	1.48e-06	4.50e-03	4.24e-01	4.82e-01	7.90e-02	1.01e-02	2.21e-05	0.00e+00
 9.32694e+22	1.69e-06	4.94e-03	4.46e-01	4.69e-01	7.14e-02	8.85e-03	1.86e-05	0.00e+00
 9.59610e+22	1.93e-06	5.43e-03	4.70e-01	4.53e-01	6.41e-02	7.70e-03	1.56e-05	0.00e+00
 9.81768e+22	2.14e-06	5.86e-03	4.89e-01	4.40e-01	5.84e-02	6.87e-03	1.35e-05	0.00e+00
 1.00455e+23	2.36e-06	6.29e-03	5.08e-01	4.27e-01	5.31e-02	6.12e-03	1.16e-05	0.00e+00
 1.03417e+23	2.69e-06	6.89e-03	5.32e-01	4.09e-01	4.68e-02	5.26e-03	9.62e-06	0.00e+00
 1.06420e+23	3.03e-06	7.49e-03	5.55e-01	3.92e-01	4.11e-02	4.53e-03	7.99e-06	0.00e+00
 1.08845e+23	3.34e-06	8.03e-03	5.74e-01	3.77e-01	3.68e-02	4.00e-03	6.84e-06	0.00e+00
 1.11362e+23	3.67e-06	8.56e-03	5.92e-01	3.64e-01	3.29e-02	3.53e-03	5.86e-06	0.00e+00
 1.14636e+23	4.13e-06	9.27e-03	6.13e-01	3.46e-01	2.84e-02	3.01e-03	4.82e-06	0.00e+00
 1.18094e+23	4.72e-06	1.01e-02	6.35e-01	3.28e-01	2.41e-02	2.54e-03	3.88e-06	0.00e+00
 1.21059e+23	5.29e-06	1.09e-02	6.52e-01	3.14e-01	2.10e-02	2.20e-03	3.22e-06	0.00e+00
 1.24177e+23	5.91e-06	1.16e-02	6.68e-01	3.00e-01	1.83e-02	1.90e-03	2.68e-06	0.00e+00
 1.28232e+23	6.80e-06	1.27e-02	6.87e-01	2.84e-01	1.53e-02	1.60e-03	2.14e-06	0.00e+00
 1.32369e+23	7.95e-06	1.39e-02	7.04e-01	2.68e-01	1.28e-02	1.34e-03	1.68e-06	0.00e+00
 1.35714e+23	9.00e-06	1.49e-02	7.17e-01	2.56e-01	1.12e-02	1.17e-03	1.39e-06	0.00e+00
 1.39163e+23	1.01e-05	1.58e-02	7.28e-01	2.45e-01	9.83e-03	1.03e-03	1.17e-06	0.00e+00
 1.43645e+23	1.16e-05	1.71e-02	7.40e-01	2.33e-01	8.43e-03	8.88e-04	9.51e-07	0.00e+00
 1.48853e+23	1.36e-05	1.87e-02	7.53e-01	2.20e-01	7.15e-03	7.53e-04	7.52e-07	0.00e+00
 1.54091e+23	1.59e-05	2.04e-02	7.64e-01	2.08e-01	6.16e-03	6.46e-04	6.02e-07	0.00e+00
 1.59341e+23	1.84e-05	2.20e-02	7.74e-01	1.98e-01	5.40e-03	5.63e-04	4.92e-07	0.00e+00
 1.65196e+23	2.12e-05	2.38e-02	7.83e-01	1.88e-01	4.75e-03	4.91e-04	4.02e-07	0.00e+00
 1.71796e+23	2.48e-05	2.59e-02	7.91e-01	1.78e-01	4.19e-03	4.25e-04	3.25e-07	0.00e+00
 1.78534e+23	2.89e-05	2.82e-02	7.99e-01	1.69e-01	3.73e-03	3.70e-04	2.64e-07	0.00e+00
 1.85120e+23	3.32e-05	3.04e-02	8.05e-01	1.61e-01	3.38e-03	3.27e-04	2.19e-07	0.00e+00
 1.92228e+23	3.78e-05	3.25e-02	8.11e-01	1.54e-01	3.10e-03	2.92e-04	1.85e-07	0.00e+00
 2.00040e+23	4.35e-05	3.51e-02	8.16e-01	1.46e-01	2.83e-03	2.57e-04	1.53e-07	0.00e+00
 2.08166e+23	4.98e-05	3.78e-02	8.20e-01	1.39e-01	2.61e-03	2.29e-04	1.28e-07	0.00e+00
 2.16616e+23	5.68e-05	4.06e-02	8.24e-01	1.33e-01	2.43e-03	2.04e-04	0.00e+00	0.00e+00
 2.25151e+23	6.44e-05	4.35e-02	8.27e-01	1.27e-01	2.27e-03	1.83e-04	0.00e+00	0.00e+00
 2.33184e+23	7.22e-05	4.64e-02	8.29e-01	1.22e-01	2.14e-03	1.66e-04	0.00e+00	0.00e+00
 2.40414e+23	7.97e-05	4.90e-02	8.31e-01	1.18e-01	2.04e-03	1.52e-04	0.00e+00	0.00e+00
 2.46921e+23	8.65e-05	5.13e-02	8.32e-01	1.15e-01	1.97e-03	1.42e-04	0.00e+00	0.00e+00
 2.52777e+23	9.32e-05	5.35e-02	8.33e-01	1.12e-01	1.90e-03	1.33e-04	0.00e+00	0.00e+00
 2.58047e+23	9.87e-05	5.52e-02	8.33e-01	1.10e-01	1.85e-03	1.27e-04	0.00e+00	0.00e+00
 2.62791e+23	1.04e-04	5.70e-02	8.34e-01	1.07e-01	1.81e-03	1.21e-04	0.00e+00	0.00e+00
 2.67060e+23	1.10e-04	5.88e-02	8.34e-01	1.05e-01	1.77e-03	1.15e-04	0.00e+00	0.00e+00
 2.70902e+23	1.14e-04	6.00e-02	8.34e-01	1.04e-01	1.74e-03	1.11e-04	0.00e+00	0.00e+00
 2.74360e+23	1.19e-04	6.14e-02	8.34e-01	1.02e-01	1.71e-03	1.08e-04	0.00e+00	0.00e+00
 2.77525e+23	1.23e-04	6.25e-02	8.34e-01	1.01e-01	1.69e-03	1.05e-04	0.00e+00	0.00e+00
 2.80580e+23	1.26e-04	6.35e-02	8.34e-01	1.00e-01	1.67e-03	1.02e-04	0.00e+00	0.00e+00
 2.83635e+23	1.30e-04	6.45e-02	8.34e-01	9.94e-02	1.65e-03	1.00e-04	0.00e+00	0.00e+00
 2.86690e+23	1.34e-04	6.55e-02	8.34e-01	9.85e-02	1.64e-03	9.78e-05	0.00e+00	0.00e+00
 2.89745e+23	1.37e-04	6.65e-02	8.34e-01	9.75e-02	1.62e-03	9.56e-05	0.00e+00	0.00e+00
 2.92800e+23	1.41e-04	6.75e-02	8.34e-01	9.67e-02	1.61e-03	9.37e-05	0.00e+00	0.00e+00
 2.95854e+23	1.45e-04	6.84e-02	8.34e-01	9.59e-02	1.59e-03	9.19e-05	0.00e+00	0.00e+00
 2.98909e+23	1.48e-04	6.94e-02	8.34e-01	9.51e-02	1.58e-03	9.01e-05	0.00e+00	0.00e+00
 3.01964e+23	1.52e-04	7.03e-02	8.33e-01	9.44e-02	1.57e-03	8.84e-05	0.00e+00	0.00e+00
 3.04487e+23	1.56e-04	7.15e-02	8.33e-01	9.34e-02	1.55e-03	8.62e-05	0.00e+00	0.00e+00
