#depth	Si	Si+	Si+2	Si+3	Si+4	Si+5	Si+6	Si+7	Si+8	Si+9	Si+10	Si+11	Si+12	Si+13	Si+14
 6.17135e+19	9.30e-23	1.61e-17	1.88e-14	3.06e-12	2.30e-08	1.95e-05	2.84e-03	6.68e-02	2.76e-01	3.87e-01	1.70e-01	6.00e-02	3.58e-02	8.10e-04	5.53e-06
 1.87609e+20	1.91e-22	3.29e-17	3.50e-14	5.19e-12	3.50e-08	2.76e-05	3.74e-03	8.18e-02	3.03e-01	3.82e-01	1.52e-01	5.00e-02	2.72e-02	5.53e-04	3.41e-06
 2.96560e+20	3.43e-22	5.98e-17	5.92e-14	8.11e-12	4.97e-08	3.67e-05	4.69e-03	9.63e-02	3.24e-01	3.74e-01	1.37e-01	4.25e-02	2.13e-02	3.98e-04	2.24e-06
 3.77242e+20	5.22e-22	9.20e-17	8.65e-14	1.12e-11	6.41e-08	4.51e-05	5.50e-03	1.08e-01	3.38e-01	3.67e-01	1.26e-01	3.76e-02	1.78e-02	3.11e-04	1.65e-06
 4.36988e+20	7.03e-22	1.26e-16	1.14e-13	1.42e-11	7.72e-08	5.24e-05	6.17e-03	1.17e-01	3.48e-01	3.60e-01	1.18e-01	3.43e-02	1.56e-02	2.60e-04	1.31e-06
 4.83685e+20	8.89e-22	1.61e-16	1.41e-13	1.70e-11	8.92e-08	5.88e-05	6.75e-03	1.25e-01	3.56e-01	3.54e-01	1.12e-01	3.19e-02	1.40e-02	2.25e-04	1.10e-06
 5.36273e+20	1.15e-21	2.09e-16	1.78e-13	2.07e-11	1.04e-07	6.66e-05	7.42e-03	1.33e-01	3.64e-01	3.48e-01	1.06e-01	2.94e-02	1.25e-02	1.93e-04	9.02e-07
 6.04638e+20	1.60e-21	2.93e-16	2.40e-13	2.68e-11	1.28e-07	7.82e-05	8.38e-03	1.45e-01	3.73e-01	3.38e-01	9.80e-02	2.64e-02	1.07e-02	1.57e-04	6.99e-07
 6.77913e+20	2.24e-21	4.18e-16	3.29e-13	3.52e-11	1.58e-07	9.25e-05	9.50e-03	1.58e-01	3.82e-01	3.27e-01	9.01e-02	2.35e-02	9.11e-03	1.27e-04	5.33e-07
 7.42222e+20	2.99e-21	5.67e-16	4.31e-13	4.44e-11	1.90e-07	1.07e-04	1.06e-02	1.70e-01	3.89e-01	3.18e-01	8.35e-02	2.12e-02	7.90e-03	1.05e-04	4.20e-07
 8.10476e+20	4.05e-21	7.78e-16	5.70e-13	5.66e-11	2.30e-07	1.24e-04	1.18e-02	1.83e-01	3.95e-01	3.07e-01	7.70e-02	1.91e-02	6.79e-03	8.57e-05	3.28e-07
 8.87279e+20	5.61e-21	1.10e-15	7.76e-13	7.39e-11	2.83e-07	1.46e-04	1.33e-02	1.97e-01	4.02e-01	2.95e-01	7.02e-02	1.69e-02	5.73e-03	6.85e-05	2.49e-07
 9.59909e+20	7.54e-21	1.51e-15	1.03e-12	9.45e-11	3.44e-07	1.70e-04	1.48e-02	2.12e-01	4.06e-01	2.83e-01	6.42e-02	1.50e-02	4.88e-03	5.56e-05	1.92e-07
 1.02846e+21	9.92e-21	2.03e-15	1.34e-12	1.19e-10	4.11e-07	1.94e-04	1.64e-02	2.25e-01	4.10e-01	2.72e-01	5.90e-02	1.34e-02	4.20e-03	4.57e-05	1.51e-07
 1.10700e+21	1.35e-20	2.82e-15	1.80e-12	1.53e-10	5.02e-07	2.27e-04	1.83e-02	2.41e-01	4.12e-01	2.59e-01	5.35e-02	1.19e-02	3.54e-03	3.66e-05	0.00e+00
 1.19500e+21	1.88e-20	4.03e-15	2.47e-12	2.02e-10	6.25e-07	2.67e-04	2.06e-02	2.59e-01	4.14e-01	2.45e-01	4.79e-02	1.03e-02	2.93e-03	2.86e-05	0.00e+00
 1.27802e+21	2.54e-20	5.58e-15	3.31e-12	2.61e-10	7.62e-07	3.11e-04	2.29e-02	2.75e-01	4.14e-01	2.33e-01	4.31e-02	9.02e-03	2.45e-03	2.27e-05	0.00e+00
 1.34848e+21	3.23e-20	7.30e-15	4.21e-12	3.22e-10	8.99e-07	3.52e-04	2.49e-02	2.90e-01	4.14e-01	2.22e-01	3.95e-02	8.06e-03	2.11e-03	1.87e-05	0.00e+00
 1.40979e+21	3.99e-20	9.17e-15	5.17e-12	3.85e-10	1.03e-06	3.91e-04	2.68e-02	3.02e-01	4.13e-01	2.13e-01	3.65e-02	7.32e-03	1.86e-03	1.59e-05	0.00e+00
 1.47946e+21	5.06e-20	1.18e-14	6.49e-12	4.70e-10	1.21e-06	4.39e-04	2.91e-02	3.15e-01	4.11e-01	2.03e-01	3.34e-02	6.55e-03	1.61e-03	1.32e-05	0.00e+00
 1.57003e+21	6.83e-20	1.62e-14	8.64e-12	6.04e-10	1.47e-06	5.07e-04	3.21e-02	3.33e-01	4.07e-01	1.90e-01	2.98e-02	5.69e-03	1.33e-03	1.04e-05	0.00e+00
 1.66335e+21	9.09e-20	2.24e-14	1.15e-11	7.77e-10	1.79e-06	5.87e-04	3.54e-02	3.51e-01	4.03e-01	1.78e-01	2.65e-02	4.91e-03	1.10e-03	8.12e-06	0.00e+00
 1.74049e+21	1.14e-19	2.89e-14	1.45e-11	9.51e-10	2.09e-06	6.58e-04	3.82e-02	3.65e-01	3.98e-01	1.68e-01	2.40e-02	4.36e-03	9.41e-04	6.65e-06	0.00e+00
 1.82100e+21	1.46e-19	3.74e-14	1.83e-11	1.17e-09	2.45e-06	7.40e-04	4.13e-02	3.80e-01	3.93e-01	1.59e-01	2.17e-02	3.85e-03	8.02e-04	5.42e-06	0.00e+00
 1.92567e+21	1.98e-19	5.18e-14	2.46e-11	1.51e-09	3.00e-06	8.56e-04	4.55e-02	3.98e-01	3.86e-01	1.47e-01	1.91e-02	3.29e-03	6.53e-04	4.18e-06	0.00e+00
 2.03162e+21	2.63e-19	7.13e-14	3.28e-11	1.95e-09	3.65e-06	9.87e-04	4.99e-02	4.16e-01	3.77e-01	1.36e-01	1.67e-02	2.80e-03	5.31e-04	3.22e-06	0.00e+00
 2.11612e+21	3.28e-19	9.12e-14	4.10e-11	2.37e-09	4.24e-06	1.10e-03	5.36e-02	4.29e-01	3.70e-01	1.28e-01	1.51e-02	2.47e-03	4.51e-04	2.62e-06	0.00e+00
 2.20285e+21	4.13e-19	1.17e-13	5.12e-11	2.88e-09	4.93e-06	1.23e-03	5.74e-02	4.43e-01	3.63e-01	1.20e-01	1.36e-02	2.17e-03	3.83e-04	2.13e-06	0.00e+00
 2.31560e+21	5.53e-19	1.59e-13	6.78e-11	3.69e-09	5.96e-06	1.40e-03	6.25e-02	4.59e-01	3.53e-01	1.10e-01	1.18e-02	1.84e-03	3.11e-04	1.64e-06	0.00e+00
 2.43252e+21	7.29e-19	2.17e-13	8.99e-11	4.73e-09	7.21e-06	1.61e-03	6.81e-02	4.75e-01	3.42e-01	1.01e-01	1.03e-02	1.56e-03	2.51e-04	1.25e-06	0.00e+00
 2.52993e+21	9.11e-19	2.78e-13	1.13e-10	5.78e-09	8.41e-06	1.79e-03	7.28e-02	4.88e-01	3.33e-01	9.37e-02	9.15e-03	1.35e-03	2.10e-04	1.00e-06	0.00e+00
 2.63165e+21	1.16e-18	3.59e-13	1.42e-10	7.08e-09	9.82e-06	2.00e-03	7.79e-02	5.01e-01	3.23e-01	8.68e-02	8.12e-03	1.17e-03	1.75e-04	7.99e-07	0.00e+00
 2.76389e+21	1.56e-18	4.93e-13	1.90e-10	9.14e-09	1.19e-05	2.29e-03	8.46e-02	5.15e-01	3.11e-01	7.87e-02	6.97e-03	9.77e-04	1.39e-04	5.99e-07	0.00e+00
 2.89983e+21	2.07e-18	6.77e-13	2.53e-10	1.18e-08	1.45e-05	2.62e-03	9.17e-02	5.30e-01	2.98e-01	7.11e-02	5.96e-03	8.12e-04	1.10e-04	4.47e-07	0.00e+00
 3.01183e+21	2.60e-18	8.71e-13	3.18e-10	1.45e-08	1.69e-05	2.92e-03	9.78e-02	5.40e-01	2.88e-01	6.54e-02	5.25e-03	6.98e-04	9.13e-05	3.53e-07	0.00e+00
 3.12868e+21	3.31e-18	1.12e-12	4.01e-10	1.77e-08	1.97e-05	3.25e-03	1.04e-01	5.50e-01	2.77e-01	6.01e-02	4.61e-03	5.98e-04	7.53e-05	2.78e-07	0.00e+00
 3.28058e+21	4.49e-18	1.55e-12	5.37e-10	2.30e-08	2.40e-05	3.72e-03	1.13e-01	5.62e-01	2.63e-01	5.38e-02	3.90e-03	4.91e-04	5.88e-05	2.04e-07	0.00e+00
 3.43917e+21	6.00e-18	2.13e-12	7.20e-10	2.98e-08	2.92e-05	4.25e-03	1.21e-01	5.73e-01	2.50e-01	4.79e-02	3.28e-03	4.01e-04	4.57e-05	1.49e-07	0.00e+00
 3.55959e+21	7.36e-18	2.71e-12	8.97e-10	3.62e-08	3.38e-05	4.70e-03	1.29e-01	5.80e-01	2.39e-01	4.39e-02	2.88e-03	3.44e-04	3.77e-05	0.00e+00	0.00e+00
 3.65120e+21	8.64e-18	3.22e-12	1.05e-09	4.17e-08	3.76e-05	5.04e-03	1.34e-01	5.85e-01	2.32e-01	4.12e-02	2.62e-03	3.08e-04	3.29e-05	0.00e+00	0.00e+00
 3.75221e+21	1.04e-17	3.89e-12	1.25e-09	4.86e-08	4.22e-05	5.45e-03	1.40e-01	5.90e-01	2.24e-01	3.83e-02	2.36e-03	2.72e-04	2.82e-05	0.00e+00	0.00e+00
 3.88352e+21	1.31e-17	4.94e-12	1.55e-09	5.90e-08	4.88e-05	6.01e-03	1.47e-01	5.95e-01	2.14e-01	3.49e-02	2.06e-03	2.33e-04	2.32e-05	0.00e+00	0.00e+00
 4.02820e+21	1.66e-17	6.38e-12	1.97e-09	7.27e-08	5.70e-05	6.68e-03	1.56e-01	6.00e-01	2.04e-01	3.16e-02	1.78e-03	1.96e-04	1.88e-05	0.00e+00	0.00e+00
 4.15962e+21	2.04e-17	8.00e-12	2.42e-09	8.75e-08	6.55e-05	7.32e-03	1.64e-01	6.04e-01	1.94e-01	2.88e-02	1.56e-03	1.68e-04	1.55e-05	0.00e+00	0.00e+00
 4.28109e+21	2.46e-17	9.81e-12	2.92e-09	1.03e-07	7.41e-05	7.95e-03	1.71e-01	6.07e-01	1.86e-01	2.65e-02	1.38e-03	1.46e-04	1.31e-05	0.00e+00	0.00e+00
 4.42031e+21	3.07e-17	1.23e-11	3.59e-09	1.25e-07	8.51e-05	8.71e-03	1.79e-01	6.09e-01	1.77e-01	2.42e-02	1.21e-03	1.25e-04	1.08e-05	0.00e+00	0.00e+00
 4.57746e+21	3.88e-17	1.58e-11	4.51e-09	1.53e-07	9.90e-05	9.63e-03	1.89e-01	6.11e-01	1.67e-01	2.17e-02	1.04e-03	1.05e-04	8.70e-06	0.00e+00	0.00e+00
 4.72667e+21	4.81e-17	1.98e-11	5.58e-09	1.85e-07	1.14e-04	1.06e-02	1.98e-01	6.12e-01	1.59e-01	1.97e-02	9.01e-04	8.94e-05	7.13e-06	0.00e+00	0.00e+00
 4.86748e+21	5.87e-17	2.45e-11	6.77e-09	2.20e-07	1.30e-04	1.15e-02	2.06e-01	6.12e-01	1.51e-01	1.80e-02	7.91e-04	7.70e-05	5.92e-06	0.00e+00	0.00e+00
 5.02864e+21	7.40e-17	3.09e-11	8.40e-09	2.66e-07	1.49e-04	1.26e-02	2.16e-01	6.12e-01	1.43e-01	1.62e-02	6.83e-04	6.50e-05	4.81e-06	0.00e+00	0.00e+00
 5.20934e+21	9.44e-17	3.98e-11	1.06e-08	3.29e-07	1.74e-04	1.39e-02	2.27e-01	6.10e-01	1.34e-01	1.44e-02	5.81e-04	5.40e-05	3.83e-06	0.00e+00	0.00e+00
 5.37975e+21	1.17e-16	5.03e-11	1.32e-08	4.00e-07	2.01e-04	1.53e-02	2.37e-01	6.08e-01	1.26e-01	1.29e-02	4.99e-04	4.54e-05	3.09e-06	0.00e+00	0.00e+00
 5.54081e+21	1.44e-16	6.22e-11	1.61e-08	4.76e-07	2.29e-04	1.66e-02	2.47e-01	6.05e-01	1.19e-01	1.17e-02	4.35e-04	3.88e-05	2.55e-06	0.00e+00	0.00e+00
 5.72541e+21	1.84e-16	7.89e-11	2.00e-08	5.80e-07	2.65e-04	1.82e-02	2.58e-01	6.02e-01	1.11e-01	1.05e-02	3.72e-04	3.25e-05	2.05e-06	0.00e+00	0.00e+00
 5.96539e+21	2.49e-16	1.06e-10	2.63e-08	7.43e-07	3.17e-04	2.04e-02	2.72e-01	5.96e-01	1.02e-01	9.06e-03	3.05e-04	2.59e-05	1.55e-06	0.00e+00	0.00e+00
 6.20886e+21	3.28e-16	1.42e-10	3.45e-08	9.48e-07	3.79e-04	2.28e-02	2.86e-01	5.89e-01	9.41e-02	7.84e-03	2.50e-04	2.07e-05	1.18e-06	0.00e+00	0.00e+00
 6.40577e+21	4.08e-16	1.79e-10	4.27e-08	1.15e-06	4.35e-04	2.49e-02	2.97e-01	5.83e-01	8.79e-02	6.99e-03	2.14e-04	1.73e-05	9.50e-07	0.00e+00	0.00e+00
 6.61064e+21	5.19e-16	2.25e-10	5.28e-08	1.39e-06	5.00e-04	2.72e-02	3.08e-01	5.76e-01	8.19e-02	6.22e-03	1.83e-04	1.45e-05	7.62e-07	0.00e+00	0.00e+00
 6.87698e+21	7.03e-16	2.99e-10	6.89e-08	1.77e-06	5.95e-04	3.03e-02	3.23e-01	5.66e-01	7.49e-02	5.36e-03	1.49e-04	1.15e-05	5.77e-07	0.00e+00	0.00e+00
 7.15908e+21	9.39e-16	4.02e-10	9.06e-08	2.27e-06	7.12e-04	3.38e-02	3.38e-01	5.55e-01	6.81e-02	4.59e-03	1.21e-04	9.12e-06	4.32e-07	0.00e+00	0.00e+00
 7.37639e+21	1.15e-15	5.00e-10	1.11e-07	2.72e-06	8.13e-04	3.67e-02	3.49e-01	5.46e-01	6.33e-02	4.08e-03	1.04e-04	7.64e-06	3.48e-07	0.00e+00	0.00e+00
 7.54130e+21	1.36e-15	5.88e-10	1.29e-07	3.12e-06	8.96e-04	3.90e-02	3.57e-01	5.39e-01	5.99e-02	3.73e-03	9.20e-05	6.69e-06	2.96e-07	0.00e+00	0.00e+00
 7.72342e+21	1.63e-15	7.00e-10	1.52e-07	3.61e-06	9.96e-04	4.16e-02	3.66e-01	5.31e-01	5.64e-02	3.39e-03	8.10e-05	5.80e-06	2.49e-07	0.00e+00	0.00e+00
 7.96018e+21	2.10e-15	8.73e-10	1.86e-07	4.32e-06	1.13e-03	4.49e-02	3.77e-01	5.21e-01	5.24e-02	3.01e-03	6.93e-05	4.86e-06	2.01e-07	0.00e+00	0.00e+00
 8.22616e+21	2.69e-15	1.11e-09	2.33e-07	5.31e-06	1.31e-03	4.91e-02	3.90e-01	5.09e-01	4.80e-02	2.63e-03	5.78e-05	3.97e-06	1.57e-07	0.00e+00	0.00e+00
 8.47430e+21	3.36e-15	1.38e-09	2.85e-07	6.37e-06	1.49e-03	5.31e-02	4.01e-01	4.98e-01	4.43e-02	2.32e-03	4.91e-05	3.31e-06	1.25e-07	0.00e+00	0.00e+00
 8.74103e+21	4.35e-15	1.73e-09	3.51e-07	7.67e-06	1.71e-03	5.74e-02	4.12e-01	4.86e-01	4.08e-02	2.04e-03	4.15e-05	2.74e-06	0.00e+00	0.00e+00	0.00e+00
 9.02789e+21	5.57e-15	2.19e-09	4.38e-07	9.37e-06	1.96e-03	6.24e-02	4.23e-01	4.73e-01	3.73e-02	1.78e-03	3.46e-05	2.24e-06	0.00e+00	0.00e+00	0.00e+00
 9.28004e+21	6.88e-15	2.68e-09	5.27e-07	1.11e-05	2.21e-03	6.69e-02	4.33e-01	4.62e-01	3.45e-02	1.58e-03	2.97e-05	1.88e-06	0.00e+00	0.00e+00	0.00e+00
 9.54696e+21	8.75e-15	3.30e-09	6.38e-07	1.31e-05	2.49e-03	7.18e-02	4.43e-01	4.50e-01	3.19e-02	1.40e-03	2.54e-05	1.58e-06	0.00e+00	0.00e+00	0.00e+00
 9.89396e+21	1.18e-14	4.27e-09	8.10e-07	1.62e-05	2.90e-03	7.83e-02	4.54e-01	4.35e-01	2.88e-02	1.20e-03	2.08e-05	1.26e-06	0.00e+00	0.00e+00	0.00e+00
 1.02483e+22	1.55e-14	5.52e-09	1.03e-06	2.02e-05	3.37e-03	8.54e-02	4.66e-01	4.19e-01	2.58e-02	1.02e-03	1.69e-05	1.00e-06	0.00e+00	0.00e+00	0.00e+00
 1.05349e+22	1.92e-14	6.75e-09	1.24e-06	2.38e-05	3.79e-03	9.13e-02	4.74e-01	4.06e-01	2.37e-02	9.02e-04	1.44e-05	8.41e-07	0.00e+00	0.00e+00	0.00e+00
 1.08304e+22	2.43e-14	8.25e-09	1.49e-06	2.81e-05	4.25e-03	9.74e-02	4.82e-01	3.94e-01	2.18e-02	7.96e-04	1.23e-05	7.04e-07	0.00e+00	0.00e+00	0.00e+00
 1.12146e+22	3.29e-14	1.06e-08	1.88e-06	3.45e-05	4.90e-03	1.06e-01	4.91e-01	3.78e-01	1.96e-02	6.80e-04	1.00e-05	5.62e-07	0.00e+00	0.00e+00	0.00e+00
 1.16179e+22	4.38e-14	1.37e-08	2.38e-06	4.26e-05	5.68e-03	1.14e-01	5.00e-01	3.61e-01	1.75e-02	5.77e-04	8.15e-06	4.45e-07	0.00e+00	0.00e+00	0.00e+00
 1.19607e+22	5.54e-14	1.70e-08	2.88e-06	5.07e-05	6.39e-03	1.22e-01	5.07e-01	3.48e-01	1.59e-02	5.03e-04	6.86e-06	3.68e-07	0.00e+00	0.00e+00	0.00e+00
 1.23210e+22	7.18e-14	2.10e-08	3.50e-06	6.03e-05	7.20e-03	1.30e-01	5.13e-01	3.34e-01	1.44e-02	4.38e-04	5.75e-06	3.02e-07	0.00e+00	0.00e+00	0.00e+00
 1.27894e+22	1.00e-13	2.75e-08	4.47e-06	7.46e-05	8.34e-03	1.41e-01	5.20e-01	3.17e-01	1.27e-02	3.67e-04	4.61e-06	2.37e-07	0.00e+00	0.00e+00	0.00e+00
 1.32739e+22	1.36e-13	3.59e-08	5.71e-06	9.29e-05	9.68e-03	1.53e-01	5.26e-01	3.00e-01	1.12e-02	3.06e-04	3.67e-06	1.84e-07	0.00e+00	0.00e+00	0.00e+00
 1.36756e+22	1.74e-13	4.46e-08	6.95e-06	1.10e-04	1.09e-02	1.62e-01	5.30e-01	2.86e-01	1.00e-02	2.65e-04	3.06e-06	1.50e-07	0.00e+00	0.00e+00	0.00e+00
 1.40942e+22	2.28e-13	5.53e-08	8.44e-06	1.31e-04	1.22e-02	1.72e-01	5.33e-01	2.73e-01	9.03e-03	2.28e-04	2.54e-06	1.22e-07	0.00e+00	0.00e+00	0.00e+00
 1.46385e+22	3.22e-13	7.24e-08	1.08e-05	1.62e-04	1.41e-02	1.86e-01	5.36e-01	2.56e-01	7.88e-03	1.90e-04	2.02e-06	0.00e+00	0.00e+00	0.00e+00	0.00e+00
 1.52118e+22	4.46e-13	9.53e-08	1.38e-05	2.02e-04	1.63e-02	2.00e-01	5.37e-01	2.40e-01	6.82e-03	1.56e-04	1.59e-06	0.00e+00	0.00e+00	0.00e+00	0.00e+00
 1.57040e+22	5.85e-13	1.20e-07	1.69e-05	2.42e-04	1.84e-02	2.12e-01	5.37e-01	2.26e-01	6.04e-03	1.33e-04	1.30e-06	0.00e+00	0.00e+00	0.00e+00	0.00e+00
 1.61322e+22	7.36e-13	1.45e-07	2.01e-05	2.81e-04	2.03e-02	2.22e-01	5.36e-01	2.15e-01	5.45e-03	1.16e-04	1.09e-06	0.00e+00	0.00e+00	0.00e+00	0.00e+00
 1.65961e+22	9.53e-13	1.76e-07	2.40e-05	3.29e-04	2.25e-02	2.34e-01	5.35e-01	2.04e-01	4.88e-03	1.00e-04	9.14e-07	0.00e+00	0.00e+00	0.00e+00	0.00e+00
 1.71991e+22	1.34e-12	2.27e-07	3.00e-05	3.98e-04	2.56e-02	2.48e-01	5.32e-01	1.90e-01	4.25e-03	8.35e-05	7.31e-07	0.00e+00	0.00e+00	0.00e+00	0.00e+00
 1.78315e+22	1.83e-12	2.92e-07	3.77e-05	4.86e-04	2.91e-02	2.63e-01	5.27e-01	1.76e-01	3.66e-03	6.88e-05	5.76e-07	0.00e+00	0.00e+00	0.00e+00	0.00e+00
 1.83652e+22	2.34e-12	3.58e-07	4.53e-05	5.71e-04	3.23e-02	2.76e-01	5.23e-01	1.65e-01	3.24e-03	5.88e-05	4.75e-07	0.00e+00	0.00e+00	0.00e+00	0.00e+00
 1.88424e+22	2.96e-12	4.28e-07	5.30e-05	6.55e-04	3.53e-02	2.86e-01	5.18e-01	1.56e-01	2.91e-03	5.13e-05	4.02e-07	0.00e+00	0.00e+00	0.00e+00	0.00e+00
 1.93829e+22	3.83e-12	5.20e-07	6.31e-05	7.62e-04	3.89e-02	2.99e-01	5.12e-01	1.47e-01	2.58e-03	4.40e-05	3.33e-07	0.00e+00	0.00e+00	0.00e+00	0.00e+00
 2.00857e+22	5.42e-12	6.64e-07	7.82e-05	9.16e-04	4.37e-02	3.14e-01	5.04e-01	1.35e-01	2.22e-03	3.65e-05	2.64e-07	0.00e+00	0.00e+00	0.00e+00	0.00e+00
 2.08174e+22	7.43e-12	8.46e-07	9.72e-05	1.11e-03	4.93e-02	3.30e-01	4.94e-01	1.24e-01	1.89e-03	2.98e-05	2.06e-07	0.00e+00	0.00e+00	0.00e+00	0.00e+00
 2.14136e+22	9.45e-12	1.02e-06	1.15e-04	1.29e-03	5.41e-02	3.42e-01	4.85e-01	1.16e-01	1.66e-03	2.55e-05	1.70e-07	0.00e+00	0.00e+00	0.00e+00	0.00e+00
 2.20154e+22	1.23e-11	1.23e-06	1.36e-04	1.48e-03	5.91e-02	3.54e-01	4.76e-01	1.08e-01	1.47e-03	2.18e-05	1.41e-07	0.00e+00	0.00e+00	0.00e+00	0.00e+00
 2.27976e+22	1.74e-11	1.56e-06	1.67e-04	1.77e-03	6.58e-02	3.68e-01	4.64e-01	9.85e-02	1.25e-03	1.80e-05	0.00e+00	0.00e+00	0.00e+00	0.00e+00	0.00e+00
 2.36136e+22	2.39e-11	1.97e-06	2.05e-04	2.12e-03	7.35e-02	3.83e-01	4.51e-01	8.93e-02	1.06e-03	1.47e-05	0.00e+00	0.00e+00	0.00e+00	0.00e+00	0.00e+00
 2.42979e+22	3.09e-11	2.38e-06	2.42e-04	2.45e-03	8.03e-02	3.95e-01	4.39e-01	8.24e-02	9.19e-04	1.24e-05	0.00e+00	0.00e+00	0.00e+00	0.00e+00	0.00e+00
 2.50119e+22	4.09e-11	2.87e-06	2.86e-04	2.83e-03	8.75e-02	4.06e-01	4.27e-01	7.59e-02	7.98e-04	1.05e-05	0.00e+00	0.00e+00	0.00e+00	0.00e+00	0.00e+00
 2.59402e+22	5.87e-11	3.63e-06	3.51e-04	3.38e-03	9.72e-02	4.19e-01	4.11e-01	6.82e-02	6.67e-04	8.50e-06	0.00e+00	0.00e+00	0.00e+00	0.00e+00	0.00e+00
 2.69111e+22	8.31e-11	4.60e-06	4.32e-04	4.06e-03	1.08e-01	4.32e-01	3.94e-01	6.09e-02	5.51e-04	6.81e-06	0.00e+00	0.00e+00	0.00e+00	0.00e+00	0.00e+00
 2.77322e+22	1.09e-10	5.59e-06	5.11e-04	4.70e-03	1.18e-01	4.42e-01	3.79e-01	5.54e-02	4.71e-04	5.67e-06	0.00e+00	0.00e+00	0.00e+00	0.00e+00	0.00e+00
 2.85944e+22	1.50e-10	6.79e-06	6.05e-04	5.42e-03	1.28e-01	4.51e-01	3.65e-01	5.03e-02	4.02e-04	4.73e-06	0.00e+00	0.00e+00	0.00e+00	0.00e+00	0.00e+00
 2.97151e+22	2.18e-10	8.62e-06	7.44e-04	6.50e-03	1.41e-01	4.61e-01	3.46e-01	4.43e-02	3.27e-04	3.74e-06	0.00e+00	0.00e+00	0.00e+00	0.00e+00	0.00e+00
 3.08925e+22	3.12e-10	1.10e-05	9.19e-04	7.81e-03	1.56e-01	4.70e-01	3.26e-01	3.87e-02	2.63e-04	2.92e-06	0.00e+00	0.00e+00	0.00e+00	0.00e+00	0.00e+00
 3.18984e+22	4.17e-10	1.35e-05	1.09e-03	9.07e-03	1.70e-01	4.76e-01	3.09e-01	3.45e-02	2.19e-04	2.38e-06	0.00e+00	0.00e+00	0.00e+00	0.00e+00	0.00e+00
 3.29612e+22	5.61e-10	1.65e-05	1.29e-03	1.05e-02	1.83e-01	4.81e-01	2.93e-01	3.07e-02	1.83e-04	1.94e-06	0.00e+00	0.00e+00	0.00e+00	0.00e+00	0.00e+00
 3.41101e+22	7.45e-10	2.03e-05	1.55e-03	1.23e-02	1.99e-01	4.85e-01	2.75e-01	2.69e-02	1.49e-04	1.55e-06	0.00e+00	0.00e+00	0.00e+00	0.00e+00	0.00e+00
 3.52002e+22	9.62e-10	2.47e-05	1.82e-03	1.41e-02	2.14e-01	4.87e-01	2.59e-01	2.38e-02	1.23e-04	1.26e-06	0.00e+00	0.00e+00	0.00e+00	0.00e+00	0.00e+00
 3.62465e+22	1.21e-09	2.95e-05	2.12e-03	1.60e-02	2.28e-01	4.88e-01	2.44e-01	2.12e-02	1.03e-04	1.04e-06	0.00e+00	0.00e+00	0.00e+00	0.00e+00	0.00e+00
 3.74061e+22	1.54e-09	3.57e-05	2.48e-03	1.82e-02	2.44e-01	4.87e-01	2.29e-01	1.88e-02	8.56e-05	8.48e-07	0.00e+00	0.00e+00	0.00e+00	0.00e+00	0.00e+00
 3.86779e+22	1.97e-09	4.38e-05	2.93e-03	2.11e-02	2.61e-01	4.85e-01	2.13e-01	1.63e-02	6.91e-05	6.73e-07	0.00e+00	0.00e+00	0.00e+00	0.00e+00	0.00e+00
 3.98839e+22	2.47e-09	5.27e-05	3.41e-03	2.39e-02	2.78e-01	4.82e-01	1.98e-01	1.43e-02	5.68e-05	5.46e-07	0.00e+00	0.00e+00	0.00e+00	0.00e+00	0.00e+00
 4.10272e+22	3.03e-09	6.26e-05	3.92e-03	2.69e-02	2.93e-01	4.78e-01	1.85e-01	1.26e-02	4.73e-05	4.48e-07	0.00e+00	0.00e+00	0.00e+00	0.00e+00	0.00e+00
 4.23004e+22	3.75e-09	7.51e-05	4.54e-03	3.03e-02	3.09e-01	4.72e-01	1.72e-01	1.11e-02	3.89e-05	3.64e-07	0.00e+00	0.00e+00	0.00e+00	0.00e+00	0.00e+00
 4.37075e+22	4.73e-09	9.15e-05	5.32e-03	3.44e-02	3.28e-01	4.65e-01	1.58e-01	9.53e-03	3.13e-05	2.89e-07	0.00e+00	0.00e+00	0.00e+00	0.00e+00	0.00e+00
 4.49915e+22	5.81e-09	1.09e-04	6.12e-03	3.85e-02	3.44e-01	4.57e-01	1.46e-01	8.32e-03	2.56e-05	2.34e-07	0.00e+00	0.00e+00	0.00e+00	0.00e+00	0.00e+00
 4.61730e+22	6.96e-09	1.28e-04	6.91e-03	4.25e-02	3.58e-01	4.49e-01	1.36e-01	7.36e-03	2.15e-05	1.95e-07	0.00e+00	0.00e+00	0.00e+00	0.00e+00	0.00e+00
 4.75181e+22	8.48e-09	1.51e-04	7.89e-03	4.71e-02	3.73e-01	4.40e-01	1.26e-01	6.43e-03	1.77e-05	1.59e-07	0.00e+00	0.00e+00	0.00e+00	0.00e+00	0.00e+00
 4.92668e+22	1.09e-08	1.87e-04	9.31e-03	5.34e-02	3.92e-01	4.27e-01	1.13e-01	5.41e-03	1.39e-05	1.23e-07	0.00e+00	0.00e+00	0.00e+00	0.00e+00	0.00e+00
 5.10884e+22	1.40e-08	2.34e-04	1.10e-02	6.07e-02	4.10e-01	4.12e-01	1.01e-01	4.50e-03	1.07e-05	0.00e+00	0.00e+00	0.00e+00	0.00e+00	0.00e+00	0.00e+00
 5.26018e+22	1.73e-08	2.80e-04	1.26e-02	6.71e-02	4.25e-01	3.99e-01	9.23e-02	3.86e-03	8.63e-06	0.00e+00	0.00e+00	0.00e+00	0.00e+00	0.00e+00	0.00e+00
 5.39416e+22	2.06e-08	3.25e-04	1.41e-02	7.28e-02	4.37e-01	3.88e-01	8.51e-02	3.39e-03	7.20e-06	0.00e+00	0.00e+00	0.00e+00	0.00e+00	0.00e+00	0.00e+00
 5.54587e+22	2.49e-08	3.83e-04	1.59e-02	7.93e-02	4.49e-01	3.75e-01	7.79e-02	2.95e-03	5.93e-06	0.00e+00	0.00e+00	0.00e+00	0.00e+00	0.00e+00	0.00e+00
 5.74311e+22	3.16e-08	4.68e-04	1.85e-02	8.80e-02	4.63e-01	3.59e-01	6.95e-02	2.47e-03	4.64e-06	0.00e+00	0.00e+00	0.00e+00	0.00e+00	0.00e+00	0.00e+00
 5.95504e+22	4.08e-08	5.81e-04	2.17e-02	9.79e-02	4.76e-01	3.40e-01	6.12e-02	2.03e-03	3.56e-06	0.00e+00	0.00e+00	0.00e+00	0.00e+00	0.00e+00	0.00e+00
 6.14045e+22	5.07e-08	6.97e-04	2.47e-02	1.07e-01	4.86e-01	3.25e-01	5.48e-02	1.71e-03	2.83e-06	0.00e+00	0.00e+00	0.00e+00	0.00e+00	0.00e+00	0.00e+00
 6.30795e+22	6.10e-08	8.13e-04	2.76e-02	1.15e-01	4.94e-01	3.11e-01	4.98e-02	1.48e-03	2.33e-06	0.00e+00	0.00e+00	0.00e+00	0.00e+00	0.00e+00	0.00e+00
 6.49783e+22	7.45e-08	9.59e-04	3.11e-02	1.24e-01	5.01e-01	2.97e-01	4.49e-02	1.27e-03	1.89e-06	0.00e+00	0.00e+00	0.00e+00	0.00e+00	0.00e+00	0.00e+00
 6.74343e+22	9.51e-08	1.17e-03	3.59e-02	1.35e-01	5.08e-01	2.79e-01	3.94e-02	1.04e-03	1.47e-06	0.00e+00	0.00e+00	0.00e+00	0.00e+00	0.00e+00	0.00e+00
 6.99093e+22	1.22e-07	1.44e-03	4.14e-02	1.47e-01	5.14e-01	2.61e-01	3.43e-02	8.50e-04	1.12e-06	0.00e+00	0.00e+00	0.00e+00	0.00e+00	0.00e+00	0.00e+00
 7.18549e+22	1.46e-07	1.66e-03	4.60e-02	1.56e-01	5.16e-01	2.48e-01	3.10e-02	7.31e-04	9.27e-07	0.00e+00	0.00e+00	0.00e+00	0.00e+00	0.00e+00	0.00e+00
 7.38177e+22	1.74e-07	1.91e-03	5.07e-02	1.65e-01	5.18e-01	2.36e-01	2.80e-02	6.33e-04	7.71e-07	0.00e+00	0.00e+00	0.00e+00	0.00e+00	0.00e+00	0.00e+00
 7.59452e+22	2.09e-07	2.21e-03	5.62e-02	1.74e-01	5.18e-01	2.23e-01	2.52e-02	5.42e-04	6.34e-07	0.00e+00	0.00e+00	0.00e+00	0.00e+00	0.00e+00	0.00e+00
 7.78303e+22	2.44e-07	2.50e-03	6.13e-02	1.83e-01	5.18e-01	2.13e-01	2.29e-02	4.74e-04	5.36e-07	0.00e+00	0.00e+00	0.00e+00	0.00e+00	0.00e+00	0.00e+00
 7.95580e+22	2.79e-07	2.78e-03	6.60e-02	1.90e-01	5.16e-01	2.03e-01	2.11e-02	4.22e-04	4.64e-07	0.00e+00	0.00e+00	0.00e+00	0.00e+00	0.00e+00	0.00e+00
 8.15375e+22	3.22e-07	3.12e-03	7.16e-02	1.97e-01	5.14e-01	1.94e-01	1.93e-02	3.73e-04	3.97e-07	0.00e+00	0.00e+00	0.00e+00	0.00e+00	0.00e+00	0.00e+00
 8.41110e+22	3.85e-07	3.58e-03	7.89e-02	2.07e-01	5.11e-01	1.82e-01	1.73e-02	3.18e-04	3.28e-07	0.00e+00	0.00e+00	0.00e+00	0.00e+00	0.00e+00	0.00e+00
 8.66889e+22	4.58e-07	4.09e-03	8.69e-02	2.16e-01	5.06e-01	1.71e-01	1.54e-02	2.72e-04	2.70e-07	0.00e+00	0.00e+00	0.00e+00	0.00e+00	0.00e+00	0.00e+00
 8.86799e+22	5.21e-07	4.51e-03	9.33e-02	2.23e-01	5.02e-01	1.63e-01	1.42e-02	2.42e-04	2.35e-07	0.00e+00	0.00e+00	0.00e+00	0.00e+00	0.00e+00	0.00e+00
 9.06754e+22	5.85e-07	4.94e-03	9.95e-02	2.30e-01	4.97e-01	1.55e-01	1.31e-02	2.17e-04	2.06e-07	0.00e+00	0.00e+00	0.00e+00	0.00e+00	0.00e+00	0.00e+00
 9.32694e+22	6.77e-07	5.52e-03	1.08e-01	2.38e-01	4.91e-01	1.46e-01	1.18e-02	1.89e-04	1.75e-07	0.00e+00	0.00e+00	0.00e+00	0.00e+00	0.00e+00	0.00e+00
 9.59610e+22	7.85e-07	6.17e-03	1.17e-01	2.45e-01	4.83e-01	1.37e-01	1.06e-02	1.63e-04	1.48e-07	0.00e+00	0.00e+00	0.00e+00	0.00e+00	0.00e+00	0.00e+00
 9.81768e+22	8.81e-07	6.73e-03	1.25e-01	2.52e-01	4.76e-01	1.30e-01	9.75e-03	1.45e-04	1.29e-07	0.00e+00	0.00e+00	0.00e+00	0.00e+00	0.00e+00	0.00e+00
 1.00455e+23	9.83e-07	7.32e-03	1.33e-01	2.57e-01	4.70e-01	1.24e-01	8.96e-03	1.30e-04	0.00e+00	0.00e+00	0.00e+00	0.00e+00	0.00e+00	0.00e+00	0.00e+00
 1.03417e+23	1.13e-06	8.15e-03	1.44e-01	2.65e-01	4.60e-01	1.15e-01	8.00e-03	1.12e-04	0.00e+00	0.00e+00	0.00e+00	0.00e+00	0.00e+00	0.00e+00	0.00e+00
 1.06420e+23	1.29e-06	9.00e-03	1.55e-01	2.72e-01	4.50e-01	1.07e-01	7.15e-03	9.63e-05	0.00e+00	0.00e+00	0.00e+00	0.00e+00	0.00e+00	0.00e+00	0.00e+00
 1.08845e+23	1.44e-06	9.79e-03	1.65e-01	2.77e-01	4.41e-01	1.01e-01	6.49e-03	8.48e-05	0.00e+00	0.00e+00	0.00e+00	0.00e+00	0.00e+00	0.00e+00	0.00e+00
 1.11362e+23	1.59e-06	1.06e-02	1.74e-01	2.83e-01	4.32e-01	9.49e-02	5.89e-03	7.48e-05	0.00e+00	0.00e+00	0.00e+00	0.00e+00	0.00e+00	0.00e+00	0.00e+00
 1.14636e+23	1.81e-06	1.18e-02	1.87e-01	2.90e-01	4.19e-01	8.73e-02	5.18e-03	6.34e-05	0.00e+00	0.00e+00	0.00e+00	0.00e+00	0.00e+00	0.00e+00	0.00e+00
 1.18094e+23	2.10e-06	1.33e-02	2.02e-01	2.97e-01	4.04e-01	7.89e-02	4.44e-03	5.20e-05	0.00e+00	0.00e+00	0.00e+00	0.00e+00	0.00e+00	0.00e+00	0.00e+00
 1.21059e+23	2.38e-06	1.48e-02	2.15e-01	3.03e-01	3.91e-01	7.21e-02	3.87e-03	4.36e-05	0.00e+00	0.00e+00	0.00e+00	0.00e+00	0.00e+00	0.00e+00	0.00e+00
 1.24177e+23	2.69e-06	1.64e-02	2.28e-01	3.09e-01	3.77e-01	6.55e-02	3.35e-03	3.64e-05	0.00e+00	0.00e+00	0.00e+00	0.00e+00	0.00e+00	0.00e+00	0.00e+00
 1.28232e+23	3.16e-06	1.89e-02	2.46e-01	3.16e-01	3.59e-01	5.77e-02	2.77e-03	2.86e-05	0.00e+00	0.00e+00	0.00e+00	0.00e+00	0.00e+00	0.00e+00	0.00e+00
 1.32369e+23	3.79e-06	2.20e-02	2.65e-01	3.22e-01	3.38e-01	4.98e-02	2.23e-03	2.18e-05	0.00e+00	0.00e+00	0.00e+00	0.00e+00	0.00e+00	0.00e+00	0.00e+00
 1.35714e+23	4.39e-06	2.49e-02	2.81e-01	3.26e-01	3.22e-01	4.41e-02	1.86e-03	1.74e-05	0.00e+00	0.00e+00	0.00e+00	0.00e+00	0.00e+00	0.00e+00	0.00e+00
 1.39163e+23	5.03e-06	2.80e-02	2.96e-01	3.29e-01	3.06e-01	3.92e-02	1.57e-03	1.40e-05	0.00e+00	0.00e+00	0.00e+00	0.00e+00	0.00e+00	0.00e+00	0.00e+00
 1.43645e+23	5.99e-06	3.24e-02	3.15e-01	3.32e-01	2.86e-01	3.37e-02	1.26e-03	1.07e-05	0.00e+00	0.00e+00	0.00e+00	0.00e+00	0.00e+00	0.00e+00	0.00e+00
 1.48853e+23	7.34e-06	3.81e-02	3.37e-01	3.33e-01	2.63e-01	2.81e-02	9.71e-04	7.75e-06	0.00e+00	0.00e+00	0.00e+00	0.00e+00	0.00e+00	0.00e+00	0.00e+00
 1.54091e+23	8.92e-06	4.45e-02	3.57e-01	3.32e-01	2.42e-01	2.34e-02	7.50e-04	5.64e-06	0.00e+00	0.00e+00	0.00e+00	0.00e+00	0.00e+00	0.00e+00	0.00e+00
 1.59341e+23	1.07e-05	5.13e-02	3.76e-01	3.30e-01	2.23e-01	1.97e-02	5.86e-04	4.17e-06	0.00e+00	0.00e+00	0.00e+00	0.00e+00	0.00e+00	0.00e+00	0.00e+00
 1.65196e+23	1.28e-05	5.90e-02	3.95e-01	3.26e-01	2.03e-01	1.64e-02	4.53e-04	3.06e-06	0.00e+00	0.00e+00	0.00e+00	0.00e+00	0.00e+00	0.00e+00	0.00e+00
 1.71796e+23	1.54e-05	6.81e-02	4.14e-01	3.21e-01	1.84e-01	1.34e-02	3.42e-04	2.18e-06	0.00e+00	0.00e+00	0.00e+00	0.00e+00	0.00e+00	0.00e+00	0.00e+00
 1.78534e+23	1.83e-05	7.79e-02	4.31e-01	3.14e-01	1.66e-01	1.09e-02	2.60e-04	1.56e-06	0.00e+00	0.00e+00	0.00e+00	0.00e+00	0.00e+00	0.00e+00	0.00e+00
 1.85120e+23	2.15e-05	8.78e-02	4.46e-01	3.07e-01	1.50e-01	9.05e-03	2.00e-04	1.15e-06	0.00e+00	0.00e+00	0.00e+00	0.00e+00	0.00e+00	0.00e+00	0.00e+00
 1.92228e+23	2.47e-05	9.77e-02	4.59e-01	3.00e-01	1.36e-01	7.53e-03	1.56e-04	8.59e-07	0.00e+00	0.00e+00	0.00e+00	0.00e+00	0.00e+00	0.00e+00	0.00e+00
 2.00040e+23	2.86e-05	1.09e-01	4.71e-01	2.92e-01	1.22e-01	6.16e-03	1.19e-04	6.25e-07	0.00e+00	0.00e+00	0.00e+00	0.00e+00	0.00e+00	0.00e+00	0.00e+00
 2.08166e+23	3.27e-05	1.21e-01	4.81e-01	2.83e-01	1.09e-01	5.05e-03	9.15e-05	4.59e-07	0.00e+00	0.00e+00	0.00e+00	0.00e+00	0.00e+00	0.00e+00	0.00e+00
 2.16616e+23	3.69e-05	1.33e-01	4.90e-01	2.74e-01	9.80e-02	4.17e-03	7.08e-05	3.41e-07	0.00e+00	0.00e+00	0.00e+00	0.00e+00	0.00e+00	0.00e+00	0.00e+00
 2.25151e+23	4.11e-05	1.45e-01	4.97e-01	2.66e-01	8.83e-02	3.46e-03	5.54e-05	2.58e-07	0.00e+00	0.00e+00	0.00e+00	0.00e+00	0.00e+00	0.00e+00	0.00e+00
 2.33184e+23	4.52e-05	1.56e-01	5.02e-01	2.58e-01	8.01e-02	2.92e-03	4.42e-05	1.99e-07	0.00e+00	0.00e+00	0.00e+00	0.00e+00	0.00e+00	0.00e+00	0.00e+00
 2.40414e+23	4.88e-05	1.66e-01	5.06e-01	2.51e-01	7.36e-02	2.51e-03	3.64e-05	1.59e-07	0.00e+00	0.00e+00	0.00e+00	0.00e+00	0.00e+00	0.00e+00	0.00e+00
 2.46921e+23	5.18e-05	1.75e-01	5.09e-01	2.45e-01	6.85e-02	2.22e-03	3.09e-05	1.32e-07	0.00e+00	0.00e+00	0.00e+00	0.00e+00	0.00e+00	0.00e+00	0.00e+00
 2.52777e+23	5.46e-05	1.82e-01	5.11e-01	2.40e-01	6.42e-02	1.98e-03	2.67e-05	0.00e+00	0.00e+00	0.00e+00	0.00e+00	0.00e+00	0.00e+00	0.00e+00	0.00e+00
 2.58047e+23	5.66e-05	1.88e-01	5.12e-01	2.36e-01	6.09e-02	1.81e-03	2.38e-05	0.00e+00	0.00e+00	0.00e+00	0.00e+00	0.00e+00	0.00e+00	0.00e+00	0.00e+00
 2.62791e+23	5.87e-05	1.94e-01	5.13e-01	2.33e-01	5.80e-02	1.67e-03	2.13e-05	0.00e+00	0.00e+00	0.00e+00	0.00e+00	0.00e+00	0.00e+00	0.00e+00	0.00e+00
 2.67060e+23	6.10e-05	2.00e-01	5.14e-01	2.29e-01	5.53e-02	1.54e-03	1.92e-05	0.00e+00	0.00e+00	0.00e+00	0.00e+00	0.00e+00	0.00e+00	0.00e+00	0.00e+00
 2.70902e+23	6.22e-05	2.04e-01	5.15e-01	2.26e-01	5.34e-02	1.45e-03	1.78e-05	0.00e+00	0.00e+00	0.00e+00	0.00e+00	0.00e+00	0.00e+00	0.00e+00	0.00e+00
 2.74360e+23	6.37e-05	2.08e-01	5.15e-01	2.24e-01	5.16e-02	1.37e-03	1.65e-05	0.00e+00	0.00e+00	0.00e+00	0.00e+00	0.00e+00	0.00e+00	0.00e+00	0.00e+00
 2.77525e+23	6.48e-05	2.11e-01	5.15e-01	2.22e-01	5.01e-02	1.30e-03	1.55e-05	0.00e+00	0.00e+00	0.00e+00	0.00e+00	0.00e+00	0.00e+00	0.00e+00	0.00e+00
 2.80580e+23	6.58e-05	2.14e-01	5.15e-01	2.20e-01	4.88e-02	1.25e-03	1.46e-05	0.00e+00	0.00e+00	0.00e+00	0.00e+00	0.00e+00	0.00e+00	0.00e+00	0.00e+00
 2.83635e+23	6.68e-05	2.17e-01	5.16e-01	2.18e-01	4.76e-02	1.19e-03	1.38e-05	0.00e+00	0.00e+00	0.00e+00	0.00e+00	0.00e+00	0.00e+00	0.00e+00	0.00e+00
 2.86690e+23	6.77e-05	2.20e-01	5.16e-01	2.16e-01	4.64e-02	1.14e-03	1.31e-05	0.00e+00	0.00e+00	0.00e+00	0.00e+00	0.00e+00	0.00e+00	0.00e+00	0.00e+00
 2.89745e+23	6.86e-05	2.23e-01	5.16e-01	2.15e-01	4.53e-02	1.10e-03	1.24e-05	0.00e+00	0.00e+00	0.00e+00	0.00e+00	0.00e+00	0.00e+00	0.00e+00	0.00e+00
 2.92800e+23	6.94e-05	2.26e-01	5.16e-01	2.13e-01	4.42e-02	1.05e-03	1.18e-05	0.00e+00	0.00e+00	0.00e+00	0.00e+00	0.00e+00	0.00e+00	0.00e+00	0.00e+00
 2.95854e+23	7.01e-05	2.28e-01	5.16e-01	2.12e-01	4.33e-02	1.02e-03	1.13e-05	0.00e+00	0.00e+00	0.00e+00	0.00e+00	0.00e+00	0.00e+00	0.00e+00	0.00e+00
 2.98909e+23	7.08e-05	2.31e-01	5.15e-01	2.10e-01	4.23e-02	9.79e-04	1.08e-05	0.00e+00	0.00e+00	0.00e+00	0.00e+00	0.00e+00	0.00e+00	0.00e+00	0.00e+00
 3.01964e+23	7.15e-05	2.33e-01	5.15e-01	2.09e-01	4.14e-02	9.44e-04	1.03e-05	0.00e+00	0.00e+00	0.00e+00	0.00e+00	0.00e+00	0.00e+00	0.00e+00	0.00e+00
 3.04487e+23	7.25e-05	2.36e-01	5.15e-01	2.07e-01	4.04e-02	9.06e-04	9.74e-06	0.00e+00	0.00e+00	0.00e+00	0.00e+00	0.00e+00	0.00e+00	0.00e+00	0.00e+00
