#depth	Ne	Ne+	Ne+2	Ne+3	Ne+4	Ne+5	Ne+6	Ne+7	Ne+8	Ne+9	Ne+10
 6.17135e+19	1.95e-21	8.50e-16	1.97e-11	4.06e-08	1.82e-05	1.32e-03	1.69e-02	6.92e-02	7.08e-01	1.93e-01	1.24e-02
 1.87609e+20	2.96e-21	1.29e-15	2.94e-11	5.84e-08	2.51e-05	1.72e-03	2.05e-02	7.78e-02	7.15e-01	1.75e-01	1.01e-02
 2.96560e+20	4.09e-21	1.80e-15	4.07e-11	7.86e-08	3.27e-05	2.14e-03	2.40e-02	8.56e-02	7.19e-01	1.61e-01	8.51e-03
 3.77242e+20	5.10e-21	2.26e-15	5.12e-11	9.70e-08	3.95e-05	2.50e-03	2.69e-02	9.16e-02	7.20e-01	1.51e-01	7.49e-03
 4.36988e+20	5.94e-21	2.66e-15	6.02e-11	1.13e-07	4.52e-05	2.80e-03	2.92e-02	9.62e-02	7.21e-01	1.44e-01	6.82e-03
 4.83685e+20	6.61e-21	2.99e-15	6.80e-11	1.26e-07	5.01e-05	3.05e-03	3.10e-02	9.99e-02	7.21e-01	1.39e-01	6.33e-03
 5.36273e+20	7.54e-21	3.44e-15	7.81e-11	1.44e-07	5.62e-05	3.35e-03	3.31e-02	1.04e-01	7.20e-01	1.33e-01	5.85e-03
 6.04638e+20	8.78e-21	4.06e-15	9.28e-11	1.69e-07	6.50e-05	3.77e-03	3.61e-02	1.09e-01	7.19e-01	1.27e-01	5.27e-03
 6.77913e+20	1.03e-20	4.84e-15	1.11e-10	2.00e-07	7.57e-05	4.27e-03	3.94e-02	1.15e-01	7.17e-01	1.19e-01	4.71e-03
 7.42222e+20	1.17e-20	5.61e-15	1.30e-10	2.31e-07	8.62e-05	4.75e-03	4.24e-02	1.20e-01	7.15e-01	1.14e-01	4.27e-03
 8.10476e+20	1.34e-20	6.53e-15	1.52e-10	2.69e-07	9.87e-05	5.29e-03	4.57e-02	1.26e-01	7.11e-01	1.08e-01	3.86e-03
 8.87279e+20	1.55e-20	7.72e-15	1.81e-10	3.18e-07	1.14e-04	5.96e-03	4.96e-02	1.32e-01	7.07e-01	1.01e-01	3.44e-03
 9.59909e+20	1.77e-20	9.01e-15	2.13e-10	3.71e-07	1.31e-04	6.65e-03	5.35e-02	1.38e-01	7.03e-01	9.58e-02	3.10e-03
 1.02846e+21	1.99e-20	1.04e-14	2.48e-10	4.28e-07	1.49e-04	7.36e-03	5.73e-02	1.44e-01	6.98e-01	9.08e-02	2.80e-03
 1.10700e+21	2.28e-20	1.22e-14	2.94e-10	5.03e-07	1.72e-04	8.23e-03	6.17e-02	1.50e-01	6.92e-01	8.55e-02	2.51e-03
 1.19500e+21	2.65e-20	1.45e-14	3.55e-10	6.01e-07	2.01e-04	9.30e-03	6.69e-02	1.57e-01	6.84e-01	7.99e-02	2.21e-03
 1.27802e+21	3.04e-20	1.71e-14	4.23e-10	7.09e-07	2.32e-04	1.04e-02	7.20e-02	1.64e-01	6.76e-01	7.49e-02	1.97e-03
 1.34848e+21	3.41e-20	1.96e-14	4.90e-10	8.14e-07	2.61e-04	1.14e-02	7.64e-02	1.70e-01	6.70e-01	7.10e-02	1.79e-03
 1.40979e+21	3.76e-20	2.21e-14	5.56e-10	9.16e-07	2.89e-04	1.23e-02	8.04e-02	1.74e-01	6.63e-01	6.77e-02	1.64e-03
 1.47946e+21	4.21e-20	2.53e-14	6.41e-10	1.05e-06	3.24e-04	1.34e-02	8.49e-02	1.80e-01	6.56e-01	6.43e-02	1.50e-03
 1.57003e+21	4.87e-20	3.00e-14	7.70e-10	1.24e-06	3.75e-04	1.50e-02	9.10e-02	1.87e-01	6.46e-01	6.00e-02	1.33e-03
 1.66335e+21	5.65e-20	3.58e-14	9.28e-10	1.48e-06	4.34e-04	1.67e-02	9.75e-02	1.94e-01	6.35e-01	5.59e-02	1.17e-03
 1.74049e+21	6.38e-20	4.14e-14	1.08e-09	1.70e-06	4.89e-04	1.83e-02	1.03e-01	1.99e-01	6.25e-01	5.28e-02	1.06e-03
 1.82100e+21	7.26e-20	4.81e-14	1.27e-09	1.97e-06	5.52e-04	2.00e-02	1.09e-01	2.05e-01	6.15e-01	4.97e-02	9.57e-04
 1.92567e+21	8.57e-20	5.84e-14	1.55e-09	2.37e-06	6.44e-04	2.24e-02	1.16e-01	2.12e-01	6.02e-01	4.60e-02	8.38e-04
 2.03162e+21	1.02e-19	7.11e-14	1.90e-09	2.86e-06	7.50e-04	2.50e-02	1.24e-01	2.19e-01	5.88e-01	4.26e-02	7.33e-04
 2.11612e+21	1.16e-19	8.31e-14	2.23e-09	3.31e-06	8.44e-04	2.73e-02	1.31e-01	2.24e-01	5.77e-01	4.00e-02	6.60e-04
 2.20285e+21	1.34e-19	9.74e-14	2.63e-09	3.83e-06	9.51e-04	2.97e-02	1.37e-01	2.29e-01	5.65e-01	3.75e-02	5.94e-04
 2.31560e+21	1.60e-19	1.20e-13	3.24e-09	4.62e-06	1.11e-03	3.31e-02	1.46e-01	2.35e-01	5.50e-01	3.46e-02	5.18e-04
 2.43252e+21	1.94e-19	1.48e-13	4.01e-09	5.60e-06	1.29e-03	3.68e-02	1.55e-01	2.41e-01	5.34e-01	3.17e-02	4.50e-04
 2.52993e+21	2.27e-19	1.76e-13	4.79e-09	6.54e-06	1.46e-03	4.02e-02	1.62e-01	2.46e-01	5.20e-01	2.96e-02	4.01e-04
 2.63165e+21	2.68e-19	2.11e-13	5.74e-09	7.68e-06	1.65e-03	4.38e-02	1.70e-01	2.50e-01	5.06e-01	2.75e-02	3.56e-04
 2.76389e+21	3.33e-19	2.67e-13	7.23e-09	9.41e-06	1.94e-03	4.89e-02	1.81e-01	2.56e-01	4.88e-01	2.50e-02	3.05e-04
 2.89983e+21	4.16e-19	3.40e-13	9.15e-09	1.15e-05	2.27e-03	5.46e-02	1.91e-01	2.60e-01	4.69e-01	2.26e-02	2.61e-04
 3.01183e+21	5.01e-19	4.14e-13	1.11e-08	1.36e-05	2.58e-03	5.95e-02	2.00e-01	2.64e-01	4.53e-01	2.09e-02	2.30e-04
 3.12868e+21	6.08e-19	5.06e-13	1.34e-08	1.61e-05	2.93e-03	6.48e-02	2.08e-01	2.67e-01	4.38e-01	1.92e-02	2.02e-04
 3.28058e+21	7.81e-19	6.57e-13	1.72e-08	1.99e-05	3.44e-03	7.22e-02	2.20e-01	2.70e-01	4.17e-01	1.72e-02	1.70e-04
 3.43917e+21	1.02e-18	8.59e-13	2.22e-08	2.47e-05	4.05e-03	8.04e-02	2.31e-01	2.72e-01	3.96e-01	1.54e-02	1.43e-04
 3.55959e+21	1.24e-18	1.05e-12	2.69e-08	2.90e-05	4.57e-03	8.71e-02	2.40e-01	2.74e-01	3.80e-01	1.41e-02	1.25e-04
 3.65120e+21	1.45e-18	1.22e-12	3.09e-08	3.26e-05	4.99e-03	9.22e-02	2.46e-01	2.74e-01	3.69e-01	1.32e-02	1.14e-04
 3.75221e+21	1.71e-18	1.44e-12	3.61e-08	3.70e-05	5.49e-03	9.80e-02	2.53e-01	2.75e-01	3.56e-01	1.23e-02	1.02e-04
 3.88352e+21	2.12e-18	1.79e-12	4.39e-08	4.35e-05	6.19e-03	1.06e-01	2.61e-01	2.75e-01	3.40e-01	1.12e-02	8.86e-05
 4.02820e+21	2.70e-18	2.25e-12	5.42e-08	5.18e-05	7.04e-03	1.15e-01	2.70e-01	2.74e-01	3.23e-01	1.01e-02	7.60e-05
 4.15962e+21	3.35e-18	2.78e-12	6.54e-08	6.04e-05	7.88e-03	1.23e-01	2.78e-01	2.73e-01	3.08e-01	9.23e-03	6.62e-05
 4.28109e+21	4.08e-18	3.35e-12	7.76e-08	6.94e-05	8.71e-03	1.31e-01	2.85e-01	2.72e-01	2.95e-01	8.47e-03	5.83e-05
 4.42031e+21	5.12e-18	4.15e-12	9.39e-08	8.10e-05	9.74e-03	1.41e-01	2.92e-01	2.70e-01	2.80e-01	7.67e-03	5.05e-05
 4.57746e+21	6.60e-18	5.27e-12	1.16e-07	9.61e-05	1.10e-02	1.52e-01	3.00e-01	2.67e-01	2.63e-01	6.87e-03	4.30e-05
 4.72667e+21	8.39e-18	6.58e-12	1.41e-07	1.12e-04	1.23e-02	1.62e-01	3.07e-01	2.64e-01	2.49e-01	6.18e-03	3.69e-05
 4.86748e+21	1.05e-17	8.09e-12	1.69e-07	1.30e-04	1.36e-02	1.72e-01	3.13e-01	2.60e-01	2.35e-01	5.60e-03	3.20e-05
 5.02864e+21	1.35e-17	1.02e-11	2.06e-07	1.52e-04	1.53e-02	1.84e-01	3.19e-01	2.56e-01	2.21e-01	5.00e-03	2.72e-05
 5.20934e+21	1.80e-17	1.31e-11	2.57e-07	1.81e-04	1.72e-02	1.98e-01	3.25e-01	2.50e-01	2.05e-01	4.41e-03	2.28e-05
 5.37975e+21	2.34e-17	1.67e-11	3.14e-07	2.12e-04	1.92e-02	2.10e-01	3.30e-01	2.45e-01	1.91e-01	3.91e-03	1.92e-05
 5.54081e+21	2.98e-17	2.07e-11	3.78e-07	2.44e-04	2.12e-02	2.23e-01	3.34e-01	2.40e-01	1.79e-01	3.50e-03	1.64e-05
 5.72541e+21	3.93e-17	2.63e-11	4.64e-07	2.86e-04	2.37e-02	2.36e-01	3.37e-01	2.33e-01	1.66e-01	3.08e-03	1.38e-05
 5.96539e+21	5.59e-17	3.58e-11	6.00e-07	3.49e-04	2.71e-02	2.54e-01	3.41e-01	2.24e-01	1.50e-01	2.62e-03	1.10e-05
 6.20886e+21	7.94e-17	4.86e-11	7.73e-07	4.24e-04	3.09e-02	2.73e-01	3.43e-01	2.15e-01	1.36e-01	2.21e-03	8.70e-06
 6.40577e+21	1.05e-16	6.17e-11	9.42e-07	4.93e-04	3.42e-02	2.87e-01	3.44e-01	2.07e-01	1.25e-01	1.94e-03	7.23e-06
 6.61064e+21	1.39e-16	7.86e-11	1.15e-06	5.72e-04	3.78e-02	3.02e-01	3.45e-01	1.99e-01	1.14e-01	1.69e-03	5.99e-06
 6.87698e+21	1.98e-16	1.06e-10	1.47e-06	6.89e-04	4.27e-02	3.21e-01	3.44e-01	1.89e-01	1.02e-01	1.41e-03	4.71e-06
 7.15908e+21	2.87e-16	1.45e-10	1.90e-06	8.33e-04	4.83e-02	3.40e-01	3.41e-01	1.78e-01	9.05e-02	1.17e-03	3.65e-06
 7.37639e+21	3.79e-16	1.84e-10	2.29e-06	9.58e-04	5.28e-02	3.54e-01	3.39e-01	1.70e-01	8.24e-02	1.02e-03	3.01e-06
 7.54130e+21	4.66e-16	2.18e-10	2.63e-06	1.06e-03	5.64e-02	3.65e-01	3.36e-01	1.63e-01	7.68e-02	9.12e-04	2.61e-06
 7.72342e+21	5.82e-16	2.63e-10	3.06e-06	1.18e-03	6.05e-02	3.76e-01	3.33e-01	1.57e-01	7.11e-02	8.10e-04	2.23e-06
 7.96018e+21	7.66e-16	3.30e-10	3.67e-06	1.35e-03	6.58e-02	3.90e-01	3.29e-01	1.49e-01	6.44e-02	6.99e-04	1.83e-06
 8.22616e+21	1.05e-15	4.28e-10	4.51e-06	1.57e-03	7.22e-02	4.05e-01	3.23e-01	1.40e-01	5.75e-02	5.90e-04	1.46e-06
 8.47430e+21	1.38e-15	5.40e-10	5.42e-06	1.80e-03	7.84e-02	4.18e-01	3.18e-01	1.32e-01	5.17e-02	5.05e-04	1.19e-06
 8.74103e+21	1.85e-15	6.84e-10	6.53e-06	2.05e-03	8.51e-02	4.32e-01	3.11e-01	1.24e-01	4.63e-02	4.29e-04	9.58e-07
 9.02789e+21	2.51e-15	8.81e-10	7.97e-06	2.37e-03	9.27e-02	4.45e-01	3.03e-01	1.15e-01	4.11e-02	3.59e-04	7.59e-07
 9.28004e+21	3.26e-15	1.09e-09	9.41e-06	2.67e-03	9.96e-02	4.56e-01	2.96e-01	1.08e-01	3.70e-02	3.09e-04	6.22e-07
 9.54696e+21	4.23e-15	1.35e-09	1.11e-05	3.00e-03	1.07e-01	4.66e-01	2.89e-01	1.01e-01	3.32e-02	2.64e-04	5.07e-07
 9.89396e+21	5.90e-15	1.77e-09	1.37e-05	3.48e-03	1.17e-01	4.79e-01	2.79e-01	9.30e-02	2.89e-02	2.16e-04	3.90e-07
 1.02483e+22	8.27e-15	2.33e-09	1.70e-05	4.04e-03	1.27e-01	4.90e-01	2.69e-01	8.50e-02	2.50e-02	1.76e-04	2.98e-07
 1.05349e+22	1.07e-14	2.88e-09	2.00e-05	4.53e-03	1.35e-01	4.98e-01	2.60e-01	7.91e-02	2.23e-02	1.49e-04	2.42e-07
 1.08304e+22	1.39e-14	3.55e-09	2.35e-05	5.06e-03	1.44e-01	5.06e-01	2.51e-01	7.35e-02	1.99e-02	1.27e-04	1.96e-07
 1.12146e+22	1.92e-14	4.60e-09	2.87e-05	5.81e-03	1.56e-01	5.14e-01	2.40e-01	6.69e-02	1.72e-02	1.03e-04	1.49e-07
 1.16179e+22	2.67e-14	6.01e-09	3.52e-05	6.68e-03	1.68e-01	5.21e-01	2.29e-01	6.04e-02	1.47e-02	8.29e-05	0.00e+00
 1.19607e+22	3.50e-14	7.47e-09	4.15e-05	7.48e-03	1.79e-01	5.26e-01	2.19e-01	5.55e-02	1.29e-02	6.92e-05	0.00e+00
 1.23210e+22	4.60e-14	9.31e-09	4.91e-05	8.37e-03	1.90e-01	5.30e-01	2.10e-01	5.08e-02	1.13e-02	5.75e-05	0.00e+00
 1.27894e+22	6.44e-14	1.22e-08	6.03e-05	9.61e-03	2.04e-01	5.34e-01	1.98e-01	4.54e-02	9.58e-03	4.56e-05	0.00e+00
 1.32739e+22	9.12e-14	1.61e-08	7.43e-05	1.11e-02	2.19e-01	5.36e-01	1.86e-01	4.03e-02	8.05e-03	3.58e-05	0.00e+00
 1.36756e+22	1.20e-13	2.00e-08	8.76e-05	1.23e-02	2.31e-01	5.37e-01	1.76e-01	3.66e-02	6.99e-03	2.94e-05	0.00e+00
 1.40942e+22	1.58e-13	2.49e-08	1.03e-04	1.37e-02	2.44e-01	5.36e-01	1.67e-01	3.31e-02	6.06e-03	2.42e-05	0.00e+00
 1.46385e+22	2.21e-13	3.26e-08	1.26e-04	1.57e-02	2.60e-01	5.34e-01	1.55e-01	2.92e-02	5.06e-03	1.89e-05	0.00e+00
 1.52118e+22	3.14e-13	4.31e-08	1.55e-04	1.79e-02	2.78e-01	5.31e-01	1.44e-01	2.55e-02	4.18e-03	1.45e-05	0.00e+00
 1.57040e+22	4.19e-13	5.41e-08	1.84e-04	2.00e-02	2.92e-01	5.27e-01	1.34e-01	2.28e-02	3.57e-03	1.17e-05	0.00e+00
 1.61322e+22	5.33e-13	6.54e-08	2.12e-04	2.19e-02	3.04e-01	5.23e-01	1.27e-01	2.07e-02	3.12e-03	9.74e-06	0.00e+00
 1.65961e+22	6.86e-13	7.99e-08	2.46e-04	2.41e-02	3.18e-01	5.17e-01	1.19e-01	1.87e-02	2.70e-03	8.01e-06	0.00e+00
 1.71991e+22	9.35e-13	1.02e-07	2.94e-04	2.70e-02	3.34e-01	5.10e-01	1.10e-01	1.64e-02	2.26e-03	6.28e-06	0.00e+00
 1.78315e+22	1.30e-12	1.32e-07	3.55e-04	3.04e-02	3.51e-01	5.01e-01	1.01e-01	1.43e-02	1.87e-03	4.85e-06	0.00e+00
 1.83652e+22	1.68e-12	1.62e-07	4.13e-04	3.34e-02	3.65e-01	4.93e-01	9.40e-02	1.27e-02	1.60e-03	3.93e-06	0.00e+00
 1.88424e+22	2.11e-12	1.93e-07	4.70e-04	3.62e-02	3.77e-01	4.85e-01	8.83e-02	1.15e-02	1.40e-03	3.28e-06	0.00e+00
 1.93829e+22	2.70e-12	2.35e-07	5.42e-04	3.95e-02	3.90e-01	4.76e-01	8.21e-02	1.03e-02	1.20e-03	2.67e-06	0.00e+00
 2.00857e+22	3.66e-12	2.97e-07	6.44e-04	4.39e-02	4.06e-01	4.64e-01	7.50e-02	8.95e-03	9.93e-04	2.08e-06	0.00e+00
 2.08174e+22	5.03e-12	3.81e-07	7.71e-04	4.89e-02	4.23e-01	4.51e-01	6.80e-02	7.72e-03	8.14e-04	1.59e-06	0.00e+00
 2.14136e+22	6.44e-12	4.62e-07	8.86e-04	5.32e-02	4.35e-01	4.40e-01	6.28e-02	6.86e-03	6.95e-04	1.29e-06	0.00e+00
 2.20154e+22	8.17e-12	5.55e-07	1.01e-03	5.76e-02	4.47e-01	4.29e-01	5.81e-02	6.11e-03	5.96e-04	1.05e-06	0.00e+00
 2.27976e+22	1.10e-11	6.97e-07	1.19e-03	6.35e-02	4.62e-01	4.15e-01	5.27e-02	5.28e-03	4.92e-04	8.12e-07	0.00e+00
 2.36136e+22	1.50e-11	8.87e-07	1.42e-03	7.02e-02	4.77e-01	3.99e-01	4.73e-02	4.52e-03	4.01e-04	6.17e-07	0.00e+00
 2.42979e+22	1.91e-11	1.07e-06	1.62e-03	7.60e-02	4.88e-01	3.87e-01	4.33e-02	3.99e-03	3.40e-04	4.95e-07	0.00e+00
 2.50119e+22	2.45e-11	1.30e-06	1.86e-03	8.22e-02	4.99e-01	3.74e-01	3.96e-02	3.51e-03	2.87e-04	3.97e-07	0.00e+00
 2.59402e+22	3.33e-11	1.64e-06	2.20e-03	9.04e-02	5.12e-01	3.57e-01	3.52e-02	2.99e-03	2.33e-04	3.00e-07	0.00e+00
 2.69111e+22	4.57e-11	2.10e-06	2.61e-03	9.96e-02	5.24e-01	3.40e-01	3.12e-02	2.52e-03	1.86e-04	2.24e-07	0.00e+00
 2.77322e+22	5.91e-11	2.55e-06	3.01e-03	1.08e-01	5.33e-01	3.26e-01	2.81e-02	2.19e-03	1.55e-04	1.76e-07	0.00e+00
 2.85944e+22	7.60e-11	3.10e-06	3.44e-03	1.16e-01	5.42e-01	3.12e-01	2.54e-02	1.91e-03	1.30e-04	1.39e-07	0.00e+00
 2.97151e+22	1.05e-10	3.97e-06	4.10e-03	1.27e-01	5.51e-01	2.94e-01	2.21e-02	1.59e-03	1.02e-04	0.00e+00	0.00e+00
 3.08925e+22	1.46e-10	5.11e-06	4.89e-03	1.40e-01	5.59e-01	2.75e-01	1.92e-02	1.32e-03	8.02e-05	0.00e+00	0.00e+00
 3.18984e+22	1.92e-10	6.28e-06	5.65e-03	1.51e-01	5.65e-01	2.60e-01	1.70e-02	1.12e-03	6.53e-05	0.00e+00	0.00e+00
 3.29612e+22	2.51e-10	7.69e-06	6.50e-03	1.62e-01	5.69e-01	2.46e-01	1.50e-02	9.62e-04	5.34e-05	0.00e+00	0.00e+00
 3.41101e+22	3.36e-10	9.58e-06	7.57e-03	1.75e-01	5.73e-01	2.30e-01	1.31e-02	8.09e-04	4.26e-05	0.00e+00	0.00e+00
 3.52002e+22	4.37e-10	1.17e-05	8.68e-03	1.88e-01	5.75e-01	2.16e-01	1.15e-02	6.90e-04	3.47e-05	0.00e+00	0.00e+00
 3.62465e+22	5.58e-10	1.41e-05	9.85e-03	2.00e-01	5.76e-01	2.04e-01	1.02e-02	5.95e-04	2.86e-05	0.00e+00	0.00e+00
 3.74061e+22	7.19e-10	1.70e-05	1.12e-02	2.13e-01	5.75e-01	1.91e-01	8.99e-03	5.09e-04	2.33e-05	0.00e+00	0.00e+00
 3.86779e+22	9.53e-10	2.10e-05	1.30e-02	2.28e-01	5.74e-01	1.77e-01	7.76e-03	4.27e-04	1.86e-05	0.00e+00	0.00e+00
 3.98839e+22	1.23e-09	2.54e-05	1.48e-02	2.42e-01	5.71e-01	1.65e-01	6.79e-03	3.63e-04	1.50e-05	0.00e+00	0.00e+00
 4.10272e+22	1.55e-09	3.03e-05	1.66e-02	2.56e-01	5.67e-01	1.54e-01	5.98e-03	3.13e-04	1.24e-05	0.00e+00	0.00e+00
 4.23004e+22	1.98e-09	3.64e-05	1.88e-02	2.70e-01	5.62e-01	1.44e-01	5.22e-03	2.67e-04	1.01e-05	0.00e+00	0.00e+00
 4.37075e+22	2.59e-09	4.44e-05	2.15e-02	2.86e-01	5.55e-01	1.32e-01	4.48e-03	2.24e-04	8.00e-06	0.00e+00	0.00e+00
 4.49915e+22	3.29e-09	5.30e-05	2.42e-02	3.01e-01	5.48e-01	1.23e-01	3.90e-03	1.91e-04	6.51e-06	0.00e+00	0.00e+00
 4.61730e+22	4.06e-09	6.20e-05	2.68e-02	3.14e-01	5.41e-01	1.14e-01	3.45e-03	1.66e-04	5.41e-06	0.00e+00	0.00e+00
 4.75181e+22	5.10e-09	7.35e-05	3.00e-02	3.29e-01	5.32e-01	1.06e-01	3.01e-03	1.43e-04	4.43e-06	0.00e+00	0.00e+00
 4.92668e+22	6.78e-09	9.08e-05	3.45e-02	3.47e-01	5.20e-01	9.60e-02	2.53e-03	1.18e-04	3.43e-06	0.00e+00	0.00e+00
 5.10884e+22	9.11e-09	1.13e-04	3.98e-02	3.66e-01	5.06e-01	8.62e-02	2.10e-03	9.58e-05	2.62e-06	0.00e+00	0.00e+00
 5.26018e+22	1.16e-08	1.35e-04	4.47e-02	3.81e-01	4.93e-01	7.88e-02	1.80e-03	8.11e-05	2.10e-06	0.00e+00	0.00e+00
 5.39416e+22	1.41e-08	1.56e-04	4.91e-02	3.94e-01	4.82e-01	7.29e-02	1.58e-03	7.04e-05	1.75e-06	0.00e+00	0.00e+00
 5.54587e+22	1.75e-08	1.83e-04	5.44e-02	4.08e-01	4.69e-01	6.70e-02	1.38e-03	6.05e-05	1.43e-06	0.00e+00	0.00e+00
 5.74311e+22	2.28e-08	2.22e-04	6.17e-02	4.24e-01	4.53e-01	6.01e-02	1.15e-03	5.00e-05	1.11e-06	0.00e+00	0.00e+00
 5.95504e+22	3.03e-08	2.74e-04	7.05e-02	4.41e-01	4.34e-01	5.33e-02	9.48e-04	4.06e-05	8.47e-07	0.00e+00	0.00e+00
 6.14045e+22	3.84e-08	3.27e-04	7.88e-02	4.54e-01	4.18e-01	4.80e-02	8.02e-04	3.40e-05	6.71e-07	0.00e+00	0.00e+00
 6.30795e+22	4.71e-08	3.80e-04	8.66e-02	4.66e-01	4.03e-01	4.38e-02	6.94e-04	2.92e-05	5.49e-07	0.00e+00	0.00e+00
 6.49783e+22	5.86e-08	4.47e-04	9.58e-02	4.77e-01	3.87e-01	3.97e-02	5.95e-04	2.47e-05	4.43e-07	0.00e+00	0.00e+00
 6.74343e+22	7.65e-08	5.45e-04	1.08e-01	4.89e-01	3.67e-01	3.49e-02	4.90e-04	2.01e-05	3.40e-07	0.00e+00	0.00e+00
 6.99093e+22	1.00e-07	6.65e-04	1.22e-01	5.00e-01	3.46e-01	3.06e-02	4.01e-04	1.63e-05	2.59e-07	0.00e+00	0.00e+00
 7.18549e+22	1.22e-07	7.71e-04	1.34e-01	5.07e-01	3.30e-01	2.77e-02	3.46e-04	1.39e-05	2.11e-07	0.00e+00	0.00e+00
 7.38177e+22	1.48e-07	8.89e-04	1.46e-01	5.13e-01	3.15e-01	2.51e-02	3.00e-04	1.19e-05	1.74e-07	0.00e+00	0.00e+00
 7.59452e+22	1.80e-07	1.03e-03	1.59e-01	5.18e-01	2.99e-01	2.25e-02	2.57e-04	1.01e-05	1.41e-07	0.00e+00	0.00e+00
 7.78303e+22	2.14e-07	1.18e-03	1.72e-01	5.21e-01	2.85e-01	2.05e-02	2.25e-04	8.78e-06	0.00e+00	0.00e+00	0.00e+00
 7.95580e+22	2.49e-07	1.32e-03	1.84e-01	5.22e-01	2.73e-01	1.89e-02	2.01e-04	7.74e-06	0.00e+00	0.00e+00	0.00e+00
 8.15375e+22	2.93e-07	1.49e-03	1.98e-01	5.23e-01	2.60e-01	1.72e-02	1.77e-04	6.74e-06	0.00e+00	0.00e+00	0.00e+00
 8.41110e+22	3.59e-07	1.75e-03	2.17e-01	5.23e-01	2.43e-01	1.52e-02	1.50e-04	5.65e-06	0.00e+00	0.00e+00	0.00e+00
 8.66889e+22	4.39e-07	2.04e-03	2.37e-01	5.20e-01	2.27e-01	1.35e-02	1.28e-04	4.72e-06	0.00e+00	0.00e+00	0.00e+00
 8.86799e+22	5.09e-07	2.28e-03	2.54e-01	5.17e-01	2.15e-01	1.22e-02	1.13e-04	4.12e-06	0.00e+00	0.00e+00	0.00e+00
 9.06754e+22	5.86e-07	2.55e-03	2.70e-01	5.13e-01	2.03e-01	1.12e-02	1.00e-04	3.62e-06	0.00e+00	0.00e+00	0.00e+00
 9.32694e+22	7.01e-07	2.94e-03	2.93e-01	5.05e-01	1.88e-01	9.87e-03	8.61e-05	3.06e-06	0.00e+00	0.00e+00	0.00e+00
 9.59610e+22	8.40e-07	3.39e-03	3.19e-01	4.96e-01	1.73e-01	8.65e-03	7.33e-05	2.55e-06	0.00e+00	0.00e+00	0.00e+00
 9.81768e+22	9.71e-07	3.80e-03	3.40e-01	4.87e-01	1.61e-01	7.75e-03	6.41e-05	2.20e-06	0.00e+00	0.00e+00	0.00e+00
 1.00455e+23	1.12e-06	4.27e-03	3.64e-01	4.75e-01	1.49e-01	6.90e-03	5.57e-05	1.89e-06	0.00e+00	0.00e+00	0.00e+00
 1.03417e+23	1.35e-06	4.94e-03	3.96e-01	4.59e-01	1.34e-01	5.88e-03	4.61e-05	1.54e-06	0.00e+00	0.00e+00	0.00e+00
 1.06420e+23	1.60e-06	5.68e-03	4.30e-01	4.40e-01	1.20e-01	4.99e-03	3.81e-05	1.25e-06	0.00e+00	0.00e+00	0.00e+00
 1.08845e+23	1.85e-06	6.37e-03	4.59e-01	4.22e-01	1.08e-01	4.31e-03	3.22e-05	1.04e-06	0.00e+00	0.00e+00	0.00e+00
 1.11362e+23	2.14e-06	7.12e-03	4.90e-01	4.03e-01	9.63e-02	3.68e-03	2.68e-05	8.63e-07	0.00e+00	0.00e+00	0.00e+00
 1.14636e+23	2.55e-06	8.18e-03	5.31e-01	3.75e-01	8.23e-02	2.96e-03	2.09e-05	6.68e-07	0.00e+00	0.00e+00	0.00e+00
 1.18094e+23	3.08e-06	9.45e-03	5.76e-01	3.44e-01	6.84e-02	2.30e-03	1.57e-05	4.95e-07	0.00e+00	0.00e+00	0.00e+00
 1.21059e+23	3.61e-06	1.06e-02	6.13e-01	3.17e-01	5.76e-02	1.82e-03	1.20e-05	3.77e-07	0.00e+00	0.00e+00	0.00e+00
 1.24177e+23	4.20e-06	1.19e-02	6.51e-01	2.88e-01	4.76e-02	1.42e-03	9.02e-06	2.83e-07	0.00e+00	0.00e+00	0.00e+00
 1.28232e+23	5.06e-06	1.35e-02	6.96e-01	2.53e-01	3.69e-02	1.01e-03	6.15e-06	1.93e-07	0.00e+00	0.00e+00	0.00e+00
 1.32369e+23	6.12e-06	1.54e-02	7.37e-01	2.19e-01	2.80e-02	7.00e-04	4.07e-06	1.27e-07	0.00e+00	0.00e+00	0.00e+00
 1.35714e+23	7.06e-06	1.69e-02	7.66e-01	1.94e-01	2.24e-02	5.19e-04	2.91e-06	0.00e+00	0.00e+00	0.00e+00	0.00e+00
 1.39163e+23	8.03e-06	1.83e-02	7.91e-01	1.72e-01	1.78e-02	3.86e-04	2.09e-06	0.00e+00	0.00e+00	0.00e+00	0.00e+00
 1.43645e+23	9.35e-06	2.01e-02	8.19e-01	1.47e-01	1.34e-02	2.66e-04	1.38e-06	0.00e+00	0.00e+00	0.00e+00	0.00e+00
 1.48853e+23	1.10e-05	2.22e-02	8.44e-01	1.24e-01	9.71e-03	1.75e-04	8.73e-07	0.00e+00	0.00e+00	0.00e+00	0.00e+00
 1.54091e+23	1.29e-05	2.42e-02	8.64e-01	1.05e-01	7.16e-03	1.18e-04	5.66e-07	0.00e+00	0.00e+00	0.00e+00	0.00e+00
 1.59341e+23	1.48e-05	2.61e-02	8.79e-01	8.94e-02	5.39e-03	8.17e-05	3.80e-07	0.00e+00	0.00e+00	0.00e+00	0.00e+00
 1.65196e+23	1.68e-05	2.81e-02	8.92e-01	7.61e-02	4.04e-03	5.64e-05	2.54e-07	0.00e+00	0.00e+00	0.00e+00	0.00e+00
 1.71796e+23	1.93e-05	3.02e-02	9.02e-01	6.43e-02	3.00e-03	3.85e-05	1.69e-07	0.00e+00	0.00e+00	0.00e+00	0.00e+00
 1.78534e+23	2.19e-05	3.23e-02	9.10e-01	5.50e-02	2.28e-03	2.72e-05	0.00e+00	0.00e+00	0.00e+00	0.00e+00	0.00e+00
 1.85120e+23	2.46e-05	3.42e-02	9.16e-01	4.78e-02	1.79e-03	2.00e-05	0.00e+00	0.00e+00	0.00e+00	0.00e+00	0.00e+00
 1.92228e+23	2.72e-05	3.59e-02	9.21e-01	4.18e-02	1.43e-03	1.50e-05	0.00e+00	0.00e+00	0.00e+00	0.00e+00	0.00e+00
 2.00040e+23	3.02e-05	3.79e-02	9.24e-01	3.64e-02	1.14e-03	1.12e-05	0.00e+00	0.00e+00	0.00e+00	0.00e+00	0.00e+00
 2.08166e+23	3.34e-05	3.98e-02	9.27e-01	3.20e-02	9.26e-04	8.64e-06	0.00e+00	0.00e+00	0.00e+00	0.00e+00	0.00e+00
 2.16616e+23	3.65e-05	4.16e-02	9.29e-01	2.84e-02	7.68e-04	6.81e-06	0.00e+00	0.00e+00	0.00e+00	0.00e+00	0.00e+00
 2.25151e+23	3.97e-05	4.32e-02	9.31e-01	2.54e-02	6.51e-04	5.50e-06	0.00e+00	0.00e+00	0.00e+00	0.00e+00	0.00e+00
 2.33184e+23	4.27e-05	4.47e-02	9.32e-01	2.31e-02	5.66e-04	4.59e-06	0.00e+00	0.00e+00	0.00e+00	0.00e+00	0.00e+00
 2.40414e+23	4.54e-05	4.60e-02	9.32e-01	2.12e-02	5.04e-04	3.95e-06	0.00e+00	0.00e+00	0.00e+00	0.00e+00	0.00e+00
 2.46921e+23	4.76e-05	4.71e-02	9.33e-01	1.99e-02	4.61e-04	3.50e-06	0.00e+00	0.00e+00	0.00e+00	0.00e+00	0.00e+00
 2.52777e+23	4.97e-05	4.80e-02	9.33e-01	1.87e-02	4.26e-04	3.15e-06	0.00e+00	0.00e+00	0.00e+00	0.00e+00	0.00e+00
 2.58047e+23	5.12e-05	4.86e-02	9.33e-01	1.79e-02	4.01e-04	2.91e-06	0.00e+00	0.00e+00	0.00e+00	0.00e+00	0.00e+00
 2.62791e+23	5.28e-05	4.93e-02	9.33e-01	1.71e-02	3.80e-04	2.71e-06	0.00e+00	0.00e+00	0.00e+00	0.00e+00	0.00e+00
 2.67060e+23	5.45e-05	5.00e-02	9.33e-01	1.65e-02	3.61e-04	2.52e-06	0.00e+00	0.00e+00	0.00e+00	0.00e+00	0.00e+00
 2.70902e+23	5.55e-05	5.04e-02	9.33e-01	1.60e-02	3.48e-04	2.40e-06	0.00e+00	0.00e+00	0.00e+00	0.00e+00	0.00e+00
 2.74360e+23	5.67e-05	5.09e-02	9.33e-01	1.55e-02	3.36e-04	2.29e-06	0.00e+00	0.00e+00	0.00e+00	0.00e+00	0.00e+00
 2.77525e+23	5.75e-05	5.12e-02	9.33e-01	1.51e-02	3.27e-04	2.20e-06	0.00e+00	0.00e+00	0.00e+00	0.00e+00	0.00e+00
 2.80580e+23	5.83e-05	5.15e-02	9.33e-01	1.48e-02	3.18e-04	2.13e-06	0.00e+00	0.00e+00	0.00e+00	0.00e+00	0.00e+00
 2.83635e+23	5.91e-05	5.17e-02	9.33e-01	1.45e-02	3.11e-04	2.05e-06	0.00e+00	0.00e+00	0.00e+00	0.00e+00	0.00e+00
 2.86690e+23	5.98e-05	5.20e-02	9.33e-01	1.42e-02	3.03e-04	1.99e-06	0.00e+00	0.00e+00	0.00e+00	0.00e+00	0.00e+00
 2.89745e+23	6.05e-05	5.22e-02	9.33e-01	1.39e-02	2.97e-04	1.93e-06	0.00e+00	0.00e+00	0.00e+00	0.00e+00	0.00e+00
 2.92800e+23	6.12e-05	5.25e-02	9.34e-01	1.37e-02	2.91e-04	1.87e-06	0.00e+00	0.00e+00	0.00e+00	0.00e+00	0.00e+00
 2.95854e+23	6.18e-05	5.27e-02	9.34e-01	1.34e-02	2.85e-04	1.82e-06	0.00e+00	0.00e+00	0.00e+00	0.00e+00	0.00e+00
 2.98909e+23	6.24e-05	5.29e-02	9.34e-01	1.32e-02	2.80e-04	1.77e-06	0.00e+00	0.00e+00	0.00e+00	0.00e+00	0.00e+00
 3.01964e+23	6.29e-05	5.30e-02	9.34e-01	1.29e-02	2.74e-04	1.72e-06	0.00e+00	0.00e+00	0.00e+00	0.00e+00	0.00e+00
 3.04487e+23	6.38e-05	5.33e-02	9.34e-01	1.27e-02	2.69e-04	1.67e-06	0.00e+00	0.00e+00	0.00e+00	0.00e+00	0.00e+00
