#depth	O	O+	O+2	O+3	O+4	O+5	O+6	O+7	O+8	O[1]	O[2]	O[3]
 6.17135e+19	4.00e-19	9.57e-14	1.15e-09	1.10e-06	1.41e-04	3.36e-03	2.98e-01	5.20e-01	1.78e-01	0.00e+00	0.00e+00	0.00e+00
 1.87609e+20	6.64e-19	1.50e-13	1.71e-09	1.56e-06	1.87e-04	4.09e-03	3.26e-01	5.12e-01	1.58e-01	0.00e+00	0.00e+00	0.00e+00
 2.96560e+20	1.00e-18	2.15e-13	2.36e-09	2.07e-06	2.37e-04	4.82e-03	3.51e-01	5.03e-01	1.42e-01	0.00e+00	0.00e+00	0.00e+00
 3.77242e+20	1.33e-18	2.77e-13	2.96e-09	2.53e-06	2.79e-04	5.42e-03	3.69e-01	4.95e-01	1.31e-01	0.00e+00	0.00e+00	0.00e+00
 4.36988e+20	1.62e-18	3.31e-13	3.49e-09	2.92e-06	3.15e-04	5.90e-03	3.82e-01	4.89e-01	1.23e-01	0.00e+00	0.00e+00	0.00e+00
 4.83685e+20	1.89e-18	3.78e-13	3.94e-09	3.26e-06	3.45e-04	6.30e-03	3.92e-01	4.84e-01	1.17e-01	0.00e+00	0.00e+00	0.00e+00
 5.36273e+20	2.23e-18	4.39e-13	4.51e-09	3.67e-06	3.81e-04	6.75e-03	4.03e-01	4.78e-01	1.12e-01	0.00e+00	0.00e+00	0.00e+00
 6.04638e+20	2.74e-18	5.28e-13	5.34e-09	4.27e-06	4.31e-04	7.37e-03	4.18e-01	4.70e-01	1.04e-01	0.00e+00	0.00e+00	0.00e+00
 6.77913e+20	3.39e-18	6.39e-13	6.37e-09	5.00e-06	4.91e-04	8.09e-03	4.33e-01	4.61e-01	9.68e-02	0.00e+00	0.00e+00	0.00e+00
 7.42222e+20	4.05e-18	7.49e-13	7.39e-09	5.71e-06	5.49e-04	8.75e-03	4.47e-01	4.53e-01	9.08e-02	0.00e+00	0.00e+00	0.00e+00
 8.10476e+20	4.85e-18	8.82e-13	8.60e-09	6.55e-06	6.15e-04	9.48e-03	4.60e-01	4.45e-01	8.49e-02	0.00e+00	0.00e+00	0.00e+00
 8.87279e+20	5.89e-18	1.05e-12	1.01e-08	7.61e-06	6.96e-04	1.04e-02	4.75e-01	4.35e-01	7.87e-02	0.00e+00	0.00e+00	0.00e+00
 9.59909e+20	7.03e-18	1.24e-12	1.18e-08	8.72e-06	7.79e-04	1.12e-02	4.89e-01	4.26e-01	7.32e-02	0.00e+00	0.00e+00	0.00e+00
 1.02846e+21	8.24e-18	1.43e-12	1.35e-08	9.87e-06	8.63e-04	1.21e-02	5.02e-01	4.17e-01	6.85e-02	0.00e+00	0.00e+00	0.00e+00
 1.10700e+21	9.82e-18	1.68e-12	1.57e-08	1.13e-05	9.67e-04	1.31e-02	5.16e-01	4.07e-01	6.34e-02	0.00e+00	0.00e+00	0.00e+00
 1.19500e+21	1.19e-17	2.00e-12	1.85e-08	1.32e-05	1.09e-03	1.43e-02	5.31e-01	3.95e-01	5.83e-02	0.00e+00	0.00e+00	0.00e+00
 1.27802e+21	1.41e-17	2.33e-12	2.15e-08	1.51e-05	1.22e-03	1.55e-02	5.45e-01	3.85e-01	5.38e-02	0.00e+00	0.00e+00	0.00e+00
 1.34848e+21	1.62e-17	2.65e-12	2.43e-08	1.69e-05	1.34e-03	1.65e-02	5.56e-01	3.76e-01	5.03e-02	0.00e+00	0.00e+00	0.00e+00
 1.40979e+21	1.82e-17	2.96e-12	2.69e-08	1.86e-05	1.45e-03	1.75e-02	5.65e-01	3.68e-01	4.75e-02	0.00e+00	0.00e+00	0.00e+00
 1.47946e+21	2.07e-17	3.33e-12	3.02e-08	2.06e-05	1.57e-03	1.86e-02	5.76e-01	3.60e-01	4.45e-02	0.00e+00	0.00e+00	0.00e+00
 1.57003e+21	2.43e-17	3.88e-12	3.49e-08	2.36e-05	1.75e-03	2.00e-02	5.89e-01	3.49e-01	4.10e-02	2.43e-17	7.75e-24	8.00e-24
 1.66335e+21	2.85e-17	4.51e-12	4.04e-08	2.69e-05	1.95e-03	2.16e-02	6.01e-01	3.38e-01	3.76e-02	2.85e-17	9.08e-24	9.38e-24
 1.74049e+21	3.25e-17	5.09e-12	4.54e-08	3.00e-05	2.12e-03	2.29e-02	6.11e-01	3.29e-01	3.51e-02	3.25e-17	1.03e-23	1.06e-23
 1.82100e+21	3.70e-17	5.75e-12	5.10e-08	3.34e-05	2.31e-03	2.44e-02	6.21e-01	3.20e-01	3.27e-02	3.70e-17	1.17e-23	1.21e-23
 1.92567e+21	4.36e-17	6.71e-12	5.93e-08	3.83e-05	2.57e-03	2.63e-02	6.33e-01	3.08e-01	2.98e-02	4.36e-17	1.38e-23	1.42e-23
 2.03162e+21	5.12e-17	7.82e-12	6.87e-08	4.38e-05	2.85e-03	2.84e-02	6.45e-01	2.97e-01	2.72e-02	5.12e-17	1.62e-23	1.67e-23
 2.11612e+21	5.80e-17	8.80e-12	7.70e-08	4.87e-05	3.09e-03	3.00e-02	6.53e-01	2.88e-01	2.53e-02	5.80e-17	1.83e-23	1.89e-23
 2.20285e+21	6.57e-17	9.90e-12	8.63e-08	5.40e-05	3.35e-03	3.18e-02	6.62e-01	2.80e-01	2.35e-02	6.57e-17	2.06e-23	2.13e-23
 2.31560e+21	7.69e-17	1.15e-11	9.97e-08	6.16e-05	3.71e-03	3.42e-02	6.72e-01	2.69e-01	2.14e-02	7.69e-17	2.41e-23	2.49e-23
 2.43252e+21	9.01e-17	1.34e-11	1.16e-07	7.04e-05	4.10e-03	3.67e-02	6.82e-01	2.58e-01	1.94e-02	9.01e-17	2.82e-23	2.91e-23
 2.52993e+21	1.02e-16	1.51e-11	1.30e-07	7.85e-05	4.45e-03	3.88e-02	6.89e-01	2.49e-01	1.79e-02	1.02e-16	3.19e-23	3.30e-23
 2.63165e+21	1.17e-16	1.72e-11	1.47e-07	8.76e-05	4.83e-03	4.11e-02	6.97e-01	2.41e-01	1.65e-02	1.17e-16	3.62e-23	3.75e-23
 2.76389e+21	1.38e-16	2.01e-11	1.71e-07	1.01e-04	5.35e-03	4.42e-02	7.06e-01	2.30e-01	1.49e-02	1.38e-16	4.25e-23	4.41e-23
 2.89983e+21	1.62e-16	2.36e-11	2.00e-07	1.16e-04	5.93e-03	4.75e-02	7.14e-01	2.19e-01	1.34e-02	1.62e-16	5.00e-23	5.19e-23
 3.01183e+21	1.86e-16	2.69e-11	2.26e-07	1.29e-04	6.43e-03	5.03e-02	7.20e-01	2.11e-01	1.23e-02	1.86e-16	5.69e-23	5.92e-23
 3.12868e+21	2.12e-16	3.07e-11	2.57e-07	1.45e-04	6.97e-03	5.32e-02	7.26e-01	2.03e-01	1.13e-02	2.12e-16	6.49e-23	6.76e-23
 3.28058e+21	2.52e-16	3.63e-11	3.02e-07	1.67e-04	7.72e-03	5.71e-02	7.33e-01	1.92e-01	1.01e-02	2.52e-16	7.67e-23	8.00e-23
 3.43917e+21	3.01e-16	4.30e-11	3.56e-07	1.93e-04	8.56e-03	6.13e-02	7.39e-01	1.82e-01	8.98e-03	3.01e-16	9.09e-23	9.51e-23
 3.55959e+21	3.40e-16	4.87e-11	4.01e-07	2.15e-04	9.23e-03	6.47e-02	7.43e-01	1.75e-01	8.22e-03	3.40e-16	1.03e-22	1.07e-22
 3.65120e+21	3.77e-16	5.38e-11	4.40e-07	2.33e-04	9.76e-03	6.72e-02	7.45e-01	1.70e-01	7.72e-03	3.77e-16	1.14e-22	1.19e-22
 3.75221e+21	4.19e-16	5.97e-11	4.86e-07	2.54e-04	1.04e-02	7.00e-02	7.48e-01	1.64e-01	7.19e-03	4.19e-16	1.26e-22	1.32e-22
 3.88352e+21	4.80e-16	6.81e-11	5.52e-07	2.83e-04	1.12e-02	7.37e-02	7.51e-01	1.57e-01	6.57e-03	4.80e-16	1.43e-22	1.51e-22
 4.02820e+21	5.55e-16	7.87e-11	6.33e-07	3.19e-04	1.21e-02	7.79e-02	7.54e-01	1.50e-01	5.96e-03	5.55e-16	1.65e-22	1.74e-22
 4.15962e+21	6.32e-16	8.96e-11	7.15e-07	3.54e-04	1.30e-02	8.18e-02	7.56e-01	1.44e-01	5.45e-03	6.32e-16	1.88e-22	1.98e-22
 4.28109e+21	7.12e-16	1.01e-10	7.99e-07	3.90e-04	1.39e-02	8.55e-02	7.57e-01	1.38e-01	5.03e-03	7.12e-16	2.11e-22	2.22e-22
 4.42031e+21	8.13e-16	1.15e-10	9.05e-07	4.33e-04	1.49e-02	8.97e-02	7.58e-01	1.32e-01	4.60e-03	8.13e-16	2.40e-22	2.54e-22
 4.57746e+21	9.43e-16	1.33e-10	1.04e-06	4.87e-04	1.62e-02	9.46e-02	7.59e-01	1.26e-01	4.16e-03	9.43e-16	2.78e-22	2.94e-22
 4.72667e+21	1.08e-15	1.53e-10	1.18e-06	5.43e-04	1.74e-02	9.93e-02	7.59e-01	1.20e-01	3.78e-03	1.08e-15	3.18e-22	3.37e-22
 4.86748e+21	1.23e-15	1.74e-10	1.33e-06	6.00e-04	1.86e-02	1.04e-01	7.59e-01	1.15e-01	3.46e-03	1.23e-15	3.61e-22	3.83e-22
 5.02864e+21	1.43e-15	2.02e-10	1.53e-06	6.71e-04	2.00e-02	1.09e-01	7.58e-01	1.09e-01	3.14e-03	1.43e-15	4.16e-22	4.42e-22
 5.20934e+21	1.68e-15	2.37e-10	1.77e-06	7.59e-04	2.16e-02	1.15e-01	7.57e-01	1.03e-01	2.81e-03	1.68e-15	4.87e-22	5.18e-22
 5.37975e+21	1.94e-15	2.75e-10	2.03e-06	8.49e-04	2.33e-02	1.21e-01	7.55e-01	9.78e-02	2.54e-03	1.94e-15	5.62e-22	5.98e-22
 5.54081e+21	2.24e-15	3.17e-10	2.31e-06	9.42e-04	2.49e-02	1.26e-01	7.53e-01	9.33e-02	2.31e-03	2.24e-15	6.48e-22	6.91e-22
 5.72541e+21	2.63e-15	3.72e-10	2.67e-06	1.06e-03	2.68e-02	1.32e-01	7.50e-01	8.82e-02	2.08e-03	2.63e-15	7.58e-22	8.09e-22
 5.96539e+21	3.23e-15	4.56e-10	3.20e-06	1.22e-03	2.94e-02	1.40e-01	7.45e-01	8.22e-02	1.82e-03	3.23e-15	9.25e-22	9.89e-22
 6.20886e+21	3.96e-15	5.60e-10	3.84e-06	1.41e-03	3.22e-02	1.48e-01	7.40e-01	7.65e-02	1.59e-03	3.96e-15	1.13e-21	1.21e-21
 6.40577e+21	4.67e-15	6.59e-10	4.44e-06	1.58e-03	3.46e-02	1.55e-01	7.35e-01	7.23e-02	1.43e-03	4.67e-15	1.33e-21	1.43e-21
 6.61064e+21	5.52e-15	7.79e-10	5.14e-06	1.78e-03	3.72e-02	1.62e-01	7.30e-01	6.82e-02	1.28e-03	5.52e-15	1.57e-21	1.68e-21
 6.87698e+21	6.86e-15	9.65e-10	6.20e-06	2.05e-03	4.06e-02	1.71e-01	7.22e-01	6.33e-02	1.11e-03	6.86e-15	1.94e-21	2.09e-21
 7.15908e+21	8.59e-15	1.21e-09	7.52e-06	2.38e-03	4.45e-02	1.81e-01	7.13e-01	5.84e-02	9.62e-04	8.59e-15	2.42e-21	2.61e-21
 7.37639e+21	1.02e-14	1.43e-09	8.71e-06	2.66e-03	4.77e-02	1.88e-01	7.06e-01	5.50e-02	8.61e-04	1.02e-14	2.87e-21	3.10e-21
 7.54130e+21	1.16e-14	1.63e-09	9.71e-06	2.89e-03	5.01e-02	1.94e-01	7.00e-01	5.26e-02	7.93e-04	1.16e-14	3.26e-21	3.52e-21
 7.72342e+21	1.34e-14	1.87e-09	1.09e-05	3.16e-03	5.29e-02	2.00e-01	6.93e-01	5.00e-02	7.25e-04	1.34e-14	3.74e-21	4.04e-21
 7.96018e+21	1.62e-14	2.24e-09	1.27e-05	3.53e-03	5.66e-02	2.07e-01	6.85e-01	4.70e-02	6.49e-04	1.62e-14	4.52e-21	4.89e-21
 8.22616e+21	1.97e-14	2.72e-09	1.50e-05	3.99e-03	6.09e-02	2.16e-01	6.74e-01	4.38e-02	5.71e-04	1.97e-14	5.48e-21	5.94e-21
 8.47430e+21	2.38e-14	3.26e-09	1.74e-05	4.46e-03	6.51e-02	2.24e-01	6.64e-01	4.10e-02	5.08e-04	2.38e-14	6.60e-21	7.16e-21
 8.74103e+21	2.92e-14	3.95e-09	2.04e-05	5.01e-03	6.97e-02	2.33e-01	6.54e-01	3.83e-02	4.50e-04	2.92e-14	8.05e-21	8.74e-21
 9.02789e+21	3.59e-14	4.83e-09	2.41e-05	5.66e-03	7.49e-02	2.42e-01	6.42e-01	3.55e-02	3.95e-04	3.59e-14	9.89e-21	1.07e-20
 9.28004e+21	4.32e-14	5.76e-09	2.79e-05	6.28e-03	7.96e-02	2.49e-01	6.31e-01	3.33e-02	3.53e-04	4.32e-14	1.19e-20	1.29e-20
 9.54696e+21	5.25e-14	6.90e-09	3.23e-05	6.98e-03	8.47e-02	2.57e-01	6.20e-01	3.12e-02	3.15e-04	5.25e-14	1.44e-20	1.56e-20
 9.89396e+21	6.71e-14	8.68e-09	3.89e-05	7.97e-03	9.15e-02	2.67e-01	6.05e-01	2.86e-02	2.72e-04	6.71e-14	1.83e-20	1.99e-20
 1.02483e+22	8.56e-14	1.09e-08	4.68e-05	9.10e-03	9.86e-02	2.77e-01	5.89e-01	2.61e-02	2.34e-04	8.56e-14	2.32e-20	2.54e-20
 1.05349e+22	1.04e-13	1.31e-08	5.42e-05	1.01e-02	1.05e-01	2.84e-01	5.76e-01	2.44e-02	2.07e-04	1.04e-13	2.82e-20	3.09e-20
 1.08304e+22	1.27e-13	1.57e-08	6.27e-05	1.12e-02	1.11e-01	2.92e-01	5.63e-01	2.27e-02	1.84e-04	1.27e-13	3.43e-20	3.76e-20
 1.12146e+22	1.64e-13	1.98e-08	7.53e-05	1.27e-02	1.19e-01	3.01e-01	5.46e-01	2.07e-02	1.58e-04	1.64e-13	4.41e-20	4.82e-20
 1.16179e+22	2.13e-13	2.52e-08	9.09e-05	1.45e-02	1.28e-01	3.10e-01	5.28e-01	1.88e-02	1.35e-04	2.13e-13	5.70e-20	6.25e-20
 1.19607e+22	2.65e-13	3.07e-08	1.06e-04	1.61e-02	1.36e-01	3.17e-01	5.13e-01	1.73e-02	1.18e-04	2.65e-13	7.08e-20	7.77e-20
 1.23210e+22	3.32e-13	3.75e-08	1.24e-04	1.79e-02	1.44e-01	3.24e-01	4.98e-01	1.59e-02	1.03e-04	3.32e-13	8.82e-20	9.69e-20
 1.27894e+22	4.41e-13	4.82e-08	1.51e-04	2.05e-02	1.55e-01	3.32e-01	4.78e-01	1.43e-02	8.66e-05	4.41e-13	1.17e-19	1.28e-19
 1.32739e+22	5.88e-13	6.22e-08	1.84e-04	2.34e-02	1.66e-01	3.40e-01	4.57e-01	1.28e-02	7.23e-05	5.88e-13	1.55e-19	1.71e-19
 1.36756e+22	7.43e-13	7.63e-08	2.15e-04	2.61e-02	1.76e-01	3.46e-01	4.40e-01	1.17e-02	6.26e-05	7.43e-13	1.95e-19	2.15e-19
 1.40942e+22	9.40e-13	9.36e-08	2.52e-04	2.90e-02	1.86e-01	3.51e-01	4.23e-01	1.06e-02	5.40e-05	9.40e-13	2.46e-19	2.71e-19
 1.46385e+22	1.27e-12	1.21e-07	3.07e-04	3.30e-02	1.99e-01	3.56e-01	4.02e-01	9.44e-03	4.48e-05	1.27e-12	3.30e-19	3.64e-19
 1.52118e+22	1.72e-12	1.57e-07	3.75e-04	3.77e-02	2.12e-01	3.61e-01	3.80e-01	8.31e-03	3.67e-05	1.72e-12	4.46e-19	4.93e-19
 1.57040e+22	2.23e-12	1.95e-07	4.42e-04	4.20e-02	2.24e-01	3.64e-01	3.62e-01	7.46e-03	3.11e-05	2.23e-12	5.74e-19	6.36e-19
 1.61322e+22	2.76e-12	2.35e-07	5.07e-04	4.59e-02	2.34e-01	3.66e-01	3.46e-01	6.80e-03	2.70e-05	2.76e-12	7.11e-19	7.87e-19
 1.65961e+22	3.47e-12	2.84e-07	5.85e-04	5.04e-02	2.45e-01	3.68e-01	3.30e-01	6.16e-03	2.32e-05	3.47e-12	8.90e-19	9.86e-19
 1.71991e+22	4.63e-12	3.60e-07	6.99e-04	5.65e-02	2.58e-01	3.69e-01	3.11e-01	5.43e-03	1.92e-05	4.63e-12	1.18e-18	1.31e-18
 1.78315e+22	6.22e-12	4.60e-07	8.38e-04	6.34e-02	2.72e-01	3.69e-01	2.91e-01	4.75e-03	1.57e-05	6.22e-12	1.58e-18	1.75e-18
 1.83652e+22	7.91e-12	5.61e-07	9.71e-04	6.95e-02	2.83e-01	3.68e-01	2.75e-01	4.24e-03	1.33e-05	7.91e-12	2.00e-18	2.22e-18
 1.88424e+22	9.75e-12	6.64e-07	1.10e-03	7.52e-02	2.93e-01	3.66e-01	2.61e-01	3.85e-03	1.15e-05	9.75e-12	2.45e-18	2.73e-18
 1.93829e+22	1.23e-11	8.02e-07	1.26e-03	8.19e-02	3.03e-01	3.64e-01	2.46e-01	3.44e-03	9.74e-06	1.23e-11	3.08e-18	3.42e-18
 2.00857e+22	1.64e-11	1.01e-06	1.49e-03	9.08e-02	3.16e-01	3.60e-01	2.29e-01	2.99e-03	7.94e-06	1.64e-11	4.08e-18	4.54e-18
 2.08174e+22	2.20e-11	1.28e-06	1.78e-03	1.01e-01	3.29e-01	3.55e-01	2.11e-01	2.58e-03	6.39e-06	2.20e-11	5.45e-18	6.08e-18
 2.14136e+22	2.78e-11	1.54e-06	2.03e-03	1.09e-01	3.39e-01	3.50e-01	1.97e-01	2.28e-03	5.37e-06	2.78e-11	6.85e-18	7.64e-18
 2.20154e+22	3.48e-11	1.84e-06	2.31e-03	1.18e-01	3.48e-01	3.45e-01	1.85e-01	2.03e-03	4.53e-06	3.48e-11	8.53e-18	9.53e-18
 2.27976e+22	4.61e-11	2.29e-06	2.70e-03	1.29e-01	3.59e-01	3.37e-01	1.70e-01	1.75e-03	3.66e-06	4.61e-11	1.12e-17	1.26e-17
 2.36136e+22	6.18e-11	2.87e-06	3.18e-03	1.42e-01	3.70e-01	3.29e-01	1.55e-01	1.49e-03	2.91e-06	6.18e-11	1.49e-17	1.67e-17
 2.42979e+22	7.81e-11	3.45e-06	3.62e-03	1.53e-01	3.78e-01	3.21e-01	1.43e-01	1.30e-03	2.41e-06	7.81e-11	1.88e-17	2.11e-17
 2.50119e+22	9.88e-11	4.13e-06	4.11e-03	1.64e-01	3.85e-01	3.13e-01	1.32e-01	1.14e-03	2.00e-06	9.88e-11	2.36e-17	2.65e-17
 2.59402e+22	1.33e-10	5.17e-06	4.81e-03	1.79e-01	3.94e-01	3.02e-01	1.19e-01	9.58e-04	1.57e-06	1.33e-10	3.15e-17	3.54e-17
 2.69111e+22	1.79e-10	6.50e-06	5.64e-03	1.96e-01	4.01e-01	2.90e-01	1.07e-01	7.98e-04	1.22e-06	1.79e-10	4.23e-17	4.76e-17
 2.77322e+22	2.29e-10	7.82e-06	6.41e-03	2.09e-01	4.06e-01	2.80e-01	9.74e-02	6.86e-04	9.86e-07	2.29e-10	5.37e-17	6.06e-17
 2.85944e+22	2.93e-10	9.38e-06	7.27e-03	2.24e-01	4.10e-01	2.69e-01	8.86e-02	5.89e-04	7.99e-07	2.93e-10	6.81e-17	7.68e-17
 2.97151e+22	3.99e-10	1.18e-05	8.51e-03	2.43e-01	4.14e-01	2.56e-01	7.83e-02	4.82e-04	6.07e-07	3.99e-10	9.19e-17	1.04e-16
 3.08925e+22	5.48e-10	1.49e-05	9.97e-03	2.63e-01	4.17e-01	2.41e-01	6.86e-02	3.91e-04	4.56e-07	5.48e-10	1.25e-16	1.42e-16
 3.18984e+22	7.11e-10	1.81e-05	1.13e-02	2.80e-01	4.18e-01	2.29e-01	6.13e-02	3.27e-04	3.59e-07	7.11e-10	1.61e-16	1.83e-16
 3.29612e+22	9.19e-10	2.18e-05	1.29e-02	2.98e-01	4.17e-01	2.17e-01	5.47e-02	2.74e-04	2.82e-07	9.19e-10	2.06e-16	2.34e-16
 3.41101e+22	1.21e-09	2.66e-05	1.47e-02	3.17e-01	4.16e-01	2.04e-01	4.82e-02	2.25e-04	2.16e-07	1.21e-09	2.70e-16	3.07e-16
 3.52002e+22	1.56e-09	3.19e-05	1.66e-02	3.35e-01	4.13e-01	1.93e-01	4.28e-02	1.88e-04	1.69e-07	1.56e-09	3.45e-16	3.92e-16
 3.62465e+22	1.97e-09	3.78e-05	1.85e-02	3.51e-01	4.10e-01	1.82e-01	3.82e-02	1.58e-04	1.35e-07	1.97e-09	4.32e-16	4.92e-16
 3.74061e+22	2.51e-09	4.49e-05	2.07e-02	3.69e-01	4.05e-01	1.71e-01	3.39e-02	1.32e-04	0.00e+00	2.51e-09	5.46e-16	6.22e-16
 3.86779e+22	3.28e-09	5.43e-05	2.35e-02	3.89e-01	3.99e-01	1.59e-01	2.96e-02	1.07e-04	0.00e+00	3.28e-09	7.06e-16	8.07e-16
 3.98839e+22	4.18e-09	6.45e-05	2.62e-02	4.06e-01	3.93e-01	1.49e-01	2.61e-02	8.88e-05	0.00e+00	4.18e-09	8.91e-16	1.02e-15
 4.10272e+22	5.22e-09	7.54e-05	2.90e-02	4.23e-01	3.86e-01	1.39e-01	2.31e-02	7.44e-05	0.00e+00	5.22e-09	1.10e-15	1.26e-15
 4.23004e+22	6.59e-09	8.88e-05	3.22e-02	4.40e-01	3.78e-01	1.30e-01	2.04e-02	6.16e-05	0.00e+00	6.59e-09	1.38e-15	1.58e-15
 4.37075e+22	8.50e-09	1.06e-04	3.60e-02	4.58e-01	3.69e-01	1.20e-01	1.77e-02	4.99e-05	0.00e+00	8.50e-09	1.76e-15	2.02e-15
 4.49915e+22	1.06e-08	1.24e-04	3.98e-02	4.74e-01	3.60e-01	1.11e-01	1.55e-02	4.13e-05	0.00e+00	1.06e-08	2.19e-15	2.51e-15
 4.61730e+22	1.30e-08	1.43e-04	4.34e-02	4.88e-01	3.51e-01	1.04e-01	1.38e-02	3.49e-05	0.00e+00	1.30e-08	2.64e-15	3.04e-15
 4.75181e+22	1.61e-08	1.66e-04	4.77e-02	5.03e-01	3.41e-01	9.60e-02	1.21e-02	2.90e-05	0.00e+00	1.61e-08	3.24e-15	3.73e-15
 4.92668e+22	2.11e-08	2.00e-04	5.36e-02	5.21e-01	3.28e-01	8.70e-02	1.03e-02	2.29e-05	0.00e+00	2.11e-08	4.18e-15	4.82e-15
 5.10884e+22	2.78e-08	2.42e-04	6.03e-02	5.38e-01	3.14e-01	7.82e-02	8.66e-03	1.78e-05	0.00e+00	2.78e-08	5.45e-15	6.29e-15
 5.26018e+22	3.47e-08	2.83e-04	6.63e-02	5.52e-01	3.03e-01	7.15e-02	7.51e-03	1.45e-05	0.00e+00	3.47e-08	6.75e-15	7.79e-15
 5.39416e+22	4.19e-08	3.22e-04	7.18e-02	5.62e-01	2.93e-01	6.62e-02	6.65e-03	1.22e-05	0.00e+00	4.19e-08	8.06e-15	9.32e-15
 5.54587e+22	5.12e-08	3.70e-04	7.82e-02	5.73e-01	2.82e-01	6.08e-02	5.82e-03	1.01e-05	0.00e+00	5.12e-08	9.74e-15	1.13e-14
 5.74311e+22	6.58e-08	4.41e-04	8.70e-02	5.86e-01	2.68e-01	5.45e-02	4.92e-03	8.01e-06	0.00e+00	6.58e-08	1.23e-14	1.43e-14
 5.95504e+22	8.59e-08	5.30e-04	9.73e-02	5.97e-01	2.52e-01	4.83e-02	4.09e-03	6.20e-06	0.00e+00	8.59e-08	1.59e-14	1.84e-14
 6.14045e+22	1.08e-07	6.20e-04	1.07e-01	6.06e-01	2.39e-01	4.35e-02	3.49e-03	4.98e-06	0.00e+00	1.08e-07	1.96e-14	2.28e-14
 6.30795e+22	1.30e-07	7.09e-04	1.16e-01	6.12e-01	2.28e-01	3.96e-02	3.05e-03	4.12e-06	0.00e+00	1.30e-07	2.35e-14	2.73e-14
 6.49783e+22	1.60e-07	8.20e-04	1.27e-01	6.18e-01	2.16e-01	3.57e-02	2.62e-03	3.35e-06	0.00e+00	1.60e-07	2.85e-14	3.32e-14
 6.74343e+22	2.07e-07	9.80e-04	1.41e-01	6.23e-01	2.01e-01	3.12e-02	2.17e-03	2.60e-06	0.00e+00	2.07e-07	3.62e-14	4.20e-14
 6.99093e+22	2.68e-07	1.18e-03	1.58e-01	6.26e-01	1.87e-01	2.72e-02	1.79e-03	2.00e-06	0.00e+00	2.68e-07	4.61e-14	5.36e-14
 7.18549e+22	3.24e-07	1.35e-03	1.71e-01	6.26e-01	1.76e-01	2.44e-02	1.54e-03	1.64e-06	0.00e+00	3.24e-07	5.51e-14	6.41e-14
 7.38177e+22	3.90e-07	1.53e-03	1.86e-01	6.25e-01	1.65e-01	2.19e-02	1.34e-03	1.36e-06	0.00e+00	3.90e-07	6.53e-14	7.60e-14
 7.59452e+22	4.74e-07	1.76e-03	2.02e-01	6.21e-01	1.54e-01	1.95e-02	1.14e-03	1.10e-06	0.00e+00	4.74e-07	7.83e-14	9.12e-14
 7.78303e+22	5.60e-07	1.99e-03	2.18e-01	6.17e-01	1.44e-01	1.76e-02	9.97e-04	9.23e-07	0.00e+00	5.60e-07	9.15e-14	1.07e-13
 7.95580e+22	6.49e-07	2.21e-03	2.33e-01	6.12e-01	1.36e-01	1.60e-02	8.83e-04	7.88e-07	0.00e+00	6.49e-07	1.05e-13	1.22e-13
 8.15375e+22	7.63e-07	2.49e-03	2.51e-01	6.05e-01	1.27e-01	1.43e-02	7.70e-04	6.62e-07	0.00e+00	7.63e-07	1.21e-13	1.41e-13
 8.41110e+22	9.33e-07	2.88e-03	2.75e-01	5.93e-01	1.16e-01	1.25e-02	6.46e-04	5.30e-07	0.00e+00	9.33e-07	1.46e-13	1.70e-13
 8.66889e+22	1.14e-06	3.34e-03	3.02e-01	5.78e-01	1.05e-01	1.08e-02	5.39e-04	4.23e-07	0.00e+00	1.14e-06	1.75e-13	2.04e-13
 8.86799e+22	1.32e-06	3.73e-03	3.24e-01	5.65e-01	9.73e-02	9.58e-03	4.69e-04	3.56e-07	0.00e+00	1.32e-06	2.01e-13	2.34e-13
 9.06754e+22	1.52e-06	4.14e-03	3.46e-01	5.51e-01	8.98e-02	8.54e-03	4.09e-04	3.02e-07	0.00e+00	1.52e-06	2.28e-13	2.66e-13
 9.32694e+22	1.82e-06	4.73e-03	3.77e-01	5.31e-01	8.04e-02	7.33e-03	3.42e-04	2.43e-07	0.00e+00	1.82e-06	2.67e-13	3.11e-13
 9.59610e+22	2.17e-06	5.41e-03	4.11e-01	5.06e-01	7.12e-02	6.20e-03	2.82e-04	1.93e-07	0.00e+00	2.17e-06	3.15e-13	3.67e-13
 9.81768e+22	2.51e-06	6.03e-03	4.40e-01	4.84e-01	6.40e-02	5.38e-03	2.40e-04	1.59e-07	0.00e+00	2.51e-06	3.59e-13	4.18e-13
 1.00455e+23	2.89e-06	6.70e-03	4.71e-01	4.61e-01	5.70e-02	4.64e-03	2.02e-04	1.31e-07	0.00e+00	2.89e-06	4.06e-13	4.73e-13
 1.03417e+23	3.45e-06	7.64e-03	5.11e-01	4.29e-01	4.86e-02	3.80e-03	1.61e-04	0.00e+00	0.00e+00	3.45e-06	4.74e-13	5.52e-13
 1.06420e+23	4.08e-06	8.66e-03	5.53e-01	3.94e-01	4.10e-02	3.08e-03	1.27e-04	0.00e+00	0.00e+00	4.08e-06	5.51e-13	6.42e-13
 1.08845e+23	4.67e-06	9.57e-03	5.87e-01	3.65e-01	3.52e-02	2.57e-03	1.04e-04	0.00e+00	0.00e+00	4.67e-06	6.23e-13	7.25e-13
 1.11362e+23	5.32e-06	1.05e-02	6.22e-01	3.36e-01	2.99e-02	2.13e-03	8.38e-05	0.00e+00	0.00e+00	5.32e-06	6.96e-13	8.10e-13
 1.14636e+23	6.24e-06	1.18e-02	6.64e-01	2.98e-01	2.40e-02	1.65e-03	6.30e-05	0.00e+00	0.00e+00	6.24e-06	7.97e-13	9.28e-13
 1.18094e+23	7.40e-06	1.32e-02	7.06e-01	2.61e-01	1.88e-02	1.25e-03	4.57e-05	0.00e+00	0.00e+00	7.40e-06	9.25e-13	1.08e-12
 1.21059e+23	8.52e-06	1.45e-02	7.39e-01	2.30e-01	1.51e-02	9.80e-04	3.45e-05	0.00e+00	0.00e+00	8.52e-06	1.04e-12	1.22e-12
 1.24177e+23	9.74e-06	1.58e-02	7.69e-01	2.02e-01	1.19e-02	7.63e-04	2.57e-05	0.00e+00	0.00e+00	9.74e-06	1.17e-12	1.36e-12
 1.28232e+23	1.15e-05	1.75e-02	8.02e-01	1.71e-01	8.90e-03	5.57e-04	1.78e-05	0.00e+00	0.00e+00	1.15e-05	1.33e-12	1.55e-12
 1.32369e+23	1.36e-05	1.93e-02	8.30e-01	1.43e-01	6.63e-03	4.06e-04	1.21e-05	0.00e+00	0.00e+00	1.36e-05	1.54e-12	1.80e-12
 1.35714e+23	1.55e-05	2.08e-02	8.49e-01	1.25e-01	5.28e-03	3.18e-04	9.01e-06	0.00e+00	0.00e+00	1.55e-05	1.71e-12	2.00e-12
 1.39163e+23	1.75e-05	2.22e-02	8.64e-01	1.09e-01	4.25e-03	2.53e-04	6.81e-06	0.00e+00	0.00e+00	1.75e-05	1.86e-12	2.18e-12
 1.43645e+23	2.02e-05	2.39e-02	8.80e-01	9.28e-02	3.29e-03	1.92e-04	4.87e-06	0.00e+00	0.00e+00	2.02e-05	2.06e-12	2.42e-12
 1.48853e+23	2.38e-05	2.60e-02	8.94e-01	7.76e-02	2.52e-03	1.43e-04	3.39e-06	0.00e+00	0.00e+00	2.38e-05	2.31e-12	2.72e-12
 1.54091e+23	2.79e-05	2.82e-02	9.04e-01	6.57e-02	2.00e-03	1.10e-04	2.45e-06	0.00e+00	0.00e+00	2.79e-05	2.59e-12	3.05e-12
 1.59341e+23	3.22e-05	3.02e-02	9.12e-01	5.64e-02	1.64e-03	8.63e-05	1.83e-06	0.00e+00	0.00e+00	3.22e-05	2.86e-12	3.38e-12
 1.65196e+23	3.72e-05	3.24e-02	9.18e-01	4.82e-02	1.36e-03	6.80e-05	1.39e-06	0.00e+00	0.00e+00	3.72e-05	3.15e-12	3.72e-12
 1.71796e+23	4.36e-05	3.49e-02	9.23e-01	4.10e-02	1.15e-03	5.33e-05	1.05e-06	0.00e+00	0.00e+00	4.36e-05	3.49e-12	4.14e-12
 1.78534e+23	5.08e-05	3.74e-02	9.26e-01	3.53e-02	9.92e-04	4.24e-05	8.23e-07	0.00e+00	0.00e+00	5.08e-05	3.87e-12	4.59e-12
 1.85120e+23	5.85e-05	3.99e-02	9.28e-01	3.08e-02	8.81e-04	3.47e-05	6.67e-07	0.00e+00	0.00e+00	5.85e-05	4.25e-12	5.04e-12
 1.92228e+23	6.68e-05	4.23e-02	9.30e-01	2.71e-02	7.96e-04	2.87e-05	5.54e-07	0.00e+00	0.00e+00	6.68e-05	4.60e-12	5.46e-12
 2.00040e+23	7.74e-05	4.51e-02	9.30e-01	2.37e-02	7.25e-04	2.36e-05	4.60e-07	0.00e+00	0.00e+00	7.74e-05	5.03e-12	5.98e-12
 2.08166e+23	8.92e-05	4.80e-02	9.30e-01	2.09e-02	6.69e-04	1.96e-05	3.89e-07	0.00e+00	0.00e+00	8.92e-05	5.48e-12	6.52e-12
 2.16616e+23	1.03e-04	5.09e-02	9.30e-01	1.85e-02	6.25e-04	1.64e-05	3.35e-07	0.00e+00	0.00e+00	1.03e-04	5.94e-12	7.07e-12
 2.25151e+23	1.17e-04	5.38e-02	9.29e-01	1.66e-02	5.90e-04	1.39e-05	2.94e-07	0.00e+00	0.00e+00	1.17e-04	6.42e-12	7.64e-12
 2.33184e+23	1.33e-04	5.67e-02	9.28e-01	1.50e-02	5.63e-04	1.20e-05	2.62e-07	0.00e+00	0.00e+00	1.33e-04	6.92e-12	8.23e-12
 2.40414e+23	1.48e-04	5.93e-02	9.26e-01	1.38e-02	5.43e-04	1.06e-05	2.38e-07	0.00e+00	0.00e+00	1.48e-04	7.38e-12	8.78e-12
 2.46921e+23	1.62e-04	6.15e-02	9.25e-01	1.29e-02	5.28e-04	9.60e-06	2.21e-07	0.00e+00	0.00e+00	1.62e-04	7.77e-12	9.24e-12
 2.52777e+23	1.76e-04	6.36e-02	9.24e-01	1.21e-02	5.16e-04	8.76e-06	2.07e-07	0.00e+00	0.00e+00	1.76e-04	8.15e-12	9.69e-12
 2.58047e+23	1.88e-04	6.53e-02	9.22e-01	1.16e-02	5.08e-04	8.16e-06	1.98e-07	0.00e+00	0.00e+00	1.88e-04	8.43e-12	1.00e-11
 2.62791e+23	2.00e-04	6.70e-02	9.21e-01	1.10e-02	5.00e-04	7.64e-06	1.89e-07	0.00e+00	0.00e+00	2.00e-04	8.72e-12	1.04e-11
 2.67060e+23	2.13e-04	6.87e-02	9.20e-01	1.06e-02	4.92e-04	7.16e-06	1.81e-07	0.00e+00	0.00e+00	2.13e-04	9.03e-12	1.07e-11
 2.70902e+23	2.22e-04	6.99e-02	9.19e-01	1.03e-02	4.88e-04	6.84e-06	1.76e-07	0.00e+00	0.00e+00	2.22e-04	9.22e-12	1.10e-11
 2.74360e+23	2.32e-04	7.12e-02	9.18e-01	9.95e-03	4.83e-04	6.53e-06	1.70e-07	0.00e+00	0.00e+00	2.32e-04	9.45e-12	1.12e-11
 2.77525e+23	2.41e-04	7.22e-02	9.17e-01	9.70e-03	4.80e-04	6.30e-06	1.66e-07	0.00e+00	0.00e+00	2.41e-04	9.61e-12	1.14e-11
 2.80580e+23	2.49e-04	7.32e-02	9.17e-01	9.48e-03	4.78e-04	6.09e-06	1.63e-07	0.00e+00	0.00e+00	2.49e-04	9.74e-12	1.16e-11
 2.83635e+23	2.58e-04	7.41e-02	9.16e-01	9.27e-03	4.75e-04	5.89e-06	1.60e-07	0.00e+00	0.00e+00	2.58e-04	9.88e-12	1.17e-11
 2.86690e+23	2.66e-04	7.51e-02	9.15e-01	9.06e-03	4.73e-04	5.71e-06	1.57e-07	0.00e+00	0.00e+00	2.66e-04	1.00e-11	1.19e-11
 2.89745e+23	2.75e-04	7.60e-02	9.14e-01	8.87e-03	4.71e-04	5.53e-06	1.54e-07	0.00e+00	0.00e+00	2.75e-04	1.01e-11	1.21e-11
 2.92800e+23	2.83e-04	7.69e-02	9.14e-01	8.69e-03	4.69e-04	5.37e-06	1.52e-07	0.00e+00	0.00e+00	2.83e-04	1.02e-11	1.22e-11
 2.95854e+23	2.91e-04	7.77e-02	9.13e-01	8.52e-03	4.68e-04	5.23e-06	1.50e-07	0.00e+00	0.00e+00	2.91e-04	1.03e-11	1.23e-11
 2.98909e+23	3.00e-04	7.86e-02	9.12e-01	8.36e-03	4.66e-04	5.09e-06	1.47e-07	0.00e+00	0.00e+00	3.00e-04	1.05e-11	1.24e-11
 3.01964e+23	3.08e-04	7.95e-02	9.12e-01	8.20e-03	4.65e-04	4.96e-06	1.45e-07	0.00e+00	0.00e+00	3.08e-04	1.05e-11	1.25e-11
 3.04487e+23	3.18e-04	8.05e-02	9.11e-01	8.04e-03	4.62e-04	4.81e-06	1.42e-07	0.00e+00	0.00e+00	3.18e-04	1.08e-11	1.28e-11
