#depth	Mg	Mg+	Mg+2	Mg+3	Mg+4	Mg+5	Mg+6	Mg+7	Mg+8	Mg+9	Mg+10	Mg+11	Mg+12
 6.17135e+19	2.40e-23	1.88e-19	6.08e-14	8.10e-10	1.06e-06	1.57e-04	6.93e-03	7.35e-02	2.15e-01	2.25e-01	4.50e-01	2.92e-02	5.28e-04
 1.87609e+20	4.10e-23	2.94e-19	9.16e-14	1.21e-09	1.54e-06	2.14e-04	8.80e-03	8.69e-02	2.36e-01	2.29e-01	4.14e-01	2.42e-02	3.93e-04
 2.96560e+20	6.39e-23	4.29e-19	1.29e-13	1.68e-09	2.08e-06	2.76e-04	1.07e-02	9.92e-02	2.54e-01	2.32e-01	3.83e-01	2.05e-02	3.05e-04
 3.77242e+20	8.81e-23	5.63e-19	1.64e-13	2.13e-09	2.59e-06	3.31e-04	1.22e-02	1.09e-01	2.67e-01	2.32e-01	3.61e-01	1.81e-02	2.52e-04
 4.36988e+20	1.11e-22	6.89e-19	1.96e-13	2.52e-09	3.02e-06	3.78e-04	1.35e-02	1.16e-01	2.76e-01	2.33e-01	3.45e-01	1.65e-02	2.20e-04
 4.83685e+20	1.34e-22	8.04e-19	2.24e-13	2.87e-09	3.40e-06	4.17e-04	1.45e-02	1.22e-01	2.83e-01	2.32e-01	3.33e-01	1.53e-02	1.97e-04
 5.36273e+20	1.65e-22	9.62e-19	2.61e-13	3.33e-09	3.89e-06	4.66e-04	1.57e-02	1.28e-01	2.90e-01	2.32e-01	3.19e-01	1.42e-02	1.75e-04
 6.04638e+20	2.15e-22	1.21e-18	3.18e-13	4.01e-09	4.60e-06	5.35e-04	1.74e-02	1.37e-01	2.99e-01	2.31e-01	3.03e-01	1.27e-02	1.49e-04
 6.77913e+20	2.85e-22	1.55e-18	3.92e-13	4.89e-09	5.50e-06	6.20e-04	1.94e-02	1.46e-01	3.08e-01	2.29e-01	2.85e-01	1.14e-02	1.26e-04
 7.42222e+20	3.66e-22	1.93e-18	4.71e-13	5.80e-09	6.41e-06	7.03e-04	2.12e-02	1.54e-01	3.15e-01	2.28e-01	2.71e-01	1.03e-02	1.09e-04
 8.10476e+20	4.76e-22	2.43e-18	5.72e-13	6.94e-09	7.51e-06	8.00e-04	2.32e-02	1.63e-01	3.23e-01	2.25e-01	2.56e-01	9.26e-03	9.35e-05
 8.87279e+20	6.40e-22	3.16e-18	7.11e-13	8.48e-09	8.96e-06	9.23e-04	2.56e-02	1.73e-01	3.30e-01	2.23e-01	2.40e-01	8.23e-03	7.87e-05
 9.59909e+20	8.44e-22	4.05e-18	8.74e-13	1.02e-08	1.06e-05	1.05e-03	2.81e-02	1.82e-01	3.37e-01	2.20e-01	2.25e-01	7.36e-03	6.70e-05
 1.02846e+21	1.10e-21	5.13e-18	1.06e-12	1.22e-08	1.23e-05	1.19e-03	3.06e-02	1.91e-01	3.42e-01	2.16e-01	2.13e-01	6.62e-03	5.76e-05
 1.10700e+21	1.48e-21	6.72e-18	1.33e-12	1.49e-08	1.46e-05	1.36e-03	3.35e-02	2.01e-01	3.48e-01	2.12e-01	1.99e-01	5.88e-03	4.86e-05
 1.19500e+21	2.06e-21	9.09e-18	1.70e-12	1.85e-08	1.76e-05	1.58e-03	3.71e-02	2.12e-01	3.53e-01	2.08e-01	1.84e-01	5.15e-03	4.02e-05
 1.27802e+21	2.81e-21	1.21e-17	2.15e-12	2.27e-08	2.09e-05	1.81e-03	4.06e-02	2.22e-01	3.57e-01	2.03e-01	1.71e-01	4.54e-03	3.37e-05
 1.34848e+21	3.64e-21	1.54e-17	2.61e-12	2.70e-08	2.41e-05	2.02e-03	4.38e-02	2.30e-01	3.60e-01	1.99e-01	1.61e-01	4.09e-03	2.90e-05
 1.40979e+21	4.57e-21	1.89e-17	3.10e-12	3.13e-08	2.73e-05	2.23e-03	4.67e-02	2.38e-01	3.62e-01	1.95e-01	1.52e-01	3.73e-03	2.55e-05
 1.47946e+21	5.90e-21	2.39e-17	3.76e-12	3.70e-08	3.13e-05	2.48e-03	5.00e-02	2.46e-01	3.64e-01	1.91e-01	1.43e-01	3.37e-03	2.21e-05
 1.57003e+21	8.22e-21	3.24e-17	4.82e-12	4.58e-08	3.73e-05	2.84e-03	5.46e-02	2.57e-01	3.66e-01	1.85e-01	1.32e-01	2.95e-03	1.84e-05
 1.66335e+21	1.14e-20	4.42e-17	6.22e-12	5.69e-08	4.46e-05	3.25e-03	5.96e-02	2.67e-01	3.67e-01	1.79e-01	1.22e-01	2.57e-03	1.52e-05
 1.74049e+21	1.49e-20	5.70e-17	7.66e-12	6.79e-08	5.14e-05	3.62e-03	6.40e-02	2.75e-01	3.67e-01	1.74e-01	1.14e-01	2.30e-03	1.31e-05
 1.82100e+21	1.98e-20	7.39e-17	9.49e-12	8.13e-08	5.95e-05	4.04e-03	6.86e-02	2.84e-01	3.67e-01	1.68e-01	1.06e-01	2.05e-03	1.11e-05
 1.92567e+21	2.84e-20	1.03e-16	1.25e-11	1.02e-07	7.16e-05	4.65e-03	7.49e-02	2.95e-01	3.66e-01	1.62e-01	9.65e-02	1.77e-03	9.09e-06
 2.03162e+21	4.03e-20	1.44e-16	1.64e-11	1.29e-07	8.59e-05	5.33e-03	8.16e-02	3.05e-01	3.64e-01	1.55e-01	8.79e-02	1.52e-03	7.42e-06
 2.11612e+21	5.30e-20	1.87e-16	2.04e-11	1.54e-07	9.91e-05	5.92e-03	8.72e-02	3.13e-01	3.62e-01	1.49e-01	8.15e-02	1.36e-03	6.32e-06
 2.20285e+21	7.03e-20	2.44e-16	2.53e-11	1.85e-07	1.14e-04	6.58e-03	9.30e-02	3.20e-01	3.59e-01	1.44e-01	7.55e-02	1.20e-03	5.37e-06
 2.31560e+21	1.01e-19	3.41e-16	3.34e-11	2.32e-07	1.37e-04	7.51e-03	1.01e-01	3.30e-01	3.55e-01	1.37e-01	6.84e-02	1.03e-03	4.36e-06
 2.43252e+21	1.44e-19	4.80e-16	4.43e-11	2.93e-07	1.64e-04	8.58e-03	1.09e-01	3.39e-01	3.51e-01	1.30e-01	6.17e-02	8.81e-04	3.53e-06
 2.52993e+21	1.93e-19	6.34e-16	5.57e-11	3.54e-07	1.90e-04	9.55e-03	1.16e-01	3.46e-01	3.46e-01	1.24e-01	5.66e-02	7.73e-04	2.96e-06
 2.63165e+21	2.61e-19	8.43e-16	7.04e-11	4.29e-07	2.20e-04	1.06e-02	1.24e-01	3.53e-01	3.41e-01	1.18e-01	5.18e-02	6.76e-04	2.47e-06
 2.76389e+21	3.85e-19	1.21e-15	9.49e-11	5.48e-07	2.66e-04	1.22e-02	1.34e-01	3.61e-01	3.34e-01	1.11e-01	4.62e-02	5.68e-04	1.96e-06
 2.89983e+21	5.61e-19	1.74e-15	1.28e-10	6.99e-07	3.20e-04	1.39e-02	1.45e-01	3.68e-01	3.27e-01	1.04e-01	4.11e-02	4.76e-04	1.55e-06
 3.01183e+21	7.60e-19	2.33e-15	1.63e-10	8.50e-07	3.72e-04	1.55e-02	1.54e-01	3.74e-01	3.20e-01	9.82e-02	3.73e-02	4.13e-04	1.28e-06
 3.12868e+21	1.04e-18	3.13e-15	2.08e-10	1.04e-06	4.32e-04	1.72e-02	1.64e-01	3.79e-01	3.13e-01	9.27e-02	3.37e-02	3.56e-04	1.06e-06
 3.28058e+21	1.56e-18	4.55e-15	2.83e-10	1.33e-06	5.22e-04	1.97e-02	1.77e-01	3.84e-01	3.03e-01	8.58e-02	2.96e-02	2.94e-04	8.23e-07
 3.43917e+21	2.32e-18	6.66e-15	3.87e-10	1.71e-06	6.32e-04	2.25e-02	1.90e-01	3.89e-01	2.93e-01	7.91e-02	2.59e-02	2.42e-04	6.36e-07
 3.55959e+21	3.11e-18	8.87e-15	4.89e-10	2.07e-06	7.28e-04	2.48e-02	2.00e-01	3.92e-01	2.84e-01	7.43e-02	2.34e-02	2.09e-04	5.23e-07
 3.65120e+21	3.85e-18	1.09e-14	5.79e-10	2.37e-06	8.06e-04	2.67e-02	2.08e-01	3.94e-01	2.78e-01	7.08e-02	2.17e-02	1.87e-04	4.54e-07
 3.75221e+21	4.92e-18	1.36e-14	6.97e-10	2.75e-06	9.01e-04	2.88e-02	2.17e-01	3.95e-01	2.72e-01	6.72e-02	1.99e-02	1.66e-04	3.88e-07
 3.88352e+21	6.71e-18	1.82e-14	8.83e-10	3.32e-06	1.04e-03	3.17e-02	2.28e-01	3.96e-01	2.63e-01	6.27e-02	1.79e-02	1.42e-04	3.17e-07
 4.02820e+21	9.30e-18	2.48e-14	1.14e-09	4.07e-06	1.21e-03	3.51e-02	2.40e-01	3.97e-01	2.53e-01	5.81e-02	1.59e-02	1.20e-04	2.54e-07
 4.15962e+21	1.24e-17	3.26e-14	1.42e-09	4.87e-06	1.38e-03	3.84e-02	2.51e-01	3.97e-01	2.44e-01	5.41e-02	1.43e-02	1.03e-04	2.08e-07
 4.28109e+21	1.61e-17	4.17e-14	1.74e-09	5.72e-06	1.55e-03	4.16e-02	2.61e-01	3.96e-01	2.36e-01	5.07e-02	1.29e-02	8.93e-05	1.74e-07
 4.42031e+21	2.18e-17	5.49e-14	2.18e-09	6.84e-06	1.77e-03	4.55e-02	2.72e-01	3.95e-01	2.27e-01	4.71e-02	1.15e-02	7.63e-05	1.42e-07
 4.57746e+21	3.01e-17	7.44e-14	2.80e-09	8.33e-06	2.04e-03	5.01e-02	2.85e-01	3.92e-01	2.17e-01	4.32e-02	1.02e-02	6.39e-05	0.00e+00
 4.72667e+21	4.06e-17	9.85e-14	3.52e-09	9.98e-06	2.33e-03	5.47e-02	2.97e-01	3.90e-01	2.08e-01	3.99e-02	9.04e-03	5.41e-05	0.00e+00
 4.86748e+21	5.35e-17	1.27e-13	4.34e-09	1.18e-05	2.62e-03	5.92e-02	3.07e-01	3.86e-01	1.99e-01	3.70e-02	8.09e-03	4.64e-05	0.00e+00
 5.02864e+21	7.34e-17	1.70e-13	5.49e-09	1.42e-05	2.99e-03	6.46e-02	3.19e-01	3.82e-01	1.90e-01	3.39e-02	7.14e-03	3.90e-05	0.00e+00
 5.20934e+21	1.03e-16	2.32e-13	7.08e-09	1.73e-05	3.46e-03	7.09e-02	3.32e-01	3.77e-01	1.79e-01	3.07e-02	6.21e-03	3.21e-05	0.00e+00
 5.37975e+21	1.41e-16	3.10e-13	8.97e-09	2.08e-05	3.95e-03	7.72e-02	3.44e-01	3.71e-01	1.70e-01	2.80e-02	5.44e-03	2.68e-05	0.00e+00
 5.54081e+21	1.86e-16	4.02e-13	1.11e-08	2.45e-05	4.44e-03	8.32e-02	3.55e-01	3.66e-01	1.62e-01	2.57e-02	4.82e-03	2.27e-05	0.00e+00
 5.72541e+21	2.58e-16	5.38e-13	1.40e-08	2.95e-05	5.06e-03	9.05e-02	3.66e-01	3.59e-01	1.52e-01	2.32e-02	4.20e-03	1.88e-05	0.00e+00
 5.96539e+21	3.90e-16	7.76e-13	1.89e-08	3.71e-05	5.95e-03	1.00e-01	3.80e-01	3.49e-01	1.41e-01	2.04e-02	3.51e-03	1.47e-05	0.00e+00
 6.20886e+21	5.74e-16	1.11e-12	2.53e-08	4.65e-05	6.97e-03	1.11e-01	3.93e-01	3.39e-01	1.30e-01	1.79e-02	2.94e-03	1.16e-05	0.00e+00
 6.40577e+21	7.78e-16	1.48e-12	3.17e-08	5.53e-05	7.88e-03	1.19e-01	4.03e-01	3.30e-01	1.22e-01	1.61e-02	2.55e-03	9.53e-06	0.00e+00
 6.61064e+21	1.07e-15	1.96e-12	3.98e-08	6.59e-05	8.90e-03	1.28e-01	4.12e-01	3.20e-01	1.13e-01	1.44e-02	2.20e-03	7.83e-06	0.00e+00
 6.87698e+21	1.61e-15	2.78e-12	5.29e-08	8.19e-05	1.03e-02	1.41e-01	4.23e-01	3.08e-01	1.04e-01	1.25e-02	1.83e-03	6.10e-06	0.00e+00
 7.15908e+21	2.40e-15	4.00e-12	7.08e-08	1.02e-04	1.20e-02	1.54e-01	4.33e-01	2.95e-01	9.41e-02	1.08e-02	1.50e-03	4.69e-06	0.00e+00
 7.37639e+21	3.21e-15	5.24e-12	8.79e-08	1.20e-04	1.35e-02	1.64e-01	4.39e-01	2.85e-01	8.73e-02	9.64e-03	1.29e-03	3.84e-06	0.00e+00
 7.54130e+21	4.01e-15	6.40e-12	1.03e-07	1.36e-04	1.46e-02	1.72e-01	4.43e-01	2.77e-01	8.25e-02	8.84e-03	1.16e-03	3.31e-06	0.00e+00
 7.72342e+21	5.14e-15	7.93e-12	1.22e-07	1.55e-04	1.60e-02	1.81e-01	4.48e-01	2.69e-01	7.75e-02	8.05e-03	1.02e-03	2.82e-06	0.00e+00
 7.96018e+21	7.02e-15	1.03e-11	1.51e-07	1.81e-04	1.77e-02	1.92e-01	4.52e-01	2.58e-01	7.15e-02	7.14e-03	8.78e-04	2.30e-06	0.00e+00
 8.22616e+21	9.87e-15	1.39e-11	1.91e-07	2.16e-04	2.00e-02	2.06e-01	4.56e-01	2.46e-01	6.52e-02	6.22e-03	7.37e-04	1.83e-06	0.00e+00
 8.47430e+21	1.33e-14	1.81e-11	2.36e-07	2.53e-04	2.22e-02	2.18e-01	4.59e-01	2.35e-01	5.98e-02	5.49e-03	6.28e-04	1.48e-06	0.00e+00
 8.74103e+21	1.84e-14	2.37e-11	2.93e-07	2.97e-04	2.47e-02	2.30e-01	4.60e-01	2.24e-01	5.46e-02	4.81e-03	5.32e-04	1.19e-06	0.00e+00
 9.02789e+21	2.56e-14	3.16e-11	3.68e-07	3.52e-04	2.76e-02	2.44e-01	4.61e-01	2.12e-01	4.95e-02	4.17e-03	4.45e-04	9.40e-07	0.00e+00
 9.28004e+21	3.38e-14	4.02e-11	4.46e-07	4.06e-04	3.02e-02	2.57e-01	4.61e-01	2.02e-01	4.54e-02	3.68e-03	3.81e-04	7.68e-07	0.00e+00
 9.54696e+21	4.55e-14	5.13e-11	5.40e-07	4.67e-04	3.31e-02	2.69e-01	4.60e-01	1.92e-01	4.15e-02	3.24e-03	3.25e-04	6.25e-07	0.00e+00
 9.89396e+21	6.62e-14	6.99e-11	6.89e-07	5.59e-04	3.72e-02	2.85e-01	4.58e-01	1.80e-01	3.69e-02	2.75e-03	2.65e-04	4.80e-07	0.00e+00
 1.02483e+22	9.50e-14	9.54e-11	8.80e-07	6.68e-04	4.16e-02	3.01e-01	4.54e-01	1.68e-01	3.27e-02	2.32e-03	2.15e-04	3.66e-07	0.00e+00
 1.05349e+22	1.25e-13	1.21e-10	1.06e-06	7.66e-04	4.54e-02	3.14e-01	4.50e-01	1.58e-01	2.97e-02	2.03e-03	1.83e-04	2.96e-07	0.00e+00
 1.08304e+22	1.68e-13	1.54e-10	1.28e-06	8.76e-04	4.94e-02	3.26e-01	4.45e-01	1.49e-01	2.69e-02	1.77e-03	1.55e-04	2.39e-07	0.00e+00
 1.12146e+22	2.43e-13	2.06e-10	1.61e-06	1.03e-03	5.48e-02	3.42e-01	4.39e-01	1.38e-01	2.37e-02	1.49e-03	1.26e-04	1.83e-07	0.00e+00
 1.16179e+22	3.48e-13	2.79e-10	2.04e-06	1.23e-03	6.08e-02	3.58e-01	4.30e-01	1.27e-01	2.08e-02	1.24e-03	1.01e-04	1.38e-07	0.00e+00
 1.19607e+22	4.66e-13	3.58e-10	2.48e-06	1.41e-03	6.61e-02	3.71e-01	4.23e-01	1.19e-01	1.86e-02	1.07e-03	8.43e-05	0.00e+00	0.00e+00
 1.23210e+22	6.37e-13	4.59e-10	3.00e-06	1.61e-03	7.18e-02	3.84e-01	4.15e-01	1.11e-01	1.66e-02	9.15e-04	7.00e-05	0.00e+00	0.00e+00
 1.27894e+22	9.41e-13	6.23e-10	3.81e-06	1.91e-03	7.95e-02	3.99e-01	4.03e-01	1.01e-01	1.43e-02	7.51e-04	5.54e-05	0.00e+00	0.00e+00
 1.32739e+22	1.37e-12	8.54e-10	4.86e-06	2.27e-03	8.79e-02	4.15e-01	3.91e-01	9.13e-02	1.23e-02	6.13e-04	4.35e-05	0.00e+00	0.00e+00
 1.36756e+22	1.85e-12	1.09e-09	5.89e-06	2.59e-03	9.50e-02	4.26e-01	3.80e-01	8.42e-02	1.08e-02	5.20e-04	3.58e-05	0.00e+00	0.00e+00
 1.40942e+22	2.54e-12	1.40e-09	7.12e-06	2.95e-03	1.03e-01	4.38e-01	3.69e-01	7.74e-02	9.53e-03	4.40e-04	2.94e-05	0.00e+00	0.00e+00
 1.46385e+22	3.77e-12	1.90e-09	9.01e-06	3.48e-03	1.13e-01	4.51e-01	3.55e-01	6.96e-02	8.10e-03	3.56e-04	2.29e-05	0.00e+00	0.00e+00
 1.52118e+22	5.57e-12	2.61e-09	1.15e-05	4.11e-03	1.24e-01	4.64e-01	3.39e-01	6.21e-02	6.83e-03	2.85e-04	1.76e-05	0.00e+00	0.00e+00
 1.57040e+22	7.67e-12	3.37e-09	1.40e-05	4.70e-03	1.33e-01	4.73e-01	3.26e-01	5.63e-02	5.91e-03	2.36e-04	1.42e-05	0.00e+00	0.00e+00
 1.61322e+22	1.00e-11	4.19e-09	1.65e-05	5.25e-03	1.42e-01	4.81e-01	3.15e-01	5.18e-02	5.23e-03	2.02e-04	1.18e-05	0.00e+00	0.00e+00
 1.65961e+22	1.35e-11	5.25e-09	1.96e-05	5.90e-03	1.51e-01	4.88e-01	3.03e-01	4.73e-02	4.58e-03	1.71e-04	9.69e-06	0.00e+00	0.00e+00
 1.71991e+22	1.95e-11	6.93e-09	2.42e-05	6.80e-03	1.63e-01	4.95e-01	2.89e-01	4.23e-02	3.88e-03	1.38e-04	7.59e-06	0.00e+00	0.00e+00
 1.78315e+22	2.81e-11	9.28e-09	3.02e-05	7.88e-03	1.76e-01	5.02e-01	2.73e-01	3.74e-02	3.26e-03	1.11e-04	5.86e-06	0.00e+00	0.00e+00
 1.83652e+22	3.76e-11	1.17e-08	3.61e-05	8.86e-03	1.87e-01	5.07e-01	2.61e-01	3.38e-02	2.82e-03	9.21e-05	4.74e-06	0.00e+00	0.00e+00
 1.88424e+22	4.87e-11	1.43e-08	4.19e-05	9.78e-03	1.96e-01	5.10e-01	2.50e-01	3.09e-02	2.49e-03	7.86e-05	3.95e-06	0.00e+00	0.00e+00
 1.93829e+22	6.52e-11	1.79e-08	4.96e-05	1.09e-02	2.07e-01	5.13e-01	2.38e-01	2.80e-02	2.16e-03	6.58e-05	3.21e-06	0.00e+00	0.00e+00
 2.00857e+22	9.41e-11	2.34e-08	6.07e-05	1.25e-02	2.21e-01	5.16e-01	2.24e-01	2.47e-02	1.81e-03	5.28e-05	2.49e-06	0.00e+00	0.00e+00
 2.08174e+22	1.35e-10	3.11e-08	7.50e-05	1.43e-02	2.37e-01	5.17e-01	2.09e-01	2.15e-02	1.50e-03	4.19e-05	1.91e-06	0.00e+00	0.00e+00
 2.14136e+22	1.78e-10	3.87e-08	8.84e-05	1.59e-02	2.49e-01	5.17e-01	1.98e-01	1.93e-02	1.29e-03	3.48e-05	1.54e-06	0.00e+00	0.00e+00
 2.20154e+22	2.36e-10	4.78e-08	1.04e-04	1.75e-02	2.60e-01	5.16e-01	1.87e-01	1.74e-02	1.12e-03	2.91e-05	1.25e-06	0.00e+00	0.00e+00
 2.27976e+22	3.38e-10	6.20e-08	1.26e-04	1.98e-02	2.75e-01	5.14e-01	1.75e-01	1.52e-02	9.30e-04	2.33e-05	9.69e-07	0.00e+00	0.00e+00
 2.36136e+22	4.84e-10	8.17e-08	1.54e-04	2.25e-02	2.91e-01	5.10e-01	1.62e-01	1.32e-02	7.65e-04	1.83e-05	7.36e-07	0.00e+00	0.00e+00
 2.42979e+22	6.43e-10	1.02e-07	1.81e-04	2.49e-02	3.04e-01	5.07e-01	1.52e-01	1.17e-02	6.53e-04	1.51e-05	5.90e-07	0.00e+00	0.00e+00
 2.50119e+22	8.62e-10	1.26e-07	2.13e-04	2.75e-02	3.17e-01	5.02e-01	1.42e-01	1.04e-02	5.57e-04	1.25e-05	4.72e-07	0.00e+00	0.00e+00
 2.59402e+22	1.25e-09	1.66e-07	2.60e-04	3.10e-02	3.34e-01	4.95e-01	1.31e-01	8.93e-03	4.55e-04	9.77e-06	3.57e-07	0.00e+00	0.00e+00
 2.69111e+22	1.81e-09	2.20e-07	3.19e-04	3.51e-02	3.51e-01	4.87e-01	1.19e-01	7.61e-03	3.68e-04	7.57e-06	2.66e-07	0.00e+00	0.00e+00
 2.77322e+22	2.42e-09	2.76e-07	3.77e-04	3.88e-02	3.64e-01	4.79e-01	1.10e-01	6.65e-03	3.09e-04	6.14e-06	2.09e-07	0.00e+00	0.00e+00
 2.85944e+22	3.29e-09	3.44e-07	4.44e-04	4.27e-02	3.78e-01	4.71e-01	1.02e-01	5.83e-03	2.59e-04	4.98e-06	1.64e-07	0.00e+00	0.00e+00
 2.97151e+22	4.81e-09	4.59e-07	5.47e-04	4.83e-02	3.95e-01	4.59e-01	9.23e-02	4.89e-03	2.07e-04	3.81e-06	0.00e+00	0.00e+00	0.00e+00
 3.08925e+22	6.98e-09	6.14e-07	6.75e-04	5.46e-02	4.12e-01	4.46e-01	8.28e-02	4.07e-03	1.63e-04	2.88e-06	0.00e+00	0.00e+00	0.00e+00
 3.18984e+22	9.44e-09	7.81e-07	8.03e-04	6.03e-02	4.25e-01	4.35e-01	7.56e-02	3.49e-03	1.34e-04	2.28e-06	0.00e+00	0.00e+00	0.00e+00
 3.29612e+22	1.27e-08	9.88e-07	9.52e-04	6.64e-02	4.38e-01	4.23e-01	6.89e-02	3.00e-03	1.11e-04	1.81e-06	0.00e+00	0.00e+00	0.00e+00
 3.41101e+22	1.73e-08	1.28e-06	1.14e-03	7.36e-02	4.52e-01	4.09e-01	6.20e-02	2.53e-03	8.91e-05	1.41e-06	0.00e+00	0.00e+00	0.00e+00
 3.52002e+22	2.29e-08	1.61e-06	1.35e-03	8.07e-02	4.63e-01	3.96e-01	5.63e-02	2.16e-03	7.31e-05	1.12e-06	0.00e+00	0.00e+00	0.00e+00
 3.62465e+22	2.94e-08	2.00e-06	1.57e-03	8.77e-02	4.74e-01	3.84e-01	5.14e-02	1.86e-03	6.08e-05	9.01e-07	0.00e+00	0.00e+00	0.00e+00
 3.74061e+22	3.82e-08	2.50e-06	1.84e-03	9.56e-02	4.84e-01	3.70e-01	4.66e-02	1.59e-03	5.00e-05	7.18e-07	0.00e+00	0.00e+00	0.00e+00
 3.86779e+22	5.08e-08	3.20e-06	2.20e-03	1.05e-01	4.94e-01	3.56e-01	4.16e-02	1.34e-03	4.02e-05	5.58e-07	0.00e+00	0.00e+00	0.00e+00
 3.98839e+22	6.54e-08	4.01e-06	2.57e-03	1.14e-01	5.03e-01	3.42e-01	3.75e-02	1.14e-03	3.29e-05	4.42e-07	0.00e+00	0.00e+00	0.00e+00
 4.10272e+22	8.24e-08	4.92e-06	2.97e-03	1.23e-01	5.10e-01	3.29e-01	3.40e-02	9.76e-04	2.73e-05	3.57e-07	0.00e+00	0.00e+00	0.00e+00
 4.23004e+22	1.05e-07	6.11e-06	3.45e-03	1.33e-01	5.17e-01	3.15e-01	3.07e-02	8.31e-04	2.25e-05	2.85e-07	0.00e+00	0.00e+00	0.00e+00
 4.37075e+22	1.36e-07	7.74e-06	4.07e-03	1.44e-01	5.23e-01	3.01e-01	2.73e-02	6.95e-04	1.81e-05	2.21e-07	0.00e+00	0.00e+00	0.00e+00
 4.49915e+22	1.71e-07	9.55e-06	4.71e-03	1.55e-01	5.28e-01	2.87e-01	2.45e-02	5.91e-04	1.48e-05	1.77e-07	0.00e+00	0.00e+00	0.00e+00
 4.61730e+22	2.09e-07	1.15e-05	5.35e-03	1.65e-01	5.31e-01	2.76e-01	2.23e-02	5.11e-04	1.25e-05	1.45e-07	0.00e+00	0.00e+00	0.00e+00
 4.75181e+22	2.60e-07	1.40e-05	6.14e-03	1.77e-01	5.34e-01	2.63e-01	2.00e-02	4.37e-04	1.03e-05	0.00e+00	0.00e+00	0.00e+00	0.00e+00
 4.92668e+22	3.39e-07	1.80e-05	7.28e-03	1.92e-01	5.36e-01	2.47e-01	1.75e-02	3.58e-04	8.11e-06	0.00e+00	0.00e+00	0.00e+00	0.00e+00
 5.10884e+22	4.46e-07	2.34e-05	8.68e-03	2.08e-01	5.37e-01	2.31e-01	1.52e-02	2.89e-04	6.30e-06	0.00e+00	0.00e+00	0.00e+00	0.00e+00
 5.26018e+22	5.55e-07	2.88e-05	9.99e-03	2.22e-01	5.36e-01	2.19e-01	1.35e-02	2.43e-04	5.12e-06	0.00e+00	0.00e+00	0.00e+00	0.00e+00
 5.39416e+22	6.66e-07	3.43e-05	1.12e-02	2.34e-01	5.34e-01	2.08e-01	1.22e-02	2.10e-04	4.31e-06	0.00e+00	0.00e+00	0.00e+00	0.00e+00
 5.54587e+22	8.10e-07	4.13e-05	1.27e-02	2.47e-01	5.32e-01	1.97e-01	1.09e-02	1.79e-04	3.57e-06	0.00e+00	0.00e+00	0.00e+00	0.00e+00
 5.74311e+22	1.03e-06	5.22e-05	1.49e-02	2.64e-01	5.28e-01	1.84e-01	9.47e-03	1.47e-04	2.82e-06	0.00e+00	0.00e+00	0.00e+00	0.00e+00
 5.95504e+22	1.33e-06	6.68e-05	1.75e-02	2.83e-01	5.22e-01	1.70e-01	8.12e-03	1.18e-04	2.19e-06	0.00e+00	0.00e+00	0.00e+00	0.00e+00
 6.14045e+22	1.65e-06	8.23e-05	2.01e-02	2.99e-01	5.15e-01	1.58e-01	7.11e-03	9.82e-05	1.76e-06	0.00e+00	0.00e+00	0.00e+00	0.00e+00
 6.30795e+22	1.99e-06	9.83e-05	2.26e-02	3.13e-01	5.09e-01	1.49e-01	6.34e-03	8.38e-05	1.46e-06	0.00e+00	0.00e+00	0.00e+00	0.00e+00
 6.49783e+22	2.42e-06	1.19e-04	2.56e-02	3.28e-01	5.01e-01	1.39e-01	5.60e-03	7.06e-05	1.20e-06	0.00e+00	0.00e+00	0.00e+00	0.00e+00
 6.74343e+22	3.10e-06	1.50e-04	2.98e-02	3.47e-01	4.91e-01	1.28e-01	4.80e-03	5.72e-05	9.37e-07	0.00e+00	0.00e+00	0.00e+00	0.00e+00
 6.99093e+22	3.97e-06	1.90e-04	3.46e-02	3.66e-01	4.79e-01	1.16e-01	4.08e-03	4.59e-05	7.27e-07	0.00e+00	0.00e+00	0.00e+00	0.00e+00
 7.18549e+22	4.77e-06	2.25e-04	3.87e-02	3.80e-01	4.69e-01	1.09e-01	3.62e-03	3.91e-05	6.03e-07	0.00e+00	0.00e+00	0.00e+00	0.00e+00
 7.38177e+22	5.71e-06	2.66e-04	4.30e-02	3.93e-01	4.59e-01	1.01e-01	3.22e-03	3.35e-05	5.05e-07	0.00e+00	0.00e+00	0.00e+00	0.00e+00
 7.59452e+22	6.92e-06	3.17e-04	4.81e-02	4.07e-01	4.48e-01	9.39e-02	2.84e-03	2.84e-05	4.17e-07	0.00e+00	0.00e+00	0.00e+00	0.00e+00
 7.78303e+22	8.17e-06	3.68e-04	5.29e-02	4.19e-01	4.37e-01	8.78e-02	2.54e-03	2.46e-05	3.54e-07	0.00e+00	0.00e+00	0.00e+00	0.00e+00
 7.95580e+22	9.48e-06	4.19e-04	5.75e-02	4.29e-01	4.28e-01	8.27e-02	2.31e-03	2.17e-05	3.07e-07	0.00e+00	0.00e+00	0.00e+00	0.00e+00
 8.15375e+22	1.12e-05	4.84e-04	6.30e-02	4.39e-01	4.18e-01	7.73e-02	2.08e-03	1.90e-05	2.63e-07	0.00e+00	0.00e+00	0.00e+00	0.00e+00
 8.41110e+22	1.38e-05	5.79e-04	7.06e-02	4.52e-01	4.04e-01	7.10e-02	1.82e-03	1.60e-05	2.17e-07	0.00e+00	0.00e+00	0.00e+00	0.00e+00
 8.66889e+22	1.70e-05	6.91e-04	7.89e-02	4.64e-01	3.90e-01	6.49e-02	1.59e-03	1.35e-05	1.78e-07	0.00e+00	0.00e+00	0.00e+00	0.00e+00
 8.86799e+22	1.99e-05	7.89e-04	8.58e-02	4.72e-01	3.79e-01	6.06e-02	1.43e-03	1.19e-05	1.54e-07	0.00e+00	0.00e+00	0.00e+00	0.00e+00
 9.06754e+22	2.32e-05	8.96e-04	9.29e-02	4.80e-01	3.68e-01	5.68e-02	1.30e-03	1.05e-05	1.35e-07	0.00e+00	0.00e+00	0.00e+00	0.00e+00
 9.32694e+22	2.82e-05	1.05e-03	1.03e-01	4.89e-01	3.54e-01	5.21e-02	1.15e-03	9.03e-06	0.00e+00	0.00e+00	0.00e+00	0.00e+00	0.00e+00
 9.59610e+22	3.45e-05	1.25e-03	1.14e-01	4.97e-01	3.39e-01	4.75e-02	1.01e-03	7.68e-06	0.00e+00	0.00e+00	0.00e+00	0.00e+00	0.00e+00
 9.81768e+22	4.06e-05	1.43e-03	1.24e-01	5.02e-01	3.27e-01	4.39e-02	9.04e-04	6.74e-06	0.00e+00	0.00e+00	0.00e+00	0.00e+00	0.00e+00
 1.00455e+23	4.78e-05	1.64e-03	1.35e-01	5.07e-01	3.14e-01	4.06e-02	8.10e-04	5.92e-06	0.00e+00	0.00e+00	0.00e+00	0.00e+00	0.00e+00
 1.03417e+23	5.89e-05	1.96e-03	1.51e-01	5.12e-01	2.98e-01	3.65e-02	7.00e-04	4.98e-06	0.00e+00	0.00e+00	0.00e+00	0.00e+00	0.00e+00
 1.06420e+23	7.22e-05	2.33e-03	1.68e-01	5.15e-01	2.81e-01	3.28e-02	6.05e-04	4.20e-06	0.00e+00	0.00e+00	0.00e+00	0.00e+00	0.00e+00
 1.08845e+23	8.52e-05	2.70e-03	1.84e-01	5.17e-01	2.66e-01	2.98e-02	5.32e-04	3.61e-06	0.00e+00	0.00e+00	0.00e+00	0.00e+00	0.00e+00
 1.11362e+23	1.00e-04	3.14e-03	2.02e-01	5.16e-01	2.51e-01	2.69e-02	4.67e-04	3.11e-06	0.00e+00	0.00e+00	0.00e+00	0.00e+00	0.00e+00
 1.14636e+23	1.23e-04	3.80e-03	2.27e-01	5.14e-01	2.32e-01	2.35e-02	3.91e-04	2.53e-06	0.00e+00	0.00e+00	0.00e+00	0.00e+00	0.00e+00
 1.18094e+23	1.52e-04	4.69e-03	2.57e-01	5.08e-01	2.10e-01	2.01e-02	3.17e-04	1.99e-06	0.00e+00	0.00e+00	0.00e+00	0.00e+00	0.00e+00
 1.21059e+23	1.81e-04	5.60e-03	2.85e-01	5.00e-01	1.91e-01	1.73e-02	2.61e-04	1.60e-06	0.00e+00	0.00e+00	0.00e+00	0.00e+00	0.00e+00
 1.24177e+23	2.14e-04	6.70e-03	3.16e-01	4.90e-01	1.72e-01	1.48e-02	2.13e-04	1.27e-06	0.00e+00	0.00e+00	0.00e+00	0.00e+00	0.00e+00
 1.28232e+23	2.60e-04	8.37e-03	3.59e-01	4.72e-01	1.49e-01	1.19e-02	1.62e-04	9.35e-07	0.00e+00	0.00e+00	0.00e+00	0.00e+00	0.00e+00
 1.32369e+23	3.12e-04	1.04e-02	4.05e-01	4.49e-01	1.26e-01	9.34e-03	1.18e-04	6.60e-07	0.00e+00	0.00e+00	0.00e+00	0.00e+00	0.00e+00
 1.35714e+23	3.57e-04	1.23e-02	4.42e-01	4.28e-01	1.10e-01	7.62e-03	9.13e-05	4.95e-07	0.00e+00	0.00e+00	0.00e+00	0.00e+00	0.00e+00
 1.39163e+23	4.00e-04	1.44e-02	4.79e-01	4.06e-01	9.46e-02	6.20e-03	7.05e-05	3.73e-07	0.00e+00	0.00e+00	0.00e+00	0.00e+00	0.00e+00
 1.43645e+23	4.54e-04	1.72e-02	5.24e-01	3.76e-01	7.80e-02	4.74e-03	5.05e-05	2.59e-07	0.00e+00	0.00e+00	0.00e+00	0.00e+00	0.00e+00
 1.48853e+23	5.16e-04	2.07e-02	5.72e-01	3.41e-01	6.20e-02	3.44e-03	3.41e-05	1.69e-07	0.00e+00	0.00e+00	0.00e+00	0.00e+00	0.00e+00
 1.54091e+23	5.74e-04	2.45e-02	6.15e-01	3.08e-01	4.92e-02	2.51e-03	2.31e-05	0.00e+00	0.00e+00	0.00e+00	0.00e+00	0.00e+00	0.00e+00
 1.59341e+23	6.28e-04	2.82e-02	6.53e-01	2.77e-01	3.92e-02	1.84e-03	1.59e-05	0.00e+00	0.00e+00	0.00e+00	0.00e+00	0.00e+00	0.00e+00
 1.65196e+23	6.83e-04	3.24e-02	6.88e-01	2.47e-01	3.08e-02	1.33e-03	1.07e-05	0.00e+00	0.00e+00	0.00e+00	0.00e+00	0.00e+00	0.00e+00
 1.71796e+23	7.42e-04	3.70e-02	7.21e-01	2.17e-01	2.36e-02	9.29e-04	7.00e-06	0.00e+00	0.00e+00	0.00e+00	0.00e+00	0.00e+00	0.00e+00
 1.78534e+23	8.05e-04	4.16e-02	7.48e-01	1.90e-01	1.82e-02	6.56e-04	4.63e-06	0.00e+00	0.00e+00	0.00e+00	0.00e+00	0.00e+00	0.00e+00
 1.85120e+23	8.60e-04	4.61e-02	7.70e-01	1.68e-01	1.43e-02	4.75e-04	3.17e-06	0.00e+00	0.00e+00	0.00e+00	0.00e+00	0.00e+00	0.00e+00
 1.92228e+23	9.22e-04	5.05e-02	7.88e-01	1.49e-01	1.13e-02	3.46e-04	2.20e-06	0.00e+00	0.00e+00	0.00e+00	0.00e+00	0.00e+00	0.00e+00
 2.00040e+23	9.86e-04	5.54e-02	8.04e-01	1.30e-01	8.82e-03	2.47e-04	1.49e-06	0.00e+00	0.00e+00	0.00e+00	0.00e+00	0.00e+00	0.00e+00
 2.08166e+23	1.06e-03	6.02e-02	8.17e-01	1.14e-01	6.93e-03	1.79e-04	1.03e-06	0.00e+00	0.00e+00	0.00e+00	0.00e+00	0.00e+00	0.00e+00
 2.16616e+23	1.14e-03	6.49e-02	8.28e-01	1.01e-01	5.49e-03	1.31e-04	7.20e-07	0.00e+00	0.00e+00	0.00e+00	0.00e+00	0.00e+00	0.00e+00
 2.25151e+23	1.22e-03	6.95e-02	8.36e-01	8.91e-02	4.40e-03	9.76e-05	5.17e-07	0.00e+00	0.00e+00	0.00e+00	0.00e+00	0.00e+00	0.00e+00
 2.33184e+23	1.31e-03	7.37e-02	8.42e-01	7.98e-02	3.61e-03	7.49e-05	3.84e-07	0.00e+00	0.00e+00	0.00e+00	0.00e+00	0.00e+00	0.00e+00
 2.40414e+23	1.39e-03	7.74e-02	8.46e-01	7.25e-02	3.05e-03	5.98e-05	2.98e-07	0.00e+00	0.00e+00	0.00e+00	0.00e+00	0.00e+00	0.00e+00
 2.46921e+23	1.46e-03	8.05e-02	8.48e-01	6.69e-02	2.65e-03	4.95e-05	2.42e-07	0.00e+00	0.00e+00	0.00e+00	0.00e+00	0.00e+00	0.00e+00
 2.52777e+23	1.53e-03	8.33e-02	8.50e-01	6.22e-02	2.34e-03	4.19e-05	2.02e-07	0.00e+00	0.00e+00	0.00e+00	0.00e+00	0.00e+00	0.00e+00
 2.58047e+23	1.59e-03	8.55e-02	8.52e-01	5.87e-02	2.12e-03	3.66e-05	1.74e-07	0.00e+00	0.00e+00	0.00e+00	0.00e+00	0.00e+00	0.00e+00
 2.62791e+23	1.65e-03	8.76e-02	8.53e-01	5.56e-02	1.93e-03	3.24e-05	1.53e-07	0.00e+00	0.00e+00	0.00e+00	0.00e+00	0.00e+00	0.00e+00
 2.67060e+23	1.71e-03	8.98e-02	8.54e-01	5.29e-02	1.77e-03	2.89e-05	1.34e-07	0.00e+00	0.00e+00	0.00e+00	0.00e+00	0.00e+00	0.00e+00
 2.70902e+23	1.75e-03	9.12e-02	8.54e-01	5.09e-02	1.66e-03	2.65e-05	0.00e+00	0.00e+00	0.00e+00	0.00e+00	0.00e+00	0.00e+00	0.00e+00
 2.74360e+23	1.80e-03	9.28e-02	8.55e-01	4.90e-02	1.56e-03	2.43e-05	0.00e+00	0.00e+00	0.00e+00	0.00e+00	0.00e+00	0.00e+00	0.00e+00
 2.77525e+23	1.84e-03	9.40e-02	8.55e-01	4.75e-02	1.48e-03	2.27e-05	0.00e+00	0.00e+00	0.00e+00	0.00e+00	0.00e+00	0.00e+00	0.00e+00
 2.80580e+23	1.87e-03	9.52e-02	8.55e-01	4.62e-02	1.41e-03	2.13e-05	0.00e+00	0.00e+00	0.00e+00	0.00e+00	0.00e+00	0.00e+00	0.00e+00
 2.83635e+23	1.91e-03	9.63e-02	8.56e-01	4.49e-02	1.34e-03	2.00e-05	0.00e+00	0.00e+00	0.00e+00	0.00e+00	0.00e+00	0.00e+00	0.00e+00
 2.86690e+23	1.95e-03	9.74e-02	8.56e-01	4.37e-02	1.28e-03	1.88e-05	0.00e+00	0.00e+00	0.00e+00	0.00e+00	0.00e+00	0.00e+00	0.00e+00
 2.89745e+23	1.98e-03	9.85e-02	8.56e-01	4.25e-02	1.22e-03	1.77e-05	0.00e+00	0.00e+00	0.00e+00	0.00e+00	0.00e+00	0.00e+00	0.00e+00
 2.92800e+23	2.02e-03	9.95e-02	8.56e-01	4.15e-02	1.17e-03	1.68e-05	0.00e+00	0.00e+00	0.00e+00	0.00e+00	0.00e+00	0.00e+00	0.00e+00
 2.95854e+23	2.05e-03	1.00e-01	8.56e-01	4.04e-02	1.13e-03	1.59e-05	0.00e+00	0.00e+00	0.00e+00	0.00e+00	0.00e+00	0.00e+00	0.00e+00
 2.98909e+23	2.09e-03	1.01e-01	8.56e-01	3.95e-02	1.08e-03	1.51e-05	0.00e+00	0.00e+00	0.00e+00	0.00e+00	0.00e+00	0.00e+00	0.00e+00
 3.01964e+23	2.12e-03	1.02e-01	8.56e-01	3.85e-02	1.04e-03	1.43e-05	0.00e+00	0.00e+00	0.00e+00	0.00e+00	0.00e+00	0.00e+00	0.00e+00
 3.04487e+23	2.16e-03	1.03e-01	8.56e-01	3.76e-02	9.99e-04	1.36e-05	0.00e+00	0.00e+00	0.00e+00	0.00e+00	0.00e+00	0.00e+00	0.00e+00
