#depth	He	He+	He+2
 6.17135e+19	1.70e-10	6.15e-05	1.00e+00
 1.87609e+20	1.84e-10	6.86e-05	1.00e+00
 2.96560e+20	1.95e-10	7.53e-05	1.00e+00
 3.77242e+20	2.03e-10	8.05e-05	1.00e+00
 4.36988e+20	2.09e-10	8.46e-05	1.00e+00
 4.83685e+20	2.14e-10	8.79e-05	1.00e+00
 5.36273e+20	2.20e-10	9.16e-05	1.00e+00
 6.04638e+20	2.27e-10	9.66e-05	1.00e+00
 6.77913e+20	2.36e-10	1.02e-04	1.00e+00
 7.42222e+20	2.43e-10	1.07e-04	1.00e+00
 8.10476e+20	2.52e-10	1.13e-04	1.00e+00
 8.87279e+20	2.63e-10	1.19e-04	1.00e+00
 9.59909e+20	2.74e-10	1.26e-04	1.00e+00
 1.02846e+21	2.86e-10	1.32e-04	1.00e+00
 1.10700e+21	3.00e-10	1.39e-04	1.00e+00
 1.19500e+21	3.18e-10	1.48e-04	1.00e+00
 1.27802e+21	3.36e-10	1.56e-04	1.00e+00
 1.34848e+21	3.54e-10	1.63e-04	1.00e+00
 1.40979e+21	3.70e-10	1.69e-04	1.00e+00
 1.47946e+21	3.90e-10	1.77e-04	1.00e+00
 1.57003e+21	4.18e-10	1.86e-04	1.00e+00
 1.66335e+21	4.50e-10	1.97e-04	1.00e+00
 1.74049e+21	4.78e-10	2.06e-04	1.00e+00
 1.82100e+21	5.11e-10	2.15e-04	1.00e+00
 1.92567e+21	5.57e-10	2.28e-04	1.00e+00
 2.03162e+21	6.08e-10	2.41e-04	1.00e+00
 2.11612e+21	6.53e-10	2.52e-04	1.00e+00
 2.20285e+21	7.02e-10	2.63e-04	1.00e+00
 2.31560e+21	7.72e-10	2.79e-04	1.00e+00
 2.43252e+21	8.51e-10	2.95e-04	1.00e+00
 2.52993e+21	9.23e-10	3.09e-04	1.00e+00
 2.63165e+21	1.00e-09	3.24e-04	1.00e+00
 2.76389e+21	1.12e-09	3.43e-04	1.00e+00
 2.89983e+21	1.25e-09	3.65e-04	1.00e+00
 3.01183e+21	1.36e-09	3.83e-04	1.00e+00
 3.12868e+21	1.50e-09	4.02e-04	1.00e+00
 3.28058e+21	1.68e-09	4.27e-04	1.00e+00
 3.43917e+21	1.89e-09	4.55e-04	1.00e+00
 3.55959e+21	2.08e-09	4.77e-04	1.00e+00
 3.65120e+21	2.22e-09	4.94e-04	1.00e+00
 3.75221e+21	2.38e-09	5.13e-04	9.99e-01
 3.88352e+21	2.62e-09	5.38e-04	9.99e-01
 4.02820e+21	2.89e-09	5.66e-04	9.99e-01
 4.15962e+21	3.17e-09	5.93e-04	9.99e-01
 4.28109e+21	3.44e-09	6.18e-04	9.99e-01
 4.42031e+21	3.76e-09	6.48e-04	9.99e-01
 4.57746e+21	4.17e-09	6.82e-04	9.99e-01
 4.72667e+21	4.58e-09	7.16e-04	9.99e-01
 4.86748e+21	5.00e-09	7.48e-04	9.99e-01
 5.02864e+21	5.51e-09	7.86e-04	9.99e-01
 5.20934e+21	6.14e-09	8.30e-04	9.99e-01
 5.37975e+21	6.79e-09	8.74e-04	9.99e-01
 5.54081e+21	7.43e-09	9.14e-04	9.99e-01
 5.72541e+21	8.23e-09	9.63e-04	9.99e-01
 5.96539e+21	9.37e-09	1.03e-03	9.99e-01
 6.20886e+21	1.07e-08	1.10e-03	9.99e-01
 6.40577e+21	1.18e-08	1.15e-03	9.99e-01
 6.61064e+21	1.31e-08	1.21e-03	9.99e-01
 6.87698e+21	1.48e-08	1.30e-03	9.99e-01
 7.15908e+21	1.70e-08	1.38e-03	9.99e-01
 7.37639e+21	1.88e-08	1.46e-03	9.99e-01
 7.54130e+21	2.02e-08	1.51e-03	9.98e-01
 7.72342e+21	2.19e-08	1.57e-03	9.98e-01
 7.96018e+21	2.42e-08	1.65e-03	9.98e-01
 8.22616e+21	2.71e-08	1.75e-03	9.98e-01
 8.47430e+21	3.00e-08	1.84e-03	9.98e-01
 8.74103e+21	3.33e-08	1.94e-03	9.98e-01
 9.02789e+21	3.72e-08	2.05e-03	9.98e-01
 9.28004e+21	4.09e-08	2.15e-03	9.98e-01
 9.54696e+21	4.51e-08	2.26e-03	9.98e-01
 9.89396e+21	5.09e-08	2.40e-03	9.98e-01
 1.02483e+22	5.77e-08	2.55e-03	9.97e-01
 1.05349e+22	6.36e-08	2.68e-03	9.97e-01
 1.08304e+22	7.00e-08	2.81e-03	9.97e-01
 1.12146e+22	7.90e-08	2.99e-03	9.97e-01
 1.16179e+22	8.96e-08	3.18e-03	9.97e-01
 1.19607e+22	9.93e-08	3.35e-03	9.97e-01
 1.23210e+22	1.10e-07	3.53e-03	9.96e-01
 1.27894e+22	1.26e-07	3.76e-03	9.96e-01
 1.32739e+22	1.44e-07	4.02e-03	9.96e-01
 1.36756e+22	1.60e-07	4.24e-03	9.96e-01
 1.40942e+22	1.78e-07	4.47e-03	9.96e-01
 1.46385e+22	2.03e-07	4.77e-03	9.95e-01
 1.52118e+22	2.33e-07	5.11e-03	9.95e-01
 1.57040e+22	2.62e-07	5.41e-03	9.95e-01
 1.61322e+22	2.88e-07	5.67e-03	9.94e-01
 1.65961e+22	3.19e-07	5.97e-03	9.94e-01
 1.71991e+22	3.61e-07	6.35e-03	9.94e-01
 1.78315e+22	4.13e-07	6.78e-03	9.93e-01
 1.83652e+22	4.59e-07	7.14e-03	9.93e-01
 1.88424e+22	5.03e-07	7.47e-03	9.93e-01
 1.93829e+22	5.58e-07	7.86e-03	9.92e-01
 2.00857e+22	6.33e-07	8.36e-03	9.92e-01
 2.08174e+22	7.22e-07	8.92e-03	9.91e-01
 2.14136e+22	8.01e-07	9.38e-03	9.91e-01
 2.20154e+22	8.85e-07	9.86e-03	9.90e-01
 2.27976e+22	1.00e-06	1.05e-02	9.90e-01
 2.36136e+22	1.14e-06	1.12e-02	9.89e-01
 2.42979e+22	1.27e-06	1.18e-02	9.88e-01
 2.50119e+22	1.41e-06	1.24e-02	9.88e-01
 2.59402e+22	1.61e-06	1.32e-02	9.87e-01
 2.69111e+22	1.85e-06	1.41e-02	9.86e-01
 2.77322e+22	2.07e-06	1.49e-02	9.85e-01
 2.85944e+22	2.31e-06	1.57e-02	9.84e-01
 2.97151e+22	2.66e-06	1.69e-02	9.83e-01
 3.08925e+22	3.08e-06	1.81e-02	9.82e-01
 3.18984e+22	3.47e-06	1.92e-02	9.81e-01
 3.29612e+22	3.92e-06	2.03e-02	9.80e-01
 3.41101e+22	4.46e-06	2.17e-02	9.78e-01
 3.52002e+22	5.02e-06	2.29e-02	9.77e-01
 3.62465e+22	5.61e-06	2.42e-02	9.76e-01
 3.74061e+22	6.30e-06	2.56e-02	9.74e-01
 3.86779e+22	7.17e-06	2.73e-02	9.73e-01
 3.98839e+22	8.06e-06	2.89e-02	9.71e-01
 4.10272e+22	8.98e-06	3.05e-02	9.70e-01
 4.23004e+22	1.01e-05	3.23e-02	9.68e-01
 4.37075e+22	1.14e-05	3.43e-02	9.66e-01
 4.49915e+22	1.28e-05	3.63e-02	9.64e-01
 4.61730e+22	1.42e-05	3.81e-02	9.62e-01
 4.75181e+22	1.58e-05	4.03e-02	9.60e-01
 4.92668e+22	1.82e-05	4.33e-02	9.57e-01
 5.10884e+22	2.10e-05	4.66e-02	9.53e-01
 5.26018e+22	2.36e-05	4.95e-02	9.51e-01
 5.39416e+22	2.61e-05	5.21e-02	9.48e-01
 5.54587e+22	2.91e-05	5.52e-02	9.45e-01
 5.74311e+22	3.34e-05	5.94e-02	9.41e-01
 5.95504e+22	3.87e-05	6.43e-02	9.36e-01
 6.14045e+22	4.40e-05	6.89e-02	9.31e-01
 6.30795e+22	4.91e-05	7.32e-02	9.27e-01
 6.49783e+22	5.53e-05	7.84e-02	9.22e-01
 6.74343e+22	6.43e-05	8.55e-02	9.14e-01
 6.99093e+22	7.50e-05	9.36e-02	9.06e-01
 7.18549e+22	8.42e-05	1.00e-01	9.00e-01
 7.38177e+22	9.44e-05	1.08e-01	8.92e-01
 7.59452e+22	1.07e-04	1.16e-01	8.84e-01
 7.78303e+22	1.19e-04	1.25e-01	8.75e-01
 7.95580e+22	1.31e-04	1.33e-01	8.67e-01
 8.15375e+22	1.46e-04	1.43e-01	8.57e-01
 8.41110e+22	1.67e-04	1.57e-01	8.43e-01
 8.66889e+22	1.92e-04	1.73e-01	8.27e-01
 8.86799e+22	2.14e-04	1.87e-01	8.13e-01
 9.06754e+22	2.37e-04	2.02e-01	7.98e-01
 9.32694e+22	2.71e-04	2.23e-01	7.77e-01
 9.59610e+22	3.13e-04	2.48e-01	7.52e-01
 9.81768e+22	3.51e-04	2.71e-01	7.29e-01
 1.00455e+23	3.94e-04	2.96e-01	7.03e-01
 1.03417e+23	4.57e-04	3.33e-01	6.67e-01
 1.06420e+23	5.28e-04	3.74e-01	6.26e-01
 1.08845e+23	5.96e-04	4.10e-01	5.89e-01
 1.11362e+23	6.68e-04	4.49e-01	5.50e-01
 1.14636e+23	7.70e-04	5.01e-01	4.98e-01
 1.18094e+23	8.91e-04	5.59e-01	4.41e-01
 1.21059e+23	1.00e-03	6.07e-01	3.92e-01
 1.24177e+23	1.12e-03	6.54e-01	3.45e-01
 1.28232e+23	1.26e-03	7.08e-01	2.91e-01
 1.32369e+23	1.42e-03	7.56e-01	2.42e-01
 1.35714e+23	1.55e-03	7.89e-01	2.09e-01
 1.39163e+23	1.67e-03	8.18e-01	1.81e-01
 1.43645e+23	1.82e-03	8.47e-01	1.51e-01
 1.48853e+23	1.99e-03	8.74e-01	1.24e-01
 1.54091e+23	2.16e-03	8.95e-01	1.03e-01
 1.59341e+23	2.32e-03	9.11e-01	8.64e-02
 1.65196e+23	2.48e-03	9.25e-01	7.26e-02
 1.71796e+23	2.66e-03	9.37e-01	6.08e-02
 1.78534e+23	2.84e-03	9.45e-01	5.17e-02
 1.85120e+23	3.01e-03	9.52e-01	4.48e-02
 1.92228e+23	3.17e-03	9.58e-01	3.91e-02
 2.00040e+23	3.36e-03	9.63e-01	3.41e-02
 2.08166e+23	3.54e-03	9.66e-01	3.01e-02
 2.16616e+23	3.71e-03	9.70e-01	2.68e-02
 2.25151e+23	3.89e-03	9.72e-01	2.41e-02
 2.33184e+23	4.05e-03	9.74e-01	2.21e-02
 2.40414e+23	4.20e-03	9.75e-01	2.06e-02
 2.46921e+23	4.32e-03	9.76e-01	1.95e-02
 2.52777e+23	4.43e-03	9.77e-01	1.85e-02
 2.58047e+23	4.51e-03	9.78e-01	1.78e-02
 2.62791e+23	4.59e-03	9.78e-01	1.72e-02
 2.67060e+23	4.69e-03	9.79e-01	1.67e-02
 2.70902e+23	4.74e-03	9.79e-01	1.63e-02
 2.74360e+23	4.81e-03	9.79e-01	1.59e-02
 2.77525e+23	4.86e-03	9.80e-01	1.56e-02
 2.80580e+23	4.90e-03	9.80e-01	1.54e-02
 2.83635e+23	4.95e-03	9.80e-01	1.51e-02
 2.86690e+23	4.99e-03	9.80e-01	1.49e-02
 2.89745e+23	5.03e-03	9.80e-01	1.47e-02
 2.92800e+23	5.07e-03	9.80e-01	1.45e-02
 2.95854e+23	5.11e-03	9.81e-01	1.43e-02
 2.98909e+23	5.15e-03	9.81e-01	1.41e-02
 3.01964e+23	5.18e-03	9.81e-01	1.40e-02
 3.04487e+23	5.23e-03	9.81e-01	1.38e-02
