#depth	Mg	Mg+	Mg+2	Mg+3	Mg+4	Mg+5	Mg+6	Mg+7	Mg+8	Mg+9	Mg+10	Mg+11	Mg+12
 6.17135e+19	0.00e+00	0.00e+00	0.00e+00	0.00e+00	0.00e+00	0.00e+00	0.00e+00	1.29e-28	2.92e-22	3.65e-16	8.22e-10	5.56e-05	1.00e+00
 1.87609e+20	0.00e+00	0.00e+00	0.00e+00	0.00e+00	0.00e+00	0.00e+00	0.00e+00	1.92e-28	4.00e-22	4.61e-16	9.61e-10	6.01e-05	1.00e+00
 3.18540e+20	0.00e+00	0.00e+00	0.00e+00	0.00e+00	0.00e+00	0.00e+00	0.00e+00	2.83e-28	5.46e-22	5.82e-16	1.12e-09	6.50e-05	1.00e+00
 4.54709e+20	0.00e+00	0.00e+00	0.00e+00	0.00e+00	0.00e+00	0.00e+00	0.00e+00	4.16e-28	7.45e-22	7.35e-16	1.31e-09	7.02e-05	1.00e+00
 5.96324e+20	0.00e+00	0.00e+00	0.00e+00	0.00e+00	0.00e+00	0.00e+00	0.00e+00	6.13e-28	1.01e-21	9.27e-16	1.53e-09	7.59e-05	1.00e+00
 7.43604e+20	0.00e+00	0.00e+00	0.00e+00	0.00e+00	0.00e+00	0.00e+00	0.00e+00	9.03e-28	1.38e-21	1.17e-15	1.79e-09	8.20e-05	1.00e+00
 8.96775e+20	0.00e+00	0.00e+00	0.00e+00	0.00e+00	0.00e+00	0.00e+00	0.00e+00	1.33e-27	1.89e-21	1.47e-15	2.08e-09	8.86e-05	1.00e+00
 1.05607e+21	0.00e+00	0.00e+00	0.00e+00	0.00e+00	0.00e+00	0.00e+00	0.00e+00	1.96e-27	2.57e-21	1.86e-15	2.43e-09	9.57e-05	1.00e+00
 1.22174e+21	0.00e+00	0.00e+00	0.00e+00	0.00e+00	0.00e+00	0.00e+00	0.00e+00	2.88e-27	3.50e-21	2.35e-15	2.84e-09	1.03e-04	1.00e+00
 1.39404e+21	0.00e+00	0.00e+00	0.00e+00	0.00e+00	0.00e+00	0.00e+00	0.00e+00	4.24e-27	4.77e-21	2.96e-15	3.32e-09	1.12e-04	1.00e+00
 1.57323e+21	0.00e+00	0.00e+00	0.00e+00	0.00e+00	0.00e+00	0.00e+00	0.00e+00	6.25e-27	6.50e-21	3.73e-15	3.87e-09	1.21e-04	1.00e+00
 1.75958e+21	0.00e+00	0.00e+00	0.00e+00	0.00e+00	0.00e+00	0.00e+00	0.00e+00	9.19e-27	8.85e-21	4.70e-15	4.52e-09	1.30e-04	1.00e+00
 1.95339e+21	0.00e+00	0.00e+00	0.00e+00	0.00e+00	0.00e+00	0.00e+00	0.00e+00	1.33e-26	1.21e-20	5.93e-15	5.27e-09	1.41e-04	1.00e+00
 2.15496e+21	0.00e+00	0.00e+00	0.00e+00	0.00e+00	0.00e+00	0.00e+00	0.00e+00	1.95e-26	1.64e-20	7.47e-15	6.15e-09	1.52e-04	1.00e+00
 2.36458e+21	0.00e+00	0.00e+00	0.00e+00	0.00e+00	0.00e+00	0.00e+00	0.00e+00	2.87e-26	2.23e-20	9.42e-15	7.18e-09	1.64e-04	1.00e+00
 2.58259e+21	0.00e+00	0.00e+00	0.00e+00	0.00e+00	0.00e+00	0.00e+00	0.00e+00	4.23e-26	3.04e-20	1.19e-14	8.37e-09	1.77e-04	1.00e+00
 2.80932e+21	0.00e+00	0.00e+00	0.00e+00	0.00e+00	0.00e+00	0.00e+00	0.00e+00	6.21e-26	4.14e-20	1.50e-14	9.77e-09	1.92e-04	1.00e+00
 3.04512e+21	0.00e+00	0.00e+00	0.00e+00	0.00e+00	0.00e+00	0.00e+00	0.00e+00	9.12e-26	5.63e-20	1.88e-14	1.14e-08	2.07e-04	1.00e+00
 3.29036e+21	0.00e+00	0.00e+00	0.00e+00	0.00e+00	0.00e+00	0.00e+00	0.00e+00	1.34e-25	7.66e-20	2.37e-14	1.33e-08	2.24e-04	1.00e+00
 3.54540e+21	0.00e+00	0.00e+00	0.00e+00	0.00e+00	0.00e+00	0.00e+00	0.00e+00	1.97e-25	1.04e-19	2.99e-14	1.55e-08	2.41e-04	1.00e+00
 3.81064e+21	0.00e+00	0.00e+00	0.00e+00	0.00e+00	0.00e+00	0.00e+00	0.00e+00	2.89e-25	1.42e-19	3.76e-14	1.81e-08	2.61e-04	1.00e+00
 4.08649e+21	0.00e+00	0.00e+00	0.00e+00	0.00e+00	0.00e+00	0.00e+00	0.00e+00	4.24e-25	1.92e-19	4.73e-14	2.11e-08	2.81e-04	1.00e+00
 4.37338e+21	0.00e+00	0.00e+00	0.00e+00	0.00e+00	0.00e+00	0.00e+00	0.00e+00	6.22e-25	2.61e-19	5.95e-14	2.45e-08	3.04e-04	1.00e+00
 4.67174e+21	0.00e+00	0.00e+00	0.00e+00	0.00e+00	0.00e+00	0.00e+00	0.00e+00	9.12e-25	3.55e-19	7.49e-14	2.86e-08	3.28e-04	1.00e+00
 4.98204e+21	0.00e+00	0.00e+00	0.00e+00	0.00e+00	0.00e+00	0.00e+00	0.00e+00	1.34e-24	4.82e-19	9.42e-14	3.33e-08	3.54e-04	1.00e+00
 5.30475e+21	0.00e+00	0.00e+00	0.00e+00	0.00e+00	0.00e+00	0.00e+00	0.00e+00	1.96e-24	6.54e-19	1.18e-13	3.88e-08	3.82e-04	1.00e+00
 5.64036e+21	0.00e+00	0.00e+00	0.00e+00	0.00e+00	0.00e+00	0.00e+00	0.00e+00	2.87e-24	8.88e-19	1.49e-13	4.52e-08	4.13e-04	1.00e+00
 5.98940e+21	0.00e+00	0.00e+00	0.00e+00	0.00e+00	0.00e+00	0.00e+00	0.00e+00	4.20e-24	1.20e-18	1.87e-13	5.27e-08	4.45e-04	1.00e+00
 6.35241e+21	0.00e+00	0.00e+00	0.00e+00	0.00e+00	0.00e+00	0.00e+00	0.00e+00	6.15e-24	1.63e-18	2.35e-13	6.14e-08	4.81e-04	1.00e+00
 6.72993e+21	0.00e+00	0.00e+00	0.00e+00	0.00e+00	0.00e+00	0.00e+00	0.00e+00	9.00e-24	2.21e-18	2.96e-13	7.15e-08	5.19e-04	9.99e-01
 7.12255e+21	0.00e+00	0.00e+00	0.00e+00	0.00e+00	0.00e+00	0.00e+00	0.00e+00	1.32e-23	3.00e-18	3.71e-13	8.32e-08	5.60e-04	9.99e-01
 7.53088e+21	0.00e+00	0.00e+00	0.00e+00	0.00e+00	0.00e+00	0.00e+00	0.00e+00	1.92e-23	4.07e-18	4.66e-13	9.68e-08	6.04e-04	9.99e-01
 7.95555e+21	0.00e+00	0.00e+00	0.00e+00	0.00e+00	0.00e+00	0.00e+00	0.00e+00	2.81e-23	5.51e-18	5.85e-13	1.13e-07	6.51e-04	9.99e-01
 8.39719e+21	0.00e+00	0.00e+00	0.00e+00	0.00e+00	0.00e+00	0.00e+00	1.19e-28	4.11e-23	7.45e-18	7.34e-13	1.31e-07	7.02e-04	9.99e-01
 8.85651e+21	0.00e+00	0.00e+00	0.00e+00	0.00e+00	0.00e+00	0.00e+00	1.87e-28	5.99e-23	1.01e-17	9.21e-13	1.53e-07	7.58e-04	9.99e-01
 9.33420e+21	0.00e+00	0.00e+00	0.00e+00	0.00e+00	0.00e+00	0.00e+00	2.95e-28	8.75e-23	1.36e-17	1.15e-12	1.77e-07	8.17e-04	9.99e-01
 9.83099e+21	0.00e+00	0.00e+00	0.00e+00	0.00e+00	0.00e+00	0.00e+00	4.63e-28	1.28e-22	1.84e-17	1.45e-12	2.06e-07	8.81e-04	9.99e-01
 1.03477e+22	0.00e+00	0.00e+00	0.00e+00	0.00e+00	0.00e+00	0.00e+00	7.28e-28	1.86e-22	2.49e-17	1.81e-12	2.40e-07	9.50e-04	9.99e-01
 1.08850e+22	0.00e+00	0.00e+00	0.00e+00	0.00e+00	0.00e+00	0.00e+00	1.14e-27	2.71e-22	3.37e-17	2.27e-12	2.79e-07	1.02e-03	9.99e-01
 1.14438e+22	0.00e+00	0.00e+00	0.00e+00	0.00e+00	0.00e+00	0.00e+00	1.80e-27	3.94e-22	4.55e-17	2.85e-12	3.24e-07	1.10e-03	9.99e-01
 1.20250e+22	0.00e+00	0.00e+00	0.00e+00	0.00e+00	0.00e+00	0.00e+00	2.82e-27	5.74e-22	6.14e-17	3.56e-12	3.76e-07	1.19e-03	9.99e-01
 1.25929e+22	0.00e+00	0.00e+00	0.00e+00	0.00e+00	0.00e+00	0.00e+00	4.31e-27	8.17e-22	8.14e-17	4.40e-12	4.33e-07	1.28e-03	9.99e-01
 1.31333e+22	0.00e+00	0.00e+00	0.00e+00	0.00e+00	0.00e+00	0.00e+00	6.35e-27	1.13e-21	1.05e-16	5.34e-12	4.93e-07	1.36e-03	9.99e-01
 1.37319e+22	0.00e+00	0.00e+00	0.00e+00	0.00e+00	0.00e+00	0.00e+00	9.59e-27	1.59e-21	1.39e-16	6.56e-12	5.66e-07	1.46e-03	9.99e-01
 1.44046e+22	0.00e+00	0.00e+00	0.00e+00	0.00e+00	0.00e+00	0.00e+00	1.50e-26	2.31e-21	1.87e-16	8.21e-12	6.57e-07	1.57e-03	9.98e-01
 1.50660e+22	0.00e+00	0.00e+00	0.00e+00	0.00e+00	0.00e+00	0.00e+00	2.28e-26	3.29e-21	2.48e-16	1.01e-11	7.56e-07	1.69e-03	9.98e-01
 1.57022e+22	0.00e+00	0.00e+00	0.00e+00	0.00e+00	0.00e+00	0.00e+00	3.38e-26	4.56e-21	3.22e-16	1.23e-11	8.61e-07	1.80e-03	9.98e-01
 1.64022e+22	0.00e+00	0.00e+00	0.00e+00	0.00e+00	0.00e+00	0.00e+00	5.11e-26	6.44e-21	4.23e-16	1.51e-11	9.89e-07	1.93e-03	9.98e-01
 1.71817e+22	0.00e+00	0.00e+00	0.00e+00	0.00e+00	0.00e+00	0.00e+00	7.98e-26	9.33e-21	5.70e-16	1.89e-11	1.15e-06	2.08e-03	9.98e-01
 1.79535e+22	0.00e+00	0.00e+00	0.00e+00	0.00e+00	0.00e+00	0.00e+00	1.22e-25	1.33e-20	7.55e-16	2.33e-11	1.32e-06	2.23e-03	9.98e-01
 1.87562e+22	0.00e+00	0.00e+00	0.00e+00	0.00e+00	0.00e+00	0.00e+00	1.86e-25	1.89e-20	9.99e-16	2.88e-11	1.52e-06	2.39e-03	9.98e-01
 1.96074e+22	0.00e+00	0.00e+00	0.00e+00	0.00e+00	0.00e+00	0.00e+00	2.87e-25	2.70e-20	1.33e-15	3.57e-11	1.75e-06	2.57e-03	9.97e-01
 2.04411e+22	0.00e+00	0.00e+00	0.00e+00	0.00e+00	0.00e+00	0.00e+00	4.31e-25	3.80e-20	1.75e-15	4.37e-11	2.01e-06	2.75e-03	9.97e-01
 2.13306e+22	0.00e+00	0.00e+00	0.00e+00	0.00e+00	0.00e+00	0.00e+00	6.53e-25	5.36e-20	2.30e-15	5.37e-11	2.31e-06	2.95e-03	9.97e-01
 2.22868e+22	0.00e+00	0.00e+00	0.00e+00	0.00e+00	0.00e+00	0.00e+00	1.01e-24	7.69e-20	3.07e-15	6.65e-11	2.66e-06	3.17e-03	9.97e-01
 2.32249e+22	0.00e+00	0.00e+00	0.00e+00	0.00e+00	0.00e+00	0.00e+00	1.51e-24	1.08e-19	4.02e-15	8.15e-11	3.05e-06	3.39e-03	9.97e-01
 2.42210e+22	0.00e+00	0.00e+00	0.00e+00	0.00e+00	0.00e+00	0.00e+00	2.29e-24	1.52e-19	5.29e-15	1.00e-10	3.50e-06	3.63e-03	9.96e-01
 2.53133e+22	0.00e+00	0.00e+00	0.00e+00	0.00e+00	0.00e+00	0.00e+00	3.55e-24	2.20e-19	7.08e-15	1.24e-10	4.05e-06	3.91e-03	9.96e-01
 2.63112e+22	0.00e+00	0.00e+00	0.00e+00	0.00e+00	0.00e+00	0.00e+00	5.24e-24	3.04e-19	9.16e-15	1.51e-10	4.60e-06	4.17e-03	9.96e-01
 2.71584e+22	0.00e+00	0.00e+00	0.00e+00	0.00e+00	0.00e+00	0.00e+00	7.19e-24	3.95e-19	1.13e-14	1.76e-10	5.11e-06	4.39e-03	9.96e-01
 2.80924e+22	0.00e+00	0.00e+00	0.00e+00	0.00e+00	0.00e+00	0.00e+00	1.01e-23	5.22e-19	1.41e-14	2.08e-10	5.71e-06	4.64e-03	9.95e-01
 2.92545e+22	0.00e+00	0.00e+00	0.00e+00	0.00e+00	0.00e+00	0.00e+00	1.51e-23	7.33e-19	1.85e-14	2.54e-10	6.54e-06	4.97e-03	9.95e-01
 3.04364e+22	0.00e+00	0.00e+00	0.00e+00	0.00e+00	0.00e+00	1.70e-28	2.27e-23	1.02e-18	2.41e-14	3.10e-10	7.47e-06	5.31e-03	9.95e-01
 3.14714e+22	0.00e+00	0.00e+00	0.00e+00	0.00e+00	0.00e+00	2.52e-28	3.17e-23	1.35e-18	3.01e-14	3.66e-10	8.35e-06	5.62e-03	9.94e-01
 3.25919e+22	0.00e+00	0.00e+00	0.00e+00	0.00e+00	0.00e+00	3.80e-28	4.50e-23	1.81e-18	3.79e-14	4.35e-10	9.38e-06	5.95e-03	9.94e-01
 3.39514e+22	0.00e+00	0.00e+00	0.00e+00	0.00e+00	0.00e+00	6.18e-28	6.82e-23	2.56e-18	4.99e-14	5.33e-10	1.08e-05	6.38e-03	9.94e-01
 3.52953e+22	0.00e+00	0.00e+00	0.00e+00	0.00e+00	0.00e+00	9.84e-28	1.02e-22	3.56e-18	6.49e-14	6.48e-10	1.23e-05	6.81e-03	9.93e-01
 3.64712e+22	0.00e+00	0.00e+00	0.00e+00	0.00e+00	0.00e+00	1.45e-27	1.42e-22	4.69e-18	8.08e-14	7.63e-10	1.37e-05	7.20e-03	9.93e-01
 3.77550e+22	0.00e+00	0.00e+00	0.00e+00	0.00e+00	0.00e+00	2.19e-27	2.01e-22	6.27e-18	1.02e-13	9.05e-10	1.54e-05	7.62e-03	9.92e-01
 3.93120e+22	0.00e+00	0.00e+00	0.00e+00	0.00e+00	0.00e+00	3.54e-27	3.03e-22	8.81e-18	1.33e-13	1.11e-09	1.76e-05	8.16e-03	9.92e-01
 4.08606e+22	0.00e+00	0.00e+00	0.00e+00	0.00e+00	0.00e+00	5.67e-27	4.54e-22	1.23e-17	1.74e-13	1.35e-09	2.01e-05	8.72e-03	9.91e-01
 4.21050e+22	0.00e+00	0.00e+00	0.00e+00	0.00e+00	0.00e+00	8.14e-27	6.18e-22	1.59e-17	2.13e-13	1.57e-09	2.22e-05	9.17e-03	9.91e-01
 4.33174e+22	0.00e+00	0.00e+00	0.00e+00	0.00e+00	0.00e+00	1.14e-26	8.24e-22	2.02e-17	2.57e-13	1.80e-09	2.44e-05	9.62e-03	9.90e-01
 4.48934e+22	0.00e+00	0.00e+00	0.00e+00	0.00e+00	0.00e+00	1.76e-26	1.19e-21	2.74e-17	3.28e-13	2.16e-09	2.76e-05	1.02e-02	9.90e-01
 4.65328e+22	0.00e+00	0.00e+00	0.00e+00	0.00e+00	0.00e+00	2.73e-26	1.74e-21	3.75e-17	4.20e-13	2.59e-09	3.12e-05	1.09e-02	9.89e-01
 4.78739e+22	0.00e+00	0.00e+00	0.00e+00	0.00e+00	0.00e+00	3.85e-26	2.33e-21	4.78e-17	5.09e-13	2.99e-09	3.43e-05	1.14e-02	9.89e-01
 4.92369e+22	0.00e+00	0.00e+00	0.00e+00	0.00e+00	0.00e+00	5.38e-26	3.10e-21	6.06e-17	6.13e-13	3.43e-09	3.77e-05	1.20e-02	9.88e-01
 5.10089e+22	0.00e+00	0.00e+00	0.00e+00	0.00e+00	0.00e+00	8.16e-26	4.42e-21	8.13e-17	7.74e-13	4.07e-09	4.24e-05	1.27e-02	9.87e-01
 5.28873e+22	0.00e+00	0.00e+00	0.00e+00	0.00e+00	0.00e+00	1.29e-25	6.53e-21	1.12e-16	9.97e-13	4.91e-09	4.81e-05	1.35e-02	9.86e-01
 5.44338e+22	0.00e+00	0.00e+00	0.00e+00	0.00e+00	0.00e+00	1.84e-25	8.86e-21	1.45e-16	1.22e-12	5.69e-09	5.31e-05	1.42e-02	9.86e-01
 5.59740e+22	0.00e+00	0.00e+00	0.00e+00	0.00e+00	0.00e+00	2.57e-25	1.18e-20	1.83e-16	1.47e-12	6.52e-09	5.83e-05	1.49e-02	9.85e-01
 5.76361e+22	0.00e+00	0.00e+00	0.00e+00	0.00e+00	0.00e+00	3.71e-25	1.61e-20	2.37e-16	1.80e-12	7.59e-09	6.46e-05	1.57e-02	9.84e-01
 5.90778e+22	0.00e+00	0.00e+00	0.00e+00	0.00e+00	0.00e+00	5.05e-25	2.09e-20	2.94e-16	2.13e-12	8.60e-09	7.03e-05	1.63e-02	9.84e-01
 6.05730e+22	0.00e+00	0.00e+00	0.00e+00	0.00e+00	0.00e+00	6.83e-25	2.71e-20	3.64e-16	2.52e-12	9.74e-09	7.65e-05	1.70e-02	9.83e-01
 6.25166e+22	0.00e+00	0.00e+00	0.00e+00	0.00e+00	0.00e+00	9.89e-25	3.72e-20	4.73e-16	3.10e-12	1.13e-08	8.47e-05	1.79e-02	9.82e-01
 6.45358e+22	0.00e+00	0.00e+00	0.00e+00	0.00e+00	0.00e+00	1.49e-24	5.27e-20	6.32e-16	3.89e-12	1.34e-08	9.48e-05	1.90e-02	9.81e-01
 6.61234e+22	0.00e+00	0.00e+00	0.00e+00	0.00e+00	0.00e+00	2.02e-24	6.83e-20	7.83e-16	4.61e-12	1.52e-08	1.03e-04	1.98e-02	9.80e-01
 6.76576e+22	0.00e+00	0.00e+00	0.00e+00	0.00e+00	0.00e+00	2.67e-24	8.66e-20	9.53e-16	5.37e-12	1.70e-08	1.11e-04	2.06e-02	9.79e-01
 6.96522e+22	0.00e+00	0.00e+00	0.00e+00	0.00e+00	0.00e+00	3.81e-24	1.17e-19	1.22e-15	6.55e-12	1.96e-08	1.23e-04	2.16e-02	9.78e-01
 7.17600e+22	0.00e+00	0.00e+00	0.00e+00	0.00e+00	0.00e+00	5.49e-24	1.60e-19	1.58e-15	8.02e-12	2.28e-08	1.36e-04	2.27e-02	9.77e-01
 7.35422e+22	0.00e+00	0.00e+00	0.00e+00	0.00e+00	0.00e+00	7.54e-24	2.10e-19	1.98e-15	9.55e-12	2.59e-08	1.48e-04	2.37e-02	9.76e-01
 7.50102e+22	0.00e+00	0.00e+00	0.00e+00	0.00e+00	0.00e+00	9.79e-24	2.62e-19	2.38e-15	1.10e-11	2.88e-08	1.59e-04	2.46e-02	9.75e-01
 7.65423e+22	0.00e+00	0.00e+00	0.00e+00	0.00e+00	0.00e+00	1.23e-23	3.20e-19	2.80e-15	1.26e-11	3.17e-08	1.70e-04	2.54e-02	9.74e-01
 7.85342e+22	0.00e+00	0.00e+00	0.00e+00	0.00e+00	1.65e-28	1.68e-23	4.15e-19	3.48e-15	1.49e-11	3.59e-08	1.85e-04	2.64e-02	9.73e-01
 8.06526e+22	0.00e+00	0.00e+00	0.00e+00	0.00e+00	2.40e-28	2.33e-23	5.49e-19	4.39e-15	1.78e-11	4.10e-08	2.02e-04	2.76e-02	9.72e-01
 8.24710e+22	0.00e+00	0.00e+00	0.00e+00	0.00e+00	3.35e-28	3.11e-23	7.03e-19	5.38e-15	2.09e-11	4.61e-08	2.18e-04	2.87e-02	9.71e-01
 8.40925e+22	0.00e+00	0.00e+00	0.00e+00	0.00e+00	4.42e-28	3.96e-23	8.63e-19	6.38e-15	2.39e-11	5.09e-08	2.33e-04	2.97e-02	9.70e-01
 8.59226e+22	0.00e+00	0.00e+00	0.00e+00	0.00e+00	5.93e-28	5.11e-23	1.07e-18	7.63e-15	2.75e-11	5.65e-08	2.50e-04	3.07e-02	9.69e-01
 8.83017e+22	0.00e+00	0.00e+00	0.00e+00	0.00e+00	8.47e-28	6.97e-23	1.40e-18	9.50e-15	3.27e-11	6.41e-08	2.72e-04	3.20e-02	9.68e-01
 9.08159e+22	0.00e+00	0.00e+00	0.00e+00	0.00e+00	1.28e-27	1.00e-22	1.90e-18	1.23e-14	3.99e-11	7.42e-08	3.00e-04	3.36e-02	9.66e-01
 9.28541e+22	0.00e+00	0.00e+00	0.00e+00	0.00e+00	1.78e-27	1.33e-22	2.42e-18	1.50e-14	4.67e-11	8.32e-08	3.24e-04	3.49e-02	9.65e-01
 9.44643e+22	0.00e+00	0.00e+00	0.00e+00	0.00e+00	2.29e-27	1.65e-22	2.92e-18	1.75e-14	5.27e-11	9.10e-08	3.44e-04	3.60e-02	9.64e-01
 9.61699e+22	0.00e+00	0.00e+00	0.00e+00	0.00e+00	2.90e-27	2.03e-22	3.48e-18	2.02e-14	5.91e-11	9.89e-08	3.64e-04	3.70e-02	9.63e-01
 9.83871e+22	0.00e+00	0.00e+00	0.00e+00	0.00e+00	3.93e-27	2.64e-22	4.36e-18	2.44e-14	6.84e-11	1.10e-07	3.91e-04	3.83e-02	9.61e-01
 1.00823e+23	0.00e+00	0.00e+00	0.00e+00	0.00e+00	5.45e-27	3.52e-22	5.56e-18	2.98e-14	8.02e-11	1.24e-07	4.22e-04	3.98e-02	9.60e-01
 1.03045e+23	0.00e+00	0.00e+00	0.00e+00	0.00e+00	7.51e-27	4.64e-22	7.06e-18	3.63e-14	9.35e-11	1.38e-07	4.55e-04	4.13e-02	9.58e-01
 1.05043e+23	0.00e+00	0.00e+00	0.00e+00	0.00e+00	9.75e-27	5.83e-22	8.56e-18	4.26e-14	1.06e-10	1.52e-07	4.84e-04	4.25e-02	9.57e-01
 1.07247e+23	0.00e+00	0.00e+00	0.00e+00	0.00e+00	1.28e-26	7.38e-22	1.05e-17	5.04e-14	1.21e-10	1.67e-07	5.16e-04	4.39e-02	9.56e-01
 1.10113e+23	0.00e+00	0.00e+00	0.00e+00	0.00e+00	1.78e-26	9.81e-22	1.34e-17	6.16e-14	1.42e-10	1.88e-07	5.57e-04	4.56e-02	9.54e-01
 1.13127e+23	0.00e+00	0.00e+00	0.00e+00	0.00e+00	2.60e-26	1.37e-21	1.78e-17	7.80e-14	1.70e-10	2.15e-07	6.10e-04	4.76e-02	9.52e-01
 1.15544e+23	0.00e+00	0.00e+00	0.00e+00	0.00e+00	3.51e-26	1.77e-21	2.22e-17	9.38e-14	1.97e-10	2.39e-07	6.54e-04	4.92e-02	9.50e-01
 1.17568e+23	0.00e+00	0.00e+00	0.00e+00	0.00e+00	4.36e-26	2.14e-21	2.61e-17	1.07e-13	2.18e-10	2.58e-07	6.88e-04	5.05e-02	9.49e-01
 1.19869e+23	0.00e+00	0.00e+00	0.00e+00	0.00e+00	5.60e-26	2.66e-21	3.14e-17	1.25e-13	2.46e-10	2.82e-07	7.30e-04	5.19e-02	9.47e-01
 1.22860e+23	0.00e+00	0.00e+00	0.00e+00	0.00e+00	7.51e-26	3.44e-21	3.90e-17	1.50e-13	2.84e-10	3.13e-07	7.82e-04	5.37e-02	9.46e-01
 1.26157e+23	0.00e+00	0.00e+00	0.00e+00	0.00e+00	1.06e-25	4.64e-21	5.05e-17	1.86e-13	3.36e-10	3.54e-07	8.47e-04	5.58e-02	9.43e-01
 1.29054e+23	0.00e+00	0.00e+00	0.00e+00	0.00e+00	1.44e-25	6.06e-21	6.34e-17	2.24e-13	3.89e-10	3.95e-07	9.10e-04	5.78e-02	9.41e-01
 1.31548e+23	0.00e+00	0.00e+00	0.00e+00	0.00e+00	1.84e-25	7.49e-21	7.60e-17	2.61e-13	4.38e-10	4.31e-07	9.63e-04	5.94e-02	9.40e-01
 1.34316e+23	0.00e+00	0.00e+00	0.00e+00	0.00e+00	2.33e-25	9.21e-21	9.07e-17	3.02e-13	4.91e-10	4.69e-07	1.02e-03	6.10e-02	9.38e-01
 1.37914e+23	0.00e+00	0.00e+00	0.00e+00	0.00e+00	3.07e-25	1.17e-20	1.11e-16	3.58e-13	5.62e-10	5.17e-07	1.09e-03	6.30e-02	9.36e-01
 1.42591e+23	0.00e+00	0.00e+00	0.00e+00	0.00e+00	4.41e-25	1.60e-20	1.46e-16	4.48e-13	6.69e-10	5.88e-07	1.18e-03	6.56e-02	9.33e-01
 1.47386e+23	0.00e+00	0.00e+00	0.00e+00	0.00e+00	6.73e-25	2.32e-20	2.00e-16	5.82e-13	8.21e-10	6.84e-07	1.30e-03	6.87e-02	9.30e-01
 1.50910e+23	0.00e+00	0.00e+00	0.00e+00	0.00e+00	9.16e-25	3.03e-20	2.52e-16	7.04e-13	9.54e-10	7.63e-07	1.40e-03	7.11e-02	9.27e-01
 1.53544e+23	0.00e+00	0.00e+00	0.00e+00	0.00e+00	1.11e-24	3.58e-20	2.90e-16	7.94e-13	1.05e-09	8.18e-07	1.47e-03	7.27e-02	9.26e-01
 1.56444e+23	0.00e+00	0.00e+00	0.00e+00	0.00e+00	1.34e-24	4.23e-20	3.35e-16	8.93e-13	1.15e-09	8.75e-07	1.53e-03	7.43e-02	9.24e-01
 1.60214e+23	0.00e+00	0.00e+00	0.00e+00	0.00e+00	1.70e-24	5.20e-20	4.00e-16	1.03e-12	1.29e-09	9.52e-07	1.62e-03	7.63e-02	9.22e-01
 1.65116e+23	0.00e+00	0.00e+00	0.00e+00	0.00e+00	2.21e-24	6.52e-20	4.85e-16	1.22e-12	1.46e-09	1.05e-06	1.72e-03	7.85e-02	9.20e-01
 1.71305e+23	0.00e+00	0.00e+00	0.00e+00	0.00e+00	3.06e-24	8.67e-20	6.19e-16	1.49e-12	1.72e-09	1.18e-06	1.86e-03	8.14e-02	9.17e-01
 1.77805e+23	0.00e+00	0.00e+00	0.00e+00	0.00e+00	4.47e-24	1.20e-19	8.21e-16	1.88e-12	2.06e-09	1.34e-06	2.03e-03	8.48e-02	9.13e-01
 1.83290e+23	0.00e+00	0.00e+00	0.00e+00	0.00e+00	6.08e-24	1.58e-19	1.03e-15	2.28e-12	2.40e-09	1.50e-06	2.18e-03	8.78e-02	9.10e-01
 1.87916e+23	0.00e+00	0.00e+00	0.00e+00	0.00e+00	7.46e-24	1.88e-19	1.20e-15	2.59e-12	2.65e-09	1.62e-06	2.29e-03	8.98e-02	9.08e-01
 1.93028e+23	0.00e+00	0.00e+00	0.00e+00	0.00e+00	9.18e-24	2.25e-19	1.41e-15	2.95e-12	2.93e-09	1.74e-06	2.40e-03	9.18e-02	9.06e-01
 1.99674e+23	0.00e+00	0.00e+00	0.00e+00	0.00e+00	1.17e-23	2.78e-19	1.68e-15	3.42e-12	3.29e-09	1.90e-06	2.54e-03	9.43e-02	9.03e-01
 2.07561e+23	0.00e+00	0.00e+00	0.00e+00	0.00e+00	1.50e-23	3.45e-19	2.03e-15	4.00e-12	3.72e-09	2.07e-06	2.69e-03	9.69e-02	9.00e-01
 2.15987e+23	0.00e+00	0.00e+00	0.00e+00	0.00e+00	1.94e-23	4.32e-19	2.46e-15	4.70e-12	4.22e-09	2.28e-06	2.85e-03	9.96e-02	8.98e-01
 2.24543e+23	0.00e+00	0.00e+00	0.00e+00	0.00e+00	2.47e-23	5.34e-19	2.95e-15	5.47e-12	4.75e-09	2.48e-06	3.02e-03	1.02e-01	8.95e-01
 2.32636e+23	0.00e+00	0.00e+00	0.00e+00	0.00e+00	3.12e-23	6.55e-19	3.52e-15	6.33e-12	5.33e-09	2.70e-06	3.19e-03	1.05e-01	8.92e-01
 2.39921e+23	0.00e+00	0.00e+00	0.00e+00	0.00e+00	3.73e-23	7.64e-19	4.02e-15	7.07e-12	5.81e-09	2.88e-06	3.32e-03	1.07e-01	8.90e-01
 2.46477e+23	0.00e+00	0.00e+00	0.00e+00	0.00e+00	4.35e-23	8.74e-19	4.51e-15	7.79e-12	6.27e-09	3.04e-06	3.44e-03	1.09e-01	8.88e-01
 2.52378e+23	0.00e+00	0.00e+00	0.00e+00	0.00e+00	4.87e-23	9.65e-19	4.91e-15	8.36e-12	6.62e-09	3.17e-06	3.53e-03	1.10e-01	8.86e-01
 2.57688e+23	0.00e+00	0.00e+00	0.00e+00	5.40e-28	5.39e-23	1.05e-18	5.30e-15	8.91e-12	6.96e-09	3.29e-06	3.62e-03	1.11e-01	8.85e-01
 2.62467e+23	0.00e+00	0.00e+00	0.00e+00	5.87e-28	5.81e-23	1.12e-18	5.60e-15	9.33e-12	7.22e-09	3.38e-06	3.68e-03	1.12e-01	8.84e-01
 2.66769e+23	0.00e+00	0.00e+00	0.00e+00	6.33e-28	6.20e-23	1.19e-18	5.88e-15	9.72e-12	7.46e-09	3.46e-06	3.74e-03	1.13e-01	8.83e-01
 2.70640e+23	0.00e+00	0.00e+00	0.00e+00	6.73e-28	6.55e-23	1.25e-18	6.13e-15	1.01e-11	7.66e-09	3.53e-06	3.79e-03	1.14e-01	8.83e-01
 2.74124e+23	0.00e+00	0.00e+00	0.00e+00	7.07e-28	6.85e-23	1.30e-18	6.33e-15	1.03e-11	7.83e-09	3.58e-06	3.83e-03	1.14e-01	8.82e-01
 2.77302e+23	0.00e+00	0.00e+00	0.00e+00	7.34e-28	7.08e-23	1.34e-18	6.49e-15	1.06e-11	7.95e-09	3.63e-06	3.86e-03	1.15e-01	8.81e-01
 2.80357e+23	0.00e+00	0.00e+00	0.00e+00	7.45e-28	7.17e-23	1.35e-18	6.56e-15	1.06e-11	8.00e-09	3.64e-06	3.87e-03	1.15e-01	8.81e-01
 2.83412e+23	0.00e+00	0.00e+00	0.00e+00	7.59e-28	7.28e-23	1.37e-18	6.63e-15	1.07e-11	8.07e-09	3.66e-06	3.88e-03	1.15e-01	8.81e-01
 2.86466e+23	0.00e+00	0.00e+00	0.00e+00	7.77e-28	7.44e-23	1.40e-18	6.74e-15	1.09e-11	8.15e-09	3.69e-06	3.90e-03	1.15e-01	8.81e-01
 2.89521e+23	0.00e+00	0.00e+00	0.00e+00	7.89e-28	7.54e-23	1.41e-18	6.81e-15	1.10e-11	8.20e-09	3.71e-06	3.91e-03	1.15e-01	8.81e-01
 2.92576e+23	0.00e+00	0.00e+00	0.00e+00	7.99e-28	7.62e-23	1.43e-18	6.86e-15	1.11e-11	8.25e-09	3.72e-06	3.92e-03	1.16e-01	8.80e-01
 2.95631e+23	0.00e+00	0.00e+00	0.00e+00	8.05e-28	7.68e-23	1.43e-18	6.90e-15	1.11e-11	8.28e-09	3.73e-06	3.93e-03	1.16e-01	8.80e-01
 2.98686e+23	0.00e+00	0.00e+00	0.00e+00	8.10e-28	7.71e-23	1.44e-18	6.93e-15	1.11e-11	8.30e-09	3.74e-06	3.93e-03	1.16e-01	8.80e-01
 3.01741e+23	0.00e+00	0.00e+00	0.00e+00	8.15e-28	7.76e-23	1.45e-18	6.95e-15	1.12e-11	8.32e-09	3.75e-06	3.94e-03	1.16e-01	8.80e-01
 3.04375e+23	0.00e+00	0.00e+00	0.00e+00	8.52e-28	8.07e-23	1.50e-18	7.16e-15	1.15e-11	8.48e-09	3.80e-06	3.97e-03	1.16e-01	8.80e-01
