#depth	Mg	Mg+	Mg+2	Mg+3	Mg+4	Mg+5	Mg+6	Mg+7	Mg+8	Mg+9	Mg+10	Mg+11	Mg+12
 6.17135e+19	0.00e+00	0.00e+00	0.00e+00	0.00e+00	0.00e+00	0.00e+00	0.00e+00	1.46e-23	3.29e-18	3.88e-13	8.25e-08	5.57e-04	9.99e-01
 1.87609e+20	0.00e+00	0.00e+00	0.00e+00	0.00e+00	0.00e+00	0.00e+00	0.00e+00	2.16e-23	4.50e-18	4.90e-13	9.65e-08	6.02e-04	9.99e-01
 3.18540e+20	0.00e+00	0.00e+00	0.00e+00	0.00e+00	0.00e+00	0.00e+00	0.00e+00	3.19e-23	6.14e-18	6.19e-13	1.13e-07	6.51e-04	9.99e-01
 4.54709e+20	0.00e+00	0.00e+00	0.00e+00	0.00e+00	0.00e+00	0.00e+00	0.00e+00	4.71e-23	8.38e-18	7.81e-13	1.32e-07	7.04e-04	9.99e-01
 5.96324e+20	0.00e+00	0.00e+00	0.00e+00	0.00e+00	0.00e+00	0.00e+00	0.00e+00	6.94e-23	1.14e-17	9.86e-13	1.54e-07	7.61e-04	9.99e-01
 7.43604e+20	0.00e+00	0.00e+00	0.00e+00	0.00e+00	0.00e+00	0.00e+00	0.00e+00	1.02e-22	1.56e-17	1.24e-12	1.80e-07	8.22e-04	9.99e-01
 8.96775e+20	0.00e+00	0.00e+00	0.00e+00	0.00e+00	0.00e+00	0.00e+00	0.00e+00	1.51e-22	2.13e-17	1.57e-12	2.10e-07	8.88e-04	9.99e-01
 1.05607e+21	0.00e+00	0.00e+00	0.00e+00	0.00e+00	0.00e+00	0.00e+00	0.00e+00	2.23e-22	2.90e-17	1.98e-12	2.45e-07	9.60e-04	9.99e-01
 1.22174e+21	0.00e+00	0.00e+00	0.00e+00	0.00e+00	0.00e+00	0.00e+00	1.41e-27	3.28e-22	3.96e-17	2.50e-12	2.86e-07	1.04e-03	9.99e-01
 1.39404e+21	0.00e+00	0.00e+00	0.00e+00	0.00e+00	0.00e+00	0.00e+00	2.24e-27	4.84e-22	5.40e-17	3.16e-12	3.34e-07	1.12e-03	9.99e-01
 1.55868e+21	0.00e+00	0.00e+00	0.00e+00	0.00e+00	0.00e+00	0.00e+00	3.44e-27	6.92e-22	7.19e-17	3.91e-12	3.86e-07	1.20e-03	9.99e-01
 1.70981e+21	0.00e+00	0.00e+00	0.00e+00	0.00e+00	0.00e+00	0.00e+00	5.04e-27	9.51e-22	9.26e-17	4.73e-12	4.38e-07	1.28e-03	9.99e-01
 1.88074e+21	0.00e+00	0.00e+00	0.00e+00	0.00e+00	0.00e+00	0.00e+00	7.64e-27	1.34e-21	1.22e-16	5.82e-12	5.03e-07	1.38e-03	9.99e-01
 2.07861e+21	0.00e+00	0.00e+00	0.00e+00	0.00e+00	0.00e+00	0.00e+00	1.22e-26	1.98e-21	1.67e-16	7.33e-12	5.87e-07	1.49e-03	9.99e-01
 2.26953e+21	0.00e+00	0.00e+00	0.00e+00	0.00e+00	0.00e+00	0.00e+00	1.87e-26	2.84e-21	2.22e-16	9.10e-12	6.78e-07	1.60e-03	9.98e-01
 2.44617e+21	0.00e+00	0.00e+00	0.00e+00	0.00e+00	0.00e+00	0.00e+00	2.76e-26	3.91e-21	2.87e-16	1.10e-11	7.70e-07	1.70e-03	9.98e-01
 2.64553e+21	0.00e+00	0.00e+00	0.00e+00	0.00e+00	0.00e+00	0.00e+00	4.20e-26	5.56e-21	3.80e-16	1.36e-11	8.86e-07	1.83e-03	9.98e-01
 2.86864e+21	0.00e+00	0.00e+00	0.00e+00	0.00e+00	0.00e+00	0.00e+00	6.61e-26	8.11e-21	5.14e-16	1.70e-11	1.03e-06	1.97e-03	9.98e-01
 3.08061e+21	0.00e+00	0.00e+00	0.00e+00	0.00e+00	0.00e+00	0.00e+00	1.00e-25	1.15e-20	6.77e-16	2.10e-11	1.18e-06	2.11e-03	9.98e-01
 3.30719e+21	0.00e+00	0.00e+00	0.00e+00	0.00e+00	0.00e+00	0.00e+00	1.54e-25	1.64e-20	9.01e-16	2.60e-11	1.37e-06	2.27e-03	9.98e-01
 3.55314e+21	0.00e+00	0.00e+00	0.00e+00	0.00e+00	0.00e+00	0.00e+00	2.42e-25	2.39e-20	1.21e-15	3.25e-11	1.59e-06	2.44e-03	9.98e-01
 3.78501e+21	0.00e+00	0.00e+00	0.00e+00	0.00e+00	0.00e+00	0.00e+00	3.64e-25	3.35e-20	1.59e-15	3.98e-11	1.82e-06	2.62e-03	9.97e-01
 4.03592e+21	0.00e+00	0.00e+00	0.00e+00	0.00e+00	0.00e+00	0.00e+00	5.58e-25	4.79e-20	2.12e-15	4.92e-11	2.09e-06	2.81e-03	9.97e-01
 4.31479e+21	0.00e+00	0.00e+00	0.00e+00	0.00e+00	0.00e+00	0.00e+00	8.83e-25	7.01e-20	2.87e-15	6.18e-11	2.44e-06	3.03e-03	9.97e-01
 4.57921e+21	0.00e+00	0.00e+00	0.00e+00	0.00e+00	0.00e+00	0.00e+00	1.34e-24	9.94e-20	3.79e-15	7.60e-11	2.80e-06	3.25e-03	9.97e-01
 4.86020e+21	0.00e+00	0.00e+00	0.00e+00	0.00e+00	0.00e+00	0.00e+00	2.06e-24	1.42e-19	5.04e-15	9.41e-11	3.23e-06	3.49e-03	9.97e-01
 5.16956e+21	0.00e+00	0.00e+00	0.00e+00	0.00e+00	0.00e+00	0.00e+00	3.26e-24	2.08e-19	6.83e-15	1.18e-10	3.76e-06	3.77e-03	9.96e-01
 5.43840e+21	0.00e+00	0.00e+00	0.00e+00	0.00e+00	0.00e+00	0.00e+00	4.79e-24	2.86e-19	8.81e-15	1.43e-10	4.28e-06	4.02e-03	9.96e-01
 5.66039e+21	0.00e+00	0.00e+00	0.00e+00	0.00e+00	0.00e+00	0.00e+00	6.52e-24	3.70e-19	1.08e-14	1.66e-10	4.74e-06	4.23e-03	9.96e-01
 5.90580e+21	0.00e+00	0.00e+00	0.00e+00	0.00e+00	0.00e+00	0.00e+00	9.10e-24	4.88e-19	1.35e-14	1.96e-10	5.29e-06	4.47e-03	9.96e-01
 6.22483e+21	0.00e+00	0.00e+00	0.00e+00	0.00e+00	0.00e+00	0.00e+00	1.39e-23	6.92e-19	1.78e-14	2.41e-10	6.08e-06	4.79e-03	9.95e-01
 6.55460e+21	0.00e+00	0.00e+00	0.00e+00	0.00e+00	0.00e+00	0.00e+00	2.11e-23	9.81e-19	2.35e-14	2.97e-10	6.98e-06	5.14e-03	9.95e-01
 6.82986e+21	0.00e+00	0.00e+00	0.00e+00	0.00e+00	0.00e+00	0.00e+00	2.96e-23	1.30e-18	2.94e-14	3.51e-10	7.81e-06	5.43e-03	9.95e-01
 7.11923e+21	0.00e+00	0.00e+00	0.00e+00	0.00e+00	0.00e+00	0.00e+00	4.19e-23	1.74e-18	3.70e-14	4.16e-10	8.77e-06	5.76e-03	9.94e-01
 7.49016e+21	0.00e+00	0.00e+00	0.00e+00	0.00e+00	0.00e+00	0.00e+00	6.47e-23	2.49e-18	4.93e-14	5.15e-10	1.01e-05	6.18e-03	9.94e-01
 7.86418e+21	0.00e+00	0.00e+00	0.00e+00	0.00e+00	0.00e+00	0.00e+00	9.89e-23	3.54e-18	6.52e-14	6.34e-10	1.16e-05	6.63e-03	9.93e-01
 8.17074e+21	0.00e+00	0.00e+00	0.00e+00	0.00e+00	0.00e+00	1.38e-27	1.38e-22	4.68e-18	8.13e-14	7.48e-10	1.30e-05	7.01e-03	9.93e-01
 8.49252e+21	0.00e+00	0.00e+00	0.00e+00	0.00e+00	0.00e+00	2.07e-27	1.95e-22	6.23e-18	1.02e-13	8.85e-10	1.46e-05	7.42e-03	9.93e-01
 8.90959e+21	0.00e+00	0.00e+00	0.00e+00	0.00e+00	0.00e+00	3.44e-27	3.01e-22	8.93e-18	1.36e-13	1.09e-09	1.68e-05	7.98e-03	9.92e-01
 9.33516e+21	0.00e+00	0.00e+00	0.00e+00	0.00e+00	0.00e+00	5.70e-27	4.64e-22	1.28e-17	1.80e-13	1.35e-09	1.94e-05	8.57e-03	9.91e-01
 9.65485e+21	0.00e+00	0.00e+00	0.00e+00	0.00e+00	0.00e+00	8.24e-27	6.36e-22	1.66e-17	2.22e-13	1.58e-09	2.15e-05	9.02e-03	9.91e-01
 9.91053e+21	0.00e+00	0.00e+00	0.00e+00	0.00e+00	0.00e+00	1.10e-26	8.16e-22	2.04e-17	2.61e-13	1.78e-09	2.33e-05	9.40e-03	9.91e-01
 1.02012e+22	0.00e+00	0.00e+00	0.00e+00	0.00e+00	0.00e+00	1.52e-26	1.07e-21	2.56e-17	3.13e-13	2.03e-09	2.55e-05	9.83e-03	9.90e-01
 1.05790e+22	0.00e+00	0.00e+00	0.00e+00	0.00e+00	0.00e+00	2.28e-26	1.52e-21	3.41e-17	3.93e-13	2.40e-09	2.86e-05	1.04e-02	9.90e-01
 1.09781e+22	0.00e+00	0.00e+00	0.00e+00	0.00e+00	0.00e+00	3.51e-26	2.19e-21	4.62e-17	4.99e-13	2.87e-09	3.22e-05	1.11e-02	9.89e-01
 1.13152e+22	0.00e+00	0.00e+00	0.00e+00	0.00e+00	0.00e+00	4.99e-26	2.96e-21	5.93e-17	6.08e-13	3.32e-09	3.56e-05	1.16e-02	9.88e-01
 1.16640e+22	0.00e+00	0.00e+00	0.00e+00	0.00e+00	0.00e+00	7.11e-26	4.00e-21	7.61e-17	7.41e-13	3.85e-09	3.93e-05	1.22e-02	9.88e-01
 1.21174e+22	0.00e+00	0.00e+00	0.00e+00	0.00e+00	0.00e+00	1.11e-25	5.86e-21	1.04e-16	9.50e-13	4.62e-09	4.45e-05	1.30e-02	9.87e-01
 1.25733e+22	0.00e+00	0.00e+00	0.00e+00	0.00e+00	0.00e+00	1.75e-25	8.62e-21	1.44e-16	1.22e-12	5.57e-09	5.04e-05	1.38e-02	9.86e-01
 1.29276e+22	0.00e+00	0.00e+00	0.00e+00	0.00e+00	0.00e+00	2.45e-25	1.15e-20	1.82e-16	1.48e-12	6.40e-09	5.54e-05	1.45e-02	9.85e-01
 1.32199e+22	0.00e+00	0.00e+00	0.00e+00	0.00e+00	0.00e+00	3.26e-25	1.47e-20	2.23e-16	1.73e-12	7.19e-09	6.00e-05	1.51e-02	9.85e-01
 1.35368e+22	0.00e+00	0.00e+00	0.00e+00	0.00e+00	0.00e+00	4.34e-25	1.87e-20	2.73e-16	2.03e-12	8.09e-09	6.49e-05	1.57e-02	9.84e-01
 1.39487e+22	0.00e+00	0.00e+00	0.00e+00	0.00e+00	0.00e+00	6.27e-25	2.56e-20	3.54e-16	2.49e-12	9.41e-09	7.19e-05	1.65e-02	9.83e-01
 1.43758e+22	0.00e+00	0.00e+00	0.00e+00	0.00e+00	0.00e+00	9.28e-25	3.58e-20	4.66e-16	3.09e-12	1.10e-08	8.01e-05	1.74e-02	9.82e-01
 1.47225e+22	0.00e+00	0.00e+00	0.00e+00	0.00e+00	0.00e+00	1.26e-24	4.65e-20	5.79e-16	3.67e-12	1.25e-08	8.72e-05	1.82e-02	9.82e-01
 1.50268e+22	0.00e+00	0.00e+00	0.00e+00	0.00e+00	0.00e+00	1.65e-24	5.86e-20	7.01e-16	4.26e-12	1.40e-08	9.40e-05	1.89e-02	9.81e-01
 1.53761e+22	0.00e+00	0.00e+00	0.00e+00	0.00e+00	0.00e+00	2.22e-24	7.53e-20	8.62e-16	5.01e-12	1.57e-08	1.02e-04	1.97e-02	9.80e-01
 1.58302e+22	0.00e+00	0.00e+00	0.00e+00	0.00e+00	0.00e+00	3.22e-24	1.03e-19	1.12e-15	6.17e-12	1.83e-08	1.13e-04	2.07e-02	9.79e-01
 1.62983e+22	0.00e+00	0.00e+00	0.00e+00	0.00e+00	0.00e+00	4.81e-24	1.45e-19	1.49e-15	7.69e-12	2.16e-08	1.26e-04	2.19e-02	9.78e-01
 1.66720e+22	0.00e+00	0.00e+00	0.00e+00	0.00e+00	0.00e+00	6.53e-24	1.89e-19	1.85e-15	9.12e-12	2.44e-08	1.37e-04	2.28e-02	9.77e-01
 1.69733e+22	0.00e+00	0.00e+00	0.00e+00	0.00e+00	0.00e+00	8.41e-24	2.34e-19	2.21e-15	1.05e-11	2.71e-08	1.47e-04	2.36e-02	9.76e-01
 1.72932e+22	0.00e+00	0.00e+00	0.00e+00	0.00e+00	0.00e+00	1.08e-23	2.90e-19	2.63e-15	1.20e-11	3.00e-08	1.57e-04	2.44e-02	9.75e-01
 1.77091e+22	0.00e+00	0.00e+00	0.00e+00	0.00e+00	0.00e+00	1.48e-23	3.81e-19	3.29e-15	1.44e-11	3.41e-08	1.72e-04	2.55e-02	9.74e-01
 1.81418e+22	0.00e+00	0.00e+00	0.00e+00	0.00e+00	0.00e+00	2.10e-23	5.11e-19	4.21e-15	1.74e-11	3.93e-08	1.89e-04	2.67e-02	9.73e-01
 1.84933e+22	0.00e+00	0.00e+00	0.00e+00	0.00e+00	0.00e+00	2.75e-23	6.45e-19	5.09e-15	2.02e-11	4.39e-08	2.03e-04	2.77e-02	9.72e-01
 1.88468e+22	0.00e+00	0.00e+00	0.00e+00	0.00e+00	0.00e+00	3.60e-23	8.10e-19	6.15e-15	2.34e-11	4.89e-08	2.19e-04	2.88e-02	9.71e-01
 1.93065e+22	0.00e+00	0.00e+00	0.00e+00	0.00e+00	0.00e+00	5.08e-23	1.09e-18	7.84e-15	2.84e-11	5.62e-08	2.40e-04	3.01e-02	9.70e-01
 1.97666e+22	0.00e+00	0.00e+00	0.00e+00	0.00e+00	0.00e+00	7.17e-23	1.46e-18	1.00e-14	3.43e-11	6.47e-08	2.64e-04	3.16e-02	9.68e-01
 2.01221e+22	0.00e+00	0.00e+00	0.00e+00	0.00e+00	1.16e-27	9.33e-23	1.82e-18	1.20e-14	3.97e-11	7.20e-08	2.83e-04	3.27e-02	9.67e-01
 2.04792e+22	0.00e+00	0.00e+00	0.00e+00	0.00e+00	1.56e-27	1.21e-22	2.27e-18	1.44e-14	4.57e-11	7.99e-08	3.04e-04	3.38e-02	9.66e-01
 2.08717e+22	0.00e+00	0.00e+00	0.00e+00	0.00e+00	2.16e-27	1.60e-22	2.89e-18	1.76e-14	5.35e-11	8.96e-08	3.28e-04	3.51e-02	9.65e-01
 2.12266e+22	0.00e+00	0.00e+00	0.00e+00	0.00e+00	2.90e-27	2.06e-22	3.59e-18	2.11e-14	6.16e-11	9.94e-08	3.52e-04	3.64e-02	9.63e-01
 2.15509e+22	0.00e+00	0.00e+00	0.00e+00	0.00e+00	3.76e-27	2.59e-22	4.36e-18	2.47e-14	6.98e-11	1.09e-07	3.74e-04	3.75e-02	9.62e-01
 2.19192e+22	0.00e+00	0.00e+00	0.00e+00	0.00e+00	5.05e-27	3.34e-22	5.42e-18	2.97e-14	8.04e-11	1.21e-07	4.01e-04	3.88e-02	9.61e-01
 2.23340e+22	0.00e+00	0.00e+00	0.00e+00	0.00e+00	7.02e-27	4.45e-22	6.92e-18	3.63e-14	9.42e-11	1.36e-07	4.33e-04	4.03e-02	9.59e-01
 2.27247e+22	0.00e+00	0.00e+00	0.00e+00	0.00e+00	9.55e-27	5.82e-22	8.70e-18	4.39e-14	1.09e-10	1.51e-07	4.65e-04	4.17e-02	9.58e-01
 2.30878e+22	0.00e+00	0.00e+00	0.00e+00	0.00e+00	1.27e-26	7.43e-22	1.07e-17	5.22e-14	1.25e-10	1.67e-07	4.97e-04	4.31e-02	9.56e-01
 2.34997e+22	0.00e+00	0.00e+00	0.00e+00	0.00e+00	1.72e-26	9.68e-22	1.34e-17	6.29e-14	1.45e-10	1.86e-07	5.34e-04	4.46e-02	9.55e-01
 2.39503e+22	0.00e+00	0.00e+00	0.00e+00	0.00e+00	2.44e-26	1.32e-21	1.75e-17	7.82e-14	1.72e-10	2.11e-07	5.80e-04	4.65e-02	9.53e-01
 2.43440e+22	0.00e+00	0.00e+00	0.00e+00	0.00e+00	3.29e-26	1.71e-21	2.18e-17	9.40e-14	1.98e-10	2.34e-07	6.22e-04	4.81e-02	9.51e-01
 2.46926e+22	0.00e+00	0.00e+00	0.00e+00	0.00e+00	4.28e-26	2.14e-21	2.65e-17	1.10e-13	2.25e-10	2.57e-07	6.61e-04	4.95e-02	9.50e-01
 2.50900e+22	0.00e+00	0.00e+00	0.00e+00	0.00e+00	5.66e-26	2.73e-21	3.26e-17	1.31e-13	2.58e-10	2.84e-07	7.06e-04	5.11e-02	9.48e-01
 2.56066e+22	0.00e+00	0.00e+00	0.00e+00	0.00e+00	8.27e-26	3.80e-21	4.32e-17	1.66e-13	3.09e-10	3.25e-07	7.72e-04	5.34e-02	9.46e-01
 2.61093e+22	0.00e+00	0.00e+00	0.00e+00	0.00e+00	1.19e-25	5.22e-21	5.68e-17	2.08e-13	3.69e-10	3.70e-07	8.41e-04	5.56e-02	9.44e-01
 2.64805e+22	0.00e+00	0.00e+00	0.00e+00	0.00e+00	1.56e-25	6.58e-21	6.92e-17	2.45e-13	4.20e-10	4.07e-07	8.94e-04	5.73e-02	9.42e-01
 2.68495e+22	0.00e+00	0.00e+00	0.00e+00	0.00e+00	2.01e-25	8.23e-21	8.38e-17	2.87e-13	4.76e-10	4.46e-07	9.50e-04	5.90e-02	9.40e-01
 2.73292e+22	0.00e+00	0.00e+00	0.00e+00	0.00e+00	2.80e-25	1.10e-20	1.07e-16	3.52e-13	5.58e-10	5.01e-07	1.03e-03	6.12e-02	9.38e-01
 2.78408e+22	0.00e+00	0.00e+00	0.00e+00	0.00e+00	3.98e-25	1.49e-20	1.39e-16	4.38e-13	6.62e-10	5.68e-07	1.11e-03	6.37e-02	9.35e-01
 2.82821e+22	0.00e+00	0.00e+00	0.00e+00	0.00e+00	5.41e-25	1.94e-20	1.75e-16	5.30e-13	7.68e-10	6.33e-07	1.20e-03	6.59e-02	9.33e-01
 2.86817e+22	0.00e+00	0.00e+00	0.00e+00	0.00e+00	7.02e-25	2.44e-20	2.13e-16	6.22e-13	8.71e-10	6.95e-07	1.27e-03	6.79e-02	9.31e-01
 2.91387e+22	0.00e+00	0.00e+00	0.00e+00	0.00e+00	9.45e-25	3.16e-20	2.66e-16	7.49e-13	1.01e-09	7.73e-07	1.36e-03	7.02e-02	9.28e-01
 2.96447e+22	0.00e+00	0.00e+00	0.00e+00	0.00e+00	1.31e-24	4.21e-20	3.40e-16	9.19e-13	1.18e-09	8.70e-07	1.47e-03	7.28e-02	9.26e-01
 3.01074e+22	0.00e+00	0.00e+00	0.00e+00	0.00e+00	1.77e-24	5.47e-20	4.25e-16	1.11e-12	1.37e-09	9.68e-07	1.58e-03	7.52e-02	9.23e-01
 3.05322e+22	0.00e+00	0.00e+00	0.00e+00	0.00e+00	2.32e-24	6.91e-20	5.19e-16	1.31e-12	1.56e-09	1.07e-06	1.68e-03	7.75e-02	9.21e-01
 3.10148e+22	0.00e+00	0.00e+00	0.00e+00	0.00e+00	3.12e-24	8.94e-20	6.48e-16	1.57e-12	1.80e-09	1.18e-06	1.80e-03	8.01e-02	9.18e-01
 3.16421e+22	0.00e+00	0.00e+00	0.00e+00	0.00e+00	4.56e-24	1.24e-19	8.60e-16	1.99e-12	2.17e-09	1.36e-06	1.96e-03	8.35e-02	9.15e-01
 3.22736e+22	0.00e+00	0.00e+00	0.00e+00	0.00e+00	6.70e-24	1.74e-19	1.15e-15	2.53e-12	2.61e-09	1.56e-06	2.15e-03	8.71e-02	9.11e-01
 3.27532e+22	0.00e+00	0.00e+00	0.00e+00	0.00e+00	8.98e-24	2.25e-19	1.43e-15	3.04e-12	3.02e-09	1.73e-06	2.30e-03	9.00e-02	9.08e-01
 3.32197e+22	0.00e+00	0.00e+00	0.00e+00	0.00e+00	1.17e-23	2.82e-19	1.74e-15	3.58e-12	3.42e-09	1.90e-06	2.44e-03	9.26e-02	9.05e-01
 3.38261e+22	0.00e+00	0.00e+00	0.00e+00	0.00e+00	1.64e-23	3.79e-19	2.24e-15	4.42e-12	4.04e-09	2.15e-06	2.65e-03	9.61e-02	9.01e-01
 3.44528e+22	0.00e+00	0.00e+00	0.00e+00	0.00e+00	2.33e-23	5.16e-19	2.92e-15	5.52e-12	4.81e-09	2.44e-06	2.87e-03	9.99e-02	8.97e-01
 3.49652e+22	0.00e+00	0.00e+00	0.00e+00	0.00e+00	3.12e-23	6.64e-19	3.63e-15	6.62e-12	5.54e-09	2.71e-06	3.07e-03	1.03e-01	8.94e-01
 3.54907e+22	0.00e+00	0.00e+00	0.00e+00	0.00e+00	4.09e-23	8.41e-19	4.45e-15	7.84e-12	6.33e-09	2.98e-06	3.27e-03	1.06e-01	8.91e-01
 3.61740e+22	0.00e+00	0.00e+00	0.00e+00	0.00e+00	5.81e-23	1.14e-18	5.79e-15	9.77e-12	7.52e-09	3.39e-06	3.55e-03	1.10e-01	8.86e-01
 3.68730e+22	0.00e+00	0.00e+00	0.00e+00	0.00e+00	8.35e-23	1.57e-18	7.60e-15	1.23e-11	8.99e-09	3.86e-06	3.86e-03	1.15e-01	8.81e-01
 3.74225e+22	0.00e+00	0.00e+00	0.00e+00	1.20e-27	1.10e-22	2.00e-18	9.38e-15	1.46e-11	1.03e-08	4.27e-06	4.12e-03	1.18e-01	8.78e-01
 3.79669e+22	0.00e+00	0.00e+00	0.00e+00	1.61e-27	1.43e-22	2.51e-18	1.14e-14	1.72e-11	1.17e-08	4.69e-06	4.38e-03	1.22e-01	8.74e-01
 3.86748e+22	0.00e+00	0.00e+00	0.00e+00	2.35e-27	2.00e-22	3.36e-18	1.47e-14	2.12e-11	1.38e-08	5.29e-06	4.73e-03	1.26e-01	8.69e-01
 3.94193e+22	0.00e+00	0.00e+00	0.00e+00	3.50e-27	2.84e-22	4.56e-18	1.91e-14	2.65e-11	1.64e-08	6.01e-06	5.13e-03	1.31e-01	8.64e-01
 4.00479e+22	0.00e+00	0.00e+00	0.00e+00	4.89e-27	3.82e-22	5.90e-18	2.38e-14	3.19e-11	1.90e-08	6.68e-06	5.50e-03	1.35e-01	8.60e-01
 4.07012e+22	0.00e+00	0.00e+00	0.00e+00	6.71e-27	5.04e-22	7.53e-18	2.94e-14	3.80e-11	2.18e-08	7.39e-06	5.86e-03	1.39e-01	8.55e-01
 4.15506e+22	0.00e+00	0.00e+00	0.00e+00	1.01e-26	7.22e-22	1.03e-17	3.85e-14	4.76e-11	2.60e-08	8.42e-06	6.37e-03	1.44e-01	8.49e-01
 4.24302e+22	0.00e+00	0.00e+00	0.00e+00	1.54e-26	1.05e-21	1.43e-17	5.11e-14	6.02e-11	3.13e-08	9.63e-06	6.95e-03	1.50e-01	8.43e-01
 4.31195e+22	0.00e+00	0.00e+00	0.00e+00	2.13e-26	1.40e-21	1.83e-17	6.33e-14	7.21e-11	3.60e-08	1.07e-05	7.42e-03	1.55e-01	8.38e-01
 4.36956e+22	0.00e+00	0.00e+00	0.00e+00	2.76e-26	1.76e-21	2.24e-17	7.53e-14	8.34e-11	4.04e-08	1.16e-05	7.83e-03	1.58e-01	8.34e-01
 4.43541e+22	0.00e+00	0.00e+00	0.00e+00	3.67e-26	2.26e-21	2.79e-17	9.11e-14	9.78e-11	4.57e-08	1.27e-05	8.30e-03	1.63e-01	8.29e-01
 4.52101e+22	0.00e+00	0.00e+00	0.00e+00	5.27e-26	3.11e-21	3.69e-17	1.16e-13	1.20e-10	5.35e-08	1.43e-05	8.93e-03	1.68e-01	8.23e-01
 4.61336e+22	0.00e+00	0.00e+00	0.00e+00	7.78e-26	4.39e-21	4.98e-17	1.50e-13	1.48e-10	6.34e-08	1.62e-05	9.66e-03	1.74e-01	8.16e-01
 4.69460e+22	0.00e+00	0.00e+00	0.00e+00	1.09e-25	5.91e-21	6.45e-17	1.88e-13	1.79e-10	7.34e-08	1.80e-05	1.03e-02	1.79e-01	8.10e-01
 4.76829e+22	0.00e+00	0.00e+00	0.00e+00	1.46e-25	7.65e-21	8.09e-17	2.28e-13	2.11e-10	8.34e-08	1.97e-05	1.10e-02	1.84e-01	8.05e-01
 4.85204e+22	0.00e+00	0.00e+00	0.00e+00	1.98e-25	1.01e-20	1.03e-16	2.80e-13	2.50e-10	9.54e-08	2.18e-05	1.17e-02	1.89e-01	7.99e-01
 4.94670e+22	0.00e+00	0.00e+00	0.00e+00	2.86e-25	1.39e-20	1.36e-16	3.58e-13	3.07e-10	1.12e-07	2.45e-05	1.26e-02	1.95e-01	7.92e-01
 5.03363e+22	0.00e+00	0.00e+00	0.00e+00	3.96e-25	1.85e-20	1.75e-16	4.44e-13	3.68e-10	1.29e-07	2.71e-05	1.34e-02	2.01e-01	7.86e-01
 5.11159e+22	0.00e+00	0.00e+00	0.00e+00	5.24e-25	2.37e-20	2.18e-16	5.36e-13	4.30e-10	1.46e-07	2.97e-05	1.42e-02	2.06e-01	7.80e-01
 5.19984e+22	0.00e+00	0.00e+00	0.00e+00	7.10e-25	3.10e-20	2.75e-16	6.56e-13	5.09e-10	1.66e-07	3.26e-05	1.51e-02	2.11e-01	7.74e-01
 5.31457e+22	0.00e+00	0.00e+00	0.00e+00	1.04e-24	4.34e-20	3.68e-16	8.44e-13	6.28e-10	1.96e-07	3.68e-05	1.63e-02	2.18e-01	7.65e-01
 5.43457e+22	0.00e+00	0.00e+00	0.00e+00	1.55e-24	6.21e-20	5.04e-16	1.11e-12	7.87e-10	2.34e-07	4.18e-05	1.76e-02	2.26e-01	7.56e-01
 5.53413e+22	0.00e+00	0.00e+00	0.00e+00	2.15e-24	8.28e-20	6.48e-16	1.37e-12	9.43e-10	2.70e-07	4.64e-05	1.88e-02	2.32e-01	7.49e-01
 5.63625e+22	0.00e+00	0.00e+00	0.00e+00	2.94e-24	1.09e-19	8.25e-16	1.69e-12	1.12e-09	3.09e-07	5.12e-05	2.00e-02	2.38e-01	7.42e-01
 5.76900e+22	0.00e+00	0.00e+00	0.00e+00	4.36e-24	1.55e-19	1.12e-15	2.20e-12	1.40e-09	3.67e-07	5.79e-05	2.16e-02	2.46e-01	7.32e-01
 5.90821e+22	0.00e+00	0.00e+00	0.00e+00	6.62e-24	2.24e-19	1.54e-15	2.90e-12	1.76e-09	4.40e-07	6.61e-05	2.35e-02	2.54e-01	7.22e-01
 6.01878e+22	0.00e+00	0.00e+00	0.00e+00	9.16e-24	2.98e-19	1.98e-15	3.61e-12	2.11e-09	5.07e-07	7.32e-05	2.50e-02	2.61e-01	7.14e-01
 6.11008e+22	0.00e+00	0.00e+00	0.00e+00	1.18e-23	3.73e-19	2.41e-15	4.27e-12	2.43e-09	5.65e-07	7.92e-05	2.63e-02	2.66e-01	7.07e-01
 6.21336e+22	0.00e+00	0.00e+00	0.00e+00	1.56e-23	4.79e-19	3.00e-15	5.15e-12	2.84e-09	6.39e-07	8.65e-05	2.78e-02	2.72e-01	7.00e-01
 6.34761e+22	0.00e+00	0.00e+00	0.00e+00	2.19e-23	6.46e-19	3.89e-15	6.46e-12	3.43e-09	7.40e-07	9.62e-05	2.96e-02	2.79e-01	6.91e-01
 6.49659e+22	0.00e+00	0.00e+00	0.00e+00	3.26e-23	9.17e-19	5.29e-15	8.41e-12	4.27e-09	8.79e-07	1.09e-04	3.20e-02	2.88e-01	6.80e-01
 6.62821e+22	0.00e+00	0.00e+00	0.00e+00	4.58e-23	1.24e-18	6.88e-15	1.05e-11	5.16e-09	1.02e-06	1.21e-04	3.41e-02	2.95e-01	6.71e-01
 6.74333e+22	0.00e+00	0.00e+00	0.00e+00	6.07e-23	1.59e-18	8.55e-15	1.27e-11	6.04e-09	1.15e-06	1.32e-04	3.60e-02	3.01e-01	6.63e-01
 6.87349e+22	0.00e+00	0.00e+00	0.00e+00	8.24e-23	2.08e-18	1.08e-14	1.56e-11	7.16e-09	1.31e-06	1.45e-04	3.82e-02	3.08e-01	6.54e-01
 7.04269e+22	0.00e+00	0.00e+00	0.00e+00	1.20e-22	2.90e-18	1.44e-14	2.00e-11	8.79e-09	1.54e-06	1.63e-04	4.10e-02	3.16e-01	6.43e-01
 7.22431e+22	0.00e+00	0.00e+00	0.00e+00	1.82e-22	4.21e-18	2.00e-14	2.65e-11	1.11e-08	1.85e-06	1.85e-04	4.43e-02	3.26e-01	6.30e-01
 7.36611e+22	0.00e+00	0.00e+00	1.87e-27	2.53e-22	5.62e-18	2.58e-14	3.29e-11	1.33e-08	2.13e-06	2.05e-04	4.71e-02	3.33e-01	6.20e-01
 7.47102e+22	0.00e+00	0.00e+00	2.41e-27	3.17e-22	6.87e-18	3.07e-14	3.83e-11	1.51e-08	2.35e-06	2.20e-04	4.91e-02	3.38e-01	6.13e-01
 7.58391e+22	0.00e+00	0.00e+00	3.12e-27	4.00e-22	8.43e-18	3.67e-14	4.47e-11	1.72e-08	2.60e-06	2.36e-04	5.13e-02	3.43e-01	6.05e-01
 7.73068e+22	0.00e+00	0.00e+00	4.31e-27	5.34e-22	1.09e-17	4.58e-14	5.42e-11	2.02e-08	2.94e-06	2.58e-04	5.41e-02	3.50e-01	5.96e-01
 7.92148e+22	0.00e+00	0.00e+00	6.49e-27	7.70e-22	1.51e-17	6.09e-14	6.92e-11	2.47e-08	3.44e-06	2.88e-04	5.78e-02	3.58e-01	5.84e-01
 8.11554e+22	0.00e+00	0.00e+00	1.01e-26	1.14e-21	2.13e-17	8.24e-14	8.99e-11	3.07e-08	4.08e-06	3.25e-04	6.21e-02	3.67e-01	5.71e-01
 8.26657e+22	0.00e+00	0.00e+00	1.39e-26	1.53e-21	2.76e-17	1.03e-13	1.09e-10	3.62e-08	4.62e-06	3.55e-04	6.54e-02	3.73e-01	5.61e-01
 8.38752e+22	0.00e+00	0.00e+00	1.79e-26	1.92e-21	3.37e-17	1.23e-13	1.27e-10	4.10e-08	5.09e-06	3.80e-04	6.81e-02	3.78e-01	5.54e-01
 8.51667e+22	0.00e+00	0.00e+00	2.32e-26	2.41e-21	4.14e-17	1.47e-13	1.48e-10	4.66e-08	5.62e-06	4.07e-04	7.10e-02	3.83e-01	5.46e-01
 8.68456e+22	0.00e+00	0.00e+00	3.18e-26	3.21e-21	5.33e-17	1.83e-13	1.79e-10	5.46e-08	6.35e-06	4.44e-04	7.47e-02	3.89e-01	5.36e-01
 8.86586e+22	0.00e+00	0.00e+00	4.52e-26	4.40e-21	7.04e-17	2.34e-13	2.21e-10	6.50e-08	7.27e-06	4.88e-04	7.89e-02	3.96e-01	5.25e-01
 9.02352e+22	0.00e+00	0.00e+00	6.13e-26	5.77e-21	8.96e-17	2.89e-13	2.65e-10	7.56e-08	8.17e-06	5.29e-04	8.27e-02	4.01e-01	5.15e-01
 9.16430e+22	0.00e+00	0.00e+00	7.96e-26	7.30e-21	1.10e-16	3.46e-13	3.10e-10	8.60e-08	9.03e-06	5.67e-04	8.62e-02	4.06e-01	5.07e-01
 9.30151e+22	0.00e+00	0.00e+00	1.01e-25	9.08e-21	1.34e-16	4.09e-13	3.59e-10	9.71e-08	9.91e-06	6.05e-04	8.95e-02	4.11e-01	4.99e-01
 9.45717e+22	0.00e+00	0.00e+00	1.33e-25	1.16e-20	1.66e-16	4.94e-13	4.22e-10	1.11e-07	1.10e-05	6.51e-04	9.33e-02	4.16e-01	4.90e-01
 9.62881e+22	0.00e+00	0.00e+00	1.78e-25	1.50e-20	2.09e-16	6.04e-13	5.02e-10	1.28e-07	1.23e-05	7.03e-04	9.75e-02	4.21e-01	4.81e-01
 9.78626e+22	0.00e+00	0.00e+00	2.33e-25	1.92e-20	2.59e-16	7.30e-13	5.91e-10	1.47e-07	1.36e-05	7.56e-04	1.02e-01	4.26e-01	4.72e-01
 9.93095e+22	0.00e+00	0.00e+00	2.97e-25	2.38e-20	3.14e-16	8.62e-13	6.82e-10	1.66e-07	1.50e-05	8.05e-04	1.05e-01	4.30e-01	4.64e-01
 1.00940e+23	0.00e+00	0.00e+00	3.81e-25	2.98e-20	3.83e-16	1.03e-12	7.93e-10	1.88e-07	1.65e-05	8.61e-04	1.09e-01	4.34e-01	4.56e-01
 1.03060e+23	0.00e+00	0.00e+00	5.19e-25	3.93e-20	4.90e-16	1.27e-12	9.55e-10	2.19e-07	1.85e-05	9.34e-04	1.15e-01	4.39e-01	4.46e-01
 1.05282e+23	0.00e+00	0.00e+00	7.38e-25	5.39e-20	6.49e-16	1.62e-12	1.18e-09	2.61e-07	2.12e-05	1.02e-03	1.21e-01	4.44e-01	4.34e-01
 1.07070e+23	0.00e+00	0.00e+00	9.76e-25	6.94e-20	8.11e-16	1.97e-12	1.40e-09	3.00e-07	2.36e-05	1.10e-03	1.26e-01	4.48e-01	4.25e-01
 1.08492e+23	0.00e+00	0.00e+00	1.20e-24	8.32e-20	9.53e-16	2.27e-12	1.58e-09	3.32e-07	2.55e-05	1.16e-03	1.30e-01	4.51e-01	4.18e-01
 1.10004e+23	0.00e+00	0.00e+00	1.49e-24	1.02e-19	1.14e-15	2.65e-12	1.81e-09	3.72e-07	2.78e-05	1.23e-03	1.34e-01	4.55e-01	4.10e-01
 1.11969e+23	0.00e+00	0.00e+00	1.92e-24	1.28e-19	1.40e-15	3.17e-12	2.10e-09	4.22e-07	3.07e-05	1.32e-03	1.39e-01	4.58e-01	4.02e-01
 1.14173e+23	0.00e+00	0.00e+00	2.60e-24	1.67e-19	1.77e-15	3.91e-12	2.52e-09	4.91e-07	3.44e-05	1.42e-03	1.45e-01	4.62e-01	3.92e-01
 1.16172e+23	0.00e+00	0.00e+00	3.44e-24	2.15e-19	2.22e-15	4.75e-12	2.99e-09	5.65e-07	3.83e-05	1.53e-03	1.51e-01	4.65e-01	3.82e-01
 1.17894e+23	0.00e+00	0.00e+00	4.32e-24	2.65e-19	2.66e-15	5.57e-12	3.43e-09	6.34e-07	4.19e-05	1.63e-03	1.56e-01	4.68e-01	3.75e-01
 1.19770e+23	0.00e+00	0.00e+00	5.38e-24	3.22e-19	3.17e-15	6.49e-12	3.92e-09	7.07e-07	4.55e-05	1.72e-03	1.60e-01	4.71e-01	3.67e-01
 1.22209e+23	0.00e+00	0.00e+00	7.12e-24	4.15e-19	3.98e-15	7.91e-12	4.65e-09	8.15e-07	5.08e-05	1.85e-03	1.67e-01	4.73e-01	3.58e-01
 1.24846e+23	0.00e+00	0.00e+00	9.88e-24	5.58e-19	5.17e-15	9.95e-12	5.68e-09	9.62e-07	5.76e-05	2.01e-03	1.75e-01	4.77e-01	3.47e-01
 1.27003e+23	0.00e+00	0.00e+00	1.29e-23	7.13e-19	6.43e-15	1.20e-11	6.70e-09	1.10e-06	6.40e-05	2.16e-03	1.81e-01	4.79e-01	3.38e-01
 1.28709e+23	0.00e+00	0.00e+00	1.59e-23	8.57e-19	7.58e-15	1.39e-11	7.59e-09	1.22e-06	6.92e-05	2.28e-03	1.86e-01	4.81e-01	3.31e-01
 1.30567e+23	0.00e+00	0.00e+00	1.93e-23	1.02e-18	8.88e-15	1.60e-11	8.55e-09	1.35e-06	7.47e-05	2.39e-03	1.91e-01	4.82e-01	3.24e-01
 1.32983e+23	0.00e+00	0.00e+00	2.44e-23	1.27e-18	1.07e-14	1.88e-11	9.88e-09	1.52e-06	8.18e-05	2.54e-03	1.97e-01	4.84e-01	3.16e-01
 1.36124e+23	0.00e+00	0.00e+00	3.30e-23	1.66e-18	1.37e-14	2.33e-11	1.19e-08	1.78e-06	9.20e-05	2.75e-03	2.05e-01	4.85e-01	3.06e-01
 1.39311e+23	0.00e+00	0.00e+00	4.67e-23	2.28e-18	1.81e-14	2.98e-11	1.47e-08	2.12e-06	1.05e-04	3.00e-03	2.15e-01	4.87e-01	2.95e-01
 1.41682e+23	0.00e+00	0.00e+00	6.02e-23	2.87e-18	2.23e-14	3.57e-11	1.72e-08	2.42e-06	1.16e-04	3.21e-03	2.22e-01	4.88e-01	2.87e-01
 1.43558e+23	0.00e+00	0.00e+00	7.30e-23	3.42e-18	2.61e-14	4.09e-11	1.94e-08	2.67e-06	1.25e-04	3.37e-03	2.28e-01	4.89e-01	2.80e-01
 1.45671e+23	0.00e+00	0.00e+00	8.69e-23	4.00e-18	3.00e-14	4.63e-11	2.16e-08	2.92e-06	1.34e-04	3.52e-03	2.33e-01	4.89e-01	2.75e-01
 1.48419e+23	0.00e+00	0.00e+00	1.09e-22	4.91e-18	3.61e-14	5.44e-11	2.49e-08	3.28e-06	1.47e-04	3.73e-03	2.40e-01	4.89e-01	2.67e-01
 1.51990e+23	0.00e+00	0.00e+00	1.42e-22	6.28e-18	4.50e-14	6.60e-11	2.94e-08	3.77e-06	1.63e-04	4.00e-03	2.48e-01	4.89e-01	2.59e-01
 1.55850e+23	0.00e+00	0.00e+00	1.99e-22	8.52e-18	5.92e-14	8.39e-11	3.63e-08	4.49e-06	1.86e-04	4.36e-03	2.59e-01	4.89e-01	2.48e-01
 1.59021e+23	0.00e+00	0.00e+00	2.63e-22	1.10e-17	7.43e-14	1.02e-10	4.31e-08	5.19e-06	2.08e-04	4.68e-03	2.68e-01	4.88e-01	2.39e-01
 1.61548e+23	0.00e+00	0.00e+00	3.20e-22	1.32e-17	8.76e-14	1.18e-10	4.89e-08	5.76e-06	2.25e-04	4.92e-03	2.74e-01	4.88e-01	2.33e-01
 1.64299e+23	0.00e+00	0.00e+00	3.89e-22	1.57e-17	1.03e-13	1.36e-10	5.53e-08	6.38e-06	2.44e-04	5.17e-03	2.81e-01	4.87e-01	2.27e-01
 1.67875e+23	0.00e+00	0.00e+00	4.79e-22	1.90e-17	1.22e-13	1.58e-10	6.31e-08	7.11e-06	2.65e-04	5.46e-03	2.88e-01	4.86e-01	2.20e-01
 1.72524e+23	0.00e+00	0.00e+00	6.22e-22	2.42e-17	1.52e-13	1.91e-10	7.44e-08	8.16e-06	2.94e-04	5.84e-03	2.97e-01	4.84e-01	2.12e-01
 1.77690e+23	0.00e+00	0.00e+00	8.59e-22	3.26e-17	1.99e-13	2.42e-10	9.15e-08	9.69e-06	3.35e-04	6.35e-03	3.09e-01	4.82e-01	2.02e-01
 1.82205e+23	0.00e+00	0.00e+00	1.15e-21	4.27e-17	2.53e-13	3.00e-10	1.10e-07	1.13e-05	3.77e-04	6.84e-03	3.20e-01	4.80e-01	1.94e-01
 1.85940e+23	0.00e+00	0.00e+00	1.42e-21	5.19e-17	3.02e-13	3.50e-10	1.26e-07	1.26e-05	4.11e-04	7.22e-03	3.27e-01	4.78e-01	1.87e-01
 1.89986e+23	0.00e+00	0.00e+00	1.72e-21	6.18e-17	3.54e-13	4.03e-10	1.42e-07	1.40e-05	4.44e-04	7.58e-03	3.35e-01	4.75e-01	1.82e-01
 1.95247e+23	0.00e+00	3.82e-27	2.08e-21	7.39e-17	4.17e-13	4.64e-10	1.61e-07	1.55e-05	4.80e-04	7.97e-03	3.42e-01	4.73e-01	1.76e-01
 2.02085e+23	0.00e+00	4.81e-27	2.59e-21	9.06e-17	5.02e-13	5.46e-10	1.86e-07	1.75e-05	5.25e-04	8.43e-03	3.51e-01	4.70e-01	1.70e-01
 2.10130e+23	0.00e+00	6.47e-27	3.44e-21	1.18e-16	6.38e-13	6.74e-10	2.23e-07	2.03e-05	5.90e-04	9.07e-03	3.62e-01	4.66e-01	1.62e-01
 2.17685e+23	0.00e+00	8.91e-27	4.68e-21	1.57e-16	8.27e-13	8.46e-10	2.72e-07	2.40e-05	6.69e-04	9.82e-03	3.74e-01	4.62e-01	1.54e-01
 2.23566e+23	0.00e+00	1.16e-26	6.01e-21	1.99e-16	1.03e-12	1.02e-09	3.21e-07	2.75e-05	7.43e-04	1.05e-02	3.85e-01	4.57e-01	1.47e-01
 2.28390e+23	0.00e+00	1.33e-26	6.84e-21	2.24e-16	1.14e-12	1.12e-09	3.48e-07	2.94e-05	7.82e-04	1.08e-02	3.90e-01	4.55e-01	1.43e-01
 2.33717e+23	0.00e+00	1.46e-26	7.51e-21	2.44e-16	1.24e-12	1.21e-09	3.71e-07	3.10e-05	8.15e-04	1.11e-02	3.94e-01	4.53e-01	1.41e-01
 2.40166e+23	0.00e+00	1.65e-26	8.46e-21	2.73e-16	1.37e-12	1.32e-09	4.01e-07	3.31e-05	8.57e-04	1.15e-02	3.99e-01	4.51e-01	1.38e-01
 2.46697e+23	0.00e+00	1.91e-26	9.74e-21	3.12e-16	1.55e-12	1.47e-09	4.39e-07	3.57e-05	9.08e-04	1.19e-02	4.05e-01	4.48e-01	1.34e-01
 2.52576e+23	0.00e+00	2.15e-26	1.09e-20	3.46e-16	1.70e-12	1.59e-09	4.72e-07	3.79e-05	9.49e-04	1.22e-02	4.10e-01	4.46e-01	1.31e-01
 2.57866e+23	0.00e+00	2.36e-26	1.20e-20	3.77e-16	1.84e-12	1.71e-09	5.01e-07	3.98e-05	9.87e-04	1.25e-02	4.13e-01	4.44e-01	1.29e-01
 2.62628e+23	0.00e+00	2.59e-26	1.31e-20	4.12e-16	2.00e-12	1.83e-09	5.33e-07	4.19e-05	1.03e-03	1.28e-02	4.18e-01	4.42e-01	1.27e-01
 2.66913e+23	0.00e+00	2.77e-26	1.39e-20	4.36e-16	2.11e-12	1.92e-09	5.55e-07	4.34e-05	1.05e-03	1.30e-02	4.20e-01	4.41e-01	1.25e-01
 2.70770e+23	0.00e+00	2.92e-26	1.47e-20	4.58e-16	2.20e-12	2.00e-09	5.75e-07	4.46e-05	1.08e-03	1.32e-02	4.22e-01	4.39e-01	1.24e-01
 2.74241e+23	0.00e+00	3.06e-26	1.54e-20	4.79e-16	2.29e-12	2.07e-09	5.92e-07	4.57e-05	1.10e-03	1.34e-02	4.24e-01	4.38e-01	1.23e-01
 2.77413e+23	0.00e+00	3.17e-26	1.59e-20	4.95e-16	2.36e-12	2.12e-09	6.06e-07	4.66e-05	1.11e-03	1.35e-02	4.26e-01	4.38e-01	1.22e-01
 2.80468e+23	0.00e+00	3.24e-26	1.62e-20	5.04e-16	2.40e-12	2.15e-09	6.14e-07	4.71e-05	1.12e-03	1.36e-02	4.27e-01	4.37e-01	1.21e-01
 2.83523e+23	0.00e+00	3.30e-26	1.65e-20	5.12e-16	2.44e-12	2.18e-09	6.21e-07	4.76e-05	1.13e-03	1.36e-02	4.28e-01	4.37e-01	1.21e-01
 2.86577e+23	0.00e+00	3.35e-26	1.68e-20	5.19e-16	2.47e-12	2.21e-09	6.26e-07	4.79e-05	1.14e-03	1.37e-02	4.28e-01	4.37e-01	1.21e-01
 2.89632e+23	0.00e+00	3.42e-26	1.71e-20	5.29e-16	2.51e-12	2.24e-09	6.35e-07	4.85e-05	1.15e-03	1.37e-02	4.29e-01	4.36e-01	1.20e-01
 2.92687e+23	0.00e+00	3.44e-26	1.72e-20	5.33e-16	2.53e-12	2.25e-09	6.38e-07	4.87e-05	1.15e-03	1.38e-02	4.29e-01	4.36e-01	1.20e-01
 2.95742e+23	0.00e+00	3.46e-26	1.73e-20	5.35e-16	2.54e-12	2.26e-09	6.40e-07	4.88e-05	1.15e-03	1.38e-02	4.29e-01	4.36e-01	1.20e-01
 2.98797e+23	0.00e+00	3.48e-26	1.74e-20	5.38e-16	2.55e-12	2.27e-09	6.42e-07	4.89e-05	1.15e-03	1.38e-02	4.30e-01	4.36e-01	1.20e-01
 3.01852e+23	0.00e+00	3.50e-26	1.75e-20	5.40e-16	2.56e-12	2.28e-09	6.44e-07	4.90e-05	1.16e-03	1.38e-02	4.30e-01	4.36e-01	1.19e-01
 3.04430e+23	0.00e+00	3.66e-26	1.83e-20	5.65e-16	2.67e-12	2.36e-09	6.65e-07	5.04e-05	1.18e-03	1.40e-02	4.32e-01	4.34e-01	1.18e-01
