#depth	N	N+	N+2	N+3	N+4	N+5	N+6	N+7
 6.17135e+19	0.00e+00	0.00e+00	0.00e+00	3.84e-25	9.46e-18	5.57e-11	9.36e-06	1.00e+00
 1.87609e+20	0.00e+00	0.00e+00	0.00e+00	5.24e-25	1.19e-17	6.51e-11	1.01e-05	1.00e+00
 3.18540e+20	0.00e+00	0.00e+00	0.00e+00	7.15e-25	1.51e-17	7.61e-11	1.09e-05	1.00e+00
 4.54709e+20	0.00e+00	0.00e+00	0.00e+00	9.76e-25	1.90e-17	8.89e-11	1.18e-05	1.00e+00
 5.96324e+20	0.00e+00	0.00e+00	0.00e+00	1.33e-24	2.40e-17	1.04e-10	1.28e-05	1.00e+00
 7.43604e+20	0.00e+00	0.00e+00	0.00e+00	1.82e-24	3.03e-17	1.21e-10	1.38e-05	1.00e+00
 8.96775e+20	0.00e+00	0.00e+00	0.00e+00	2.48e-24	3.82e-17	1.41e-10	1.49e-05	1.00e+00
 1.05607e+21	0.00e+00	0.00e+00	0.00e+00	3.38e-24	4.82e-17	1.65e-10	1.61e-05	1.00e+00
 1.22174e+21	0.00e+00	0.00e+00	0.00e+00	4.60e-24	6.08e-17	1.93e-10	1.74e-05	1.00e+00
 1.39404e+21	0.00e+00	0.00e+00	0.00e+00	6.28e-24	7.67e-17	2.25e-10	1.88e-05	1.00e+00
 1.55868e+21	0.00e+00	0.00e+00	0.00e+00	8.35e-24	9.50e-17	2.60e-10	2.02e-05	1.00e+00
 1.70981e+21	0.00e+00	0.00e+00	0.00e+00	1.08e-23	1.15e-16	2.95e-10	2.16e-05	1.00e+00
 1.88074e+21	0.00e+00	0.00e+00	0.00e+00	1.42e-23	1.41e-16	3.38e-10	2.31e-05	1.00e+00
 2.07861e+21	0.00e+00	0.00e+00	0.00e+00	1.93e-23	1.78e-16	3.95e-10	2.50e-05	1.00e+00
 2.26953e+21	0.00e+00	0.00e+00	0.00e+00	2.57e-23	2.20e-16	4.56e-10	2.69e-05	1.00e+00
 2.44617e+21	0.00e+00	0.00e+00	0.00e+00	3.33e-23	2.67e-16	5.18e-10	2.86e-05	1.00e+00
 2.64553e+21	0.00e+00	0.00e+00	0.00e+00	4.40e-23	3.29e-16	5.95e-10	3.07e-05	1.00e+00
 2.86864e+21	0.00e+00	0.00e+00	0.00e+00	5.95e-23	4.12e-16	6.92e-10	3.31e-05	1.00e+00
 3.08061e+21	0.00e+00	0.00e+00	0.00e+00	7.84e-23	5.06e-16	7.94e-10	3.55e-05	1.00e+00
 3.30719e+21	0.00e+00	0.00e+00	0.00e+00	1.04e-22	6.26e-16	9.15e-10	3.82e-05	1.00e+00
 3.55314e+21	0.00e+00	0.00e+00	0.00e+00	1.40e-22	7.82e-16	1.06e-09	4.11e-05	1.00e+00
 3.78501e+21	0.00e+00	0.00e+00	0.00e+00	1.84e-22	9.57e-16	1.22e-09	4.41e-05	1.00e+00
 4.03592e+21	0.00e+00	0.00e+00	0.00e+00	2.44e-22	1.18e-15	1.40e-09	4.73e-05	1.00e+00
 4.31479e+21	0.00e+00	0.00e+00	0.00e+00	3.30e-22	1.48e-15	1.63e-09	5.11e-05	1.00e+00
 4.57921e+21	0.00e+00	0.00e+00	0.00e+00	4.36e-22	1.82e-15	1.87e-09	5.48e-05	1.00e+00
 4.86020e+21	0.00e+00	0.00e+00	0.00e+00	5.79e-22	2.25e-15	2.15e-09	5.89e-05	1.00e+00
 5.16956e+21	0.00e+00	0.00e+00	0.00e+00	7.82e-22	2.81e-15	2.50e-09	6.35e-05	1.00e+00
 5.43840e+21	0.00e+00	0.00e+00	0.00e+00	1.01e-21	3.39e-15	2.84e-09	6.78e-05	1.00e+00
 5.66039e+21	0.00e+00	0.00e+00	0.00e+00	1.23e-21	3.95e-15	3.14e-09	7.13e-05	1.00e+00
 5.90580e+21	0.00e+00	0.00e+00	0.00e+00	1.54e-21	4.64e-15	3.50e-09	7.54e-05	1.00e+00
 6.22483e+21	0.00e+00	0.00e+00	0.00e+00	2.02e-21	5.69e-15	4.02e-09	8.09e-05	1.00e+00
 6.55460e+21	0.00e+00	0.00e+00	0.00e+00	2.66e-21	6.97e-15	4.60e-09	8.68e-05	1.00e+00
 6.82986e+21	0.00e+00	0.00e+00	0.00e+00	3.33e-21	8.22e-15	5.14e-09	9.19e-05	1.00e+00
 7.11923e+21	0.00e+00	0.00e+00	0.00e+00	4.17e-21	9.72e-15	5.76e-09	9.74e-05	1.00e+00
 7.49016e+21	0.00e+00	0.00e+00	5.04e-28	5.54e-21	1.20e-14	6.62e-09	1.05e-04	1.00e+00
 7.86418e+21	0.00e+00	0.00e+00	7.15e-28	7.29e-21	1.47e-14	7.59e-09	1.12e-04	1.00e+00
 8.17074e+21	0.00e+00	0.00e+00	9.42e-28	9.07e-21	1.72e-14	8.46e-09	1.19e-04	1.00e+00
 8.49252e+21	0.00e+00	0.00e+00	1.25e-27	1.13e-20	2.03e-14	9.45e-09	1.26e-04	1.00e+00
 8.90959e+21	0.00e+00	0.00e+00	1.78e-27	1.50e-20	2.49e-14	1.09e-08	1.35e-04	1.00e+00
 9.33516e+21	0.00e+00	0.00e+00	2.54e-27	1.98e-20	3.05e-14	1.25e-08	1.46e-04	1.00e+00
 9.65485e+21	0.00e+00	0.00e+00	3.29e-27	2.42e-20	3.54e-14	1.38e-08	1.53e-04	1.00e+00
 9.91053e+21	0.00e+00	0.00e+00	4.03e-27	2.84e-20	3.97e-14	1.49e-08	1.60e-04	1.00e+00
 1.02012e+22	0.00e+00	0.00e+00	5.04e-27	3.39e-20	4.51e-14	1.63e-08	1.67e-04	1.00e+00
 1.05790e+22	0.00e+00	0.00e+00	6.68e-27	4.22e-20	5.30e-14	1.81e-08	1.77e-04	1.00e+00
 1.09781e+22	0.00e+00	0.00e+00	8.99e-27	5.32e-20	6.26e-14	2.03e-08	1.89e-04	1.00e+00
 1.13152e+22	0.00e+00	0.00e+00	1.15e-26	6.43e-20	7.18e-14	2.23e-08	1.98e-04	1.00e+00
 1.16640e+22	0.00e+00	0.00e+00	1.46e-26	7.78e-20	8.24e-14	2.45e-08	2.09e-04	1.00e+00
 1.21174e+22	0.00e+00	0.00e+00	1.99e-26	9.88e-20	9.79e-14	2.76e-08	2.22e-04	1.00e+00
 1.25733e+22	0.00e+00	0.00e+00	2.71e-26	1.25e-19	1.16e-13	3.10e-08	2.37e-04	1.00e+00
 1.29276e+22	0.00e+00	0.00e+00	3.42e-26	1.50e-19	1.32e-13	3.39e-08	2.49e-04	1.00e+00
 1.32199e+22	0.00e+00	0.00e+00	4.14e-26	1.74e-19	1.47e-13	3.64e-08	2.59e-04	1.00e+00
 1.35368e+22	0.00e+00	0.00e+00	5.04e-26	2.03e-19	1.63e-13	3.92e-08	2.70e-04	1.00e+00
 1.39487e+22	0.00e+00	0.00e+00	6.47e-26	2.46e-19	1.88e-13	4.32e-08	2.85e-04	1.00e+00
 1.43758e+22	0.00e+00	0.00e+00	8.41e-26	3.00e-19	2.16e-13	4.76e-08	3.01e-04	1.00e+00
 1.47225e+22	0.00e+00	0.00e+00	1.03e-25	3.52e-19	2.41e-13	5.15e-08	3.14e-04	1.00e+00
 1.50268e+22	0.00e+00	0.00e+00	1.24e-25	4.04e-19	2.66e-13	5.50e-08	3.27e-04	1.00e+00
 1.53761e+22	0.00e+00	0.00e+00	1.51e-25	4.70e-19	2.96e-13	5.93e-08	3.41e-04	1.00e+00
 1.58302e+22	0.00e+00	0.00e+00	1.94e-25	5.69e-19	3.38e-13	6.51e-08	3.59e-04	1.00e+00
 1.62983e+22	0.00e+00	0.00e+00	2.52e-25	6.94e-19	3.88e-13	7.18e-08	3.80e-04	1.00e+00
 1.66720e+22	0.00e+00	0.00e+00	3.09e-25	8.09e-19	4.32e-13	7.74e-08	3.97e-04	1.00e+00
 1.69733e+22	0.00e+00	0.00e+00	3.64e-25	9.16e-19	4.70e-13	8.22e-08	4.11e-04	1.00e+00
 1.72932e+22	0.00e+00	0.00e+00	4.29e-25	1.04e-18	5.12e-13	8.73e-08	4.26e-04	1.00e+00
 1.77091e+22	0.00e+00	0.00e+00	5.29e-25	1.22e-18	5.72e-13	9.44e-08	4.46e-04	1.00e+00
 1.81418e+22	0.00e+00	0.00e+00	6.61e-25	1.44e-18	6.40e-13	1.02e-07	4.68e-04	1.00e+00
 1.84933e+22	0.00e+00	0.00e+00	7.88e-25	1.64e-18	7.00e-13	1.09e-07	4.87e-04	1.00e+00
 1.88468e+22	0.00e+00	0.00e+00	9.36e-25	1.87e-18	7.64e-13	1.16e-07	5.05e-04	9.99e-01
 1.93065e+22	0.00e+00	0.00e+00	1.17e-24	2.20e-18	8.53e-13	1.26e-07	5.31e-04	9.99e-01
 1.97666e+22	0.00e+00	0.00e+00	1.45e-24	2.59e-18	9.51e-13	1.36e-07	5.57e-04	9.99e-01
 2.01221e+22	0.00e+00	0.00e+00	1.72e-24	2.93e-18	1.03e-12	1.45e-07	5.78e-04	9.99e-01
 2.04792e+22	0.00e+00	0.00e+00	2.02e-24	3.31e-18	1.12e-12	1.54e-07	5.99e-04	9.99e-01
 2.08717e+22	0.00e+00	0.00e+00	2.41e-24	3.77e-18	1.22e-12	1.64e-07	6.24e-04	9.99e-01
 2.12266e+22	0.00e+00	0.00e+00	2.83e-24	4.24e-18	1.32e-12	1.73e-07	6.46e-04	9.99e-01
 2.15509e+22	0.00e+00	0.00e+00	3.26e-24	4.70e-18	1.41e-12	1.82e-07	6.67e-04	9.99e-01
 2.19192e+22	0.00e+00	0.00e+00	3.82e-24	5.29e-18	1.52e-12	1.93e-07	6.92e-04	9.99e-01
 2.23340e+22	0.00e+00	0.00e+00	4.56e-24	6.02e-18	1.66e-12	2.06e-07	7.20e-04	9.99e-01
 2.27247e+22	0.00e+00	0.00e+00	5.37e-24	6.79e-18	1.79e-12	2.18e-07	7.48e-04	9.99e-01
 2.30878e+22	0.00e+00	0.00e+00	6.25e-24	7.57e-18	1.92e-12	2.30e-07	7.74e-04	9.99e-01
 2.34997e+22	0.00e+00	0.00e+00	7.36e-24	8.54e-18	2.07e-12	2.44e-07	8.03e-04	9.99e-01
 2.39503e+22	0.00e+00	0.00e+00	8.84e-24	9.75e-18	2.25e-12	2.60e-07	8.39e-04	9.99e-01
 2.43440e+22	0.00e+00	0.00e+00	1.03e-23	1.09e-17	2.42e-12	2.75e-07	8.70e-04	9.99e-01
 2.46926e+22	0.00e+00	0.00e+00	1.19e-23	1.20e-17	2.57e-12	2.88e-07	8.98e-04	9.99e-01
 2.50900e+22	0.00e+00	0.00e+00	1.38e-23	1.34e-17	2.76e-12	3.04e-07	9.29e-04	9.99e-01
 2.56066e+22	0.00e+00	0.00e+00	1.67e-23	1.54e-17	3.00e-12	3.26e-07	9.73e-04	9.99e-01
 2.61093e+22	0.00e+00	0.00e+00	2.02e-23	1.77e-17	3.26e-12	3.48e-07	1.02e-03	9.99e-01
 2.64805e+22	0.00e+00	0.00e+00	2.32e-23	1.95e-17	3.47e-12	3.65e-07	1.05e-03	9.99e-01
 2.68495e+22	0.00e+00	0.00e+00	2.65e-23	2.14e-17	3.67e-12	3.83e-07	1.09e-03	9.99e-01
 2.73292e+22	0.00e+00	0.00e+00	3.14e-23	2.41e-17	3.95e-12	4.06e-07	1.13e-03	9.99e-01
 2.78408e+22	0.00e+00	0.00e+00	3.76e-23	2.74e-17	4.26e-12	4.32e-07	1.18e-03	9.99e-01
 2.82821e+22	0.00e+00	0.00e+00	4.39e-23	3.06e-17	4.55e-12	4.56e-07	1.22e-03	9.99e-01
 2.86817e+22	0.00e+00	0.00e+00	5.02e-23	3.37e-17	4.82e-12	4.79e-07	1.26e-03	9.99e-01
 2.91387e+22	0.00e+00	0.00e+00	5.84e-23	3.75e-17	5.14e-12	5.05e-07	1.31e-03	9.99e-01
 2.96447e+22	0.00e+00	0.00e+00	6.91e-23	4.22e-17	5.51e-12	5.36e-07	1.37e-03	9.99e-01
 3.01074e+22	0.00e+00	0.00e+00	8.04e-23	4.69e-17	5.87e-12	5.65e-07	1.42e-03	9.99e-01
 3.05322e+22	0.00e+00	0.00e+00	9.22e-23	5.17e-17	6.21e-12	5.93e-07	1.46e-03	9.99e-01
 3.10148e+22	0.00e+00	0.00e+00	1.07e-22	5.74e-17	6.61e-12	6.26e-07	1.52e-03	9.98e-01
 3.16421e+22	0.00e+00	0.00e+00	1.30e-22	6.57e-17	7.15e-12	6.70e-07	1.59e-03	9.98e-01
 3.22736e+22	0.00e+00	0.00e+00	1.58e-22	7.54e-17	7.75e-12	7.18e-07	1.67e-03	9.98e-01
 3.27532e+22	0.00e+00	0.00e+00	1.83e-22	8.37e-17	8.22e-12	7.57e-07	1.73e-03	9.98e-01
 3.32197e+22	0.00e+00	0.00e+00	2.10e-22	9.20e-17	8.70e-12	7.95e-07	1.79e-03	9.98e-01
 3.38261e+22	0.00e+00	0.00e+00	2.50e-22	1.04e-16	9.35e-12	8.47e-07	1.86e-03	9.98e-01
 3.44528e+22	0.00e+00	0.00e+00	3.00e-22	1.18e-16	1.01e-11	9.05e-07	1.95e-03	9.98e-01
 3.49652e+22	0.00e+00	0.00e+00	3.48e-22	1.31e-16	1.07e-11	9.55e-07	2.02e-03	9.98e-01
 3.54907e+22	0.00e+00	0.00e+00	4.01e-22	1.45e-16	1.14e-11	1.01e-06	2.09e-03	9.98e-01
 3.61740e+22	0.00e+00	0.00e+00	4.83e-22	1.65e-16	1.23e-11	1.08e-06	2.18e-03	9.98e-01
 3.68730e+22	0.00e+00	0.00e+00	5.84e-22	1.89e-16	1.33e-11	1.16e-06	2.28e-03	9.98e-01
 3.74225e+22	0.00e+00	0.00e+00	6.78e-22	2.11e-16	1.42e-11	1.22e-06	2.36e-03	9.98e-01
 3.79669e+22	0.00e+00	0.00e+00	7.79e-22	2.33e-16	1.51e-11	1.29e-06	2.44e-03	9.98e-01
 3.86748e+22	0.00e+00	0.00e+00	9.32e-22	2.64e-16	1.63e-11	1.38e-06	2.55e-03	9.97e-01
 3.94193e+22	0.00e+00	0.00e+00	1.13e-21	3.03e-16	1.77e-11	1.48e-06	2.66e-03	9.97e-01
 4.00479e+22	0.00e+00	4.97e-28	1.32e-21	3.40e-16	1.90e-11	1.57e-06	2.76e-03	9.97e-01
 4.07012e+22	0.00e+00	6.06e-28	1.54e-21	3.80e-16	2.03e-11	1.66e-06	2.86e-03	9.97e-01
 4.15506e+22	0.00e+00	7.81e-28	1.89e-21	4.39e-16	2.23e-11	1.80e-06	2.99e-03	9.97e-01
 4.24302e+22	0.00e+00	1.02e-27	2.33e-21	5.11e-16	2.45e-11	1.95e-06	3.14e-03	9.97e-01
 4.31195e+22	0.00e+00	1.25e-27	2.74e-21	5.75e-16	2.64e-11	2.07e-06	3.26e-03	9.97e-01
 4.36956e+22	0.00e+00	1.48e-27	3.12e-21	6.33e-16	2.80e-11	2.18e-06	3.35e-03	9.97e-01
 4.43541e+22	0.00e+00	1.78e-27	3.60e-21	7.04e-16	3.00e-11	2.30e-06	3.46e-03	9.97e-01
 4.52101e+22	0.00e+00	2.24e-27	4.33e-21	8.06e-16	3.27e-11	2.47e-06	3.60e-03	9.96e-01
 4.61336e+22	0.00e+00	2.89e-27	5.30e-21	9.35e-16	3.60e-11	2.67e-06	3.77e-03	9.96e-01
 4.69460e+22	0.00e+00	3.59e-27	6.30e-21	1.06e-15	3.91e-11	2.85e-06	3.91e-03	9.96e-01
 4.76829e+22	0.00e+00	4.36e-27	7.34e-21	1.19e-15	4.22e-11	3.03e-06	4.04e-03	9.96e-01
 4.85204e+22	0.00e+00	5.34e-27	8.65e-21	1.35e-15	4.57e-11	3.23e-06	4.19e-03	9.96e-01
 4.94670e+22	0.00e+00	6.81e-27	1.05e-20	1.55e-15	5.02e-11	3.48e-06	4.37e-03	9.96e-01
 5.03363e+22	0.00e+00	8.46e-27	1.25e-20	1.77e-15	5.47e-11	3.72e-06	4.53e-03	9.95e-01
 5.11159e+22	0.00e+00	1.02e-26	1.45e-20	1.98e-15	5.90e-11	3.94e-06	4.68e-03	9.95e-01
 5.19984e+22	0.00e+00	1.25e-26	1.71e-20	2.24e-15	6.40e-11	4.20e-06	4.84e-03	9.95e-01
 5.31457e+22	0.00e+00	1.62e-26	2.10e-20	2.62e-15	7.11e-11	4.55e-06	5.06e-03	9.95e-01
 5.43457e+22	0.00e+00	2.13e-26	2.62e-20	3.09e-15	7.95e-11	4.96e-06	5.30e-03	9.95e-01
 5.53413e+22	0.00e+00	2.67e-26	3.14e-20	3.54e-15	8.72e-11	5.32e-06	5.50e-03	9.94e-01
 5.63625e+22	0.00e+00	3.31e-26	3.73e-20	4.04e-15	9.53e-11	5.70e-06	5.70e-03	9.94e-01
 5.76900e+22	0.00e+00	4.34e-26	4.65e-20	4.77e-15	1.07e-10	6.20e-06	5.96e-03	9.94e-01
 5.90821e+22	0.00e+00	5.81e-26	5.88e-20	5.71e-15	1.21e-10	6.80e-06	6.26e-03	9.94e-01
 6.01878e+22	0.00e+00	7.30e-26	7.08e-20	6.57e-15	1.33e-10	7.30e-06	6.50e-03	9.93e-01
 6.11008e+22	0.00e+00	8.71e-26	8.16e-20	7.33e-15	1.43e-10	7.72e-06	6.69e-03	9.93e-01
 6.21336e+22	0.00e+00	1.06e-25	9.60e-20	8.29e-15	1.56e-10	8.22e-06	6.91e-03	9.93e-01
 6.34761e+22	0.00e+00	1.35e-25	1.17e-19	9.63e-15	1.73e-10	8.87e-06	7.19e-03	9.93e-01
 6.49659e+22	0.00e+00	1.79e-25	1.47e-19	1.15e-14	1.95e-10	9.69e-06	7.52e-03	9.92e-01
 6.62821e+22	0.00e+00	2.29e-25	1.79e-19	1.33e-14	2.17e-10	1.05e-05	7.83e-03	9.92e-01
 6.74333e+22	0.00e+00	2.81e-25	2.11e-19	1.51e-14	2.37e-10	1.11e-05	8.09e-03	9.92e-01
 6.87349e+22	0.00e+00	3.50e-25	2.52e-19	1.74e-14	2.61e-10	1.19e-05	8.38e-03	9.92e-01
 7.04269e+22	0.00e+00	4.58e-25	3.15e-19	2.06e-14	2.94e-10	1.30e-05	8.76e-03	9.91e-01
 7.22431e+22	0.00e+00	6.25e-25	4.05e-19	2.50e-14	3.36e-10	1.43e-05	9.20e-03	9.91e-01
 7.36611e+22	0.00e+00	7.95e-25	4.92e-19	2.91e-14	3.74e-10	1.55e-05	9.56e-03	9.90e-01
 7.47102e+22	0.00e+00	9.40e-25	5.64e-19	3.23e-14	4.02e-10	1.63e-05	9.82e-03	9.90e-01
 7.58391e+22	0.00e+00	1.12e-24	6.49e-19	3.60e-14	4.34e-10	1.72e-05	1.01e-02	9.90e-01
 7.73068e+22	0.00e+00	1.38e-24	7.73e-19	4.12e-14	4.77e-10	1.84e-05	1.04e-02	9.90e-01
 7.92148e+22	0.00e+00	1.82e-24	9.68e-19	4.90e-14	5.39e-10	2.00e-05	1.09e-02	9.89e-01
 8.11554e+22	0.00e+00	2.45e-24	1.23e-18	5.91e-14	6.15e-10	2.20e-05	1.14e-02	9.89e-01
 8.26657e+22	0.00e+00	3.05e-24	1.48e-18	6.80e-14	6.79e-10	2.35e-05	1.18e-02	9.88e-01
 8.38752e+22	0.00e+00	3.62e-24	1.70e-18	7.58e-14	7.33e-10	2.48e-05	1.22e-02	9.88e-01
 8.51667e+22	0.00e+00	4.32e-24	1.96e-18	8.48e-14	7.93e-10	2.62e-05	1.25e-02	9.87e-01
 8.68456e+22	0.00e+00	5.38e-24	2.35e-18	9.74e-14	8.75e-10	2.81e-05	1.29e-02	9.87e-01
 8.86586e+22	0.00e+00	6.86e-24	2.86e-18	1.14e-13	9.76e-10	3.03e-05	1.34e-02	9.87e-01
 9.02352e+22	0.00e+00	8.47e-24	3.41e-18	1.30e-13	1.07e-09	3.23e-05	1.39e-02	9.86e-01
 9.16430e+22	0.00e+00	1.02e-23	3.96e-18	1.46e-13	1.16e-09	3.42e-05	1.43e-02	9.86e-01
 9.30151e+22	0.00e+00	1.21e-23	4.55e-18	1.63e-13	1.26e-09	3.60e-05	1.47e-02	9.85e-01
 9.45717e+22	0.00e+00	1.46e-23	5.32e-18	1.84e-13	1.37e-09	3.82e-05	1.51e-02	9.85e-01
 9.62881e+22	0.00e+00	1.79e-23	6.30e-18	2.10e-13	1.50e-09	4.07e-05	1.56e-02	9.84e-01
 9.78626e+22	0.00e+00	2.18e-23	7.39e-18	2.37e-13	1.64e-09	4.32e-05	1.61e-02	9.84e-01
 9.93095e+22	0.00e+00	2.58e-23	8.50e-18	2.65e-13	1.77e-09	4.56e-05	1.65e-02	9.83e-01
 1.00940e+23	0.00e+00	3.10e-23	9.86e-18	2.97e-13	1.93e-09	4.82e-05	1.69e-02	9.83e-01
 1.03060e+23	0.00e+00	3.87e-23	1.18e-17	3.43e-13	2.13e-09	5.16e-05	1.75e-02	9.82e-01
 1.05282e+23	0.00e+00	5.00e-23	1.46e-17	4.04e-13	2.39e-09	5.58e-05	1.82e-02	9.82e-01
 1.07070e+23	0.00e+00	6.14e-23	1.73e-17	4.60e-13	2.63e-09	5.94e-05	1.88e-02	9.81e-01
 1.08492e+23	0.00e+00	7.12e-23	1.95e-17	5.06e-13	2.81e-09	6.22e-05	1.92e-02	9.81e-01
 1.10004e+23	0.00e+00	8.42e-23	2.24e-17	5.63e-13	3.03e-09	6.54e-05	1.97e-02	9.80e-01
 1.11969e+23	0.00e+00	1.02e-22	2.62e-17	6.36e-13	3.30e-09	6.93e-05	2.03e-02	9.80e-01
 1.14173e+23	0.00e+00	1.27e-22	3.15e-17	7.34e-13	3.66e-09	7.41e-05	2.10e-02	9.79e-01
 1.16172e+23	0.00e+00	1.57e-22	3.75e-17	8.41e-13	4.03e-09	7.91e-05	2.17e-02	9.78e-01
 1.17894e+23	0.00e+00	1.87e-22	4.32e-17	9.39e-13	4.36e-09	8.33e-05	2.22e-02	9.78e-01
 1.19770e+23	0.00e+00	2.21e-22	4.95e-17	1.05e-12	4.70e-09	8.76e-05	2.28e-02	9.77e-01
 1.22209e+23	0.00e+00	2.74e-22	5.93e-17	1.20e-12	5.19e-09	9.36e-05	2.35e-02	9.76e-01
 1.24846e+23	0.00e+00	3.53e-22	7.30e-17	1.41e-12	5.82e-09	1.01e-04	2.44e-02	9.75e-01
 1.27003e+23	0.00e+00	4.36e-22	8.69e-17	1.62e-12	6.41e-09	1.08e-04	2.52e-02	9.75e-01
 1.28709e+23	0.00e+00	5.13e-22	9.92e-17	1.80e-12	6.90e-09	1.13e-04	2.58e-02	9.74e-01
 1.30567e+23	0.00e+00	5.98e-22	1.13e-16	1.98e-12	7.40e-09	1.18e-04	2.64e-02	9.73e-01
 1.32983e+23	0.00e+00	7.21e-22	1.31e-16	2.24e-12	8.06e-09	1.25e-04	2.71e-02	9.73e-01
 1.36124e+23	0.00e+00	9.16e-22	1.60e-16	2.61e-12	8.99e-09	1.34e-04	2.81e-02	9.72e-01
 1.39311e+23	0.00e+00	1.22e-21	2.02e-16	3.13e-12	1.02e-08	1.46e-04	2.93e-02	9.71e-01
 1.41682e+23	0.00e+00	1.49e-21	2.40e-16	3.58e-12	1.12e-08	1.56e-04	3.02e-02	9.70e-01
 1.43558e+23	0.00e+00	1.75e-21	2.73e-16	3.96e-12	1.21e-08	1.63e-04	3.09e-02	9.69e-01
 1.45671e+23	0.00e+00	2.02e-21	3.07e-16	4.34e-12	1.29e-08	1.70e-04	3.16e-02	9.68e-01
 1.48419e+23	0.00e+00	2.43e-21	3.59e-16	4.91e-12	1.41e-08	1.80e-04	3.24e-02	9.67e-01
 1.51990e+23	0.00e+00	3.05e-21	4.33e-16	5.68e-12	1.56e-08	1.93e-04	3.35e-02	9.66e-01
 1.55850e+23	0.00e+00	4.05e-21	5.47e-16	6.82e-12	1.77e-08	2.10e-04	3.49e-02	9.65e-01
 1.59021e+23	0.00e+00	5.13e-21	6.64e-16	7.95e-12	1.98e-08	2.25e-04	3.61e-02	9.64e-01
 1.61548e+23	1.29e-27	6.08e-21	7.65e-16	8.88e-12	2.14e-08	2.37e-04	3.71e-02	9.63e-01
 1.64299e+23	1.58e-27	7.20e-21	8.80e-16	9.91e-12	2.31e-08	2.49e-04	3.80e-02	9.62e-01
 1.67875e+23	1.95e-27	8.64e-21	1.02e-15	1.11e-11	2.51e-08	2.63e-04	3.90e-02	9.61e-01
 1.72524e+23	2.55e-27	1.09e-20	1.24e-15	1.29e-11	2.79e-08	2.81e-04	4.03e-02	9.59e-01
 1.77690e+23	3.58e-27	1.45e-20	1.57e-15	1.56e-11	3.19e-08	3.07e-04	4.20e-02	9.58e-01
 1.82205e+23	4.85e-27	1.88e-20	1.95e-15	1.85e-11	3.59e-08	3.32e-04	4.36e-02	9.56e-01
 1.85940e+23	6.06e-27	2.27e-20	2.28e-15	2.09e-11	3.92e-08	3.51e-04	4.48e-02	9.55e-01
 1.89986e+23	7.44e-27	2.70e-20	2.64e-15	2.35e-11	4.25e-08	3.70e-04	4.60e-02	9.54e-01
 1.95247e+23	9.15e-27	3.22e-20	3.05e-15	2.63e-11	4.62e-08	3.90e-04	4.72e-02	9.52e-01
 2.02085e+23	1.16e-26	3.94e-20	3.61e-15	3.01e-11	5.07e-08	4.14e-04	4.86e-02	9.51e-01
 2.10130e+23	1.58e-26	5.13e-20	4.49e-15	3.57e-11	5.73e-08	4.49e-04	5.05e-02	9.49e-01
 2.17685e+23	2.20e-26	6.82e-20	5.70e-15	4.31e-11	6.55e-08	4.89e-04	5.26e-02	9.47e-01
 2.23566e+23	2.92e-26	8.67e-20	6.96e-15	5.05e-11	7.33e-08	5.26e-04	5.45e-02	9.45e-01
 2.28390e+23	3.34e-26	9.74e-20	7.67e-15	5.46e-11	7.74e-08	5.45e-04	5.54e-02	9.44e-01
 2.33717e+23	3.73e-26	1.07e-19	8.30e-15	5.81e-11	8.09e-08	5.61e-04	5.62e-02	9.43e-01
 2.40166e+23	4.27e-26	1.20e-19	9.14e-15	6.27e-11	8.54e-08	5.81e-04	5.72e-02	9.42e-01
 2.46697e+23	4.99e-26	1.37e-19	1.02e-14	6.85e-11	9.10e-08	6.05e-04	5.83e-02	9.41e-01
 2.52576e+23	5.63e-26	1.52e-19	1.11e-14	7.34e-11	9.56e-08	6.25e-04	5.92e-02	9.40e-01
 2.57866e+23	6.25e-26	1.66e-19	1.20e-14	7.79e-11	9.97e-08	6.42e-04	6.00e-02	9.39e-01
 2.62628e+23	6.96e-26	1.82e-19	1.30e-14	8.28e-11	1.04e-07	6.60e-04	6.08e-02	9.39e-01
 2.66913e+23	7.46e-26	1.94e-19	1.36e-14	8.61e-11	1.07e-07	6.72e-04	6.13e-02	9.38e-01
 2.70770e+23	7.91e-26	2.04e-19	1.42e-14	8.91e-11	1.10e-07	6.83e-04	6.18e-02	9.38e-01
 2.74241e+23	8.34e-26	2.13e-19	1.48e-14	9.18e-11	1.12e-07	6.92e-04	6.22e-02	9.37e-01
 2.77413e+23	8.68e-26	2.21e-19	1.52e-14	9.39e-11	1.14e-07	7.00e-04	6.25e-02	9.37e-01
 2.80468e+23	8.87e-26	2.25e-19	1.54e-14	9.51e-11	1.15e-07	7.04e-04	6.27e-02	9.37e-01
 2.83523e+23	9.05e-26	2.29e-19	1.57e-14	9.62e-11	1.16e-07	7.07e-04	6.28e-02	9.36e-01
 2.86577e+23	9.19e-26	2.31e-19	1.58e-14	9.70e-11	1.17e-07	7.10e-04	6.29e-02	9.36e-01
 2.89632e+23	9.42e-26	2.36e-19	1.61e-14	9.84e-11	1.18e-07	7.15e-04	6.31e-02	9.36e-01
 2.92687e+23	9.49e-26	2.38e-19	1.62e-14	9.88e-11	1.18e-07	7.16e-04	6.32e-02	9.36e-01
 2.95742e+23	9.53e-26	2.39e-19	1.63e-14	9.91e-11	1.18e-07	7.17e-04	6.32e-02	9.36e-01
 2.98797e+23	9.59e-26	2.40e-19	1.63e-14	9.94e-11	1.19e-07	7.18e-04	6.33e-02	9.36e-01
 3.01852e+23	9.64e-26	2.41e-19	1.64e-14	9.97e-11	1.19e-07	7.19e-04	6.33e-02	9.36e-01
 3.04430e+23	1.02e-25	2.53e-19	1.71e-14	1.03e-10	1.22e-07	7.30e-04	6.38e-02	9.35e-01
