#depth	Cl	Cl+	Cl+2	Cl+3	Cl+4	Cl+5	Cl+6	Cl+7	Cl+8	Cl+9	Cl+10	Cl+11	Cl+12	Cl+13	Cl+14	Cl+15	Cl+16	Cl+17
 6.17135e+19	0.00e+00	0.00e+00	0.00e+00	0.00e+00	0.00e+00	0.00e+00	0.00e+00	0.00e+00	0.00e+00	0.00e+00	0.00e+00	1.35e-21	1.46e-17	1.19e-13	7.44e-10	8.38e-06	5.28e-03	9.95e-01
 1.87609e+20	0.00e+00	0.00e+00	0.00e+00	0.00e+00	0.00e+00	0.00e+00	0.00e+00	0.00e+00	0.00e+00	0.00e+00	0.00e+00	2.16e-21	2.15e-17	1.62e-13	9.39e-10	9.79e-06	5.70e-03	9.94e-01
 3.18540e+20	0.00e+00	0.00e+00	0.00e+00	0.00e+00	0.00e+00	0.00e+00	0.00e+00	0.00e+00	0.00e+00	0.00e+00	2.11e-25	3.44e-21	3.17e-17	2.21e-13	1.19e-09	1.14e-05	6.16e-03	9.94e-01
 4.54709e+20	0.00e+00	0.00e+00	0.00e+00	0.00e+00	0.00e+00	0.00e+00	0.00e+00	0.00e+00	0.00e+00	0.00e+00	3.63e-25	5.48e-21	4.68e-17	3.02e-13	1.50e-09	1.34e-05	6.66e-03	9.93e-01
 5.96324e+20	0.00e+00	0.00e+00	0.00e+00	0.00e+00	0.00e+00	0.00e+00	0.00e+00	0.00e+00	0.00e+00	0.00e+00	6.24e-25	8.72e-21	6.89e-17	4.11e-13	1.89e-09	1.56e-05	7.19e-03	9.93e-01
 7.43604e+20	0.00e+00	0.00e+00	0.00e+00	0.00e+00	0.00e+00	0.00e+00	0.00e+00	0.00e+00	0.00e+00	0.00e+00	1.07e-24	1.39e-20	1.02e-16	5.61e-13	2.38e-09	1.82e-05	7.77e-03	9.92e-01
 8.96775e+20	0.00e+00	0.00e+00	0.00e+00	0.00e+00	0.00e+00	0.00e+00	0.00e+00	0.00e+00	0.00e+00	0.00e+00	1.85e-24	2.21e-20	1.50e-16	7.65e-13	3.01e-09	2.12e-05	8.39e-03	9.92e-01
 1.05607e+21	0.00e+00	0.00e+00	0.00e+00	0.00e+00	0.00e+00	0.00e+00	0.00e+00	0.00e+00	0.00e+00	0.00e+00	3.19e-24	3.53e-20	2.21e-16	1.04e-12	3.79e-09	2.48e-05	9.06e-03	9.91e-01
 1.22174e+21	0.00e+00	0.00e+00	0.00e+00	0.00e+00	0.00e+00	0.00e+00	0.00e+00	0.00e+00	0.00e+00	0.00e+00	5.49e-24	5.62e-20	3.25e-16	1.42e-12	4.79e-09	2.89e-05	9.79e-03	9.90e-01
 1.39404e+21	0.00e+00	0.00e+00	0.00e+00	0.00e+00	0.00e+00	0.00e+00	0.00e+00	0.00e+00	0.00e+00	0.00e+00	9.45e-24	8.96e-20	4.80e-16	1.94e-12	6.04e-09	3.38e-05	1.06e-02	9.89e-01
 1.55868e+21	0.00e+00	0.00e+00	0.00e+00	0.00e+00	0.00e+00	0.00e+00	0.00e+00	0.00e+00	0.00e+00	0.00e+00	1.56e-23	1.37e-19	6.86e-16	2.58e-12	7.48e-09	3.90e-05	1.13e-02	9.89e-01
 1.70981e+21	0.00e+00	0.00e+00	0.00e+00	0.00e+00	0.00e+00	0.00e+00	0.00e+00	0.00e+00	0.00e+00	0.00e+00	2.43e-23	2.01e-19	9.41e-16	3.33e-12	9.05e-09	4.42e-05	1.21e-02	9.88e-01
 1.88074e+21	0.00e+00	0.00e+00	0.00e+00	0.00e+00	0.00e+00	0.00e+00	0.00e+00	0.00e+00	0.00e+00	0.00e+00	3.94e-23	3.05e-19	1.33e-15	4.39e-12	1.11e-08	5.07e-05	1.29e-02	9.87e-01
 2.07861e+21	0.00e+00	0.00e+00	0.00e+00	0.00e+00	0.00e+00	0.00e+00	0.00e+00	0.00e+00	0.00e+00	0.00e+00	6.77e-23	4.84e-19	1.96e-15	5.97e-12	1.40e-08	5.92e-05	1.40e-02	9.86e-01
 2.26953e+21	0.00e+00	0.00e+00	0.00e+00	0.00e+00	0.00e+00	0.00e+00	0.00e+00	0.00e+00	0.00e+00	0.00e+00	1.12e-22	7.45e-19	2.80e-15	7.96e-12	1.74e-08	6.83e-05	1.50e-02	9.85e-01
 2.44617e+21	0.00e+00	0.00e+00	0.00e+00	0.00e+00	0.00e+00	0.00e+00	0.00e+00	0.00e+00	0.00e+00	0.00e+00	1.75e-22	1.10e-18	3.86e-15	1.03e-11	2.11e-08	7.76e-05	1.60e-02	9.84e-01
 2.64553e+21	0.00e+00	0.00e+00	0.00e+00	0.00e+00	0.00e+00	0.00e+00	0.00e+00	0.00e+00	0.00e+00	0.00e+00	2.86e-22	1.67e-18	5.48e-15	1.36e-11	2.60e-08	8.92e-05	1.71e-02	9.83e-01
 2.86864e+21	0.00e+00	0.00e+00	0.00e+00	0.00e+00	0.00e+00	0.00e+00	0.00e+00	0.00e+00	0.00e+00	0.00e+00	4.85e-22	2.62e-18	8.00e-15	1.84e-11	3.26e-08	1.04e-04	1.84e-02	9.81e-01
 3.08061e+21	0.00e+00	0.00e+00	0.00e+00	0.00e+00	0.00e+00	0.00e+00	0.00e+00	0.00e+00	0.00e+00	0.00e+00	7.88e-22	3.97e-18	1.13e-14	2.42e-11	4.01e-08	1.19e-04	1.97e-02	9.80e-01
 3.30719e+21	0.00e+00	0.00e+00	0.00e+00	0.00e+00	0.00e+00	0.00e+00	0.00e+00	0.00e+00	0.00e+00	0.00e+00	1.30e-21	6.09e-18	1.61e-14	3.22e-11	4.96e-08	1.37e-04	2.12e-02	9.79e-01
 3.55314e+21	0.00e+00	0.00e+00	0.00e+00	0.00e+00	0.00e+00	0.00e+00	0.00e+00	0.00e+00	0.00e+00	2.47e-25	2.19e-21	9.53e-18	2.35e-14	4.34e-11	6.20e-08	1.59e-04	2.28e-02	9.77e-01
 3.78501e+21	0.00e+00	0.00e+00	0.00e+00	0.00e+00	0.00e+00	0.00e+00	0.00e+00	0.00e+00	0.00e+00	4.25e-25	3.52e-21	1.43e-17	3.29e-14	5.70e-11	7.60e-08	1.82e-04	2.43e-02	9.75e-01
 4.03592e+21	0.00e+00	0.00e+00	0.00e+00	0.00e+00	0.00e+00	0.00e+00	0.00e+00	0.00e+00	0.00e+00	7.49e-25	5.78e-21	2.19e-17	4.70e-14	7.56e-11	9.40e-08	2.09e-04	2.61e-02	9.74e-01
 4.31479e+21	0.00e+00	0.00e+00	0.00e+00	0.00e+00	0.00e+00	0.00e+00	0.00e+00	0.00e+00	0.00e+00	1.38e-24	9.85e-21	3.46e-17	6.87e-14	1.02e-10	1.18e-07	2.43e-04	2.81e-02	9.72e-01
 4.57921e+21	0.00e+00	0.00e+00	0.00e+00	0.00e+00	0.00e+00	0.00e+00	0.00e+00	0.00e+00	0.00e+00	2.40e-24	1.60e-20	5.25e-17	9.73e-14	1.35e-10	1.45e-07	2.79e-04	3.01e-02	9.70e-01
 4.86020e+21	0.00e+00	0.00e+00	0.00e+00	0.00e+00	0.00e+00	0.00e+00	0.00e+00	0.00e+00	0.00e+00	4.24e-24	2.64e-20	8.06e-17	1.39e-13	1.80e-10	1.80e-07	3.22e-04	3.22e-02	9.67e-01
 5.16956e+21	0.00e+00	0.00e+00	0.00e+00	0.00e+00	0.00e+00	0.00e+00	0.00e+00	0.00e+00	0.00e+00	7.78e-24	4.48e-20	1.27e-16	2.03e-13	2.43e-10	2.25e-07	3.74e-04	3.47e-02	9.65e-01
 5.43840e+21	0.00e+00	0.00e+00	0.00e+00	0.00e+00	0.00e+00	0.00e+00	0.00e+00	0.00e+00	0.00e+00	1.29e-23	7.00e-20	1.86e-16	2.79e-13	3.14e-10	2.72e-07	4.24e-04	3.69e-02	9.63e-01
 5.66039e+21	0.00e+00	0.00e+00	0.00e+00	0.00e+00	0.00e+00	0.00e+00	0.00e+00	0.00e+00	0.00e+00	1.94e-23	1.00e-19	2.53e-16	3.60e-13	3.84e-10	3.17e-07	4.69e-04	3.88e-02	9.61e-01
 5.90580e+21	0.00e+00	0.00e+00	0.00e+00	0.00e+00	0.00e+00	0.00e+00	0.00e+00	0.00e+00	0.00e+00	3.02e-23	1.47e-19	3.51e-16	4.74e-13	4.79e-10	3.74e-07	5.22e-04	4.09e-02	9.59e-01
 6.22483e+21	0.00e+00	0.00e+00	0.00e+00	0.00e+00	0.00e+00	0.00e+00	0.00e+00	0.00e+00	0.00e+00	5.26e-23	2.39e-19	5.33e-16	6.71e-13	6.32e-10	4.60e-07	5.99e-04	4.37e-02	9.56e-01
 6.55460e+21	0.00e+00	0.00e+00	0.00e+00	0.00e+00	0.00e+00	0.00e+00	0.00e+00	0.00e+00	0.00e+00	9.17e-23	3.88e-19	8.09e-16	9.50e-13	8.33e-10	5.66e-07	6.87e-04	4.67e-02	9.53e-01
 6.82986e+21	0.00e+00	0.00e+00	0.00e+00	0.00e+00	0.00e+00	0.00e+00	0.00e+00	0.00e+00	0.00e+00	1.43e-22	5.75e-19	1.13e-15	1.26e-12	1.04e-09	6.69e-07	7.67e-04	4.93e-02	9.50e-01
 7.11923e+21	0.00e+00	0.00e+00	0.00e+00	0.00e+00	0.00e+00	0.00e+00	0.00e+00	0.00e+00	0.00e+00	2.27e-22	8.59e-19	1.60e-15	1.67e-12	1.31e-09	7.93e-07	8.59e-04	5.21e-02	9.47e-01
 7.49016e+21	0.00e+00	0.00e+00	0.00e+00	0.00e+00	0.00e+00	0.00e+00	0.00e+00	0.00e+00	0.00e+00	4.02e-22	1.42e-18	2.45e-15	2.40e-12	1.74e-09	9.82e-07	9.88e-04	5.58e-02	9.43e-01
 7.86418e+21	0.00e+00	0.00e+00	0.00e+00	0.00e+00	0.00e+00	0.00e+00	0.00e+00	0.00e+00	0.00e+00	7.02e-22	2.31e-18	3.73e-15	3.40e-12	2.30e-09	1.21e-06	1.13e-03	5.96e-02	9.39e-01
 8.17074e+21	0.00e+00	0.00e+00	0.00e+00	0.00e+00	0.00e+00	0.00e+00	0.00e+00	0.00e+00	0.00e+00	1.09e-21	3.39e-18	5.20e-15	4.48e-12	2.87e-09	1.42e-06	1.26e-03	6.28e-02	9.36e-01
 8.49252e+21	0.00e+00	0.00e+00	0.00e+00	0.00e+00	0.00e+00	0.00e+00	0.00e+00	0.00e+00	2.42e-25	1.72e-21	5.05e-18	7.30e-15	5.95e-12	3.59e-09	1.69e-06	1.41e-03	6.62e-02	9.32e-01
 8.90959e+21	0.00e+00	0.00e+00	0.00e+00	0.00e+00	0.00e+00	0.00e+00	0.00e+00	0.00e+00	4.59e-25	3.03e-21	8.30e-18	1.12e-14	8.49e-12	4.77e-09	2.08e-06	1.62e-03	7.08e-02	9.28e-01
 9.33516e+21	0.00e+00	0.00e+00	0.00e+00	0.00e+00	0.00e+00	0.00e+00	0.00e+00	0.00e+00	8.67e-25	5.33e-21	1.36e-17	1.71e-14	1.21e-11	6.32e-09	2.57e-06	1.86e-03	7.57e-02	9.22e-01
 9.65485e+21	0.00e+00	0.00e+00	0.00e+00	0.00e+00	0.00e+00	0.00e+00	0.00e+00	0.00e+00	1.38e-24	8.04e-21	1.95e-17	2.33e-14	1.57e-11	7.76e-09	3.00e-06	2.06e-03	7.94e-02	9.19e-01
 9.91053e+21	0.00e+00	0.00e+00	0.00e+00	0.00e+00	0.00e+00	0.00e+00	0.00e+00	0.00e+00	1.98e-24	1.11e-20	2.59e-17	2.98e-14	1.92e-11	9.13e-09	3.38e-06	2.23e-03	8.24e-02	9.15e-01
 1.02012e+22	0.00e+00	0.00e+00	0.00e+00	0.00e+00	0.00e+00	0.00e+00	0.00e+00	0.00e+00	2.97e-24	1.59e-20	3.55e-17	3.90e-14	2.40e-11	1.09e-08	3.87e-06	2.43e-03	8.59e-02	9.12e-01
 1.05790e+22	0.00e+00	0.00e+00	0.00e+00	0.00e+00	0.00e+00	0.00e+00	0.00e+00	0.00e+00	4.92e-24	2.49e-20	5.26e-17	5.46e-14	3.19e-11	1.37e-08	4.57e-06	2.71e-03	9.05e-02	9.07e-01
 1.09781e+22	0.00e+00	0.00e+00	0.00e+00	0.00e+00	0.00e+00	0.00e+00	0.00e+00	0.00e+00	8.41e-24	4.02e-20	7.99e-17	7.83e-14	4.30e-11	1.73e-08	5.46e-06	3.05e-03	9.56e-02	9.01e-01
 1.13152e+22	0.00e+00	0.00e+00	0.00e+00	0.00e+00	0.00e+00	0.00e+00	0.00e+00	0.00e+00	1.30e-23	5.93e-20	1.12e-16	1.05e-13	5.50e-11	2.10e-08	6.31e-06	3.35e-03	1.00e-01	8.97e-01
 1.16640e+22	0.00e+00	0.00e+00	0.00e+00	0.00e+00	0.00e+00	0.00e+00	0.00e+00	0.00e+00	2.02e-23	8.76e-20	1.58e-16	1.41e-13	7.03e-11	2.56e-08	7.30e-06	3.68e-03	1.05e-01	8.92e-01
 1.21174e+22	0.00e+00	0.00e+00	0.00e+00	0.00e+00	0.00e+00	0.00e+00	0.00e+00	0.00e+00	3.51e-23	1.43e-19	2.43e-16	2.04e-13	9.57e-11	3.27e-08	8.76e-06	4.15e-03	1.11e-01	8.85e-01
 1.25733e+22	0.00e+00	0.00e+00	0.00e+00	0.00e+00	0.00e+00	0.00e+00	0.00e+00	0.00e+00	6.13e-23	2.35e-19	3.76e-16	2.96e-13	1.31e-10	4.18e-08	1.05e-05	4.67e-03	1.17e-01	8.78e-01
 1.29276e+22	0.00e+00	0.00e+00	0.00e+00	0.00e+00	0.00e+00	0.00e+00	0.00e+00	0.00e+00	9.29e-23	3.40e-19	5.20e-16	3.92e-13	1.65e-10	5.03e-08	1.21e-05	5.11e-03	1.22e-01	8.73e-01
 1.32199e+22	0.00e+00	0.00e+00	0.00e+00	0.00e+00	0.00e+00	0.00e+00	0.00e+00	0.00e+00	1.32e-22	4.64e-19	6.82e-16	4.95e-13	2.01e-10	5.88e-08	1.36e-05	5.51e-03	1.26e-01	8.68e-01
 1.35368e+22	0.00e+00	0.00e+00	0.00e+00	0.00e+00	0.00e+00	0.00e+00	0.00e+00	0.00e+00	1.87e-22	6.35e-19	8.98e-16	6.27e-13	2.45e-10	6.87e-08	1.52e-05	5.94e-03	1.31e-01	8.64e-01
 1.39487e+22	0.00e+00	0.00e+00	0.00e+00	0.00e+00	0.00e+00	0.00e+00	0.00e+00	0.00e+00	2.93e-22	9.47e-19	1.28e-15	8.48e-13	3.15e-10	8.39e-08	1.77e-05	6.54e-03	1.36e-01	8.57e-01
 1.43758e+22	0.00e+00	0.00e+00	0.00e+00	0.00e+00	0.00e+00	0.00e+00	0.00e+00	0.00e+00	4.71e-22	1.44e-18	1.85e-15	1.17e-12	4.12e-10	1.04e-07	2.07e-05	7.23e-03	1.43e-01	8.50e-01
 1.47225e+22	0.00e+00	0.00e+00	0.00e+00	0.00e+00	0.00e+00	0.00e+00	0.00e+00	0.00e+00	6.84e-22	2.01e-18	2.47e-15	1.50e-12	5.07e-10	1.22e-07	2.34e-05	7.83e-03	1.48e-01	8.44e-01
 1.50268e+22	0.00e+00	0.00e+00	0.00e+00	0.00e+00	0.00e+00	0.00e+00	0.00e+00	0.00e+00	9.48e-22	2.69e-18	3.19e-15	1.87e-12	6.10e-10	1.42e-07	2.61e-05	8.40e-03	1.53e-01	8.39e-01
 1.53761e+22	0.00e+00	0.00e+00	0.00e+00	0.00e+00	0.00e+00	0.00e+00	0.00e+00	1.93e-25	1.35e-21	3.69e-18	4.21e-15	2.37e-12	7.45e-10	1.66e-07	2.93e-05	9.05e-03	1.58e-01	8.33e-01
 1.58302e+22	0.00e+00	0.00e+00	0.00e+00	0.00e+00	0.00e+00	0.00e+00	0.00e+00	3.18e-25	2.12e-21	5.51e-18	5.98e-15	3.21e-12	9.59e-10	2.02e-07	3.40e-05	9.95e-03	1.65e-01	8.25e-01
 1.62983e+22	0.00e+00	0.00e+00	0.00e+00	0.00e+00	0.00e+00	0.00e+00	0.00e+00	5.39e-25	3.41e-21	8.43e-18	8.69e-15	4.44e-12	1.26e-09	2.50e-07	3.98e-05	1.10e-02	1.73e-01	8.16e-01
 1.66720e+22	0.00e+00	0.00e+00	0.00e+00	0.00e+00	0.00e+00	0.00e+00	0.00e+00	8.08e-25	4.92e-21	1.17e-17	1.16e-14	5.68e-12	1.55e-09	2.95e-07	4.49e-05	1.19e-02	1.79e-01	8.09e-01
 1.69733e+22	0.00e+00	0.00e+00	0.00e+00	0.00e+00	0.00e+00	0.00e+00	0.00e+00	1.13e-24	6.63e-21	1.52e-17	1.46e-14	6.95e-12	1.83e-09	3.37e-07	4.96e-05	1.27e-02	1.84e-01	8.04e-01
 1.72932e+22	0.00e+00	0.00e+00	0.00e+00	0.00e+00	0.00e+00	0.00e+00	0.00e+00	1.56e-24	8.92e-21	1.98e-17	1.84e-14	8.49e-12	2.17e-09	3.84e-07	5.47e-05	1.35e-02	1.89e-01	7.98e-01
 1.77091e+22	0.00e+00	0.00e+00	0.00e+00	0.00e+00	0.00e+00	0.00e+00	0.00e+00	2.38e-24	1.30e-20	2.78e-17	2.48e-14	1.10e-11	2.68e-09	4.55e-07	6.20e-05	1.46e-02	1.95e-01	7.90e-01
 1.81418e+22	0.00e+00	0.00e+00	0.00e+00	0.00e+00	0.00e+00	0.00e+00	0.00e+00	3.72e-24	1.95e-20	3.99e-17	3.41e-14	1.44e-11	3.38e-09	5.45e-07	7.09e-05	1.59e-02	2.03e-01	7.81e-01
 1.84933e+22	0.00e+00	0.00e+00	0.00e+00	0.00e+00	0.00e+00	0.00e+00	0.00e+00	5.29e-24	2.68e-20	5.29e-17	4.38e-14	1.79e-11	4.05e-09	6.29e-07	7.88e-05	1.70e-02	2.09e-01	7.74e-01
 1.88468e+22	0.00e+00	0.00e+00	0.00e+00	0.00e+00	0.00e+00	0.00e+00	0.00e+00	7.48e-24	3.67e-20	7.00e-17	5.59e-14	2.22e-11	4.84e-09	7.23e-07	8.73e-05	1.81e-02	2.15e-01	7.67e-01
 1.93065e+22	0.00e+00	0.00e+00	0.00e+00	0.00e+00	0.00e+00	0.00e+00	0.00e+00	1.16e-23	5.46e-20	9.99e-17	7.65e-14	2.91e-11	6.08e-09	8.64e-07	9.96e-05	1.97e-02	2.22e-01	7.58e-01
 1.97666e+22	0.00e+00	0.00e+00	0.00e+00	0.00e+00	0.00e+00	0.00e+00	0.00e+00	1.81e-23	8.13e-20	1.43e-16	1.05e-13	3.81e-11	7.63e-09	1.03e-06	1.14e-04	2.14e-02	2.30e-01	7.48e-01
 2.01221e+22	0.00e+00	0.00e+00	0.00e+00	0.00e+00	0.00e+00	0.00e+00	0.00e+00	2.52e-23	1.10e-19	1.87e-16	1.33e-13	4.69e-11	9.07e-09	1.18e-06	1.26e-04	2.28e-02	2.36e-01	7.41e-01
 2.04792e+22	0.00e+00	0.00e+00	0.00e+00	0.00e+00	0.00e+00	0.00e+00	0.00e+00	3.50e-23	1.48e-19	2.43e-16	1.67e-13	5.73e-11	1.07e-08	1.35e-06	1.38e-04	2.42e-02	2.42e-01	7.33e-01
 2.08717e+22	0.00e+00	0.00e+00	0.00e+00	0.00e+00	0.00e+00	0.00e+00	0.00e+00	5.00e-23	2.04e-19	3.24e-16	2.16e-13	7.14e-11	1.29e-08	1.56e-06	1.54e-04	2.59e-02	2.49e-01	7.25e-01
 2.12266e+22	0.00e+00	0.00e+00	0.00e+00	0.00e+00	0.00e+00	0.00e+00	0.00e+00	6.88e-23	2.73e-19	4.20e-16	2.71e-13	8.71e-11	1.53e-08	1.78e-06	1.70e-04	2.75e-02	2.55e-01	7.17e-01
 2.15509e+22	0.00e+00	0.00e+00	0.00e+00	0.00e+00	0.00e+00	0.00e+00	0.00e+00	9.14e-23	3.52e-19	5.28e-16	3.32e-13	1.04e-10	1.77e-08	2.00e-06	1.84e-04	2.90e-02	2.61e-01	7.10e-01
 2.19192e+22	0.00e+00	0.00e+00	0.00e+00	0.00e+00	0.00e+00	0.00e+00	0.00e+00	1.26e-22	4.70e-19	6.84e-16	4.17e-13	1.27e-10	2.09e-08	2.27e-06	2.03e-04	3.08e-02	2.67e-01	7.02e-01
 2.23340e+22	0.00e+00	0.00e+00	0.00e+00	0.00e+00	0.00e+00	0.00e+00	0.00e+00	1.79e-22	6.49e-19	9.13e-16	5.38e-13	1.58e-10	2.52e-08	2.63e-06	2.26e-04	3.28e-02	2.74e-01	6.93e-01
 2.27247e+22	0.00e+00	0.00e+00	0.00e+00	0.00e+00	0.00e+00	0.00e+00	0.00e+00	2.50e-22	8.76e-19	1.19e-15	6.82e-13	1.94e-10	2.99e-08	3.01e-06	2.49e-04	3.49e-02	2.80e-01	6.84e-01
 2.30878e+22	0.00e+00	0.00e+00	0.00e+00	0.00e+00	0.00e+00	0.00e+00	0.00e+00	3.38e-22	1.15e-18	1.53e-15	8.47e-13	2.34e-10	3.51e-08	3.40e-06	2.73e-04	3.69e-02	2.87e-01	6.76e-01
 2.34997e+22	0.00e+00	0.00e+00	0.00e+00	0.00e+00	0.00e+00	0.00e+00	0.00e+00	4.68e-22	1.55e-18	1.99e-15	1.07e-12	2.87e-10	4.16e-08	3.89e-06	3.01e-04	3.92e-02	2.93e-01	6.67e-01
 2.39503e+22	0.00e+00	0.00e+00	0.00e+00	0.00e+00	0.00e+00	0.00e+00	0.00e+00	6.79e-22	2.17e-18	2.69e-15	1.40e-12	3.62e-10	5.06e-08	4.53e-06	3.36e-04	4.19e-02	3.01e-01	6.57e-01
 2.43440e+22	0.00e+00	0.00e+00	0.00e+00	0.00e+00	0.00e+00	0.00e+00	0.00e+00	9.30e-22	2.89e-18	3.48e-15	1.76e-12	4.42e-10	5.98e-08	5.16e-06	3.69e-04	4.44e-02	3.07e-01	6.48e-01
 2.46926e+22	0.00e+00	0.00e+00	0.00e+00	0.00e+00	0.00e+00	0.00e+00	0.00e+00	1.22e-21	3.71e-18	4.35e-15	2.14e-12	5.25e-10	6.92e-08	5.77e-06	4.01e-04	4.67e-02	3.13e-01	6.40e-01
 2.50900e+22	0.00e+00	0.00e+00	0.00e+00	0.00e+00	0.00e+00	0.00e+00	0.00e+00	1.65e-21	4.85e-18	5.54e-15	2.65e-12	6.32e-10	8.08e-08	6.52e-06	4.38e-04	4.93e-02	3.19e-01	6.31e-01
 2.56066e+22	0.00e+00	0.00e+00	0.00e+00	0.00e+00	0.00e+00	0.00e+00	2.06e-25	2.44e-21	6.93e-18	7.63e-15	3.52e-12	8.10e-10	9.96e-08	7.66e-06	4.92e-04	5.29e-02	3.28e-01	6.19e-01
 2.61093e+22	0.00e+00	0.00e+00	0.00e+00	0.00e+00	0.00e+00	0.00e+00	3.12e-25	3.57e-21	9.80e-18	1.04e-14	4.64e-12	1.03e-09	1.22e-07	8.97e-06	5.52e-04	5.66e-02	3.36e-01	6.07e-01
 2.64805e+22	0.00e+00	0.00e+00	0.00e+00	0.00e+00	0.00e+00	0.00e+00	4.19e-25	4.69e-21	1.26e-17	1.30e-14	5.67e-12	1.23e-09	1.41e-07	1.00e-05	5.98e-04	5.95e-02	3.42e-01	5.98e-01
 2.68495e+22	0.00e+00	0.00e+00	0.00e+00	0.00e+00	0.00e+00	0.00e+00	5.58e-25	6.11e-21	1.60e-17	1.62e-14	6.86e-12	1.45e-09	1.63e-07	1.12e-05	6.47e-04	6.23e-02	3.47e-01	5.90e-01
 2.73292e+22	0.00e+00	0.00e+00	0.00e+00	0.00e+00	0.00e+00	0.00e+00	8.04e-25	8.56e-21	2.18e-17	2.14e-14	8.78e-12	1.80e-09	1.95e-07	1.29e-05	7.16e-04	6.62e-02	3.54e-01	5.79e-01
 2.78408e+22	0.00e+00	0.00e+00	0.00e+00	0.00e+00	0.00e+00	0.00e+00	1.19e-24	1.23e-20	3.02e-17	2.87e-14	1.14e-11	2.26e-09	2.36e-07	1.49e-05	7.97e-04	7.05e-02	3.62e-01	5.67e-01
 2.82821e+22	0.00e+00	0.00e+00	0.00e+00	0.00e+00	0.00e+00	0.00e+00	1.66e-24	1.67e-20	4.01e-17	3.71e-14	1.43e-11	2.76e-09	2.79e-07	1.70e-05	8.74e-04	7.45e-02	3.68e-01	5.56e-01
 2.86817e+22	0.00e+00	0.00e+00	0.00e+00	0.00e+00	0.00e+00	0.00e+00	2.21e-24	2.18e-20	5.11e-17	4.61e-14	1.74e-11	3.27e-09	3.22e-07	1.90e-05	9.45e-04	7.80e-02	3.74e-01	5.47e-01
 2.91387e+22	0.00e+00	0.00e+00	0.00e+00	0.00e+00	0.00e+00	0.00e+00	3.05e-24	2.95e-20	6.73e-17	5.91e-14	2.17e-11	3.97e-09	3.79e-07	2.15e-05	1.03e-03	8.22e-02	3.80e-01	5.37e-01
 2.96447e+22	0.00e+00	0.00e+00	0.00e+00	0.00e+00	0.00e+00	0.00e+00	4.36e-24	4.11e-20	9.11e-17	7.78e-14	2.76e-11	4.91e-09	4.53e-07	2.47e-05	1.14e-03	8.70e-02	3.86e-01	5.25e-01
 3.01074e+22	0.00e+00	0.00e+00	0.00e+00	0.00e+00	0.00e+00	0.00e+00	6.03e-24	5.54e-20	1.20e-16	9.97e-14	3.45e-11	5.95e-09	5.33e-07	2.79e-05	1.25e-03	9.16e-02	3.92e-01	5.15e-01
 3.05322e+22	0.00e+00	0.00e+00	0.00e+00	0.00e+00	0.00e+00	0.00e+00	8.05e-24	7.25e-20	1.53e-16	1.25e-13	4.20e-11	7.08e-09	6.17e-07	3.12e-05	1.35e-03	9.59e-02	3.98e-01	5.05e-01
 3.10148e+22	0.00e+00	0.00e+00	0.00e+00	0.00e+00	0.00e+00	0.00e+00	1.11e-23	9.75e-20	2.01e-16	1.59e-13	5.23e-11	8.57e-09	7.24e-07	3.53e-05	1.47e-03	1.01e-01	4.03e-01	4.94e-01
 3.16421e+22	0.00e+00	0.00e+00	0.00e+00	0.00e+00	0.00e+00	0.00e+00	1.65e-23	1.42e-19	2.84e-16	2.17e-13	6.90e-11	1.09e-08	8.88e-07	4.13e-05	1.64e-03	1.07e-01	4.10e-01	4.81e-01
 3.22736e+22	0.00e+00	0.00e+00	0.00e+00	0.00e+00	0.00e+00	0.00e+00	2.49e-23	2.08e-19	4.03e-16	2.99e-13	9.15e-11	1.40e-08	1.09e-06	4.84e-05	1.83e-03	1.14e-01	4.17e-01	4.67e-01
 3.27532e+22	0.00e+00	0.00e+00	0.00e+00	0.00e+00	0.00e+00	0.00e+00	3.39e-23	2.78e-19	5.26e-16	3.80e-13	1.13e-10	1.69e-08	1.28e-06	5.46e-05	1.99e-03	1.20e-01	4.22e-01	4.56e-01
 3.32197e+22	0.00e+00	0.00e+00	0.00e+00	0.00e+00	0.00e+00	0.00e+00	4.47e-23	3.60e-19	6.67e-16	4.71e-13	1.37e-10	2.00e-08	1.47e-06	6.07e-05	2.15e-03	1.25e-01	4.26e-01	4.46e-01
 3.38261e+22	0.00e+00	0.00e+00	0.00e+00	0.00e+00	0.00e+00	0.00e+00	6.40e-23	5.03e-19	9.08e-16	6.23e-13	1.76e-10	2.49e-08	1.77e-06	6.97e-05	2.37e-03	1.32e-01	4.32e-01	4.34e-01
 3.44528e+22	0.00e+00	0.00e+00	0.00e+00	0.00e+00	0.00e+00	0.00e+00	9.28e-23	7.12e-19	1.25e-15	8.34e-13	2.28e-10	3.12e-08	2.13e-06	8.05e-05	2.61e-03	1.40e-01	4.37e-01	4.21e-01
 3.49652e+22	0.00e+00	0.00e+00	0.00e+00	0.00e+00	0.00e+00	0.00e+00	1.25e-22	9.45e-19	1.62e-15	1.06e-12	2.82e-10	3.75e-08	2.49e-06	9.05e-05	2.83e-03	1.46e-01	4.41e-01	4.10e-01
 3.54907e+22	0.00e+00	0.00e+00	0.00e+00	0.00e+00	0.00e+00	0.00e+00	1.67e-22	1.24e-18	2.08e-15	1.32e-12	3.44e-10	4.46e-08	2.88e-06	1.01e-04	3.06e-03	1.52e-01	4.45e-01	4.00e-01
 3.61740e+22	0.00e+00	0.00e+00	0.00e+00	0.00e+00	0.00e+00	0.00e+00	2.41e-22	1.75e-18	2.86e-15	1.77e-12	4.45e-10	5.59e-08	3.47e-06	1.16e-04	3.37e-03	1.60e-01	4.49e-01	3.87e-01
 3.68730e+22	0.00e+00	0.00e+00	0.00e+00	0.00e+00	0.00e+00	0.00e+00	3.53e-22	2.50e-18	3.97e-15	2.38e-12	5.80e-10	7.05e-08	4.21e-06	1.35e-04	3.72e-03	1.69e-01	4.53e-01	3.74e-01
 3.74225e+22	0.00e+00	0.00e+00	0.00e+00	0.00e+00	0.00e+00	0.00e+00	4.72e-22	3.29e-18	5.12e-15	3.00e-12	7.12e-10	8.42e-08	4.89e-06	1.51e-04	4.02e-03	1.76e-01	4.56e-01	3.64e-01
 3.79669e+22	0.00e+00	0.00e+00	0.00e+00	0.00e+00	0.00e+00	0.00e+00	6.20e-22	4.25e-18	6.49e-15	3.72e-12	8.62e-10	9.95e-08	5.61e-06	1.67e-04	4.31e-03	1.83e-01	4.58e-01	3.54e-01
 3.86748e+22	0.00e+00	0.00e+00	0.00e+00	0.00e+00	0.00e+00	0.00e+00	8.78e-22	5.90e-18	8.78e-15	4.89e-12	1.10e-09	1.23e-07	6.69e-06	1.91e-04	4.71e-03	1.92e-01	4.61e-01	3.42e-01
 3.94193e+22	0.00e+00	0.00e+00	0.00e+00	0.00e+00	0.00e+00	2.39e-25	1.27e-21	8.33e-18	1.21e-14	6.54e-12	1.42e-09	1.54e-07	8.05e-06	2.19e-04	5.18e-03	2.02e-01	4.64e-01	3.29e-01
 4.00479e+22	0.00e+00	0.00e+00	0.00e+00	0.00e+00	0.00e+00	3.38e-25	1.72e-21	1.11e-17	1.58e-14	8.33e-12	1.76e-09	1.86e-07	9.40e-06	2.46e-04	5.59e-03	2.10e-01	4.65e-01	3.19e-01
 4.07012e+22	0.00e+00	0.00e+00	0.00e+00	0.00e+00	0.00e+00	4.72e-25	2.31e-21	1.47e-17	2.04e-14	1.05e-11	2.16e-09	2.22e-07	1.09e-05	2.74e-04	6.02e-03	2.18e-01	4.67e-01	3.09e-01
 4.15506e+22	0.00e+00	0.00e+00	0.00e+00	0.00e+00	0.00e+00	7.24e-25	3.36e-21	2.09e-17	2.83e-14	1.41e-11	2.81e-09	2.78e-07	1.31e-05	3.16e-04	6.61e-03	2.29e-01	4.68e-01	2.97e-01
 4.24302e+22	0.00e+00	0.00e+00	0.00e+00	0.00e+00	0.00e+00	1.13e-24	4.97e-21	3.03e-17	3.98e-14	1.93e-11	3.70e-09	3.53e-07	1.60e-05	3.65e-04	7.28e-03	2.40e-01	4.69e-01	2.84e-01
 4.31195e+22	0.00e+00	0.00e+00	0.00e+00	0.00e+00	0.00e+00	1.59e-24	6.71e-21	4.02e-17	5.17e-14	2.44e-11	4.56e-09	4.23e-07	1.85e-05	4.08e-04	7.83e-03	2.49e-01	4.69e-01	2.74e-01
 4.36956e+22	0.00e+00	0.00e+00	0.00e+00	0.00e+00	0.00e+00	2.09e-24	8.53e-21	5.05e-17	6.38e-14	2.96e-11	5.40e-09	4.89e-07	2.09e-05	4.46e-04	8.30e-03	2.56e-01	4.69e-01	2.66e-01
 4.43541e+22	0.00e+00	0.00e+00	0.00e+00	0.00e+00	0.00e+00	2.84e-24	1.11e-20	6.50e-17	8.05e-14	3.65e-11	6.50e-09	5.74e-07	2.38e-05	4.91e-04	8.84e-03	2.64e-01	4.69e-01	2.58e-01
 4.52101e+22	0.00e+00	0.00e+00	0.00e+00	0.00e+00	0.00e+00	4.16e-24	1.56e-20	8.92e-17	1.08e-13	4.76e-11	8.21e-09	7.02e-07	2.80e-05	5.55e-04	9.57e-03	2.75e-01	4.68e-01	2.47e-01
 4.61336e+22	0.00e+00	0.00e+00	0.00e+00	0.00e+00	0.00e+00	6.28e-24	2.24e-20	1.26e-16	1.48e-13	6.33e-11	1.06e-08	8.73e-07	3.34e-05	6.32e-04	1.04e-02	2.86e-01	4.67e-01	2.36e-01
 4.69460e+22	0.00e+00	0.00e+00	0.00e+00	0.00e+00	0.00e+00	8.95e-24	3.06e-20	1.69e-16	1.94e-13	8.10e-11	1.31e-08	1.05e-06	3.89e-05	7.07e-04	1.12e-02	2.96e-01	4.65e-01	2.27e-01
 4.76829e+22	0.00e+00	0.00e+00	0.00e+00	0.00e+00	0.00e+00	1.22e-23	4.02e-20	2.19e-16	2.47e-13	1.01e-10	1.58e-08	1.24e-06	4.44e-05	7.80e-04	1.19e-02	3.05e-01	4.63e-01	2.19e-01
 4.85204e+22	0.00e+00	0.00e+00	0.00e+00	0.00e+00	0.00e+00	1.70e-23	5.39e-20	2.88e-16	3.18e-13	1.26e-10	1.94e-08	1.47e-06	5.10e-05	8.64e-04	1.27e-02	3.14e-01	4.61e-01	2.11e-01
 4.94670e+22	0.00e+00	0.00e+00	0.00e+00	0.00e+00	0.00e+00	2.51e-23	7.55e-20	3.97e-16	4.28e-13	1.65e-10	2.45e-08	1.80e-06	6.01e-05	9.74e-04	1.38e-02	3.26e-01	4.59e-01	2.01e-01
 5.03363e+22	0.00e+00	0.00e+00	0.00e+00	0.00e+00	0.00e+00	3.54e-23	1.02e-19	5.30e-16	5.58e-13	2.10e-10	3.02e-08	2.15e-06	6.95e-05	1.08e-03	1.47e-02	3.36e-01	4.56e-01	1.93e-01
 5.11159e+22	0.00e+00	0.00e+00	0.00e+00	0.00e+00	0.00e+00	4.77e-23	1.33e-19	6.79e-16	7.02e-13	2.58e-10	3.62e-08	2.51e-06	7.88e-05	1.19e-03	1.56e-02	3.44e-01	4.53e-01	1.85e-01
 5.19984e+22	0.00e+00	0.00e+00	0.00e+00	0.00e+00	0.00e+00	6.60e-23	1.77e-19	8.89e-16	8.99e-13	3.23e-10	4.41e-08	2.97e-06	9.01e-05	1.31e-03	1.66e-02	3.54e-01	4.50e-01	1.78e-01
 5.31457e+22	0.00e+00	0.00e+00	0.00e+00	0.00e+00	0.00e+00	9.89e-23	2.52e-19	1.25e-15	1.23e-12	4.27e-10	5.62e-08	3.65e-06	1.07e-04	1.48e-03	1.79e-02	3.66e-01	4.46e-01	1.69e-01
 5.43457e+22	0.00e+00	0.00e+00	0.00e+00	0.00e+00	0.00e+00	1.52e-22	3.69e-19	1.78e-15	1.71e-12	5.76e-10	7.30e-08	4.56e-06	1.27e-04	1.69e-03	1.94e-02	3.79e-01	4.40e-01	1.60e-01
 5.53413e+22	0.00e+00	0.00e+00	0.00e+00	0.00e+00	0.00e+00	2.16e-22	5.01e-19	2.39e-15	2.23e-12	7.32e-10	9.00e-08	5.45e-06	1.47e-04	1.87e-03	2.07e-02	3.89e-01	4.36e-01	1.52e-01
 5.63625e+22	0.00e+00	0.00e+00	0.00e+00	0.00e+00	0.00e+00	3.02e-22	6.72e-19	3.15e-15	2.88e-12	9.22e-10	1.10e-07	6.46e-06	1.68e-04	2.06e-03	2.20e-02	3.99e-01	4.31e-01	1.45e-01
 5.76900e+22	0.00e+00	0.00e+00	0.00e+00	0.00e+00	0.00e+00	4.59e-22	9.72e-19	4.47e-15	3.98e-12	1.23e-09	1.42e-07	7.99e-06	2.00e-04	2.34e-03	2.38e-02	4.11e-01	4.25e-01	1.37e-01
 5.90821e+22	0.00e+00	0.00e+00	0.00e+00	0.00e+00	0.00e+00	7.18e-22	1.44e-18	6.49e-15	5.61e-12	1.68e-09	1.85e-07	1.00e-05	2.39e-04	2.66e-03	2.58e-02	4.25e-01	4.18e-01	1.29e-01
 6.01878e+22	0.00e+00	0.00e+00	0.00e+00	0.00e+00	0.00e+00	1.02e-21	1.96e-18	8.68e-15	7.32e-12	2.13e-09	2.28e-07	1.20e-05	2.75e-04	2.95e-03	2.74e-02	4.35e-01	4.13e-01	1.22e-01
 6.11008e+22	0.00e+00	0.00e+00	0.00e+00	0.00e+00	3.19e-25	1.33e-21	2.48e-18	1.09e-14	9.01e-12	2.56e-09	2.68e-07	1.37e-05	3.07e-04	3.18e-03	2.87e-02	4.42e-01	4.08e-01	1.17e-01
 6.21336e+22	0.00e+00	0.00e+00	0.00e+00	0.00e+00	4.48e-25	1.80e-21	3.23e-18	1.40e-14	1.14e-11	3.16e-09	3.21e-07	1.60e-05	3.46e-04	3.47e-03	3.02e-02	4.51e-01	4.03e-01	1.12e-01
 6.34761e+22	0.00e+00	0.00e+00	0.00e+00	0.00e+00	6.76e-25	2.60e-21	4.46e-18	1.90e-14	1.50e-11	4.06e-09	3.98e-07	1.91e-05	4.00e-04	3.85e-03	3.22e-02	4.61e-01	3.96e-01	1.06e-01
 6.49659e+22	0.00e+00	0.00e+00	0.00e+00	0.00e+00	1.08e-24	3.96e-21	6.44e-18	2.69e-14	2.08e-11	5.43e-09	5.13e-07	2.37e-05	4.74e-04	4.34e-03	3.46e-02	4.73e-01	3.88e-01	9.94e-02
 6.62821e+22	0.00e+00	0.00e+00	0.00e+00	0.00e+00	1.63e-24	5.70e-21	8.86e-18	3.65e-14	2.75e-11	6.97e-09	6.37e-07	2.84e-05	5.47e-04	4.81e-03	3.67e-02	4.83e-01	3.81e-01	9.38e-02
 6.74333e+22	0.00e+00	0.00e+00	0.00e+00	0.00e+00	2.29e-24	7.70e-21	1.15e-17	4.69e-14	3.46e-11	8.58e-09	7.62e-07	3.30e-05	6.16e-04	5.24e-03	3.86e-02	4.92e-01	3.75e-01	8.93e-02
 6.87349e+22	0.00e+00	0.00e+00	0.00e+00	0.00e+00	3.31e-24	1.07e-20	1.54e-17	6.17e-14	4.45e-11	1.07e-08	9.25e-07	3.88e-05	7.01e-04	5.74e-03	4.07e-02	5.00e-01	3.68e-01	8.47e-02
 7.04269e+22	0.00e+00	0.00e+00	0.00e+00	0.00e+00	5.20e-24	1.59e-20	2.18e-17	8.61e-14	6.04e-11	1.41e-08	1.17e-06	4.73e-05	8.18e-04	6.41e-03	4.34e-02	5.11e-01	3.60e-01	7.93e-02
 7.22431e+22	0.00e+00	0.00e+00	0.00e+00	0.00e+00	8.63e-24	2.50e-20	3.23e-17	1.25e-13	8.55e-11	1.93e-08	1.53e-06	5.92e-05	9.77e-04	7.26e-03	4.66e-02	5.22e-01	3.50e-01	7.34e-02
 7.36611e+22	0.00e+00	0.00e+00	0.00e+00	0.00e+00	1.28e-23	3.54e-20	4.38e-17	1.68e-13	1.12e-10	2.45e-08	1.88e-06	7.04e-05	1.12e-03	7.98e-03	4.92e-02	5.30e-01	3.42e-01	6.91e-02
 7.47102e+22	0.00e+00	0.00e+00	0.00e+00	0.00e+00	1.68e-23	4.51e-20	5.42e-17	2.06e-13	1.35e-10	2.90e-08	2.18e-06	7.94e-05	1.23e-03	8.53e-03	5.11e-02	5.36e-01	3.37e-01	6.63e-02
 7.58391e+22	0.00e+00	0.00e+00	0.00e+00	0.00e+00	2.22e-23	5.77e-20	6.72e-17	2.53e-13	1.63e-10	3.43e-08	2.52e-06	8.97e-05	1.35e-03	9.12e-03	5.31e-02	5.42e-01	3.31e-01	6.34e-02
 7.73068e+22	0.00e+00	0.00e+00	0.00e+00	0.00e+00	3.14e-23	7.86e-20	8.80e-17	3.27e-13	2.06e-10	4.24e-08	3.02e-06	1.04e-04	1.52e-03	9.91e-03	5.56e-02	5.49e-01	3.24e-01	6.00e-02
 7.92148e+22	0.00e+00	0.00e+00	0.00e+00	0.00e+00	4.88e-23	1.16e-19	1.23e-16	4.53e-13	2.79e-10	5.55e-08	3.81e-06	1.27e-04	1.77e-03	1.10e-02	5.90e-02	5.57e-01	3.15e-01	5.59e-02
 8.11554e+22	0.00e+00	0.00e+00	0.00e+00	0.00e+00	7.81e-23	1.76e-19	1.77e-16	6.42e-13	3.85e-10	7.41e-08	4.88e-06	1.55e-04	2.08e-03	1.23e-02	6.28e-02	5.66e-01	3.05e-01	5.17e-02
 8.26657e+22	0.00e+00	0.00e+00	0.00e+00	0.00e+00	1.11e-22	2.40e-19	2.33e-16	8.34e-13	4.89e-10	9.18e-08	5.87e-06	1.81e-04	2.34e-03	1.34e-02	6.57e-02	5.72e-01	2.98e-01	4.87e-02
 8.38752e+22	0.00e+00	0.00e+00	0.00e+00	0.00e+00	1.46e-22	3.05e-19	2.87e-16	1.02e-12	5.89e-10	1.08e-07	6.76e-06	2.04e-04	2.57e-03	1.42e-02	6.80e-02	5.76e-01	2.92e-01	4.65e-02
 8.51667e+22	0.00e+00	0.00e+00	0.00e+00	0.00e+00	1.92e-22	3.89e-19	3.54e-16	1.25e-12	7.11e-10	1.28e-07	7.82e-06	2.30e-04	2.82e-03	1.52e-02	7.04e-02	5.81e-01	2.86e-01	4.44e-02
 8.68456e+22	0.00e+00	0.00e+00	0.00e+00	0.00e+00	2.69e-22	5.25e-19	4.60e-16	1.61e-12	8.99e-10	1.58e-07	9.35e-06	2.66e-04	3.16e-03	1.65e-02	7.35e-02	5.86e-01	2.79e-01	4.18e-02
 8.86586e+22	0.00e+00	0.00e+00	0.00e+00	0.00e+00	3.93e-22	7.32e-19	6.14e-16	2.13e-12	1.16e-09	1.99e-07	1.14e-05	3.14e-04	3.59e-03	1.80e-02	7.70e-02	5.91e-01	2.71e-01	3.91e-02
 9.02352e+22	0.00e+00	0.00e+00	0.00e+00	0.00e+00	5.44e-22	9.76e-19	7.88e-16	2.71e-12	1.45e-09	2.43e-07	1.35e-05	3.61e-04	4.00e-03	1.94e-02	8.01e-02	5.95e-01	2.64e-01	3.69e-02
 9.16430e+22	0.00e+00	0.00e+00	0.00e+00	0.00e+00	7.20e-22	1.25e-18	9.76e-16	3.34e-12	1.76e-09	2.89e-07	1.57e-05	4.08e-04	4.39e-03	2.06e-02	8.29e-02	5.98e-01	2.58e-01	3.51e-02
 9.30151e+22	0.00e+00	0.00e+00	0.00e+00	0.00e+00	9.34e-22	1.57e-18	1.19e-15	4.05e-12	2.11e-09	3.39e-07	1.80e-05	4.56e-04	4.79e-03	2.19e-02	8.55e-02	6.01e-01	2.53e-01	3.34e-02
 9.45717e+22	0.00e+00	0.00e+00	0.00e+00	3.81e-25	1.25e-21	2.02e-18	1.48e-15	5.02e-12	2.57e-09	4.05e-07	2.09e-05	5.17e-04	5.28e-03	2.34e-02	8.85e-02	6.04e-01	2.47e-01	3.17e-02
 9.62881e+22	0.00e+00	0.00e+00	0.00e+00	5.40e-25	1.70e-21	2.66e-18	1.88e-15	6.33e-12	3.18e-09	4.90e-07	2.46e-05	5.92e-04	5.85e-03	2.51e-02	9.17e-02	6.07e-01	2.40e-01	2.99e-02
 9.78626e+22	0.00e+00	0.00e+00	0.00e+00	7.47e-25	2.28e-21	3.44e-18	2.34e-15	7.85e-12	3.89e-09	5.86e-07	2.87e-05	6.70e-04	6.44e-03	2.68e-02	9.48e-02	6.09e-01	2.34e-01	2.83e-02
 9.93095e+22	0.00e+00	0.00e+00	0.00e+00	9.94e-25	2.94e-21	4.30e-18	2.84e-15	9.49e-12	4.64e-09	6.85e-07	3.28e-05	7.49e-04	7.01e-03	2.84e-02	9.76e-02	6.11e-01	2.28e-01	2.69e-02
 1.00940e+23	0.00e+00	0.00e+00	0.00e+00	1.34e-24	3.84e-21	5.44e-18	3.48e-15	1.16e-11	5.57e-09	8.08e-07	3.77e-05	8.40e-04	7.66e-03	3.01e-02	1.01e-01	6.13e-01	2.23e-01	2.55e-02
 1.03060e+23	0.00e+00	0.00e+00	0.00e+00	1.94e-24	5.33e-21	7.26e-18	4.46e-15	1.48e-11	6.99e-09	9.90e-07	4.48e-05	9.68e-04	8.54e-03	3.24e-02	1.04e-01	6.14e-01	2.16e-01	2.39e-02
 1.05282e+23	0.00e+00	0.00e+00	0.00e+00	2.95e-24	7.76e-21	1.01e-17	5.92e-15	1.95e-11	9.05e-09	1.25e-06	5.46e-05	1.14e-03	9.66e-03	3.52e-02	1.09e-01	6.15e-01	2.08e-01	2.21e-02
 1.07070e+23	0.00e+00	0.00e+00	0.00e+00	4.12e-24	1.05e-20	1.31e-17	7.41e-15	2.44e-11	1.11e-08	1.50e-06	6.38e-05	1.29e-03	1.07e-02	3.76e-02	1.12e-01	6.16e-01	2.02e-01	2.08e-02
 1.08492e+23	0.00e+00	0.00e+00	0.00e+00	5.25e-24	1.30e-20	1.58e-17	8.72e-15	2.86e-11	1.29e-08	1.71e-06	7.15e-05	1.42e-03	1.14e-02	3.94e-02	1.15e-01	6.16e-01	1.97e-01	1.99e-02
 1.10004e+23	0.00e+00	0.00e+00	0.00e+00	6.83e-24	1.64e-20	1.94e-17	1.04e-14	3.41e-11	1.52e-08	1.98e-06	8.10e-05	1.57e-03	1.24e-02	4.15e-02	1.18e-01	6.16e-01	1.92e-01	1.89e-02
 1.11969e+23	0.00e+00	0.00e+00	0.00e+00	9.25e-24	2.15e-20	2.46e-17	1.27e-14	4.16e-11	1.83e-08	2.34e-06	9.33e-05	1.76e-03	1.35e-02	4.40e-02	1.21e-01	6.15e-01	1.87e-01	1.79e-02
 1.14173e+23	0.00e+00	0.00e+00	0.00e+00	1.32e-23	2.95e-20	3.25e-17	1.61e-14	5.27e-11	2.28e-08	2.85e-06	1.10e-04	2.02e-03	1.49e-02	4.71e-02	1.25e-01	6.14e-01	1.80e-01	1.67e-02
 1.16172e+23	0.00e+00	0.00e+00	0.00e+00	1.84e-23	3.97e-20	4.20e-17	2.01e-14	6.56e-11	2.80e-08	3.42e-06	1.29e-04	2.29e-03	1.65e-02	5.02e-02	1.28e-01	6.13e-01	1.74e-01	1.56e-02
 1.17894e+23	0.00e+00	0.00e+00	0.00e+00	2.42e-23	5.05e-20	5.18e-17	2.40e-14	7.85e-11	3.30e-08	3.97e-06	1.46e-04	2.54e-03	1.78e-02	5.28e-02	1.31e-01	6.11e-01	1.69e-01	1.48e-02
 1.19770e+23	0.00e+00	0.00e+00	0.00e+00	3.15e-23	6.38e-20	6.35e-17	2.85e-14	9.33e-11	3.88e-08	4.58e-06	1.65e-04	2.80e-03	1.92e-02	5.54e-02	1.34e-01	6.10e-01	1.64e-01	1.40e-02
 1.22209e+23	0.00e+00	0.00e+00	0.00e+00	4.39e-23	8.57e-20	8.20e-17	3.54e-14	1.16e-10	4.76e-08	5.51e-06	1.93e-04	3.17e-03	2.11e-02	5.90e-02	1.38e-01	6.07e-01	1.58e-01	1.31e-02
 1.24846e+23	0.00e+00	0.00e+00	0.00e+00	6.48e-23	1.21e-19	1.11e-16	4.57e-14	1.50e-10	6.04e-08	6.82e-06	2.31e-04	3.67e-03	2.36e-02	6.34e-02	1.42e-01	6.03e-01	1.52e-01	1.21e-02
 1.27003e+23	0.00e+00	0.00e+00	0.00e+00	8.94e-23	1.61e-19	1.42e-16	5.64e-14	1.85e-10	7.36e-08	8.14e-06	2.69e-04	4.14e-03	2.58e-02	6.72e-02	1.46e-01	5.99e-01	1.46e-01	1.12e-02
 1.28709e+23	0.00e+00	0.00e+00	0.00e+00	1.14e-22	1.99e-19	1.71e-16	6.59e-14	2.17e-10	8.53e-08	9.30e-06	3.01e-04	4.54e-03	2.76e-02	7.02e-02	1.49e-01	5.96e-01	1.42e-01	1.07e-02
 1.30567e+23	0.00e+00	0.00e+00	0.00e+00	1.44e-22	2.45e-19	2.04e-16	7.66e-14	2.52e-10	9.83e-08	1.06e-05	3.35e-04	4.95e-03	2.95e-02	7.32e-02	1.51e-01	5.93e-01	1.38e-01	1.01e-02
 1.32983e+23	0.00e+00	0.00e+00	0.00e+00	1.90e-22	3.14e-19	2.53e-16	9.18e-14	3.03e-10	1.17e-07	1.23e-05	3.81e-04	5.49e-03	3.18e-02	7.69e-02	1.54e-01	5.89e-01	1.33e-01	9.52e-03
 1.36124e+23	0.00e+00	0.00e+00	0.00e+00	2.72e-22	4.30e-19	3.32e-16	1.15e-13	3.82e-10	1.45e-07	1.50e-05	4.49e-04	6.26e-03	3.51e-02	8.19e-02	1.58e-01	5.83e-01	1.27e-01	8.77e-03
 1.39311e+23	0.00e+00	0.00e+00	0.00e+00	4.12e-22	6.21e-19	4.55e-16	1.50e-13	4.99e-10	1.86e-07	1.87e-05	5.44e-04	7.30e-03	3.94e-02	8.80e-02	1.62e-01	5.75e-01	1.20e-01	7.96e-03
 1.41682e+23	0.00e+00	0.00e+00	0.00e+00	5.57e-22	8.12e-19	5.73e-16	1.83e-13	6.07e-10	2.24e-07	2.21e-05	6.25e-04	8.15e-03	4.27e-02	9.26e-02	1.65e-01	5.68e-01	1.15e-01	7.40e-03
 1.43558e+23	0.00e+00	0.00e+00	0.00e+00	7.01e-22	9.94e-19	6.82e-16	2.11e-13	7.03e-10	2.57e-07	2.50e-05	6.94e-04	8.85e-03	4.54e-02	9.62e-02	1.68e-01	5.63e-01	1.11e-01	7.00e-03
 1.45671e+23	0.00e+00	0.00e+00	0.00e+00	8.63e-22	1.19e-18	7.99e-16	2.41e-13	8.03e-10	2.91e-07	2.80e-05	7.62e-04	9.54e-03	4.80e-02	9.95e-02	1.70e-01	5.58e-01	1.08e-01	6.65e-03
 1.48419e+23	0.00e+00	0.00e+00	0.00e+00	1.13e-21	1.51e-18	9.76e-16	2.85e-13	9.52e-10	3.42e-07	3.23e-05	8.61e-04	1.05e-02	5.16e-02	1.04e-01	1.72e-01	5.51e-01	1.04e-01	6.22e-03
 1.51990e+23	0.00e+00	0.00e+00	0.00e+00	1.56e-21	2.01e-18	1.25e-15	3.49e-13	1.17e-09	4.14e-07	3.84e-05	9.96e-04	1.18e-02	5.61e-02	1.09e-01	1.75e-01	5.42e-01	9.88e-02	5.72e-03
 1.55850e+23	0.00e+00	0.00e+00	0.00e+00	2.32e-21	2.86e-18	1.69e-15	4.49e-13	1.50e-09	5.25e-07	4.76e-05	1.19e-03	1.36e-02	6.22e-02	1.17e-01	1.78e-01	5.30e-01	9.27e-02	5.15e-03
 1.59021e+23	0.00e+00	0.00e+00	6.88e-25	3.25e-21	3.83e-18	2.17e-15	5.54e-13	1.85e-09	6.39e-07	5.68e-05	1.38e-03	1.53e-02	6.77e-02	1.23e-01	1.81e-01	5.20e-01	8.77e-02	4.71e-03
 1.61548e+23	0.00e+00	0.00e+00	9.00e-25	4.12e-21	4.73e-18	2.60e-15	6.43e-13	2.15e-09	7.35e-07	6.44e-05	1.54e-03	1.66e-02	7.19e-02	1.27e-01	1.82e-01	5.12e-01	8.42e-02	4.41e-03
 1.64299e+23	0.00e+00	0.00e+00	1.17e-24	5.20e-21	5.80e-18	3.09e-15	7.42e-13	2.48e-09	8.41e-07	7.27e-05	1.70e-03	1.80e-02	7.62e-02	1.31e-01	1.84e-01	5.04e-01	8.09e-02	4.13e-03
 1.67875e+23	0.00e+00	0.00e+00	1.55e-24	6.70e-21	7.24e-18	3.74e-15	8.69e-13	2.90e-09	9.73e-07	8.29e-05	1.90e-03	1.96e-02	8.11e-02	1.36e-01	1.85e-01	4.95e-01	7.73e-02	3.85e-03
 1.72524e+23	0.00e+00	0.00e+00	2.20e-24	9.19e-21	9.57e-18	4.74e-15	1.06e-12	3.52e-09	1.17e-06	9.77e-05	2.18e-03	2.18e-02	8.75e-02	1.42e-01	1.87e-01	4.83e-01	7.29e-02	3.51e-03
 1.77690e+23	0.00e+00	0.00e+00	3.43e-24	1.36e-20	1.35e-17	6.38e-15	1.35e-12	4.46e-09	1.46e-06	1.20e-04	2.58e-03	2.48e-02	9.60e-02	1.50e-01	1.88e-01	4.68e-01	6.76e-02	3.12e-03
 1.82205e+23	0.00e+00	0.00e+00	5.11e-24	1.95e-20	1.86e-17	8.34e-15	1.69e-12	5.53e-09	1.78e-06	1.43e-04	3.00e-03	2.79e-02	1.04e-01	1.57e-01	1.89e-01	4.53e-01	6.30e-02	2.80e-03
 1.85940e+23	0.00e+00	0.00e+00	6.82e-24	2.53e-20	2.33e-17	1.01e-14	1.98e-12	6.45e-09	2.06e-06	1.63e-04	3.34e-03	3.03e-02	1.10e-01	1.62e-01	1.90e-01	4.42e-01	5.98e-02	2.58e-03
 1.89986e+23	0.00e+00	0.00e+00	8.85e-24	3.19e-20	2.86e-17	1.21e-14	2.29e-12	7.39e-09	2.34e-06	1.83e-04	3.69e-03	3.26e-02	1.16e-01	1.66e-01	1.90e-01	4.32e-01	5.69e-02	2.39e-03
 1.95247e+23	0.00e+00	0.00e+00	1.16e-23	4.06e-20	3.53e-17	1.44e-14	2.65e-12	8.49e-09	2.67e-06	2.06e-04	4.06e-03	3.51e-02	1.22e-01	1.70e-01	1.90e-01	4.21e-01	5.41e-02	2.22e-03
 2.02085e+23	0.00e+00	0.00e+00	1.57e-23	5.33e-20	4.49e-17	1.77e-14	3.14e-12	9.95e-09	3.09e-06	2.35e-04	4.54e-03	3.82e-02	1.30e-01	1.75e-01	1.90e-01	4.09e-01	5.09e-02	2.03e-03
 2.10130e+23	0.00e+00	0.00e+00	2.33e-23	7.61e-20	6.14e-17	2.31e-14	3.92e-12	1.22e-08	3.73e-06	2.79e-04	5.23e-03	4.25e-02	1.39e-01	1.82e-01	1.89e-01	3.93e-01	4.70e-02	1.80e-03
 2.17685e+23	0.00e+00	0.00e+00	3.58e-23	1.12e-19	8.62e-17	3.09e-14	4.98e-12	1.52e-08	4.57e-06	3.35e-04	6.08e-03	4.75e-02	1.50e-01	1.88e-01	1.88e-01	3.75e-01	4.29e-02	1.57e-03
 2.23566e+23	0.00e+00	0.00e+00	5.11e-23	1.54e-19	1.14e-16	3.93e-14	6.06e-12	1.81e-08	5.40e-06	3.89e-04	6.88e-03	5.21e-02	1.60e-01	1.94e-01	1.86e-01	3.60e-01	3.97e-02	1.40e-03
 2.28390e+23	0.00e+00	0.00e+00	6.13e-23	1.81e-19	1.32e-16	4.45e-14	6.73e-12	1.99e-08	5.87e-06	4.19e-04	7.32e-03	5.45e-02	1.65e-01	1.96e-01	1.86e-01	3.52e-01	3.82e-02	1.33e-03
 2.33717e+23	0.00e+00	0.00e+00	7.01e-23	2.04e-19	1.46e-16	4.86e-14	7.23e-12	2.12e-08	6.24e-06	4.43e-04	7.66e-03	5.64e-02	1.68e-01	1.98e-01	1.85e-01	3.46e-01	3.70e-02	1.27e-03
 2.40166e+23	0.00e+00	0.00e+00	8.31e-23	2.38e-19	1.68e-16	5.45e-14	7.95e-12	2.31e-08	6.74e-06	4.75e-04	8.12e-03	5.88e-02	1.73e-01	2.00e-01	1.84e-01	3.39e-01	3.56e-02	1.20e-03
 2.46697e+23	0.00e+00	0.00e+00	1.01e-22	2.85e-19	1.96e-16	6.25e-14	8.90e-12	2.55e-08	7.38e-06	5.15e-04	8.68e-03	6.17e-02	1.79e-01	2.03e-01	1.83e-01	3.30e-01	3.40e-02	1.12e-03
 2.52576e+23	0.00e+00	0.00e+00	1.19e-22	3.29e-19	2.23e-16	6.97e-14	9.74e-12	2.76e-08	7.94e-06	5.49e-04	9.15e-03	6.41e-02	1.83e-01	2.05e-01	1.82e-01	3.23e-01	3.27e-02	1.06e-03
 2.57866e+23	0.00e+00	0.00e+00	1.36e-22	3.70e-19	2.48e-16	7.63e-14	1.05e-11	2.94e-08	8.42e-06	5.79e-04	9.56e-03	6.62e-02	1.87e-01	2.06e-01	1.81e-01	3.17e-01	3.17e-02	1.02e-03
 2.62628e+23	0.00e+00	0.00e+00	1.55e-22	4.17e-19	2.75e-16	8.33e-14	1.13e-11	3.14e-08	8.93e-06	6.11e-04	9.98e-03	6.83e-02	1.90e-01	2.08e-01	1.80e-01	3.11e-01	3.07e-02	9.69e-04
 2.66913e+23	0.00e+00	0.00e+00	1.69e-22	4.52e-19	2.95e-16	8.86e-14	1.19e-11	3.28e-08	9.30e-06	6.33e-04	1.03e-02	6.97e-02	1.93e-01	2.09e-01	1.79e-01	3.08e-01	3.00e-02	9.40e-04
 2.70770e+23	0.00e+00	0.00e+00	1.83e-22	4.83e-19	3.13e-16	9.32e-14	1.24e-11	3.40e-08	9.61e-06	6.52e-04	1.05e-02	7.10e-02	1.95e-01	2.10e-01	1.78e-01	3.04e-01	2.95e-02	9.15e-04
 2.74241e+23	0.00e+00	0.00e+00	1.95e-22	5.13e-19	3.30e-16	9.75e-14	1.29e-11	3.51e-08	9.90e-06	6.70e-04	1.08e-02	7.21e-02	1.97e-01	2.10e-01	1.78e-01	3.01e-01	2.90e-02	8.94e-04
 2.77413e+23	0.00e+00	0.00e+00	2.05e-22	5.37e-19	3.44e-16	1.01e-13	1.32e-11	3.60e-08	1.01e-05	6.83e-04	1.09e-02	7.29e-02	1.98e-01	2.11e-01	1.77e-01	2.99e-01	2.86e-02	8.78e-04
 2.80468e+23	0.00e+00	0.00e+00	2.11e-22	5.50e-19	3.51e-16	1.03e-13	1.34e-11	3.64e-08	1.02e-05	6.91e-04	1.10e-02	7.34e-02	1.99e-01	2.11e-01	1.77e-01	2.98e-01	2.84e-02	8.70e-04
 2.83523e+23	0.00e+00	0.00e+00	2.17e-22	5.64e-19	3.59e-16	1.05e-13	1.36e-11	3.69e-08	1.04e-05	6.98e-04	1.11e-02	7.38e-02	2.00e-01	2.11e-01	1.77e-01	2.97e-01	2.82e-02	8.62e-04
 2.86577e+23	0.00e+00	0.00e+00	2.21e-22	5.74e-19	3.64e-16	1.06e-13	1.38e-11	3.73e-08	1.05e-05	7.03e-04	1.12e-02	7.42e-02	2.01e-01	2.12e-01	1.77e-01	2.96e-01	2.81e-02	8.56e-04
 2.89632e+23	0.00e+00	0.00e+00	2.28e-22	5.89e-19	3.73e-16	1.08e-13	1.40e-11	3.78e-08	1.06e-05	7.12e-04	1.13e-02	7.47e-02	2.01e-01	2.12e-01	1.76e-01	2.95e-01	2.79e-02	8.47e-04
 2.92687e+23	0.00e+00	0.00e+00	2.30e-22	5.95e-19	3.76e-16	1.09e-13	1.41e-11	3.80e-08	1.06e-05	7.14e-04	1.13e-02	7.49e-02	2.02e-01	2.12e-01	1.76e-01	2.94e-01	2.78e-02	8.44e-04
 2.95742e+23	0.00e+00	0.00e+00	2.32e-22	5.98e-19	3.78e-16	1.10e-13	1.42e-11	3.81e-08	1.07e-05	7.16e-04	1.14e-02	7.50e-02	2.02e-01	2.12e-01	1.76e-01	2.94e-01	2.78e-02	8.42e-04
 2.98797e+23	0.00e+00	0.00e+00	2.33e-22	6.03e-19	3.81e-16	1.10e-13	1.42e-11	3.83e-08	1.07e-05	7.18e-04	1.14e-02	7.51e-02	2.02e-01	2.12e-01	1.76e-01	2.94e-01	2.77e-02	8.40e-04
 3.01852e+23	0.00e+00	0.00e+00	2.35e-22	6.06e-19	3.83e-16	1.11e-13	1.43e-11	3.84e-08	1.07e-05	7.20e-04	1.14e-02	7.52e-02	2.02e-01	2.12e-01	1.76e-01	2.93e-01	2.77e-02	8.38e-04
 3.04430e+23	0.00e+00	0.00e+00	2.52e-22	6.45e-19	4.04e-16	1.16e-13	1.48e-11	3.96e-08	1.11e-05	7.40e-04	1.17e-02	7.64e-02	2.04e-01	2.13e-01	1.76e-01	2.90e-01	2.72e-02	8.17e-04
