#depth	Ar	Ar+	Ar+2	Ar+3	Ar+4	Ar+5	Ar+6	Ar+7	Ar+8	Ar+9	Ar+10	Ar+11	Ar+12	Ar+13	Ar+14	Ar+15	Ar+16	Ar+17	Ar+18
 6.17135e+19	0.00e+00	0.00e+00	0.00e+00	0.00e+00	0.00e+00	0.00e+00	0.00e+00	0.00e+00	0.00e+00	0.00e+00	0.00e+00	1.27e-24	1.62e-20	1.14e-16	6.31e-13	2.60e-09	1.78e-05	7.60e-03	9.92e-01
 1.87609e+20	0.00e+00	0.00e+00	0.00e+00	0.00e+00	0.00e+00	0.00e+00	0.00e+00	0.00e+00	0.00e+00	0.00e+00	0.00e+00	2.19e-24	2.59e-20	1.69e-16	8.62e-13	3.28e-09	2.08e-05	8.21e-03	9.92e-01
 3.18540e+20	0.00e+00	0.00e+00	0.00e+00	0.00e+00	0.00e+00	0.00e+00	0.00e+00	0.00e+00	0.00e+00	0.00e+00	0.00e+00	3.78e-24	4.13e-20	2.49e-16	1.18e-12	4.15e-09	2.43e-05	8.87e-03	9.91e-01
 4.54709e+20	0.00e+00	0.00e+00	0.00e+00	0.00e+00	0.00e+00	0.00e+00	0.00e+00	0.00e+00	0.00e+00	0.00e+00	0.00e+00	6.51e-24	6.58e-20	3.67e-16	1.60e-12	5.23e-09	2.84e-05	9.58e-03	9.90e-01
 5.96324e+20	0.00e+00	0.00e+00	0.00e+00	0.00e+00	0.00e+00	0.00e+00	0.00e+00	0.00e+00	0.00e+00	0.00e+00	0.00e+00	1.12e-23	1.05e-19	5.40e-16	2.19e-12	6.60e-09	3.31e-05	1.03e-02	9.90e-01
 7.43604e+20	0.00e+00	0.00e+00	0.00e+00	0.00e+00	0.00e+00	0.00e+00	0.00e+00	0.00e+00	0.00e+00	0.00e+00	0.00e+00	1.93e-23	1.67e-19	7.97e-16	2.98e-12	8.32e-09	3.87e-05	1.12e-02	9.89e-01
 8.96775e+20	0.00e+00	0.00e+00	0.00e+00	0.00e+00	0.00e+00	0.00e+00	0.00e+00	0.00e+00	0.00e+00	0.00e+00	0.00e+00	3.31e-23	2.65e-19	1.17e-15	4.06e-12	1.05e-08	4.51e-05	1.21e-02	9.88e-01
 1.05607e+21	0.00e+00	0.00e+00	0.00e+00	0.00e+00	0.00e+00	0.00e+00	0.00e+00	0.00e+00	0.00e+00	0.00e+00	0.00e+00	5.70e-23	4.23e-19	1.73e-15	5.54e-12	1.32e-08	5.27e-05	1.30e-02	9.87e-01
 1.22174e+21	0.00e+00	0.00e+00	0.00e+00	0.00e+00	0.00e+00	0.00e+00	0.00e+00	0.00e+00	0.00e+00	0.00e+00	0.00e+00	9.82e-23	6.73e-19	2.55e-15	7.55e-12	1.67e-08	6.15e-05	1.41e-02	9.86e-01
 1.39404e+21	0.00e+00	0.00e+00	0.00e+00	0.00e+00	0.00e+00	0.00e+00	0.00e+00	0.00e+00	0.00e+00	0.00e+00	1.48e-26	1.69e-22	1.07e-18	3.76e-15	1.03e-11	2.11e-08	7.18e-05	1.52e-02	9.85e-01
 1.55868e+21	0.00e+00	0.00e+00	0.00e+00	0.00e+00	0.00e+00	0.00e+00	0.00e+00	0.00e+00	0.00e+00	0.00e+00	2.62e-26	2.78e-22	1.65e-18	5.37e-15	1.37e-11	2.61e-08	8.27e-05	1.63e-02	9.84e-01
 1.70981e+21	0.00e+00	0.00e+00	0.00e+00	0.00e+00	0.00e+00	0.00e+00	0.00e+00	0.00e+00	0.00e+00	0.00e+00	4.34e-26	4.34e-22	2.41e-18	7.37e-15	1.76e-11	3.15e-08	9.38e-05	1.73e-02	9.83e-01
 1.88074e+21	0.00e+00	0.00e+00	0.00e+00	0.00e+00	0.00e+00	0.00e+00	0.00e+00	0.00e+00	0.00e+00	0.00e+00	7.55e-26	7.04e-22	3.64e-18	1.04e-14	2.32e-11	3.88e-08	1.08e-04	1.86e-02	9.81e-01
 2.07861e+21	0.00e+00	0.00e+00	0.00e+00	0.00e+00	0.00e+00	0.00e+00	0.00e+00	0.00e+00	0.00e+00	0.00e+00	1.40e-25	1.21e-21	5.79e-18	1.53e-14	3.16e-11	4.89e-08	1.25e-04	2.00e-02	9.80e-01
 2.26953e+21	0.00e+00	0.00e+00	0.00e+00	0.00e+00	0.00e+00	0.00e+00	0.00e+00	0.00e+00	0.00e+00	0.00e+00	2.48e-25	2.00e-21	8.90e-18	2.19e-14	4.21e-11	6.06e-08	1.45e-04	2.15e-02	9.78e-01
 2.44617e+21	0.00e+00	0.00e+00	0.00e+00	0.00e+00	0.00e+00	0.00e+00	0.00e+00	0.00e+00	0.00e+00	0.00e+00	4.15e-25	3.12e-21	1.31e-17	3.02e-14	5.44e-11	7.34e-08	1.64e-04	2.29e-02	9.77e-01
 2.64553e+21	0.00e+00	0.00e+00	0.00e+00	0.00e+00	0.00e+00	0.00e+00	0.00e+00	0.00e+00	0.00e+00	0.00e+00	7.25e-25	5.09e-21	1.99e-17	4.28e-14	7.19e-11	9.04e-08	1.89e-04	2.45e-02	9.75e-01
 2.86864e+21	0.00e+00	0.00e+00	0.00e+00	0.00e+00	0.00e+00	0.00e+00	0.00e+00	0.00e+00	0.00e+00	0.00e+00	1.33e-24	8.64e-21	3.13e-17	6.24e-14	9.72e-11	1.13e-07	2.19e-04	2.64e-02	9.73e-01
 3.08061e+21	0.00e+00	0.00e+00	0.00e+00	0.00e+00	0.00e+00	0.00e+00	0.00e+00	0.00e+00	0.00e+00	0.00e+00	2.30e-24	1.40e-20	4.73e-17	8.81e-14	1.28e-10	1.39e-07	2.51e-04	2.82e-02	9.72e-01
 3.30719e+21	0.00e+00	0.00e+00	0.00e+00	0.00e+00	0.00e+00	0.00e+00	0.00e+00	0.00e+00	0.00e+00	0.00e+00	4.07e-24	2.30e-20	7.25e-17	1.26e-13	1.70e-10	1.72e-07	2.89e-04	3.03e-02	9.69e-01
 3.55314e+21	0.00e+00	0.00e+00	0.00e+00	0.00e+00	0.00e+00	0.00e+00	0.00e+00	0.00e+00	0.00e+00	0.00e+00	7.38e-24	3.88e-20	1.13e-16	1.83e-13	2.29e-10	2.15e-07	3.35e-04	3.25e-02	9.67e-01
 3.78501e+21	0.00e+00	0.00e+00	0.00e+00	0.00e+00	0.00e+00	0.00e+00	0.00e+00	0.00e+00	0.00e+00	0.00e+00	1.27e-23	6.24e-20	1.70e-16	2.56e-13	3.00e-10	2.63e-07	3.84e-04	3.47e-02	9.65e-01
 4.03592e+21	0.00e+00	0.00e+00	0.00e+00	0.00e+00	0.00e+00	0.00e+00	0.00e+00	0.00e+00	0.00e+00	0.00e+00	2.24e-23	1.02e-19	2.60e-16	3.65e-13	3.98e-10	3.25e-07	4.41e-04	3.72e-02	9.62e-01
 4.31479e+21	0.00e+00	0.00e+00	0.00e+00	0.00e+00	0.00e+00	0.00e+00	0.00e+00	0.00e+00	0.00e+00	0.00e+00	4.10e-23	1.74e-19	4.11e-16	5.33e-13	5.39e-10	4.08e-07	5.13e-04	4.00e-02	9.59e-01
 4.57921e+21	0.00e+00	0.00e+00	0.00e+00	0.00e+00	0.00e+00	0.00e+00	0.00e+00	0.00e+00	0.00e+00	0.00e+00	7.14e-23	2.83e-19	6.22e-16	7.54e-13	7.11e-10	5.02e-07	5.88e-04	4.28e-02	9.57e-01
 4.86020e+21	0.00e+00	0.00e+00	0.00e+00	0.00e+00	0.00e+00	0.00e+00	0.00e+00	0.00e+00	0.00e+00	1.53e-26	1.26e-22	4.65e-19	9.53e-16	1.08e-12	9.44e-10	6.20e-07	6.76e-04	4.58e-02	9.53e-01
 5.16956e+21	0.00e+00	0.00e+00	0.00e+00	0.00e+00	0.00e+00	0.00e+00	0.00e+00	0.00e+00	0.00e+00	3.03e-26	2.31e-22	7.89e-19	1.50e-15	1.57e-12	1.28e-09	7.77e-07	7.84e-04	4.93e-02	9.50e-01
 5.43840e+21	0.00e+00	0.00e+00	0.00e+00	0.00e+00	0.00e+00	0.00e+00	0.00e+00	0.00e+00	0.00e+00	5.36e-26	3.83e-22	1.23e-18	2.19e-15	2.16e-12	1.64e-09	9.39e-07	8.89e-04	5.24e-02	9.47e-01
 5.66039e+21	0.00e+00	0.00e+00	0.00e+00	0.00e+00	0.00e+00	0.00e+00	0.00e+00	0.00e+00	0.00e+00	8.46e-26	5.75e-22	1.75e-18	2.98e-15	2.78e-12	2.01e-09	1.09e-06	9.82e-04	5.50e-02	9.44e-01
 5.90580e+21	0.00e+00	0.00e+00	0.00e+00	0.00e+00	0.00e+00	0.00e+00	0.00e+00	0.00e+00	0.00e+00	1.38e-25	8.91e-22	2.57e-18	4.14e-15	3.66e-12	2.50e-09	1.29e-06	1.09e-03	5.79e-02	9.41e-01
 6.22483e+21	0.00e+00	0.00e+00	0.00e+00	0.00e+00	0.00e+00	0.00e+00	0.00e+00	0.00e+00	0.00e+00	2.58e-25	1.55e-21	4.18e-18	6.27e-15	5.17e-12	3.30e-09	1.58e-06	1.25e-03	6.18e-02	9.37e-01
 6.55460e+21	0.00e+00	0.00e+00	0.00e+00	0.00e+00	0.00e+00	0.00e+00	0.00e+00	0.00e+00	0.00e+00	4.80e-25	2.69e-21	6.77e-18	9.49e-15	7.30e-12	4.34e-09	1.94e-06	1.43e-03	6.60e-02	9.33e-01
 6.82986e+21	0.00e+00	0.00e+00	0.00e+00	0.00e+00	0.00e+00	0.00e+00	0.00e+00	0.00e+00	0.00e+00	7.92e-25	4.20e-21	1.00e-17	1.33e-14	9.65e-12	5.42e-09	2.29e-06	1.60e-03	6.96e-02	9.29e-01
 7.11923e+21	0.00e+00	0.00e+00	0.00e+00	0.00e+00	0.00e+00	0.00e+00	0.00e+00	0.00e+00	0.00e+00	1.32e-24	6.63e-21	1.49e-17	1.87e-14	1.28e-11	6.81e-09	2.71e-06	1.79e-03	7.34e-02	9.25e-01
 7.49016e+21	0.00e+00	0.00e+00	0.00e+00	0.00e+00	0.00e+00	0.00e+00	0.00e+00	0.00e+00	0.00e+00	2.51e-24	1.17e-20	2.45e-17	2.86e-14	1.83e-11	9.04e-09	3.35e-06	2.05e-03	7.84e-02	9.19e-01
 7.86418e+21	0.00e+00	0.00e+00	0.00e+00	0.00e+00	0.00e+00	0.00e+00	0.00e+00	0.00e+00	0.00e+00	4.67e-24	2.04e-20	3.98e-17	4.34e-14	2.59e-11	1.19e-08	4.12e-06	2.35e-03	8.37e-02	9.14e-01
 8.17074e+21	0.00e+00	0.00e+00	0.00e+00	0.00e+00	0.00e+00	0.00e+00	0.00e+00	0.00e+00	0.00e+00	7.65e-24	3.15e-20	5.85e-17	6.03e-14	3.41e-11	1.48e-08	4.85e-06	2.62e-03	8.80e-02	9.09e-01
 8.49252e+21	0.00e+00	0.00e+00	0.00e+00	0.00e+00	0.00e+00	0.00e+00	0.00e+00	0.00e+00	0.00e+00	1.27e-23	4.95e-20	8.67e-17	8.46e-14	4.52e-11	1.85e-08	5.73e-06	2.92e-03	9.27e-02	9.04e-01
 8.90959e+21	0.00e+00	0.00e+00	0.00e+00	0.00e+00	0.00e+00	0.00e+00	0.00e+00	0.00e+00	0.00e+00	2.39e-23	8.69e-20	1.42e-16	1.29e-13	6.44e-11	2.46e-08	7.07e-06	3.35e-03	9.89e-02	8.98e-01
 9.33516e+21	0.00e+00	0.00e+00	0.00e+00	0.00e+00	0.00e+00	0.00e+00	0.00e+00	0.00e+00	0.00e+00	4.49e-23	1.52e-19	2.32e-16	1.97e-13	9.16e-11	3.25e-08	8.70e-06	3.83e-03	1.05e-01	8.91e-01
 9.65485e+21	0.00e+00	0.00e+00	0.00e+00	0.00e+00	0.00e+00	0.00e+00	0.00e+00	0.00e+00	0.00e+00	7.10e-23	2.29e-19	3.32e-16	2.68e-13	1.18e-10	3.98e-08	1.01e-05	4.23e-03	1.10e-01	8.85e-01
 9.91053e+21	0.00e+00	0.00e+00	0.00e+00	0.00e+00	0.00e+00	0.00e+00	0.00e+00	0.00e+00	1.55e-26	1.02e-22	3.16e-19	4.40e-16	3.41e-13	1.45e-10	4.67e-08	1.14e-05	4.57e-03	1.14e-01	8.81e-01
 1.02012e+22	0.00e+00	0.00e+00	0.00e+00	0.00e+00	0.00e+00	0.00e+00	0.00e+00	0.00e+00	2.42e-26	1.52e-22	4.50e-19	6.00e-16	4.46e-13	1.81e-10	5.57e-08	1.30e-05	4.98e-03	1.19e-01	8.76e-01
 1.05790e+22	0.00e+00	0.00e+00	0.00e+00	0.00e+00	0.00e+00	0.00e+00	0.00e+00	0.00e+00	4.22e-26	2.51e-22	7.02e-19	8.86e-16	6.23e-13	2.39e-10	6.96e-08	1.53e-05	5.54e-03	1.25e-01	8.69e-01
 1.09781e+22	0.00e+00	0.00e+00	0.00e+00	0.00e+00	0.00e+00	0.00e+00	0.00e+00	0.00e+00	7.58e-26	4.25e-22	1.13e-18	1.34e-15	8.90e-13	3.22e-10	8.80e-08	1.83e-05	6.21e-03	1.32e-01	8.62e-01
 1.13152e+22	0.00e+00	0.00e+00	0.00e+00	0.00e+00	0.00e+00	0.00e+00	0.00e+00	0.00e+00	1.22e-25	6.55e-22	1.65e-18	1.88e-15	1.19e-12	4.10e-10	1.07e-07	2.11e-05	6.81e-03	1.38e-01	8.56e-01
 1.16640e+22	0.00e+00	0.00e+00	0.00e+00	0.00e+00	0.00e+00	0.00e+00	0.00e+00	0.00e+00	1.98e-25	1.01e-21	2.43e-18	2.63e-15	1.59e-12	5.23e-10	1.29e-07	2.43e-05	7.47e-03	1.44e-01	8.49e-01
 1.21174e+22	0.00e+00	0.00e+00	0.00e+00	0.00e+00	0.00e+00	0.00e+00	0.00e+00	0.00e+00	3.63e-25	1.74e-21	3.95e-18	4.03e-15	2.29e-12	7.10e-10	1.65e-07	2.91e-05	8.38e-03	1.51e-01	8.40e-01
 1.25733e+22	0.00e+00	0.00e+00	0.00e+00	0.00e+00	0.00e+00	0.00e+00	0.00e+00	0.00e+00	6.68e-25	3.02e-21	6.44e-18	6.19e-15	3.32e-12	9.67e-10	2.10e-07	3.49e-05	9.42e-03	1.59e-01	8.31e-01
 1.29276e+22	0.00e+00	0.00e+00	0.00e+00	0.00e+00	0.00e+00	0.00e+00	0.00e+00	0.00e+00	1.05e-24	4.55e-21	9.28e-18	8.52e-15	4.38e-12	1.22e-09	2.52e-07	3.99e-05	1.03e-02	1.66e-01	8.24e-01
 1.32199e+22	0.00e+00	0.00e+00	0.00e+00	0.00e+00	0.00e+00	0.00e+00	0.00e+00	0.00e+00	1.54e-24	6.41e-21	1.26e-17	1.11e-14	5.52e-12	1.48e-09	2.94e-07	4.47e-05	1.10e-02	1.71e-01	8.18e-01
 1.35368e+22	0.00e+00	0.00e+00	0.00e+00	0.00e+00	0.00e+00	0.00e+00	0.00e+00	0.00e+00	2.26e-24	9.07e-21	1.72e-17	1.46e-14	6.97e-12	1.79e-09	3.43e-07	5.01e-05	1.19e-02	1.77e-01	8.11e-01
 1.39487e+22	0.00e+00	0.00e+00	0.00e+00	0.00e+00	0.00e+00	0.00e+00	0.00e+00	0.00e+00	3.69e-24	1.41e-20	2.54e-17	2.06e-14	9.38e-12	2.30e-09	4.17e-07	5.79e-05	1.30e-02	1.84e-01	8.03e-01
 1.43758e+22	0.00e+00	0.00e+00	0.00e+00	0.00e+00	0.00e+00	0.00e+00	0.00e+00	0.00e+00	6.18e-24	2.25e-20	3.85e-17	2.97e-14	1.29e-11	2.99e-09	5.13e-07	6.75e-05	1.44e-02	1.92e-01	7.93e-01
 1.47225e+22	0.00e+00	0.00e+00	0.00e+00	0.00e+00	0.00e+00	0.00e+00	0.00e+00	0.00e+00	9.26e-24	3.24e-20	5.33e-17	3.96e-14	1.65e-11	3.68e-09	6.03e-07	7.61e-05	1.55e-02	1.99e-01	7.86e-01
 1.50268e+22	0.00e+00	0.00e+00	0.00e+00	0.00e+00	0.00e+00	0.00e+00	0.00e+00	0.00e+00	1.32e-23	4.46e-20	7.10e-17	5.09e-14	2.04e-11	4.41e-09	6.96e-07	8.47e-05	1.66e-02	2.05e-01	7.79e-01
 1.53761e+22	0.00e+00	0.00e+00	0.00e+00	0.00e+00	0.00e+00	0.00e+00	0.00e+00	0.00e+00	1.94e-23	6.32e-20	9.69e-17	6.68e-14	2.59e-11	5.37e-09	8.13e-07	9.49e-05	1.78e-02	2.11e-01	7.71e-01
 1.58302e+22	0.00e+00	0.00e+00	0.00e+00	0.00e+00	0.00e+00	0.00e+00	0.00e+00	0.00e+00	3.16e-23	9.82e-20	1.43e-16	9.43e-14	3.48e-11	6.89e-09	9.88e-07	1.10e-04	1.95e-02	2.19e-01	7.61e-01
 1.62983e+22	0.00e+00	0.00e+00	0.00e+00	0.00e+00	0.00e+00	0.00e+00	0.00e+00	0.00e+00	5.30e-23	1.57e-19	2.18e-16	1.36e-13	4.78e-11	8.98e-09	1.22e-06	1.28e-04	2.15e-02	2.29e-01	7.50e-01
 1.66720e+22	0.00e+00	0.00e+00	0.00e+00	0.00e+00	0.00e+00	0.00e+00	0.00e+00	0.00e+00	7.87e-23	2.24e-19	2.99e-16	1.80e-13	6.10e-11	1.10e-08	1.43e-06	1.44e-04	2.32e-02	2.36e-01	7.41e-01
 1.69733e+22	0.00e+00	0.00e+00	0.00e+00	0.00e+00	0.00e+00	0.00e+00	0.00e+00	0.00e+00	1.09e-22	3.00e-19	3.88e-16	2.27e-13	7.44e-11	1.30e-08	1.63e-06	1.58e-04	2.46e-02	2.42e-01	7.33e-01
 1.72932e+22	0.00e+00	0.00e+00	0.00e+00	0.00e+00	0.00e+00	0.00e+00	0.00e+00	1.48e-26	1.50e-22	4.00e-19	5.03e-16	2.84e-13	9.05e-11	1.53e-08	1.85e-06	1.74e-04	2.61e-02	2.48e-01	7.26e-01
 1.77091e+22	0.00e+00	0.00e+00	0.00e+00	0.00e+00	0.00e+00	0.00e+00	0.00e+00	2.31e-26	2.25e-22	5.79e-19	6.99e-16	3.80e-13	1.16e-10	1.89e-08	2.18e-06	1.96e-04	2.82e-02	2.55e-01	7.16e-01
 1.81418e+22	0.00e+00	0.00e+00	0.00e+00	0.00e+00	0.00e+00	0.00e+00	0.00e+00	3.72e-26	3.48e-22	8.60e-19	9.96e-16	5.19e-13	1.52e-10	2.37e-08	2.60e-06	2.24e-04	3.05e-02	2.64e-01	7.05e-01
 1.84933e+22	0.00e+00	0.00e+00	0.00e+00	0.00e+00	0.00e+00	0.00e+00	0.00e+00	5.40e-26	4.90e-22	1.17e-18	1.31e-15	6.62e-13	1.88e-10	2.83e-08	2.99e-06	2.47e-04	3.25e-02	2.71e-01	6.97e-01
 1.88468e+22	0.00e+00	0.00e+00	0.00e+00	0.00e+00	0.00e+00	0.00e+00	0.00e+00	7.79e-26	6.86e-22	1.59e-18	1.72e-15	8.42e-13	2.32e-10	3.37e-08	3.43e-06	2.73e-04	3.46e-02	2.77e-01	6.88e-01
 1.93065e+22	0.00e+00	0.00e+00	0.00e+00	0.00e+00	0.00e+00	0.00e+00	0.00e+00	1.24e-25	1.05e-21	2.34e-18	2.44e-15	1.14e-12	3.02e-10	4.20e-08	4.08e-06	3.10e-04	3.74e-02	2.86e-01	6.76e-01
 1.97666e+22	0.00e+00	0.00e+00	0.00e+00	0.00e+00	0.00e+00	0.00e+00	0.00e+00	1.98e-25	1.61e-21	3.45e-18	3.45e-15	1.55e-12	3.95e-10	5.25e-08	4.85e-06	3.52e-04	4.05e-02	2.95e-01	6.65e-01
 2.01221e+22	0.00e+00	0.00e+00	0.00e+00	0.00e+00	0.00e+00	0.00e+00	0.00e+00	2.82e-25	2.23e-21	4.63e-18	4.49e-15	1.96e-12	4.83e-10	6.22e-08	5.53e-06	3.88e-04	4.29e-02	3.01e-01	6.56e-01
 2.04792e+22	0.00e+00	0.00e+00	0.00e+00	0.00e+00	0.00e+00	0.00e+00	0.00e+00	3.98e-25	3.06e-21	6.16e-18	5.80e-15	2.46e-12	5.88e-10	7.33e-08	6.29e-06	4.26e-04	4.54e-02	3.08e-01	6.46e-01
 2.08717e+22	0.00e+00	0.00e+00	0.00e+00	0.00e+00	0.00e+00	0.00e+00	0.00e+00	5.79e-25	4.32e-21	8.43e-18	7.68e-15	3.15e-12	7.29e-10	8.78e-08	7.24e-06	4.71e-04	4.83e-02	3.15e-01	6.36e-01
 2.12266e+22	0.00e+00	0.00e+00	0.00e+00	0.00e+00	0.00e+00	0.00e+00	0.00e+00	8.11e-25	5.89e-21	1.12e-17	9.88e-15	3.93e-12	8.85e-10	1.03e-07	8.21e-06	5.17e-04	5.11e-02	3.21e-01	6.27e-01
 2.15509e+22	0.00e+00	0.00e+00	0.00e+00	0.00e+00	0.00e+00	0.00e+00	0.00e+00	1.09e-24	7.74e-21	1.43e-17	1.23e-14	4.78e-12	1.05e-09	1.19e-07	9.18e-06	5.60e-04	5.37e-02	3.27e-01	6.19e-01
 2.19192e+22	0.00e+00	0.00e+00	0.00e+00	0.00e+00	0.00e+00	0.00e+00	0.00e+00	1.53e-24	1.05e-20	1.89e-17	1.59e-14	5.97e-12	1.27e-09	1.40e-07	1.04e-05	6.14e-04	5.67e-02	3.33e-01	6.09e-01
 2.23340e+22	0.00e+00	0.00e+00	0.00e+00	0.00e+00	0.00e+00	0.00e+00	0.00e+00	2.21e-24	1.48e-20	2.59e-17	2.10e-14	7.65e-12	1.58e-09	1.68e-07	1.20e-05	6.79e-04	6.03e-02	3.41e-01	5.98e-01
 2.27247e+22	0.00e+00	0.00e+00	0.00e+00	0.00e+00	0.00e+00	0.00e+00	0.00e+00	3.13e-24	2.04e-20	3.46e-17	2.72e-14	9.64e-12	1.93e-09	1.99e-07	1.36e-05	7.46e-04	6.38e-02	3.47e-01	5.88e-01
 2.30878e+22	0.00e+00	0.00e+00	0.00e+00	0.00e+00	0.00e+00	0.00e+00	0.00e+00	4.29e-24	2.73e-20	4.51e-17	3.46e-14	1.19e-11	2.32e-09	2.32e-07	1.54e-05	8.13e-04	6.71e-02	3.53e-01	5.79e-01
 2.34997e+22	0.00e+00	0.00e+00	0.00e+00	0.00e+00	0.00e+00	0.00e+00	0.00e+00	6.05e-24	3.74e-20	6.01e-17	4.47e-14	1.49e-11	2.83e-09	2.74e-07	1.75e-05	8.91e-04	7.09e-02	3.60e-01	5.68e-01
 2.39503e+22	0.00e+00	0.00e+00	0.00e+00	0.00e+00	0.00e+00	0.00e+00	0.00e+00	8.89e-24	5.35e-20	8.31e-17	6.00e-14	1.94e-11	3.56e-09	3.31e-07	2.02e-05	9.91e-04	7.55e-02	3.67e-01	5.56e-01
 2.43440e+22	0.00e+00	0.00e+00	0.00e+00	0.00e+00	0.00e+00	0.00e+00	0.00e+00	1.23e-23	7.24e-20	1.10e-16	7.69e-14	2.41e-11	4.31e-09	3.89e-07	2.29e-05	1.08e-03	7.95e-02	3.73e-01	5.46e-01
 2.46926e+22	0.00e+00	0.00e+00	0.00e+00	0.00e+00	0.00e+00	0.00e+00	0.00e+00	1.64e-23	9.42e-20	1.39e-16	9.55e-14	2.93e-11	5.10e-09	4.49e-07	2.56e-05	1.17e-03	8.32e-02	3.79e-01	5.37e-01
 2.50900e+22	0.00e+00	0.00e+00	0.00e+00	0.00e+00	0.00e+00	0.00e+00	0.00e+00	2.23e-23	1.25e-19	1.81e-16	1.21e-13	3.60e-11	6.11e-09	5.22e-07	2.87e-05	1.27e-03	8.74e-02	3.84e-01	5.27e-01
 2.56066e+22	0.00e+00	0.00e+00	0.00e+00	0.00e+00	0.00e+00	0.00e+00	0.00e+00	3.35e-23	1.83e-19	2.55e-16	1.65e-13	4.74e-11	7.79e-09	6.39e-07	3.35e-05	1.42e-03	9.32e-02	3.92e-01	5.14e-01
 2.61093e+22	0.00e+00	0.00e+00	0.00e+00	0.00e+00	0.00e+00	0.00e+00	0.00e+00	4.97e-23	2.63e-19	3.57e-16	2.23e-13	6.20e-11	9.84e-09	7.77e-07	3.90e-05	1.58e-03	9.91e-02	3.99e-01	5.01e-01
 2.64805e+22	0.00e+00	0.00e+00	0.00e+00	0.00e+00	0.00e+00	0.00e+00	0.00e+00	6.59e-23	3.42e-19	4.54e-16	2.77e-13	7.52e-11	1.17e-08	8.95e-07	4.34e-05	1.71e-03	1.04e-01	4.04e-01	4.91e-01
 2.68495e+22	0.00e+00	0.00e+00	0.00e+00	0.00e+00	0.00e+00	0.00e+00	0.00e+00	8.65e-23	4.41e-19	5.72e-16	3.41e-13	9.05e-11	1.37e-08	1.03e-06	4.82e-05	1.84e-03	1.08e-01	4.08e-01	4.82e-01
 2.73292e+22	0.00e+00	0.00e+00	0.00e+00	0.00e+00	0.00e+00	0.00e+00	1.95e-26	1.23e-22	6.09e-19	7.70e-16	4.46e-13	1.15e-10	1.69e-08	1.22e-06	5.51e-05	2.02e-03	1.14e-01	4.14e-01	4.70e-01
 2.78408e+22	0.00e+00	0.00e+00	0.00e+00	0.00e+00	0.00e+00	0.00e+00	2.97e-26	1.77e-22	8.59e-19	1.06e-15	5.94e-13	1.48e-10	2.11e-08	1.47e-06	6.35e-05	2.23e-03	1.21e-01	4.20e-01	4.57e-01
 2.82821e+22	0.00e+00	0.00e+00	0.00e+00	0.00e+00	0.00e+00	0.00e+00	4.26e-26	2.44e-22	1.16e-18	1.39e-15	7.61e-13	1.85e-10	2.56e-08	1.73e-06	7.19e-05	2.43e-03	1.27e-01	4.25e-01	4.46e-01
 2.86817e+22	0.00e+00	0.00e+00	0.00e+00	0.00e+00	0.00e+00	0.00e+00	5.81e-26	3.20e-22	1.49e-18	1.75e-15	9.40e-13	2.23e-10	3.02e-08	1.99e-06	7.98e-05	2.62e-03	1.32e-01	4.29e-01	4.36e-01
 2.91387e+22	0.00e+00	0.00e+00	0.00e+00	0.00e+00	0.00e+00	0.00e+00	8.24e-26	4.36e-22	1.99e-18	2.29e-15	1.20e-12	2.76e-10	3.65e-08	2.32e-06	8.99e-05	2.84e-03	1.38e-01	4.33e-01	4.26e-01
 2.96447e+22	0.00e+00	0.00e+00	0.00e+00	0.00e+00	0.00e+00	0.00e+00	1.21e-25	6.12e-22	2.73e-18	3.06e-15	1.56e-12	3.49e-10	4.48e-08	2.76e-06	1.02e-04	3.11e-03	1.45e-01	4.38e-01	4.14e-01
 3.01074e+22	0.00e+00	0.00e+00	0.00e+00	0.00e+00	0.00e+00	0.00e+00	1.72e-25	8.32e-22	3.64e-18	3.99e-15	1.98e-12	4.33e-10	5.41e-08	3.23e-06	1.15e-04	3.38e-03	1.52e-01	4.42e-01	4.03e-01
 3.05322e+22	0.00e+00	0.00e+00	0.00e+00	0.00e+00	0.00e+00	0.00e+00	2.35e-25	1.09e-21	4.71e-18	5.07e-15	2.46e-12	5.24e-10	6.40e-08	3.72e-06	1.28e-04	3.63e-03	1.58e-01	4.45e-01	3.93e-01
 3.10148e+22	0.00e+00	0.00e+00	0.00e+00	0.00e+00	0.00e+00	0.00e+00	3.31e-25	1.48e-21	6.26e-18	6.58e-15	3.12e-12	6.47e-10	7.71e-08	4.34e-06	1.44e-04	3.94e-03	1.65e-01	4.49e-01	3.82e-01
 3.16421e+22	0.00e+00	0.00e+00	0.00e+00	0.00e+00	0.00e+00	0.00e+00	5.13e-25	2.17e-21	8.97e-18	9.18e-15	4.22e-12	8.48e-10	9.77e-08	5.28e-06	1.67e-04	4.36e-03	1.74e-01	4.53e-01	3.69e-01
 3.22736e+22	0.00e+00	0.00e+00	0.00e+00	0.00e+00	0.00e+00	0.00e+00	8.00e-25	3.20e-21	1.29e-17	1.29e-14	5.75e-12	1.11e-09	1.24e-07	6.44e-06	1.94e-04	4.83e-03	1.84e-01	4.56e-01	3.55e-01
 3.27532e+22	0.00e+00	0.00e+00	0.00e+00	0.00e+00	0.00e+00	0.00e+00	1.12e-24	4.29e-21	1.70e-17	1.67e-14	7.26e-12	1.37e-09	1.49e-07	7.50e-06	2.18e-04	5.21e-03	1.92e-01	4.58e-01	3.44e-01
 3.32197e+22	0.00e+00	0.00e+00	0.00e+00	0.00e+00	0.00e+00	0.00e+00	1.51e-24	5.59e-21	2.19e-17	2.10e-14	8.95e-12	1.65e-09	1.75e-07	8.58e-06	2.41e-04	5.58e-03	1.99e-01	4.60e-01	3.35e-01
 3.38261e+22	0.00e+00	0.00e+00	0.00e+00	0.00e+00	0.00e+00	0.00e+00	2.23e-24	7.86e-21	3.02e-17	2.83e-14	1.17e-11	2.10e-09	2.17e-07	1.02e-05	2.75e-04	6.10e-03	2.08e-01	4.62e-01	3.23e-01
 3.44528e+22	0.00e+00	0.00e+00	0.00e+00	0.00e+00	0.00e+00	0.00e+00	3.34e-24	1.12e-20	4.21e-17	3.85e-14	1.56e-11	2.70e-09	2.70e-07	1.23e-05	3.15e-04	6.68e-03	2.18e-01	4.64e-01	3.11e-01
 3.49652e+22	0.00e+00	0.00e+00	0.00e+00	0.00e+00	0.00e+00	0.00e+00	4.64e-24	1.49e-20	5.53e-17	4.96e-14	1.96e-11	3.32e-09	3.23e-07	1.42e-05	3.52e-04	7.19e-03	2.27e-01	4.65e-01	3.01e-01
 3.54907e+22	0.00e+00	0.00e+00	0.00e+00	0.00e+00	0.00e+00	0.00e+00	6.35e-24	1.96e-20	7.17e-17	6.31e-14	2.44e-11	4.02e-09	3.82e-07	1.63e-05	3.90e-04	7.70e-03	2.35e-01	4.66e-01	2.91e-01
 3.61740e+22	0.00e+00	0.00e+00	0.00e+00	0.00e+00	0.00e+00	0.00e+00	9.48e-24	2.78e-20	9.99e-17	8.60e-14	3.23e-11	5.16e-09	4.75e-07	1.96e-05	4.46e-04	8.41e-03	2.45e-01	4.66e-01	2.80e-01
 3.68730e+22	0.00e+00	0.00e+00	0.00e+00	0.00e+00	0.00e+00	0.00e+00	1.43e-23	3.99e-20	1.41e-16	1.18e-13	4.32e-11	6.68e-09	5.95e-07	2.35e-05	5.11e-04	9.20e-03	2.56e-01	4.66e-01	2.68e-01
 3.74225e+22	0.00e+00	0.00e+00	0.00e+00	0.00e+00	0.00e+00	0.00e+00	1.97e-23	5.27e-20	1.84e-16	1.51e-13	5.41e-11	8.15e-09	7.08e-07	2.71e-05	5.68e-04	9.86e-03	2.65e-01	4.66e-01	2.58e-01
 3.79669e+22	0.00e+00	0.00e+00	0.00e+00	0.00e+00	0.00e+00	0.00e+00	2.66e-23	6.84e-20	2.35e-16	1.91e-13	6.67e-11	9.81e-09	8.32e-07	3.10e-05	6.26e-04	1.05e-02	2.73e-01	4.65e-01	2.50e-01
 3.86748e+22	0.00e+00	0.00e+00	0.00e+00	0.00e+00	0.00e+00	0.00e+00	3.90e-23	9.53e-20	3.23e-16	2.56e-13	8.72e-11	1.24e-08	1.02e-06	3.66e-05	7.09e-04	1.14e-02	2.84e-01	4.64e-01	2.39e-01
 3.94193e+22	0.00e+00	0.00e+00	0.00e+00	0.00e+00	0.00e+00	0.00e+00	5.82e-23	1.35e-19	4.51e-16	3.49e-13	1.16e-10	1.59e-08	1.27e-06	4.37e-05	8.08e-04	1.24e-02	2.96e-01	4.62e-01	2.29e-01
 4.00479e+22	0.00e+00	0.00e+00	0.00e+00	0.00e+00	0.00e+00	1.81e-26	8.13e-23	1.81e-19	5.95e-16	4.53e-13	1.47e-10	1.97e-08	1.52e-06	5.07e-05	9.01e-04	1.33e-02	3.06e-01	4.61e-01	2.20e-01
 4.07012e+22	0.00e+00	0.00e+00	0.00e+00	0.00e+00	0.00e+00	2.60e-26	1.12e-22	2.40e-19	7.79e-16	5.81e-13	1.84e-10	2.40e-08	1.81e-06	5.83e-05	9.98e-04	1.42e-02	3.15e-01	4.59e-01	2.11e-01
 4.15506e+22	0.00e+00	0.00e+00	0.00e+00	0.00e+00	0.00e+00	4.15e-26	1.70e-22	3.44e-19	1.10e-15	8.00e-13	2.46e-10	3.09e-08	2.25e-06	6.97e-05	1.14e-03	1.54e-02	3.27e-01	4.55e-01	2.01e-01
 4.24302e+22	0.00e+00	0.00e+00	0.00e+00	0.00e+00	0.00e+00	6.76e-26	2.61e-22	5.02e-19	1.57e-15	1.12e-12	3.32e-10	4.04e-08	2.83e-06	8.39e-05	1.30e-03	1.68e-02	3.40e-01	4.52e-01	1.90e-01
 4.31195e+22	0.00e+00	0.00e+00	0.00e+00	0.00e+00	0.00e+00	9.81e-26	3.63e-22	6.69e-19	2.07e-15	1.44e-12	4.19e-10	4.95e-08	3.38e-06	9.67e-05	1.45e-03	1.79e-02	3.50e-01	4.48e-01	1.82e-01
 4.36956e+22	0.00e+00	0.00e+00	0.00e+00	0.00e+00	0.00e+00	1.32e-25	4.73e-22	8.43e-19	2.58e-15	1.77e-12	5.04e-10	5.82e-08	3.89e-06	1.08e-04	1.57e-03	1.89e-02	3.58e-01	4.46e-01	1.76e-01
 4.43541e+22	0.00e+00	0.00e+00	0.00e+00	0.00e+00	0.00e+00	1.84e-25	6.35e-22	1.09e-18	3.30e-15	2.22e-12	6.20e-10	6.97e-08	4.54e-06	1.23e-04	1.72e-03	2.00e-02	3.67e-01	4.42e-01	1.69e-01
 4.52101e+22	0.00e+00	0.00e+00	0.00e+00	0.00e+00	0.00e+00	2.80e-25	9.18e-22	1.50e-18	4.48e-15	2.96e-12	8.02e-10	8.74e-08	5.51e-06	1.44e-04	1.93e-03	2.14e-02	3.78e-01	4.38e-01	1.61e-01
 4.61336e+22	0.00e+00	0.00e+00	0.00e+00	0.00e+00	0.00e+00	4.40e-25	1.37e-21	2.13e-18	6.26e-15	4.03e-12	1.06e-09	1.12e-07	6.79e-06	1.70e-04	2.18e-03	2.31e-02	3.90e-01	4.32e-01	1.52e-01
 4.69460e+22	0.00e+00	0.00e+00	0.00e+00	0.00e+00	0.00e+00	6.48e-25	1.93e-21	2.88e-18	8.34e-15	5.26e-12	1.35e-09	1.38e-07	8.13e-06	1.96e-04	2.42e-03	2.46e-02	4.00e-01	4.28e-01	1.45e-01
 4.76829e+22	0.00e+00	0.00e+00	0.00e+00	0.00e+00	0.00e+00	9.12e-25	2.61e-21	3.75e-18	1.07e-14	6.64e-12	1.67e-09	1.65e-07	9.51e-06	2.22e-04	2.65e-03	2.60e-02	4.09e-01	4.23e-01	1.39e-01
 4.85204e+22	0.00e+00	0.00e+00	0.00e+00	0.00e+00	0.00e+00	1.31e-24	3.61e-21	4.98e-18	1.40e-14	8.51e-12	2.08e-09	2.01e-07	1.12e-05	2.54e-04	2.91e-03	2.76e-02	4.19e-01	4.18e-01	1.33e-01
 4.94670e+22	0.00e+00	0.00e+00	0.00e+00	0.00e+00	0.00e+00	2.00e-24	5.24e-21	6.90e-18	1.92e-14	1.14e-11	2.71e-09	2.53e-07	1.36e-05	2.97e-04	3.26e-03	2.95e-02	4.30e-01	4.12e-01	1.25e-01
 5.03363e+22	0.00e+00	0.00e+00	0.00e+00	0.00e+00	0.00e+00	2.92e-24	7.33e-21	9.25e-18	2.54e-14	1.48e-11	3.42e-09	3.09e-07	1.62e-05	3.40e-04	3.59e-03	3.13e-02	4.39e-01	4.06e-01	1.19e-01
 5.11159e+22	0.00e+00	0.00e+00	0.00e+00	0.00e+00	0.00e+00	4.05e-24	9.79e-21	1.19e-17	3.23e-14	1.85e-11	4.19e-09	3.69e-07	1.88e-05	3.83e-04	3.91e-03	3.29e-02	4.48e-01	4.01e-01	1.14e-01
 5.19984e+22	0.00e+00	0.00e+00	0.00e+00	0.00e+00	0.00e+00	5.78e-24	1.34e-20	1.57e-17	4.21e-14	2.35e-11	5.21e-09	4.46e-07	2.21e-05	4.35e-04	4.29e-03	3.48e-02	4.57e-01	3.95e-01	1.09e-01
 5.31457e+22	0.00e+00	0.00e+00	0.00e+00	0.00e+00	0.00e+00	9.01e-24	1.99e-20	2.21e-17	5.84e-14	3.19e-11	6.84e-09	5.64e-07	2.70e-05	5.10e-04	4.80e-03	3.72e-02	4.68e-01	3.88e-01	1.02e-01
 5.43457e+22	0.00e+00	0.00e+00	0.00e+00	0.00e+00	0.00e+00	1.45e-23	3.03e-20	3.20e-17	8.30e-14	4.41e-11	9.15e-09	7.26e-07	3.34e-05	6.03e-04	5.41e-03	3.99e-02	4.79e-01	3.79e-01	9.56e-02
 5.53413e+22	0.00e+00	0.00e+00	0.00e+00	0.00e+00	0.00e+00	2.12e-23	4.25e-20	4.30e-17	1.10e-13	5.73e-11	1.16e-08	8.90e-07	3.96e-05	6.91e-04	5.96e-03	4.22e-02	4.88e-01	3.72e-01	9.05e-02
 5.63625e+22	0.00e+00	0.00e+00	0.00e+00	0.00e+00	0.00e+00	3.06e-23	5.88e-20	5.71e-17	1.44e-13	7.36e-11	1.45e-08	1.08e-06	4.67e-05	7.86e-04	6.53e-03	4.45e-02	4.97e-01	3.66e-01	8.58e-02
 5.76900e+22	0.00e+00	0.00e+00	0.00e+00	0.00e+00	0.00e+00	4.85e-23	8.85e-20	8.17e-17	2.03e-13	1.01e-10	1.92e-08	1.38e-06	5.73e-05	9.24e-04	7.31e-03	4.75e-02	5.07e-01	3.57e-01	8.01e-02
 5.90821e+22	0.00e+00	0.00e+00	0.00e+00	0.00e+00	2.18e-26	7.93e-23	1.37e-19	1.20e-16	2.93e-13	1.41e-10	2.59e-08	1.79e-06	7.12e-05	1.10e-03	8.25e-03	5.09e-02	5.18e-01	3.47e-01	7.43e-02
 6.01878e+22	0.00e+00	0.00e+00	0.00e+00	0.00e+00	3.33e-26	1.16e-22	1.92e-19	1.61e-16	3.89e-13	1.83e-10	3.28e-08	2.18e-06	8.44e-05	1.25e-03	9.05e-03	5.37e-02	5.26e-01	3.40e-01	7.01e-02
 6.11008e+22	0.00e+00	0.00e+00	0.00e+00	0.00e+00	4.63e-26	1.56e-22	2.50e-19	2.02e-16	4.84e-13	2.25e-10	3.93e-08	2.55e-06	9.61e-05	1.38e-03	9.72e-03	5.59e-02	5.32e-01	3.34e-01	6.69e-02
 6.21336e+22	0.00e+00	0.00e+00	0.00e+00	0.00e+00	6.70e-26	2.18e-22	3.35e-19	2.62e-16	6.19e-13	2.82e-10	4.81e-08	3.04e-06	1.11e-04	1.55e-03	1.05e-02	5.84e-02	5.39e-01	3.27e-01	6.35e-02
 6.34761e+22	0.00e+00	0.00e+00	0.00e+00	0.00e+00	1.05e-25	3.26e-22	4.79e-19	3.58e-16	8.34e-13	3.70e-10	6.14e-08	3.74e-06	1.32e-04	1.78e-03	1.16e-02	6.16e-02	5.46e-01	3.19e-01	5.95e-02
 6.49659e+22	0.00e+00	0.00e+00	0.00e+00	0.00e+00	1.75e-25	5.17e-22	7.21e-19	5.11e-16	1.17e-12	5.08e-10	8.14e-08	4.77e-06	1.62e-04	2.08e-03	1.29e-02	6.55e-02	5.55e-01	3.10e-01	5.52e-02
 6.62821e+22	0.00e+00	0.00e+00	0.00e+00	0.00e+00	2.73e-25	7.72e-22	1.03e-18	6.97e-16	1.58e-12	6.68e-10	1.04e-07	5.88e-06	1.93e-04	2.39e-03	1.42e-02	6.89e-02	5.61e-01	3.01e-01	5.16e-02
 6.74333e+22	0.00e+00	0.00e+00	0.00e+00	0.00e+00	3.95e-25	1.07e-21	1.38e-18	9.00e-16	2.02e-12	8.38e-10	1.27e-07	6.99e-06	2.23e-04	2.67e-03	1.53e-02	7.19e-02	5.67e-01	2.94e-01	4.88e-02
 6.87349e+22	0.00e+00	0.00e+00	0.00e+00	0.00e+00	5.89e-25	1.54e-21	1.90e-18	1.19e-15	2.64e-12	1.07e-09	1.58e-07	8.43e-06	2.61e-04	3.01e-03	1.67e-02	7.52e-02	5.72e-01	2.87e-01	4.59e-02
 7.04269e+22	0.00e+00	0.00e+00	0.00e+00	0.00e+00	9.61e-25	2.39e-21	2.80e-18	1.67e-15	3.65e-12	1.44e-09	2.06e-07	1.06e-05	3.15e-04	3.48e-03	1.84e-02	7.93e-02	5.78e-01	2.77e-01	4.26e-02
 7.22431e+22	0.00e+00	0.00e+00	0.00e+00	0.00e+00	1.67e-24	3.92e-21	4.34e-18	2.45e-15	5.27e-12	2.03e-09	2.79e-07	1.37e-05	3.90e-04	4.11e-03	2.06e-02	8.42e-02	5.85e-01	2.67e-01	3.90e-02
 7.36611e+22	0.00e+00	0.00e+00	0.00e+00	0.00e+00	2.56e-24	5.76e-21	6.10e-18	3.29e-15	7.01e-12	2.63e-09	3.52e-07	1.67e-05	4.60e-04	4.66e-03	2.25e-02	8.81e-02	5.89e-01	2.59e-01	3.64e-02
 7.47102e+22	0.00e+00	0.00e+00	0.00e+00	0.00e+00	3.44e-24	7.52e-21	7.72e-18	4.04e-15	8.54e-12	3.16e-09	4.14e-07	1.92e-05	5.16e-04	5.09e-03	2.39e-02	9.09e-02	5.92e-01	2.53e-01	3.47e-02
 7.58391e+22	0.00e+00	0.00e+00	0.00e+00	0.00e+00	4.65e-24	9.86e-21	9.81e-18	4.98e-15	1.04e-11	3.80e-09	4.87e-07	2.20e-05	5.79e-04	5.57e-03	2.54e-02	9.38e-02	5.94e-01	2.47e-01	3.30e-02
 7.73068e+22	0.00e+00	0.00e+00	0.00e+00	0.00e+00	6.79e-24	1.39e-20	1.33e-17	6.47e-15	1.34e-11	4.79e-09	5.98e-07	2.62e-05	6.69e-04	6.22e-03	2.73e-02	9.74e-02	5.97e-01	2.40e-01	3.10e-02
 7.92148e+22	0.00e+00	0.00e+00	0.00e+00	0.00e+00	1.09e-23	2.13e-20	1.93e-17	8.98e-15	1.84e-11	6.41e-09	7.76e-07	3.27e-05	8.03e-04	7.15e-03	3.01e-02	1.02e-01	6.00e-01	2.31e-01	2.85e-02
 8.11554e+22	0.00e+00	0.00e+00	0.00e+00	0.00e+00	1.83e-23	3.37e-20	2.90e-17	1.28e-14	2.59e-11	8.77e-09	1.02e-06	4.15e-05	9.76e-04	8.30e-03	3.32e-02	1.07e-01	6.02e-01	2.22e-01	2.61e-02
 8.26657e+22	0.00e+00	0.00e+00	0.00e+00	0.00e+00	2.68e-23	4.74e-20	3.93e-17	1.66e-14	3.34e-11	1.11e-08	1.26e-06	4.94e-05	1.13e-03	9.27e-03	3.58e-02	1.11e-01	6.04e-01	2.14e-01	2.44e-02
 8.38752e+22	0.00e+00	0.00e+00	0.00e+00	0.00e+00	3.60e-23	6.18e-20	4.96e-17	2.03e-14	4.06e-11	1.33e-08	1.48e-06	5.66e-05	1.26e-03	1.01e-02	3.78e-02	1.14e-01	6.04e-01	2.09e-01	2.32e-02
 8.51667e+22	0.00e+00	0.00e+00	0.00e+00	0.00e+00	4.85e-23	8.08e-20	6.28e-17	2.49e-14	4.95e-11	1.59e-08	1.74e-06	6.50e-05	1.41e-03	1.10e-02	4.00e-02	1.18e-01	6.05e-01	2.03e-01	2.19e-02
 8.68456e+22	0.00e+00	0.00e+00	0.00e+00	0.00e+00	7.03e-23	1.13e-19	8.42e-17	3.21e-14	6.33e-11	2.00e-08	2.12e-06	7.70e-05	1.62e-03	1.22e-02	4.30e-02	1.22e-01	6.05e-01	1.96e-01	2.05e-02
 8.86586e+22	0.00e+00	0.00e+00	0.00e+00	2.32e-26	1.06e-22	1.63e-19	1.16e-16	4.25e-14	8.31e-11	2.56e-08	2.65e-06	9.29e-05	1.89e-03	1.37e-02	4.64e-02	1.26e-01	6.04e-01	1.89e-01	1.90e-02
 9.02352e+22	0.00e+00	0.00e+00	0.00e+00	3.43e-26	1.51e-22	2.24e-19	1.54e-16	5.41e-14	1.05e-10	3.18e-08	3.21e-06	1.09e-04	2.16e-03	1.52e-02	4.95e-02	1.30e-01	6.03e-01	1.82e-01	1.77e-02
 9.16430e+22	0.00e+00	0.00e+00	0.00e+00	4.80e-26	2.05e-22	2.93e-19	1.95e-16	6.65e-14	1.28e-10	3.83e-08	3.78e-06	1.25e-04	2.42e-03	1.65e-02	5.24e-02	1.33e-01	6.01e-01	1.77e-01	1.67e-02
 9.30151e+22	0.00e+00	0.00e+00	0.00e+00	6.56e-26	2.72e-22	3.78e-19	2.44e-16	8.06e-14	1.55e-10	4.55e-08	4.40e-06	1.43e-04	2.69e-03	1.79e-02	5.51e-02	1.36e-01	6.00e-01	1.72e-01	1.58e-02
 9.45717e+22	0.00e+00	0.00e+00	0.00e+00	9.28e-26	3.72e-22	5.00e-19	3.12e-16	9.96e-14	1.90e-10	5.50e-08	5.21e-06	1.65e-04	3.02e-03	1.95e-02	5.83e-02	1.40e-01	5.98e-01	1.66e-01	1.49e-02
 9.62881e+22	0.00e+00	0.00e+00	0.00e+00	1.35e-25	5.22e-22	6.78e-19	4.08e-16	1.25e-13	2.38e-10	6.76e-08	6.25e-06	1.92e-04	3.43e-03	2.14e-02	6.20e-02	1.44e-01	5.95e-01	1.60e-01	1.39e-02
 9.78626e+22	0.00e+00	0.00e+00	0.00e+00	1.91e-25	7.16e-22	8.98e-19	5.22e-16	1.55e-13	2.93e-10	8.19e-08	7.40e-06	2.21e-04	3.85e-03	2.34e-02	6.55e-02	1.47e-01	5.92e-01	1.55e-01	1.30e-02
 9.93095e+22	0.00e+00	0.00e+00	0.00e+00	2.60e-25	9.45e-22	1.15e-18	6.48e-16	1.87e-13	3.52e-10	9.69e-08	8.59e-06	2.51e-04	4.27e-03	2.52e-02	6.88e-02	1.50e-01	5.89e-01	1.50e-01	1.23e-02
 1.00940e+23	0.00e+00	0.00e+00	0.00e+00	3.58e-25	1.26e-21	1.49e-18	8.14e-16	2.27e-13	4.25e-10	1.16e-07	1.00e-05	2.86e-04	4.75e-03	2.73e-02	7.24e-02	1.53e-01	5.85e-01	1.45e-01	1.16e-02
 1.03060e+23	0.00e+00	0.00e+00	0.00e+00	5.33e-25	1.81e-21	2.05e-18	1.08e-15	2.88e-13	5.38e-10	1.43e-07	1.21e-05	3.36e-04	5.41e-03	3.01e-02	7.69e-02	1.57e-01	5.80e-01	1.39e-01	1.07e-02
 1.05282e+23	0.00e+00	0.00e+00	0.00e+00	8.36e-25	2.72e-21	2.95e-18	1.48e-15	3.78e-13	7.02e-10	1.83e-07	1.51e-05	4.03e-04	6.27e-03	3.36e-02	8.24e-02	1.61e-01	5.74e-01	1.32e-01	9.81e-03
 1.07070e+23	0.00e+00	0.00e+00	0.00e+00	1.20e-24	3.76e-21	3.94e-18	1.90e-15	4.69e-13	8.68e-10	2.23e-07	1.79e-05	4.66e-04	7.05e-03	3.66e-02	8.69e-02	1.65e-01	5.68e-01	1.27e-01	9.13e-03
 1.08492e+23	0.00e+00	0.00e+00	0.00e+00	1.55e-24	4.76e-21	4.86e-18	2.28e-15	5.49e-13	1.01e-09	2.57e-07	2.03e-05	5.17e-04	7.66e-03	3.89e-02	9.03e-02	1.67e-01	5.64e-01	1.23e-01	8.66e-03
 1.10004e+23	0.00e+00	0.00e+00	0.00e+00	2.06e-24	6.14e-21	6.09e-18	2.78e-15	6.48e-13	1.19e-09	2.99e-07	2.32e-05	5.79e-04	8.41e-03	4.16e-02	9.42e-02	1.69e-01	5.59e-01	1.19e-01	8.16e-03
 1.11969e+23	0.00e+00	0.00e+00	0.00e+00	2.85e-24	8.23e-21	7.92e-18	3.49e-15	7.87e-13	1.44e-09	3.57e-07	2.71e-05	6.59e-04	9.33e-03	4.49e-02	9.86e-02	1.72e-01	5.52e-01	1.14e-01	7.62e-03
 1.14173e+23	0.00e+00	0.00e+00	0.00e+00	4.18e-24	1.16e-20	1.08e-17	4.56e-15	9.88e-13	1.81e-09	4.39e-07	3.25e-05	7.68e-04	1.05e-02	4.91e-02	1.04e-01	1.75e-01	5.44e-01	1.09e-01	7.02e-03
 1.16172e+23	0.00e+00	0.00e+00	0.00e+00	5.98e-24	1.60e-20	1.43e-17	5.85e-15	1.22e-12	2.22e-09	5.32e-07	3.85e-05	8.84e-04	1.18e-02	5.34e-02	1.09e-01	1.78e-01	5.36e-01	1.04e-01	6.49e-03
 1.17894e+23	0.00e+00	0.00e+00	0.00e+00	8.00e-24	2.09e-20	1.81e-17	7.16e-15	1.45e-12	2.63e-09	6.22e-07	4.42e-05	9.92e-04	1.30e-02	5.70e-02	1.14e-01	1.80e-01	5.29e-01	9.98e-02	6.08e-03
 1.19770e+23	0.00e+00	0.00e+00	0.00e+00	1.06e-23	2.69e-20	2.26e-17	8.70e-15	1.71e-12	3.09e-09	7.22e-07	5.04e-05	1.11e-03	1.41e-02	6.07e-02	1.18e-01	1.82e-01	5.22e-01	9.61e-02	5.71e-03
 1.22209e+23	0.00e+00	0.00e+00	0.00e+00	1.51e-23	3.70e-20	3.01e-17	1.11e-14	2.10e-12	3.80e-09	8.73e-07	5.96e-05	1.27e-03	1.58e-02	6.58e-02	1.24e-01	1.84e-01	5.13e-01	9.13e-02	5.25e-03
 1.24846e+23	0.00e+00	0.00e+00	0.00e+00	2.30e-23	5.39e-20	4.20e-17	1.48e-14	2.68e-12	4.82e-09	1.09e-06	7.24e-05	1.50e-03	1.80e-02	7.22e-02	1.30e-01	1.87e-01	5.01e-01	8.58e-02	4.76e-03
 1.27003e+23	0.00e+00	0.00e+00	0.00e+00	3.24e-23	7.36e-20	5.53e-17	1.88e-14	3.27e-12	5.87e-09	1.31e-06	8.49e-05	1.71e-03	2.00e-02	7.78e-02	1.36e-01	1.88e-01	4.90e-01	8.15e-02	4.38e-03
 1.28709e+23	0.00e+00	0.00e+00	0.00e+00	4.20e-23	9.28e-20	6.79e-17	2.25e-14	3.80e-12	6.80e-09	1.50e-06	9.57e-05	1.89e-03	2.16e-02	8.22e-02	1.40e-01	1.89e-01	4.82e-01	7.82e-02	4.10e-03
 1.30567e+23	0.00e+00	0.00e+00	0.00e+00	5.39e-23	1.16e-19	8.28e-17	2.67e-14	4.39e-12	7.83e-09	1.71e-06	1.07e-04	2.07e-03	2.33e-02	8.67e-02	1.45e-01	1.90e-01	4.74e-01	7.51e-02	3.85e-03
 1.32983e+23	0.00e+00	0.00e+00	0.00e+00	7.27e-23	1.52e-19	1.05e-16	3.27e-14	5.21e-12	9.27e-09	1.99e-06	1.23e-04	2.32e-03	2.55e-02	9.23e-02	1.50e-01	1.91e-01	4.64e-01	7.15e-02	3.57e-03
 1.36124e+23	0.00e+00	0.00e+00	3.16e-26	1.06e-22	2.14e-19	1.42e-16	4.25e-14	6.48e-12	1.15e-08	2.43e-06	1.46e-04	2.68e-03	2.85e-02	9.98e-02	1.56e-01	1.92e-01	4.51e-01	6.70e-02	3.23e-03
 1.39311e+23	0.00e+00	0.00e+00	5.15e-26	1.66e-22	3.19e-19	2.02e-16	5.75e-14	8.34e-12	1.47e-08	3.05e-06	1.78e-04	3.16e-03	3.24e-02	1.09e-01	1.63e-01	1.92e-01	4.35e-01	6.20e-02	2.86e-03
 1.41682e+23	0.00e+00	0.00e+00	7.36e-26	2.30e-22	4.28e-19	2.61e-16	7.17e-14	1.00e-11	1.75e-08	3.60e-06	2.06e-04	3.55e-03	3.56e-02	1.16e-01	1.69e-01	1.92e-01	4.22e-01	5.84e-02	2.62e-03
 1.43558e+23	0.00e+00	0.00e+00	9.63e-26	2.93e-22	5.32e-19	3.17e-16	8.46e-14	1.15e-11	2.00e-08	4.08e-06	2.30e-04	3.88e-03	3.81e-02	1.22e-01	1.73e-01	1.92e-01	4.13e-01	5.58e-02	2.44e-03
 1.45671e+23	0.00e+00	0.00e+00	1.23e-25	3.66e-22	6.50e-19	3.78e-16	9.84e-14	1.31e-11	2.26e-08	4.56e-06	2.53e-04	4.21e-03	4.05e-02	1.27e-01	1.76e-01	1.92e-01	4.04e-01	5.35e-02	2.29e-03
 1.48419e+23	0.00e+00	0.00e+00	1.68e-25	4.88e-22	8.40e-19	4.74e-16	1.19e-13	1.53e-11	2.64e-08	5.26e-06	2.87e-04	4.66e-03	4.39e-02	1.34e-01	1.81e-01	1.91e-01	3.92e-01	5.05e-02	2.11e-03
 1.51990e+23	0.00e+00	0.00e+00	2.46e-25	6.89e-22	1.14e-18	6.23e-16	1.51e-13	1.86e-11	3.17e-08	6.24e-06	3.33e-04	5.27e-03	4.82e-02	1.43e-01	1.86e-01	1.90e-01	3.78e-01	4.71e-02	1.90e-03
 1.55850e+23	0.00e+00	0.00e+00	3.94e-25	1.06e-21	1.68e-18	8.73e-16	2.01e-13	2.36e-11	3.98e-08	7.71e-06	3.99e-04	6.11e-03	5.40e-02	1.54e-01	1.92e-01	1.88e-01	3.60e-01	4.30e-02	1.67e-03
 1.59021e+23	0.00e+00	0.00e+00	5.84e-25	1.51e-21	2.31e-18	1.16e-15	2.56e-13	2.88e-11	4.80e-08	9.16e-06	4.64e-04	6.90e-03	5.93e-02	1.63e-01	1.97e-01	1.86e-01	3.45e-01	3.98e-02	1.49e-03
 1.61548e+23	0.00e+00	0.00e+00	7.74e-25	1.95e-21	2.91e-18	1.42e-15	3.04e-13	3.32e-11	5.49e-08	1.04e-05	5.16e-04	7.52e-03	6.33e-02	1.70e-01	2.01e-01	1.85e-01	3.34e-01	3.76e-02	1.37e-03
 1.64299e+23	0.00e+00	0.00e+00	1.02e-24	2.50e-21	3.64e-18	1.72e-15	3.59e-13	3.81e-11	6.23e-08	1.17e-05	5.71e-04	8.17e-03	6.74e-02	1.77e-01	2.04e-01	1.83e-01	3.24e-01	3.54e-02	1.26e-03
 1.67875e+23	0.00e+00	0.00e+00	1.37e-24	3.27e-21	4.63e-18	2.13e-15	4.30e-13	4.42e-11	7.16e-08	1.32e-05	6.38e-04	8.93e-03	7.20e-02	1.85e-01	2.07e-01	1.80e-01	3.12e-01	3.33e-02	1.15e-03
 1.72524e+23	0.00e+00	0.00e+00	1.98e-24	4.58e-21	6.27e-18	2.78e-15	5.40e-13	5.34e-11	8.50e-08	1.55e-05	7.31e-04	9.96e-03	7.81e-02	1.94e-01	2.10e-01	1.77e-01	2.97e-01	3.06e-02	1.03e-03
 1.77690e+23	0.00e+00	0.00e+00	3.15e-24	6.98e-21	9.15e-18	3.88e-15	7.17e-13	6.74e-11	1.05e-07	1.89e-05	8.63e-04	1.14e-02	8.63e-02	2.06e-01	2.14e-01	1.73e-01	2.79e-01	2.76e-02	8.87e-04
 1.82205e+23	0.00e+00	0.00e+00	4.78e-24	1.02e-20	1.29e-17	5.24e-15	9.26e-13	8.32e-11	1.27e-07	2.24e-05	1.00e-03	1.28e-02	9.41e-02	2.17e-01	2.17e-01	1.69e-01	2.63e-01	2.50e-02	7.73e-04
 1.85940e+23	0.00e+00	0.00e+00	6.46e-24	1.34e-20	1.65e-17	6.51e-15	1.12e-12	9.70e-11	1.45e-07	2.54e-05	1.11e-03	1.39e-02	1.00e-01	2.25e-01	2.19e-01	1.66e-01	2.51e-01	2.32e-02	6.99e-04
 1.89986e+23	0.00e+00	0.00e+00	8.49e-24	1.72e-20	2.06e-17	7.92e-15	1.32e-12	1.11e-10	1.64e-07	2.84e-05	1.22e-03	1.50e-02	1.06e-01	2.32e-01	2.20e-01	1.62e-01	2.41e-01	2.17e-02	6.36e-04
 1.95247e+23	0.00e+00	0.00e+00	1.12e-23	2.22e-20	2.59e-17	9.69e-15	1.56e-12	1.28e-10	1.85e-07	3.17e-05	1.34e-03	1.62e-02	1.11e-01	2.39e-01	2.22e-01	1.59e-01	2.30e-01	2.02e-02	5.77e-04
 2.02085e+23	0.00e+00	0.00e+00	1.54e-23	2.96e-20	3.35e-17	1.22e-14	1.90e-12	1.50e-10	2.13e-07	3.60e-05	1.50e-03	1.76e-02	1.18e-01	2.47e-01	2.22e-01	1.55e-01	2.18e-01	1.86e-02	5.16e-04
 2.10130e+23	0.00e+00	0.00e+00	2.33e-23	4.31e-20	4.70e-17	1.64e-14	2.45e-12	1.85e-10	2.55e-07	4.24e-05	1.72e-03	1.96e-02	1.28e-01	2.58e-01	2.23e-01	1.50e-01	2.04e-01	1.66e-02	4.44e-04
 2.17685e+23	0.00e+00	0.00e+00	3.63e-23	6.48e-20	6.78e-17	2.27e-14	3.22e-12	2.32e-10	3.09e-07	5.05e-05	1.99e-03	2.20e-02	1.38e-01	2.68e-01	2.23e-01	1.44e-01	1.88e-01	1.47e-02	3.76e-04
 2.23566e+23	0.00e+00	0.00e+00	5.25e-23	9.07e-20	9.18e-17	2.96e-14	4.05e-12	2.80e-10	3.62e-07	5.82e-05	2.24e-03	2.41e-02	1.47e-01	2.77e-01	2.22e-01	1.38e-01	1.75e-01	1.32e-02	3.26e-04
 2.28390e+23	0.00e+00	0.00e+00	6.33e-23	1.08e-19	1.07e-16	3.40e-14	4.55e-12	3.09e-10	3.93e-07	6.26e-05	2.37e-03	2.53e-02	1.52e-01	2.81e-01	2.22e-01	1.36e-01	1.69e-01	1.25e-02	3.04e-04
 2.33717e+23	0.00e+00	0.00e+00	7.27e-23	1.22e-19	1.20e-16	3.76e-14	4.96e-12	3.31e-10	4.17e-07	6.60e-05	2.48e-03	2.61e-02	1.55e-01	2.84e-01	2.21e-01	1.34e-01	1.65e-01	1.20e-02	2.87e-04
 2.40166e+23	0.00e+00	0.00e+00	8.67e-23	1.43e-19	1.39e-16	4.27e-14	5.53e-12	3.62e-10	4.49e-07	7.05e-05	2.62e-03	2.73e-02	1.60e-01	2.88e-01	2.21e-01	1.31e-01	1.59e-01	1.14e-02	2.68e-04
 2.46697e+23	0.00e+00	0.00e+00	1.07e-22	1.73e-19	1.65e-16	4.96e-14	6.29e-12	4.03e-10	4.91e-07	7.63e-05	2.79e-03	2.86e-02	1.65e-01	2.92e-01	2.20e-01	1.28e-01	1.52e-01	1.07e-02	2.47e-04
 2.52576e+23	0.00e+00	0.00e+00	1.25e-22	2.01e-19	1.88e-16	5.59e-14	6.97e-12	4.39e-10	5.26e-07	8.12e-05	2.94e-03	2.98e-02	1.69e-01	2.96e-01	2.19e-01	1.25e-01	1.48e-01	1.02e-02	2.31e-04
 2.57866e+23	0.00e+00	0.00e+00	1.44e-22	2.28e-19	2.11e-16	6.18e-14	7.59e-12	4.71e-10	5.58e-07	8.55e-05	3.07e-03	3.07e-02	1.73e-01	2.98e-01	2.18e-01	1.23e-01	1.43e-01	9.79e-03	2.19e-04
 2.62628e+23	0.00e+00	0.00e+00	1.65e-22	2.58e-19	2.36e-16	6.83e-14	8.26e-12	5.05e-10	5.91e-07	9.00e-05	3.20e-03	3.17e-02	1.77e-01	3.01e-01	2.17e-01	1.21e-01	1.39e-01	9.38e-03	2.07e-04
 2.66913e+23	0.00e+00	0.00e+00	1.81e-22	2.81e-19	2.55e-16	7.31e-14	8.75e-12	5.29e-10	6.15e-07	9.31e-05	3.29e-03	3.24e-02	1.79e-01	3.03e-01	2.16e-01	1.20e-01	1.37e-01	9.11e-03	1.99e-04
 2.70770e+23	0.00e+00	0.00e+00	1.95e-22	3.02e-19	2.72e-16	7.73e-14	9.19e-12	5.51e-10	6.35e-07	9.58e-05	3.37e-03	3.30e-02	1.81e-01	3.04e-01	2.16e-01	1.19e-01	1.34e-01	8.89e-03	1.93e-04
 2.74241e+23	0.00e+00	0.00e+00	2.09e-22	3.21e-19	2.87e-16	8.13e-14	9.59e-12	5.71e-10	6.54e-07	9.83e-05	3.44e-03	3.35e-02	1.83e-01	3.05e-01	2.15e-01	1.18e-01	1.32e-01	8.70e-03	1.87e-04
 2.77413e+23	0.00e+00	0.00e+00	2.20e-22	3.37e-19	3.00e-16	8.45e-14	9.91e-12	5.86e-10	6.68e-07	1.00e-04	3.49e-03	3.39e-02	1.85e-01	3.06e-01	2.15e-01	1.17e-01	1.31e-01	8.56e-03	1.83e-04
 2.80468e+23	0.00e+00	0.00e+00	2.27e-22	3.45e-19	3.07e-16	8.62e-14	1.01e-11	5.95e-10	6.76e-07	1.01e-04	3.52e-03	3.41e-02	1.85e-01	3.07e-01	2.15e-01	1.17e-01	1.30e-01	8.48e-03	1.81e-04
 2.83523e+23	0.00e+00	0.00e+00	2.33e-22	3.54e-19	3.14e-16	8.79e-14	1.03e-11	6.03e-10	6.84e-07	1.02e-04	3.55e-03	3.44e-02	1.86e-01	3.07e-01	2.15e-01	1.16e-01	1.29e-01	8.41e-03	1.79e-04
 2.86577e+23	0.00e+00	0.00e+00	2.37e-22	3.61e-19	3.19e-16	8.93e-14	1.04e-11	6.10e-10	6.90e-07	1.03e-04	3.57e-03	3.45e-02	1.87e-01	3.08e-01	2.14e-01	1.16e-01	1.29e-01	8.36e-03	1.78e-04
 2.89632e+23	0.00e+00	0.00e+00	2.45e-22	3.71e-19	3.28e-16	9.13e-14	1.06e-11	6.19e-10	6.99e-07	1.04e-04	3.61e-03	3.48e-02	1.87e-01	3.08e-01	2.14e-01	1.15e-01	1.28e-01	8.27e-03	1.75e-04
 2.92687e+23	0.00e+00	0.00e+00	2.48e-22	3.75e-19	3.31e-16	9.20e-14	1.07e-11	6.23e-10	7.02e-07	1.05e-04	3.62e-03	3.48e-02	1.88e-01	3.08e-01	2.14e-01	1.15e-01	1.28e-01	8.25e-03	1.75e-04
 2.95742e+23	0.00e+00	0.00e+00	2.49e-22	3.77e-19	3.32e-16	9.25e-14	1.07e-11	6.25e-10	7.04e-07	1.05e-04	3.63e-03	3.49e-02	1.88e-01	3.09e-01	2.14e-01	1.15e-01	1.27e-01	8.23e-03	1.74e-04
 2.98797e+23	0.00e+00	0.00e+00	2.51e-22	3.80e-19	3.35e-16	9.30e-14	1.08e-11	6.28e-10	7.07e-07	1.05e-04	3.63e-03	3.50e-02	1.88e-01	3.09e-01	2.14e-01	1.15e-01	1.27e-01	8.21e-03	1.74e-04
