#depth	Ne	Ne+	Ne+2	Ne+3	Ne+4	Ne+5	Ne+6	Ne+7	Ne+8	Ne+9	Ne+10
 6.17135e+19	0.00e+00	0.00e+00	0.00e+00	0.00e+00	0.00e+00	9.28e-27	1.44e-20	9.38e-15	6.45e-09	1.51e-04	1.00e+00
 1.87609e+20	0.00e+00	0.00e+00	0.00e+00	0.00e+00	0.00e+00	1.37e-26	1.96e-20	1.18e-14	7.54e-09	1.63e-04	1.00e+00
 3.18540e+20	0.00e+00	0.00e+00	0.00e+00	0.00e+00	0.00e+00	2.02e-26	2.68e-20	1.49e-14	8.81e-09	1.76e-04	1.00e+00
 4.54709e+20	0.00e+00	0.00e+00	0.00e+00	0.00e+00	0.00e+00	2.98e-26	3.66e-20	1.89e-14	1.03e-08	1.90e-04	1.00e+00
 5.96324e+20	0.00e+00	0.00e+00	0.00e+00	0.00e+00	0.00e+00	4.39e-26	4.98e-20	2.38e-14	1.20e-08	2.06e-04	1.00e+00
 7.43604e+20	0.00e+00	0.00e+00	0.00e+00	0.00e+00	0.00e+00	6.47e-26	6.79e-20	3.00e-14	1.40e-08	2.22e-04	1.00e+00
 8.96775e+20	0.00e+00	0.00e+00	0.00e+00	0.00e+00	0.00e+00	9.54e-26	9.26e-20	3.78e-14	1.64e-08	2.40e-04	1.00e+00
 1.05607e+21	0.00e+00	0.00e+00	0.00e+00	0.00e+00	0.00e+00	1.41e-25	1.26e-19	4.77e-14	1.91e-08	2.60e-04	1.00e+00
 1.22174e+21	0.00e+00	0.00e+00	0.00e+00	0.00e+00	0.00e+00	2.07e-25	1.72e-19	6.02e-14	2.23e-08	2.81e-04	1.00e+00
 1.39404e+21	0.00e+00	0.00e+00	0.00e+00	0.00e+00	0.00e+00	3.06e-25	2.35e-19	7.59e-14	2.61e-08	3.04e-04	1.00e+00
 1.55868e+21	0.00e+00	0.00e+00	0.00e+00	0.00e+00	0.00e+00	4.37e-25	3.12e-19	9.40e-14	3.01e-08	3.26e-04	1.00e+00
 1.70981e+21	0.00e+00	0.00e+00	0.00e+00	0.00e+00	0.00e+00	5.99e-25	4.02e-19	1.14e-13	3.41e-08	3.48e-04	1.00e+00
 1.88074e+21	0.00e+00	0.00e+00	0.00e+00	0.00e+00	0.00e+00	8.47e-25	5.30e-19	1.40e-13	3.92e-08	3.73e-04	1.00e+00
 2.07861e+21	0.00e+00	0.00e+00	0.00e+00	0.00e+00	0.00e+00	1.25e-24	7.21e-19	1.76e-13	4.57e-08	4.03e-04	1.00e+00
 2.26953e+21	0.00e+00	0.00e+00	0.00e+00	0.00e+00	0.00e+00	1.78e-24	9.60e-19	2.18e-13	5.28e-08	4.33e-04	1.00e+00
 2.44617e+21	0.00e+00	0.00e+00	0.00e+00	0.00e+00	0.00e+00	2.46e-24	1.24e-18	2.64e-13	6.00e-08	4.61e-04	1.00e+00
 2.64553e+21	0.00e+00	0.00e+00	0.00e+00	0.00e+00	0.00e+00	3.49e-24	1.64e-18	3.25e-13	6.90e-08	4.95e-04	1.00e+00
 2.86864e+21	0.00e+00	0.00e+00	0.00e+00	0.00e+00	0.00e+00	5.08e-24	2.21e-18	4.07e-13	8.02e-08	5.34e-04	9.99e-01
 3.08061e+21	0.00e+00	0.00e+00	0.00e+00	0.00e+00	0.00e+00	7.18e-24	2.92e-18	5.00e-13	9.21e-08	5.72e-04	9.99e-01
 3.30719e+21	0.00e+00	0.00e+00	0.00e+00	0.00e+00	0.00e+00	1.03e-23	3.87e-18	6.18e-13	1.06e-07	6.15e-04	9.99e-01
 3.55314e+21	0.00e+00	0.00e+00	0.00e+00	0.00e+00	0.00e+00	1.49e-23	5.22e-18	7.71e-13	1.23e-07	6.62e-04	9.99e-01
 3.78501e+21	0.00e+00	0.00e+00	0.00e+00	0.00e+00	0.00e+00	2.09e-23	6.83e-18	9.43e-13	1.41e-07	7.09e-04	9.99e-01
 4.03592e+21	0.00e+00	0.00e+00	0.00e+00	0.00e+00	0.00e+00	2.98e-23	9.06e-18	1.16e-12	1.62e-07	7.62e-04	9.99e-01
 4.31479e+21	0.00e+00	0.00e+00	0.00e+00	0.00e+00	0.00e+00	4.35e-23	1.23e-17	1.46e-12	1.89e-07	8.22e-04	9.99e-01
 4.57921e+21	0.00e+00	0.00e+00	0.00e+00	0.00e+00	0.00e+00	6.16e-23	1.61e-17	1.79e-12	2.17e-07	8.82e-04	9.99e-01
 4.86020e+21	0.00e+00	0.00e+00	0.00e+00	0.00e+00	0.00e+00	8.78e-23	2.14e-17	2.21e-12	2.50e-07	9.47e-04	9.99e-01
 5.16956e+21	0.00e+00	0.00e+00	0.00e+00	0.00e+00	0.00e+00	1.28e-22	2.89e-17	2.76e-12	2.91e-07	1.02e-03	9.99e-01
 5.43840e+21	0.00e+00	0.00e+00	0.00e+00	0.00e+00	0.00e+00	1.76e-22	3.72e-17	3.33e-12	3.30e-07	1.09e-03	9.99e-01
 5.66039e+21	0.00e+00	0.00e+00	0.00e+00	0.00e+00	3.94e-28	2.27e-22	4.55e-17	3.87e-12	3.65e-07	1.15e-03	9.99e-01
 5.90580e+21	0.00e+00	0.00e+00	0.00e+00	0.00e+00	5.49e-28	2.98e-22	5.66e-17	4.55e-12	4.08e-07	1.21e-03	9.99e-01
 6.22483e+21	0.00e+00	0.00e+00	0.00e+00	0.00e+00	8.33e-28	4.22e-22	7.44e-17	5.57e-12	4.68e-07	1.30e-03	9.99e-01
 6.55460e+21	0.00e+00	0.00e+00	0.00e+00	0.00e+00	1.26e-27	5.96e-22	9.79e-17	6.83e-12	5.37e-07	1.40e-03	9.99e-01
 6.82986e+21	0.00e+00	0.00e+00	0.00e+00	0.00e+00	1.77e-27	7.87e-22	1.22e-16	8.04e-12	6.00e-07	1.48e-03	9.99e-01
 7.11923e+21	0.00e+00	0.00e+00	0.00e+00	0.00e+00	2.50e-27	1.05e-21	1.53e-16	9.50e-12	6.72e-07	1.56e-03	9.98e-01
 7.49016e+21	0.00e+00	0.00e+00	0.00e+00	0.00e+00	3.85e-27	1.49e-21	2.03e-16	1.17e-11	7.74e-07	1.68e-03	9.98e-01
 7.86418e+21	0.00e+00	0.00e+00	0.00e+00	0.00e+00	5.85e-27	2.11e-21	2.66e-16	1.43e-11	8.89e-07	1.80e-03	9.98e-01
 8.17074e+21	0.00e+00	0.00e+00	0.00e+00	0.00e+00	8.15e-27	2.78e-21	3.31e-16	1.68e-11	9.91e-07	1.91e-03	9.98e-01
 8.49252e+21	0.00e+00	0.00e+00	0.00e+00	0.00e+00	1.15e-26	3.69e-21	4.13e-16	1.98e-11	1.11e-06	2.02e-03	9.98e-01
 8.90959e+21	0.00e+00	0.00e+00	0.00e+00	0.00e+00	1.76e-26	5.25e-21	5.46e-16	2.42e-11	1.28e-06	2.17e-03	9.98e-01
 9.33516e+21	0.00e+00	0.00e+00	0.00e+00	0.00e+00	2.69e-26	7.46e-21	7.19e-16	2.97e-11	1.47e-06	2.33e-03	9.98e-01
 9.65485e+21	0.00e+00	0.00e+00	0.00e+00	0.00e+00	3.68e-26	9.63e-21	8.79e-16	3.44e-11	1.62e-06	2.46e-03	9.98e-01
 9.91053e+21	0.00e+00	0.00e+00	0.00e+00	0.00e+00	4.70e-26	1.18e-20	1.03e-15	3.86e-11	1.76e-06	2.56e-03	9.97e-01
 1.02012e+22	0.00e+00	0.00e+00	0.00e+00	0.00e+00	6.15e-26	1.47e-20	1.23e-15	4.38e-11	1.92e-06	2.68e-03	9.97e-01
 1.05790e+22	0.00e+00	0.00e+00	0.00e+00	0.00e+00	8.65e-26	1.95e-20	1.53e-15	5.15e-11	2.15e-06	2.84e-03	9.97e-01
 1.09781e+22	0.00e+00	0.00e+00	0.00e+00	0.00e+00	1.24e-25	2.62e-20	1.92e-15	6.09e-11	2.41e-06	3.02e-03	9.97e-01
 1.13152e+22	0.00e+00	0.00e+00	0.00e+00	0.00e+00	1.66e-25	3.33e-20	2.32e-15	6.98e-11	2.66e-06	3.18e-03	9.97e-01
 1.16640e+22	0.00e+00	0.00e+00	0.00e+00	0.00e+00	2.24e-25	4.25e-20	2.81e-15	8.01e-11	2.92e-06	3.34e-03	9.97e-01
 1.21174e+22	0.00e+00	0.00e+00	0.00e+00	0.00e+00	3.25e-25	5.77e-20	3.57e-15	9.53e-11	3.30e-06	3.56e-03	9.96e-01
 1.25733e+22	0.00e+00	0.00e+00	0.00e+00	0.00e+00	4.74e-25	7.86e-20	4.53e-15	1.13e-10	3.73e-06	3.79e-03	9.96e-01
 1.29276e+22	0.00e+00	0.00e+00	0.00e+00	0.00e+00	6.28e-25	9.90e-20	5.42e-15	1.29e-10	4.08e-06	3.98e-03	9.96e-01
 1.32199e+22	0.00e+00	0.00e+00	0.00e+00	0.00e+00	7.96e-25	1.20e-19	6.29e-15	1.43e-10	4.41e-06	4.14e-03	9.96e-01
 1.35368e+22	0.00e+00	0.00e+00	0.00e+00	0.00e+00	1.01e-24	1.46e-19	7.33e-15	1.60e-10	4.76e-06	4.31e-03	9.96e-01
 1.39487e+22	0.00e+00	0.00e+00	0.00e+00	0.00e+00	1.37e-24	1.88e-19	8.91e-15	1.84e-10	5.26e-06	4.54e-03	9.95e-01
 1.43758e+22	0.00e+00	0.00e+00	0.00e+00	0.00e+00	1.90e-24	2.44e-19	1.09e-14	2.13e-10	5.83e-06	4.79e-03	9.95e-01
 1.47225e+22	0.00e+00	0.00e+00	0.00e+00	0.00e+00	2.45e-24	3.00e-19	1.28e-14	2.39e-10	6.33e-06	5.01e-03	9.95e-01
 1.50268e+22	0.00e+00	0.00e+00	0.00e+00	0.00e+00	3.06e-24	3.61e-19	1.47e-14	2.64e-10	6.80e-06	5.20e-03	9.95e-01
 1.53761e+22	0.00e+00	0.00e+00	0.00e+00	0.00e+00	3.91e-24	4.40e-19	1.72e-14	2.95e-10	7.36e-06	5.42e-03	9.95e-01
 1.58302e+22	0.00e+00	0.00e+00	0.00e+00	0.00e+00	5.33e-24	5.66e-19	2.09e-14	3.39e-10	8.13e-06	5.71e-03	9.94e-01
 1.62983e+22	0.00e+00	0.00e+00	0.00e+00	0.00e+00	7.41e-24	7.41e-19	2.57e-14	3.92e-10	9.03e-06	6.04e-03	9.94e-01
 1.66720e+22	0.00e+00	0.00e+00	0.00e+00	0.00e+00	9.55e-24	9.11e-19	3.01e-14	4.39e-10	9.80e-06	6.30e-03	9.94e-01
 1.69733e+22	0.00e+00	0.00e+00	0.00e+00	0.00e+00	1.18e-23	1.08e-18	3.43e-14	4.80e-10	1.05e-05	6.53e-03	9.93e-01
 1.72932e+22	0.00e+00	0.00e+00	0.00e+00	0.00e+00	1.45e-23	1.28e-18	3.90e-14	5.27e-10	1.12e-05	6.76e-03	9.93e-01
 1.77091e+22	0.00e+00	0.00e+00	0.00e+00	0.00e+00	1.88e-23	1.58e-18	4.60e-14	5.93e-10	1.22e-05	7.07e-03	9.93e-01
 1.81418e+22	0.00e+00	0.00e+00	0.00e+00	0.00e+00	2.51e-23	2.00e-18	5.49e-14	6.71e-10	1.33e-05	7.41e-03	9.93e-01
 1.84933e+22	0.00e+00	0.00e+00	0.00e+00	0.00e+00	3.14e-23	2.39e-18	6.32e-14	7.41e-10	1.43e-05	7.70e-03	9.92e-01
 1.88468e+22	0.00e+00	0.00e+00	0.00e+00	0.00e+00	3.92e-23	2.87e-18	7.25e-14	8.17e-10	1.54e-05	7.99e-03	9.92e-01
 1.93065e+22	0.00e+00	0.00e+00	0.00e+00	0.00e+00	5.20e-23	3.61e-18	8.65e-14	9.25e-10	1.68e-05	8.38e-03	9.92e-01
 1.97666e+22	0.00e+00	0.00e+00	0.00e+00	0.00e+00	6.92e-23	4.55e-18	1.03e-13	1.05e-09	1.84e-05	8.79e-03	9.91e-01
 2.01221e+22	0.00e+00	0.00e+00	0.00e+00	0.00e+00	8.61e-23	5.43e-18	1.18e-13	1.15e-09	1.97e-05	9.11e-03	9.91e-01
 2.04792e+22	0.00e+00	0.00e+00	0.00e+00	0.00e+00	1.07e-22	6.46e-18	1.35e-13	1.26e-09	2.11e-05	9.44e-03	9.91e-01
 2.08717e+22	0.00e+00	0.00e+00	0.00e+00	4.55e-28	1.35e-22	7.82e-18	1.56e-13	1.40e-09	2.27e-05	9.82e-03	9.90e-01
 2.12266e+22	0.00e+00	0.00e+00	0.00e+00	5.86e-28	1.67e-22	9.28e-18	1.78e-13	1.54e-09	2.43e-05	1.02e-02	9.90e-01
 2.15509e+22	0.00e+00	0.00e+00	0.00e+00	7.33e-28	2.01e-22	1.08e-17	2.00e-13	1.67e-09	2.58e-05	1.05e-02	9.89e-01
 2.19192e+22	0.00e+00	0.00e+00	0.00e+00	9.44e-28	2.49e-22	1.29e-17	2.28e-13	1.83e-09	2.76e-05	1.09e-02	9.89e-01
 2.23340e+22	0.00e+00	0.00e+00	0.00e+00	1.25e-27	3.16e-22	1.56e-17	2.65e-13	2.03e-09	2.98e-05	1.13e-02	9.89e-01
 2.27247e+22	0.00e+00	0.00e+00	0.00e+00	1.64e-27	3.95e-22	1.87e-17	3.04e-13	2.24e-09	3.19e-05	1.17e-02	9.88e-01
 2.30878e+22	0.00e+00	0.00e+00	0.00e+00	2.09e-27	4.85e-22	2.21e-17	3.45e-13	2.45e-09	3.41e-05	1.21e-02	9.88e-01
 2.34997e+22	0.00e+00	0.00e+00	0.00e+00	2.72e-27	6.06e-22	2.65e-17	3.97e-13	2.70e-09	3.65e-05	1.26e-02	9.87e-01
 2.39503e+22	0.00e+00	0.00e+00	0.00e+00	3.70e-27	7.85e-22	3.27e-17	4.65e-13	3.02e-09	3.96e-05	1.31e-02	9.87e-01
 2.43440e+22	0.00e+00	0.00e+00	0.00e+00	4.80e-27	9.76e-22	3.90e-17	5.33e-13	3.33e-09	4.24e-05	1.36e-02	9.86e-01
 2.46926e+22	0.00e+00	0.00e+00	0.00e+00	6.03e-27	1.18e-21	4.57e-17	6.01e-13	3.62e-09	4.51e-05	1.40e-02	9.86e-01
 2.50900e+22	0.00e+00	0.00e+00	0.00e+00	7.70e-27	1.46e-21	5.40e-17	6.84e-13	3.96e-09	4.81e-05	1.45e-02	9.85e-01
 2.56066e+22	0.00e+00	0.00e+00	0.00e+00	1.07e-26	1.92e-21	6.78e-17	8.14e-13	4.48e-09	5.25e-05	1.52e-02	9.85e-01
 2.61093e+22	0.00e+00	0.00e+00	0.00e+00	1.48e-26	2.53e-21	8.46e-17	9.64e-13	5.05e-09	5.71e-05	1.58e-02	9.84e-01
 2.64805e+22	0.00e+00	0.00e+00	0.00e+00	1.87e-26	3.08e-21	9.94e-17	1.09e-12	5.51e-09	6.08e-05	1.63e-02	9.84e-01
 2.68495e+22	0.00e+00	0.00e+00	0.00e+00	2.35e-26	3.73e-21	1.16e-16	1.23e-12	5.99e-09	6.45e-05	1.68e-02	9.83e-01
 2.73292e+22	0.00e+00	0.00e+00	0.00e+00	3.15e-26	4.77e-21	1.42e-16	1.43e-12	6.68e-09	6.96e-05	1.75e-02	9.82e-01
 2.78408e+22	0.00e+00	0.00e+00	0.00e+00	4.31e-26	6.21e-21	1.76e-16	1.69e-12	7.52e-09	7.56e-05	1.83e-02	9.82e-01
 2.82821e+22	0.00e+00	0.00e+00	0.00e+00	5.66e-26	7.82e-21	2.13e-16	1.95e-12	8.32e-09	8.12e-05	1.89e-02	9.81e-01
 2.86817e+22	0.00e+00	0.00e+00	0.00e+00	7.15e-26	9.52e-21	2.50e-16	2.21e-12	9.09e-09	8.64e-05	1.95e-02	9.80e-01
 2.91387e+22	0.00e+00	0.00e+00	0.00e+00	9.34e-26	1.19e-20	3.01e-16	2.55e-12	1.01e-08	9.26e-05	2.02e-02	9.80e-01
 2.96447e+22	0.00e+00	0.00e+00	0.00e+00	1.26e-25	1.53e-20	3.69e-16	2.98e-12	1.13e-08	1.00e-04	2.10e-02	9.79e-01
 3.01074e+22	0.00e+00	0.00e+00	0.00e+00	1.65e-25	1.93e-20	4.45e-16	3.45e-12	1.25e-08	1.07e-04	2.18e-02	9.78e-01
 3.05322e+22	0.00e+00	0.00e+00	0.00e+00	2.10e-25	2.37e-20	5.26e-16	3.92e-12	1.37e-08	1.14e-04	2.25e-02	9.77e-01
 3.10148e+22	0.00e+00	0.00e+00	0.00e+00	2.74e-25	2.97e-20	6.34e-16	4.53e-12	1.51e-08	1.23e-04	2.33e-02	9.77e-01
 3.16421e+22	0.00e+00	0.00e+00	0.00e+00	3.87e-25	3.97e-20	8.05e-16	5.45e-12	1.73e-08	1.34e-04	2.44e-02	9.75e-01
 3.22736e+22	0.00e+00	0.00e+00	0.00e+00	5.50e-25	5.35e-20	1.03e-15	6.57e-12	1.98e-08	1.47e-04	2.55e-02	9.74e-01
 3.27532e+22	0.00e+00	0.00e+00	0.00e+00	7.20e-25	6.71e-20	1.24e-15	7.59e-12	2.19e-08	1.58e-04	2.64e-02	9.73e-01
 3.32197e+22	0.00e+00	0.00e+00	0.00e+00	9.13e-25	8.21e-20	1.46e-15	8.64e-12	2.40e-08	1.68e-04	2.72e-02	9.73e-01
 3.38261e+22	0.00e+00	0.00e+00	0.00e+00	1.25e-24	1.07e-19	1.82e-15	1.02e-11	2.71e-08	1.82e-04	2.84e-02	9.71e-01
 3.44528e+22	0.00e+00	0.00e+00	0.00e+00	1.73e-24	1.41e-19	2.28e-15	1.22e-11	3.08e-08	1.99e-04	2.96e-02	9.70e-01
 3.49652e+22	0.00e+00	0.00e+00	0.00e+00	2.26e-24	1.77e-19	2.75e-15	1.41e-11	3.42e-08	2.13e-04	3.06e-02	9.69e-01
 3.54907e+22	0.00e+00	0.00e+00	0.00e+00	2.90e-24	2.19e-19	3.28e-15	1.61e-11	3.77e-08	2.27e-04	3.16e-02	9.68e-01
 3.61740e+22	0.00e+00	0.00e+00	0.00e+00	4.01e-24	2.89e-19	4.12e-15	1.93e-11	4.28e-08	2.48e-04	3.30e-02	9.67e-01
 3.68730e+22	0.00e+00	0.00e+00	0.00e+00	5.62e-24	3.84e-19	5.21e-15	2.31e-11	4.89e-08	2.70e-04	3.44e-02	9.65e-01
 3.74225e+22	0.00e+00	0.00e+00	0.00e+00	7.28e-24	4.79e-19	6.25e-15	2.66e-11	5.42e-08	2.89e-04	3.56e-02	9.64e-01
 3.79669e+22	0.00e+00	0.00e+00	0.00e+00	9.28e-24	5.89e-19	7.41e-15	3.04e-11	5.96e-08	3.08e-04	3.67e-02	9.63e-01
 3.86748e+22	0.00e+00	0.00e+00	0.00e+00	1.27e-23	7.67e-19	9.22e-15	3.60e-11	6.74e-08	3.35e-04	3.82e-02	9.61e-01
 3.94193e+22	0.00e+00	0.00e+00	0.00e+00	1.75e-23	1.01e-18	1.16e-14	4.31e-11	7.67e-08	3.65e-04	3.99e-02	9.60e-01
 4.00479e+22	0.00e+00	0.00e+00	0.00e+00	2.31e-23	1.28e-18	1.41e-14	5.01e-11	8.56e-08	3.92e-04	4.13e-02	9.58e-01
 4.07012e+22	0.00e+00	0.00e+00	0.00e+00	2.99e-23	1.60e-18	1.69e-14	5.78e-11	9.49e-08	4.20e-04	4.27e-02	9.57e-01
 4.15506e+22	0.00e+00	0.00e+00	0.00e+00	4.19e-23	2.12e-18	2.14e-14	6.96e-11	1.09e-07	4.58e-04	4.46e-02	9.55e-01
 4.24302e+22	0.00e+00	0.00e+00	0.00e+00	5.94e-23	2.86e-18	2.74e-14	8.43e-11	1.25e-07	5.02e-04	4.66e-02	9.53e-01
 4.31195e+22	0.00e+00	0.00e+00	0.00e+00	7.76e-23	3.60e-18	3.31e-14	9.77e-11	1.39e-07	5.39e-04	4.82e-02	9.51e-01
 4.36956e+22	0.00e+00	0.00e+00	0.00e+00	9.63e-23	4.32e-18	3.85e-14	1.10e-10	1.52e-07	5.71e-04	4.96e-02	9.50e-01
 4.43541e+22	0.00e+00	0.00e+00	4.54e-28	1.22e-22	5.29e-18	4.55e-14	1.25e-10	1.67e-07	6.07e-04	5.11e-02	9.48e-01
 4.52101e+22	0.00e+00	0.00e+00	6.40e-28	1.64e-22	6.82e-18	5.62e-14	1.48e-10	1.88e-07	6.57e-04	5.31e-02	9.46e-01
 4.61336e+22	0.00e+00	0.00e+00	9.29e-28	2.27e-22	8.98e-18	7.07e-14	1.77e-10	2.14e-07	7.16e-04	5.53e-02	9.44e-01
 4.69460e+22	0.00e+00	0.00e+00	1.28e-27	2.99e-22	1.14e-17	8.60e-14	2.06e-10	2.39e-07	7.70e-04	5.73e-02	9.42e-01
 4.76829e+22	0.00e+00	0.00e+00	1.69e-27	3.82e-22	1.40e-17	1.02e-13	2.36e-10	2.64e-07	8.21e-04	5.91e-02	9.40e-01
 4.85204e+22	0.00e+00	0.00e+00	2.27e-27	4.93e-22	1.74e-17	1.22e-13	2.72e-10	2.93e-07	8.79e-04	6.11e-02	9.38e-01
 4.94670e+22	0.00e+00	0.00e+00	3.22e-27	6.68e-22	2.26e-17	1.52e-13	3.22e-10	3.31e-07	9.52e-04	6.35e-02	9.36e-01
 5.03363e+22	0.00e+00	0.00e+00	4.39e-27	8.75e-22	2.84e-17	1.84e-13	3.74e-10	3.70e-07	1.02e-03	6.57e-02	9.33e-01
 5.11159e+22	0.00e+00	0.00e+00	5.74e-27	1.10e-21	3.47e-17	2.17e-13	4.26e-10	4.06e-07	1.09e-03	6.77e-02	9.31e-01
 5.19984e+22	0.00e+00	0.00e+00	7.67e-27	1.42e-21	4.30e-17	2.59e-13	4.90e-10	4.50e-07	1.16e-03	6.99e-02	9.29e-01
 5.31457e+22	0.00e+00	0.00e+00	1.10e-26	1.94e-21	5.62e-17	3.24e-13	5.83e-10	5.11e-07	1.26e-03	7.27e-02	9.26e-01
 5.43457e+22	0.00e+00	0.00e+00	1.62e-26	2.72e-21	7.50e-17	4.11e-13	7.04e-10	5.86e-07	1.38e-03	7.59e-02	9.23e-01
 5.53413e+22	0.00e+00	0.00e+00	2.22e-26	3.57e-21	9.45e-17	4.99e-13	8.18e-10	6.54e-07	1.48e-03	7.85e-02	9.20e-01
 5.63625e+22	0.00e+00	0.00e+00	2.99e-26	4.63e-21	1.18e-16	6.00e-13	9.46e-10	7.27e-07	1.59e-03	8.11e-02	9.17e-01
 5.76900e+22	0.00e+00	0.00e+00	4.35e-26	6.42e-21	1.56e-16	7.57e-13	1.14e-09	8.31e-07	1.73e-03	8.45e-02	9.14e-01
 5.90821e+22	0.00e+00	0.00e+00	6.50e-26	9.10e-21	2.10e-16	9.69e-13	1.38e-09	9.58e-07	1.90e-03	8.83e-02	9.10e-01
 6.01878e+22	0.00e+00	0.00e+00	8.88e-26	1.19e-20	2.65e-16	1.18e-12	1.60e-09	1.07e-06	2.04e-03	9.13e-02	9.07e-01
 6.11008e+22	0.00e+00	0.00e+00	1.13e-25	1.47e-20	3.17e-16	1.36e-12	1.80e-09	1.16e-06	2.16e-03	9.38e-02	9.04e-01
 6.21336e+22	0.00e+00	0.00e+00	1.49e-25	1.87e-20	3.89e-16	1.62e-12	2.06e-09	1.28e-06	2.30e-03	9.66e-02	9.01e-01
 6.34761e+22	0.00e+00	0.00e+00	2.05e-25	2.47e-20	4.95e-16	1.97e-12	2.41e-09	1.44e-06	2.48e-03	1.00e-01	8.97e-01
 6.49659e+22	0.00e+00	0.00e+00	3.01e-25	3.45e-20	6.58e-16	2.50e-12	2.90e-09	1.65e-06	2.70e-03	1.04e-01	8.93e-01
 6.62821e+22	0.00e+00	0.00e+00	4.18e-25	4.59e-20	8.39e-16	3.06e-12	3.40e-09	1.85e-06	2.92e-03	1.08e-01	8.89e-01
 6.74333e+22	0.00e+00	0.00e+00	5.48e-25	5.81e-20	1.03e-15	3.62e-12	3.88e-09	2.04e-06	3.10e-03	1.11e-01	8.86e-01
 6.87349e+22	0.00e+00	0.00e+00	7.36e-25	7.51e-20	1.28e-15	4.35e-12	4.48e-09	2.26e-06	3.32e-03	1.15e-01	8.82e-01
 7.04269e+22	0.00e+00	0.00e+00	1.05e-24	1.03e-19	1.67e-15	5.43e-12	5.33e-09	2.57e-06	3.60e-03	1.19e-01	8.77e-01
 7.22431e+22	0.00e+00	0.00e+00	1.59e-24	1.46e-19	2.27e-15	7.00e-12	6.51e-09	2.97e-06	3.96e-03	1.24e-01	8.72e-01
 7.36611e+22	0.00e+00	0.00e+00	2.18e-24	1.93e-19	2.87e-15	8.51e-12	7.59e-09	3.32e-06	4.25e-03	1.29e-01	8.67e-01
 7.47102e+22	0.00e+00	0.00e+00	2.71e-24	2.34e-19	3.38e-15	9.76e-12	8.45e-09	3.59e-06	4.47e-03	1.32e-01	8.64e-01
 7.58391e+22	0.00e+00	0.00e+00	3.40e-24	2.84e-19	4.00e-15	1.12e-11	9.43e-09	3.89e-06	4.70e-03	1.35e-01	8.61e-01
 7.73068e+22	0.00e+00	0.00e+00	4.50e-24	3.62e-19	4.92e-15	1.33e-11	1.08e-08	4.29e-06	5.01e-03	1.39e-01	8.56e-01
 7.92148e+22	0.00e+00	0.00e+00	6.43e-24	4.95e-19	6.43e-15	1.67e-11	1.29e-08	4.87e-06	5.44e-03	1.44e-01	8.51e-01
 8.11554e+22	0.00e+00	0.00e+00	9.44e-24	6.90e-19	8.55e-15	2.11e-11	1.55e-08	5.57e-06	5.93e-03	1.50e-01	8.44e-01
 8.26657e+22	0.00e+00	0.00e+00	1.26e-23	8.85e-19	1.06e-14	2.52e-11	1.78e-08	6.16e-06	6.32e-03	1.54e-01	8.40e-01
 8.38752e+22	0.00e+00	0.00e+00	1.57e-23	1.07e-18	1.25e-14	2.89e-11	1.98e-08	6.66e-06	6.65e-03	1.58e-01	8.36e-01
 8.51667e+22	0.00e+00	0.00e+00	1.96e-23	1.30e-18	1.48e-14	3.33e-11	2.21e-08	7.21e-06	6.99e-03	1.61e-01	8.32e-01
 8.68456e+22	0.00e+00	0.00e+00	2.60e-23	1.67e-18	1.82e-14	3.96e-11	2.53e-08	7.96e-06	7.45e-03	1.66e-01	8.27e-01
 8.86586e+22	0.00e+00	0.00e+00	3.54e-23	2.18e-18	2.29e-14	4.80e-11	2.95e-08	8.88e-06	7.98e-03	1.71e-01	8.21e-01
 9.02352e+22	0.00e+00	0.00e+00	4.63e-23	2.75e-18	2.80e-14	5.67e-11	3.36e-08	9.75e-06	8.48e-03	1.76e-01	8.16e-01
 9.16430e+22	0.00e+00	0.00e+00	5.84e-23	3.37e-18	3.32e-14	6.54e-11	3.76e-08	1.06e-05	8.93e-03	1.80e-01	8.11e-01
 9.30151e+22	0.00e+00	0.00e+00	7.24e-23	4.06e-18	3.90e-14	7.47e-11	4.17e-08	1.14e-05	9.37e-03	1.84e-01	8.07e-01
 9.45717e+22	0.00e+00	0.00e+00	9.20e-23	5.00e-18	4.67e-14	8.68e-11	4.69e-08	1.24e-05	9.88e-03	1.88e-01	8.02e-01
 9.62881e+22	0.00e+00	0.00e+00	1.19e-22	6.26e-18	5.66e-14	1.02e-10	5.32e-08	1.36e-05	1.05e-02	1.93e-01	7.97e-01
 9.78626e+22	0.00e+00	0.00e+00	1.52e-22	7.73e-18	6.78e-14	1.18e-10	5.98e-08	1.48e-05	1.10e-02	1.97e-01	7.92e-01
 9.93095e+22	0.00e+00	0.00e+00	1.88e-22	9.31e-18	7.96e-14	1.35e-10	6.64e-08	1.59e-05	1.16e-02	2.01e-01	7.87e-01
 1.00940e+23	0.00e+00	0.00e+00	2.35e-22	1.13e-17	9.41e-14	1.56e-10	7.40e-08	1.72e-05	1.22e-02	2.06e-01	7.82e-01
 1.03060e+23	0.00e+00	7.45e-28	3.11e-22	1.44e-17	1.16e-13	1.85e-10	8.47e-08	1.90e-05	1.29e-02	2.11e-01	7.76e-01
 1.05282e+23	0.00e+00	1.07e-27	4.26e-22	1.90e-17	1.46e-13	2.25e-10	9.88e-08	2.12e-05	1.39e-02	2.18e-01	7.68e-01
 1.07070e+23	0.00e+00	1.42e-27	5.48e-22	2.36e-17	1.77e-13	2.63e-10	1.12e-07	2.32e-05	1.47e-02	2.23e-01	7.62e-01
 1.08492e+23	0.00e+00	1.75e-27	6.58e-22	2.77e-17	2.03e-13	2.95e-10	1.22e-07	2.47e-05	1.52e-02	2.27e-01	7.58e-01
 1.10004e+23	0.00e+00	2.20e-27	8.06e-22	3.30e-17	2.36e-13	3.35e-10	1.35e-07	2.65e-05	1.59e-02	2.31e-01	7.53e-01
 1.11969e+23	0.00e+00	2.86e-27	1.01e-21	4.03e-17	2.80e-13	3.86e-10	1.51e-07	2.87e-05	1.68e-02	2.36e-01	7.47e-01
 1.14173e+23	0.00e+00	3.89e-27	1.33e-21	5.10e-17	3.43e-13	4.58e-10	1.72e-07	3.16e-05	1.78e-02	2.42e-01	7.40e-01
 1.16172e+23	0.00e+00	5.20e-27	1.72e-21	6.38e-17	4.15e-13	5.37e-10	1.95e-07	3.45e-05	1.88e-02	2.47e-01	7.34e-01
 1.17894e+23	0.00e+00	6.58e-27	2.12e-21	7.64e-17	4.85e-13	6.12e-10	2.16e-07	3.71e-05	1.97e-02	2.52e-01	7.28e-01
 1.19770e+23	0.00e+00	8.26e-27	2.59e-21	9.09e-17	5.63e-13	6.93e-10	2.38e-07	3.98e-05	2.05e-02	2.57e-01	7.23e-01
 1.22209e+23	0.00e+00	1.11e-26	3.35e-21	1.14e-16	6.84e-13	8.15e-10	2.70e-07	4.36e-05	2.17e-02	2.62e-01	7.16e-01
 1.24846e+23	0.00e+00	1.56e-26	4.53e-21	1.48e-16	8.58e-13	9.85e-10	3.13e-07	4.84e-05	2.32e-02	2.69e-01	7.07e-01
 1.27003e+23	0.00e+00	2.07e-26	5.82e-21	1.84e-16	1.03e-12	1.15e-09	3.54e-07	5.28e-05	2.44e-02	2.75e-01	7.00e-01
 1.28709e+23	0.00e+00	2.57e-26	7.04e-21	2.17e-16	1.19e-12	1.30e-09	3.88e-07	5.64e-05	2.55e-02	2.80e-01	6.95e-01
 1.30567e+23	0.00e+00	3.16e-26	8.44e-21	2.54e-16	1.37e-12	1.45e-09	4.24e-07	6.00e-05	2.65e-02	2.84e-01	6.89e-01
 1.32983e+23	0.00e+00	4.05e-26	1.05e-20	3.08e-16	1.61e-12	1.67e-09	4.73e-07	6.48e-05	2.77e-02	2.89e-01	6.83e-01
 1.36124e+23	0.00e+00	5.57e-26	1.39e-20	3.93e-16	1.99e-12	1.99e-09	5.42e-07	7.14e-05	2.94e-02	2.96e-01	6.74e-01
 1.39311e+23	0.00e+00	8.07e-26	1.93e-20	5.22e-16	2.54e-12	2.45e-09	6.37e-07	8.00e-05	3.16e-02	3.04e-01	6.64e-01
 1.41682e+23	0.00e+00	1.06e-25	2.45e-20	6.43e-16	3.04e-12	2.84e-09	7.17e-07	8.69e-05	3.32e-02	3.10e-01	6.57e-01
 1.43558e+23	0.00e+00	1.30e-25	2.94e-20	7.53e-16	3.49e-12	3.19e-09	7.84e-07	9.26e-05	3.45e-02	3.15e-01	6.51e-01
 1.45671e+23	0.00e+00	1.57e-25	3.46e-20	8.69e-16	3.95e-12	3.54e-09	8.50e-07	9.81e-05	3.57e-02	3.19e-01	6.45e-01
 1.48419e+23	0.00e+00	2.00e-25	4.29e-20	1.05e-15	4.64e-12	4.05e-09	9.46e-07	1.06e-04	3.74e-02	3.24e-01	6.38e-01
 1.51990e+23	0.00e+00	2.67e-25	5.55e-20	1.31e-15	5.63e-12	4.77e-09	1.07e-06	1.16e-04	3.94e-02	3.31e-01	6.30e-01
 1.55850e+23	0.00e+00	3.84e-25	7.64e-20	1.73e-15	7.18e-12	5.85e-09	1.26e-06	1.29e-04	4.22e-02	3.39e-01	6.19e-01
 1.59021e+23	0.00e+00	5.19e-25	9.97e-20	2.18e-15	8.77e-12	6.92e-09	1.44e-06	1.42e-04	4.46e-02	3.46e-01	6.09e-01
 1.61548e+23	0.00e+00	6.45e-25	1.21e-19	2.58e-15	1.01e-11	7.83e-09	1.58e-06	1.52e-04	4.64e-02	3.51e-01	6.03e-01
 1.64299e+23	0.00e+00	7.98e-25	1.46e-19	3.04e-15	1.17e-11	8.82e-09	1.74e-06	1.62e-04	4.83e-02	3.56e-01	5.96e-01
 1.67875e+23	0.00e+00	1.00e-24	1.79e-19	3.63e-15	1.36e-11	1.00e-08	1.92e-06	1.74e-04	5.04e-02	3.61e-01	5.89e-01
 1.72524e+23	0.00e+00	1.34e-24	2.30e-19	4.53e-15	1.65e-11	1.18e-08	2.19e-06	1.90e-04	5.31e-02	3.68e-01	5.79e-01
 1.77690e+23	0.00e+00	1.91e-24	3.16e-19	5.98e-15	2.11e-11	1.45e-08	2.57e-06	2.12e-04	5.67e-02	3.76e-01	5.67e-01
 1.82205e+23	0.00e+00	2.64e-24	4.21e-19	7.68e-15	2.62e-11	1.74e-08	2.96e-06	2.35e-04	6.02e-02	3.83e-01	5.56e-01
 1.85940e+23	0.00e+00	3.34e-24	5.18e-19	9.20e-15	3.06e-11	1.99e-08	3.29e-06	2.53e-04	6.28e-02	3.89e-01	5.48e-01
 1.89986e+23	0.00e+00	4.13e-24	6.25e-19	1.09e-14	3.54e-11	2.25e-08	3.62e-06	2.70e-04	6.53e-02	3.93e-01	5.41e-01
 1.95247e+23	0.00e+00	5.13e-24	7.58e-19	1.28e-14	4.10e-11	2.55e-08	3.99e-06	2.89e-04	6.79e-02	3.98e-01	5.33e-01
 2.02085e+23	0.00e+00	6.56e-24	9.42e-19	1.55e-14	4.84e-11	2.93e-08	4.46e-06	3.12e-04	7.10e-02	4.04e-01	5.25e-01
 2.10130e+23	0.00e+00	9.02e-24	1.25e-18	1.99e-14	6.01e-11	3.52e-08	5.16e-06	3.45e-04	7.53e-02	4.11e-01	5.13e-01
 2.17685e+23	0.00e+00	1.27e-23	1.70e-18	2.60e-14	7.60e-11	4.30e-08	6.03e-06	3.85e-04	8.02e-02	4.19e-01	5.01e-01
 2.23566e+23	0.00e+00	1.70e-23	2.19e-18	3.26e-14	9.25e-11	5.07e-08	6.88e-06	4.21e-04	8.45e-02	4.25e-01	4.90e-01
 2.28390e+23	0.00e+00	1.96e-23	2.49e-18	3.64e-14	1.02e-10	5.51e-08	7.33e-06	4.40e-04	8.66e-02	4.28e-01	4.85e-01
 2.33717e+23	0.00e+00	2.18e-23	2.75e-18	3.96e-14	1.10e-10	5.87e-08	7.72e-06	4.56e-04	8.84e-02	4.31e-01	4.81e-01
 2.40166e+23	0.00e+00	2.50e-23	3.10e-18	4.41e-14	1.21e-10	6.36e-08	8.22e-06	4.76e-04	9.06e-02	4.34e-01	4.75e-01
 2.46697e+23	0.00e+00	2.93e-23	3.57e-18	4.99e-14	1.34e-10	6.97e-08	8.84e-06	5.01e-04	9.32e-02	4.37e-01	4.69e-01
 2.52576e+23	0.00e+00	3.33e-23	4.00e-18	5.51e-14	1.46e-10	7.49e-08	9.35e-06	5.21e-04	9.54e-02	4.40e-01	4.65e-01
 2.57866e+23	0.00e+00	3.70e-23	4.39e-18	5.98e-14	1.57e-10	7.97e-08	9.82e-06	5.39e-04	9.72e-02	4.42e-01	4.61e-01
 2.62628e+23	0.00e+00	4.11e-23	4.83e-18	6.50e-14	1.70e-10	8.49e-08	1.03e-05	5.58e-04	9.91e-02	4.44e-01	4.56e-01
 2.66913e+23	0.00e+00	4.41e-23	5.15e-18	6.87e-14	1.78e-10	8.85e-08	1.07e-05	5.70e-04	1.00e-01	4.45e-01	4.54e-01
 2.70770e+23	0.00e+00	4.69e-23	5.43e-18	7.20e-14	1.85e-10	9.16e-08	1.10e-05	5.81e-04	1.01e-01	4.47e-01	4.51e-01
 2.74241e+23	0.00e+00	4.94e-23	5.69e-18	7.51e-14	1.92e-10	9.45e-08	1.12e-05	5.91e-04	1.02e-01	4.48e-01	4.49e-01
 2.77413e+23	0.00e+00	5.15e-23	5.90e-18	7.75e-14	1.98e-10	9.67e-08	1.14e-05	5.99e-04	1.03e-01	4.49e-01	4.48e-01
 2.80468e+23	0.00e+00	5.26e-23	6.01e-18	7.88e-14	2.01e-10	9.80e-08	1.16e-05	6.03e-04	1.04e-01	4.49e-01	4.47e-01
 2.83523e+23	0.00e+00	5.37e-23	6.13e-18	8.01e-14	2.04e-10	9.91e-08	1.17e-05	6.07e-04	1.04e-01	4.49e-01	4.46e-01
 2.86577e+23	0.00e+00	5.45e-23	6.21e-18	8.11e-14	2.06e-10	1.00e-07	1.17e-05	6.10e-04	1.04e-01	4.50e-01	4.45e-01
 2.89632e+23	0.00e+00	5.58e-23	6.35e-18	8.26e-14	2.09e-10	1.01e-07	1.19e-05	6.15e-04	1.05e-01	4.50e-01	4.45e-01
 2.92687e+23	0.00e+00	5.63e-23	6.39e-18	8.32e-14	2.10e-10	1.02e-07	1.19e-05	6.16e-04	1.05e-01	4.50e-01	4.44e-01
 2.95742e+23	0.00e+00	5.66e-23	6.42e-18	8.35e-14	2.11e-10	1.02e-07	1.20e-05	6.17e-04	1.05e-01	4.50e-01	4.44e-01
 2.98797e+23	0.00e+00	5.69e-23	6.46e-18	8.39e-14	2.12e-10	1.03e-07	1.20e-05	6.18e-04	1.05e-01	4.51e-01	4.44e-01
 3.01852e+23	0.00e+00	5.72e-23	6.49e-18	8.42e-14	2.13e-10	1.03e-07	1.20e-05	6.20e-04	1.05e-01	4.51e-01	4.44e-01
 3.04430e+23	0.00e+00	6.05e-23	6.81e-18	8.80e-14	2.21e-10	1.06e-07	1.23e-05	6.31e-04	1.06e-01	4.52e-01	4.41e-01
