#depth	Cl	Cl+	Cl+2	Cl+3	Cl+4	Cl+5	Cl+6	Cl+7	Cl+8	Cl+9	Cl+10	Cl+11	Cl+12	Cl+13	Cl+14	Cl+15	Cl+16	Cl+17
 6.17135e+19	0.00e+00	0.00e+00	0.00e+00	0.00e+00	0.00e+00	0.00e+00	2.74e-25	1.47e-20	8.38e-17	1.24e-13	4.29e-11	7.14e-09	6.26e-07	3.22e-05	1.45e-03	1.05e-01	4.08e-01	4.86e-01
 1.87609e+20	0.00e+00	0.00e+00	0.00e+00	0.00e+00	0.00e+00	2.67e-29	7.40e-25	3.75e-20	1.91e-16	2.64e-13	8.38e-11	1.28e-08	1.02e-06	4.69e-05	1.89e-03	1.22e-01	4.24e-01	4.53e-01
 2.93824e+20	0.00e+00	0.00e+00	0.00e+00	0.00e+00	0.00e+00	6.99e-29	1.71e-24	7.99e-20	3.73e-16	4.85e-13	1.44e-10	2.05e-08	1.52e-06	6.32e-05	2.32e-03	1.37e-01	4.35e-01	4.26e-01
 3.70510e+20	0.00e+00	0.00e+00	0.00e+00	0.00e+00	0.00e+00	1.37e-28	3.04e-24	1.35e-19	5.91e-16	7.36e-13	2.08e-10	2.84e-08	1.98e-06	7.75e-05	2.68e-03	1.48e-01	4.42e-01	4.07e-01
 4.23796e+20	0.00e+00	0.00e+00	0.00e+00	0.00e+00	0.00e+00	2.19e-28	4.54e-24	1.93e-19	8.11e-16	9.83e-13	2.69e-10	3.55e-08	2.39e-06	8.91e-05	2.95e-03	1.56e-01	4.47e-01	3.95e-01
 4.57939e+20	0.00e+00	0.00e+00	0.00e+00	0.00e+00	0.00e+00	2.93e-28	5.82e-24	2.41e-19	9.87e-16	1.17e-12	3.15e-10	4.07e-08	2.68e-06	9.71e-05	3.13e-03	1.61e-01	4.49e-01	3.87e-01
 4.93614e+20	0.00e+00	0.00e+00	0.00e+00	0.00e+00	0.00e+00	3.87e-28	7.43e-24	3.02e-19	1.21e-15	1.41e-12	3.71e-10	4.69e-08	3.01e-06	1.06e-04	3.33e-03	1.66e-01	4.52e-01	3.78e-01
 5.39992e+20	0.00e+00	0.00e+00	0.00e+00	0.00e+00	0.00e+00	5.54e-28	1.02e-23	4.07e-19	1.57e-15	1.79e-12	4.57e-10	5.62e-08	3.50e-06	1.19e-04	3.60e-03	1.73e-01	4.55e-01	3.68e-01
 5.91918e+20	0.00e+00	0.00e+00	0.00e+00	0.00e+00	0.00e+00	8.27e-28	1.45e-23	5.64e-19	2.09e-15	2.33e-12	5.77e-10	6.89e-08	4.14e-06	1.35e-04	3.92e-03	1.81e-01	4.58e-01	3.56e-01
 6.40244e+20	0.00e+00	0.00e+00	0.00e+00	0.00e+00	0.00e+00	1.20e-27	2.01e-23	7.62e-19	2.73e-15	2.96e-12	7.14e-10	8.29e-08	4.83e-06	1.52e-04	4.24e-03	1.89e-01	4.61e-01	3.46e-01
 6.85122e+20	0.00e+00	0.00e+00	0.00e+00	0.00e+00	0.00e+00	1.69e-27	2.70e-23	1.00e-18	3.47e-15	3.68e-12	8.66e-10	9.81e-08	5.55e-06	1.68e-04	4.55e-03	1.96e-01	4.63e-01	3.36e-01
 7.36330e+20	0.00e+00	0.00e+00	0.00e+00	0.00e+00	0.00e+00	1.94e-27	3.75e-23	1.36e-18	4.55e-15	4.69e-12	1.07e-09	1.18e-07	6.47e-06	1.89e-04	4.92e-03	2.05e-01	4.65e-01	3.26e-01
 7.93969e+20	0.00e+00	0.00e+00	0.00e+00	0.00e+00	0.00e+00	2.94e-27	5.40e-23	1.91e-18	6.15e-15	6.16e-12	1.37e-09	1.46e-07	7.70e-06	2.15e-04	5.37e-03	2.14e-01	4.66e-01	3.14e-01
 8.48133e+20	0.00e+00	0.00e+00	0.00e+00	0.00e+00	0.00e+00	4.34e-27	7.60e-23	2.62e-18	8.12e-15	7.92e-12	1.71e-09	1.77e-07	9.02e-06	2.42e-04	5.81e-03	2.23e-01	4.68e-01	3.03e-01
 8.98784e+20	0.00e+00	0.00e+00	0.00e+00	0.00e+00	0.00e+00	6.20e-27	1.04e-22	3.50e-18	1.05e-14	9.97e-12	2.09e-09	2.11e-07	1.04e-05	2.70e-04	6.24e-03	2.31e-01	4.69e-01	2.94e-01
 9.56701e+20	0.00e+00	0.00e+00	0.00e+00	0.00e+00	0.00e+00	9.17e-27	1.47e-22	4.83e-18	1.39e-14	1.29e-11	2.62e-09	2.56e-07	1.22e-05	3.04e-04	6.76e-03	2.41e-01	4.69e-01	2.83e-01
 1.01852e+21	0.00e+00	0.00e+00	0.00e+00	0.00e+00	0.00e+00	1.40e-26	2.12e-22	6.82e-18	1.89e-14	1.69e-11	3.33e-09	3.15e-07	1.45e-05	3.45e-04	7.35e-03	2.51e-01	4.70e-01	2.72e-01
 1.07197e+21	0.00e+00	0.00e+00	0.00e+00	0.00e+00	0.00e+00	2.01e-26	2.91e-22	9.13e-18	2.44e-14	2.13e-11	4.08e-09	3.75e-07	1.67e-05	3.84e-04	7.89e-03	2.60e-01	4.69e-01	2.63e-01
 1.12801e+21	0.00e+00	0.00e+00	0.00e+00	0.00e+00	0.00e+00	2.89e-26	4.00e-22	1.23e-17	3.17e-14	2.69e-11	5.01e-09	4.48e-07	1.93e-05	4.27e-04	8.46e-03	2.69e-01	4.69e-01	2.53e-01
 1.20087e+21	0.00e+00	0.00e+00	0.00e+00	0.00e+00	0.00e+00	4.56e-26	6.00e-22	1.80e-17	4.44e-14	3.63e-11	6.51e-09	5.62e-07	2.33e-05	4.90e-04	9.26e-03	2.81e-01	4.68e-01	2.42e-01
 1.27433e+21	0.00e+00	0.00e+00	0.00e+00	0.00e+00	0.00e+00	7.33e-26	9.08e-22	2.65e-17	6.22e-14	4.90e-11	8.49e-09	7.06e-07	2.81e-05	5.63e-04	1.01e-02	2.93e-01	4.66e-01	2.30e-01
 1.33227e+21	0.00e+00	0.00e+00	0.00e+00	0.00e+00	0.00e+00	1.06e-25	1.25e-21	3.55e-17	8.06e-14	6.17e-11	1.04e-08	8.40e-07	3.23e-05	6.24e-04	1.08e-02	3.02e-01	4.65e-01	2.22e-01
 1.39128e+21	0.00e+00	0.00e+00	0.00e+00	0.00e+00	0.00e+00	1.51e-25	1.71e-21	4.76e-17	1.04e-13	7.74e-11	1.27e-08	9.96e-07	3.71e-05	6.91e-04	1.16e-02	3.12e-01	4.63e-01	2.13e-01
 1.46800e+21	0.00e+00	0.00e+00	0.00e+00	0.00e+00	0.00e+00	2.37e-25	2.55e-21	6.95e-17	1.45e-13	1.04e-10	1.64e-08	1.24e-06	4.43e-05	7.88e-04	1.26e-02	3.24e-01	4.60e-01	2.03e-01
 1.54744e+21	0.00e+00	0.00e+00	0.00e+00	0.00e+00	3.04e-29	3.82e-25	3.87e-21	1.02e-16	2.04e-13	1.40e-10	2.13e-08	1.55e-06	5.32e-05	9.01e-04	1.37e-02	3.36e-01	4.57e-01	1.92e-01
 1.61018e+21	0.00e+00	0.00e+00	0.00e+00	0.00e+00	4.66e-29	5.57e-25	5.37e-21	1.38e-16	2.65e-13	1.76e-10	2.60e-08	1.85e-06	6.12e-05	9.97e-04	1.46e-02	3.46e-01	4.54e-01	1.85e-01
 1.67148e+21	0.00e+00	0.00e+00	0.00e+00	0.00e+00	6.88e-29	7.87e-25	7.28e-21	1.84e-16	3.40e-13	2.19e-10	3.15e-08	2.17e-06	6.97e-05	1.10e-03	1.55e-02	3.55e-01	4.50e-01	1.77e-01
 1.75117e+21	0.00e+00	0.00e+00	0.00e+00	0.00e+00	1.12e-28	1.22e-24	1.07e-20	2.66e-16	4.69e-13	2.90e-10	4.02e-08	2.68e-06	8.25e-05	1.24e-03	1.67e-02	3.68e-01	4.46e-01	1.68e-01
 1.83360e+21	0.00e+00	0.00e+00	0.00e+00	0.00e+00	1.89e-28	1.94e-24	1.61e-20	3.88e-16	6.53e-13	3.87e-10	5.17e-08	3.32e-06	9.81e-05	1.41e-03	1.81e-02	3.80e-01	4.41e-01	1.59e-01
 1.90158e+21	0.00e+00	0.00e+00	0.00e+00	0.00e+00	2.90e-28	2.83e-24	2.24e-20	5.25e-16	8.51e-13	4.87e-10	6.32e-08	3.94e-06	1.13e-04	1.55e-03	1.93e-02	3.90e-01	4.37e-01	1.52e-01
 1.97194e+21	0.00e+00	0.00e+00	0.00e+00	0.00e+00	4.40e-28	4.10e-24	3.10e-20	7.14e-16	1.11e-12	6.14e-10	7.74e-08	4.67e-06	1.29e-04	1.72e-03	2.05e-02	4.00e-01	4.32e-01	1.45e-01
 2.06341e+21	0.00e+00	0.00e+00	0.00e+00	0.00e+00	7.43e-28	6.56e-24	4.71e-20	1.06e-15	1.57e-12	8.27e-10	1.00e-07	5.82e-06	1.54e-04	1.95e-03	2.22e-02	4.13e-01	4.26e-01	1.37e-01
 2.15714e+21	0.00e+00	0.00e+00	0.00e+00	0.00e+00	1.29e-27	1.07e-23	7.25e-20	1.59e-15	2.23e-12	1.12e-09	1.31e-07	7.29e-06	1.84e-04	2.22e-03	2.40e-02	4.26e-01	4.19e-01	1.29e-01
 2.23312e+21	0.00e+00	0.00e+00	0.00e+00	0.00e+00	2.02e-27	1.60e-23	1.02e-19	2.18e-15	2.95e-12	1.42e-09	1.61e-07	8.70e-06	2.12e-04	2.46e-03	2.55e-02	4.36e-01	4.14e-01	1.22e-01
 2.29953e+21	0.00e+00	0.00e+00	0.00e+00	0.00e+00	2.94e-27	2.21e-23	1.36e-19	2.84e-15	3.72e-12	1.75e-09	1.92e-07	1.01e-05	2.39e-04	2.68e-03	2.69e-02	4.45e-01	4.09e-01	1.17e-01
 2.37423e+21	0.00e+00	0.00e+00	0.00e+00	0.00e+00	4.43e-27	3.20e-23	1.88e-19	3.86e-15	4.86e-12	2.19e-09	2.33e-07	1.19e-05	2.72e-04	2.94e-03	2.84e-02	4.54e-01	4.03e-01	1.11e-01
 2.47134e+21	0.00e+00	0.00e+00	0.00e+00	0.00e+00	7.39e-27	5.05e-23	2.82e-19	5.67e-15	6.81e-12	2.92e-09	2.99e-07	1.47e-05	3.22e-04	3.31e-03	3.05e-02	4.66e-01	3.95e-01	1.05e-01
 2.57037e+21	0.00e+00	0.00e+00	0.00e+00	0.00e+00	1.27e-26	8.15e-23	4.28e-19	8.37e-15	9.58e-12	3.91e-09	3.86e-07	1.82e-05	3.82e-04	3.74e-03	3.28e-02	4.78e-01	3.87e-01	9.79e-02
 2.65002e+21	0.00e+00	0.00e+00	0.00e+00	0.00e+00	1.95e-26	1.19e-22	5.95e-19	1.14e-14	1.25e-11	4.92e-09	4.71e-07	2.15e-05	4.36e-04	4.11e-03	3.47e-02	4.87e-01	3.81e-01	9.29e-02
 2.73170e+21	0.00e+00	0.00e+00	0.00e+00	0.00e+00	2.94e-26	1.72e-22	8.22e-19	1.54e-14	1.63e-11	6.18e-09	5.73e-07	2.54e-05	4.96e-04	4.51e-03	3.66e-02	4.96e-01	3.74e-01	8.81e-02
 2.83788e+21	0.00e+00	0.00e+00	0.00e+00	0.00e+00	4.95e-26	2.74e-22	1.24e-18	2.27e-14	2.30e-11	8.27e-09	7.38e-07	3.14e-05	5.87e-04	5.08e-03	3.92e-02	5.08e-01	3.65e-01	8.21e-02
 2.94786e+21	0.00e+00	0.00e+00	0.00e+00	0.00e+00	8.61e-26	4.47e-22	1.90e-18	3.39e-14	3.28e-11	1.12e-08	9.58e-07	3.91e-05	6.98e-04	5.74e-03	4.21e-02	5.19e-01	3.56e-01	7.64e-02
 3.03782e+21	0.00e+00	0.00e+00	0.00e+00	0.00e+00	1.35e-25	6.66e-22	2.68e-18	4.66e-14	4.34e-11	1.42e-08	1.18e-06	4.65e-05	8.00e-04	6.32e-03	4.45e-02	5.28e-01	3.49e-01	7.20e-02
 3.12980e+21	0.00e+00	0.00e+00	0.00e+00	2.76e-29	2.09e-25	9.77e-22	3.75e-18	6.40e-14	5.73e-11	1.81e-08	1.45e-06	5.52e-05	9.15e-04	6.94e-03	4.70e-02	5.36e-01	3.41e-01	6.78e-02
 3.23136e+21	0.00e+00	0.00e+00	0.00e+00	4.69e-29	3.36e-25	1.49e-21	5.42e-18	9.07e-14	7.81e-11	2.35e-08	1.82e-06	6.68e-05	1.06e-03	7.71e-03	4.98e-02	5.45e-01	3.32e-01	6.34e-02
 3.32364e+21	0.00e+00	0.00e+00	0.00e+00	7.60e-29	5.20e-25	2.19e-21	7.56e-18	1.24e-13	1.03e-10	2.98e-08	2.22e-06	7.91e-05	1.21e-03	8.46e-03	5.25e-02	5.53e-01	3.25e-01	5.97e-02
 3.40877e+21	0.00e+00	0.00e+00	0.00e+00	1.18e-28	7.70e-25	3.10e-21	1.02e-17	1.64e-13	1.32e-10	3.68e-08	2.67e-06	9.21e-05	1.37e-03	9.19e-03	5.50e-02	5.60e-01	3.18e-01	5.65e-02
 3.50634e+21	0.00e+00	0.00e+00	0.00e+00	1.88e-28	1.18e-24	4.52e-21	1.42e-17	2.24e-13	1.74e-10	4.67e-08	3.28e-06	1.09e-04	1.56e-03	1.01e-02	5.79e-02	5.67e-01	3.10e-01	5.30e-02
 3.63317e+21	0.00e+00	0.00e+00	0.00e+00	3.42e-28	2.02e-24	7.28e-21	2.15e-17	3.33e-13	2.48e-10	6.34e-08	4.26e-06	1.36e-04	1.85e-03	1.14e-02	6.18e-02	5.76e-01	3.00e-01	4.88e-02
 3.76077e+21	0.00e+00	0.00e+00	0.00e+00	6.39e-28	3.54e-24	1.20e-20	3.31e-17	4.98e-13	3.56e-10	8.63e-08	5.55e-06	1.69e-04	2.20e-03	1.28e-02	6.59e-02	5.85e-01	2.89e-01	4.49e-02
 3.86005e+21	0.00e+00	0.00e+00	0.00e+00	1.04e-27	5.50e-24	1.76e-20	4.59e-17	6.75e-13	4.67e-10	1.09e-07	6.78e-06	2.00e-04	2.50e-03	1.40e-02	6.92e-02	5.91e-01	2.81e-01	4.21e-02
 3.95981e+21	0.00e+00	0.00e+00	0.00e+00	1.64e-27	8.29e-24	2.52e-20	6.27e-17	9.07e-13	6.08e-10	1.37e-07	8.23e-06	2.34e-04	2.83e-03	1.52e-02	7.24e-02	5.96e-01	2.74e-01	3.94e-02
 4.08950e+21	0.00e+00	0.00e+00	0.00e+00	2.91e-27	1.39e-23	3.97e-20	9.31e-17	1.32e-12	8.54e-10	1.83e-07	1.06e-05	2.88e-04	3.32e-03	1.70e-02	7.68e-02	6.03e-01	2.64e-01	3.62e-02
 4.21521e+21	0.00e+00	0.00e+00	0.00e+00	5.22e-27	2.34e-23	6.29e-20	1.38e-16	1.91e-12	1.19e-09	2.43e-07	1.35e-05	3.53e-04	3.88e-03	1.89e-02	8.12e-02	6.08e-01	2.54e-01	3.33e-02
 4.30422e+21	0.00e+00	0.00e+00	0.00e+00	7.95e-27	3.42e-23	8.73e-20	1.82e-16	2.47e-12	1.49e-09	2.96e-07	1.60e-05	4.05e-04	4.32e-03	2.03e-02	8.44e-02	6.12e-01	2.47e-01	3.15e-02
 4.38839e+21	0.00e+00	0.00e+00	0.00e+00	1.15e-26	4.73e-23	1.16e-19	2.32e-16	3.11e-12	1.84e-09	3.55e-07	1.86e-05	4.60e-04	4.77e-03	2.18e-02	8.74e-02	6.15e-01	2.41e-01	2.98e-02
 4.49782e+21	0.00e+00	0.00e+00	0.00e+00	1.81e-26	7.14e-23	1.67e-19	3.18e-16	4.20e-12	2.41e-09	4.48e-07	2.27e-05	5.42e-04	5.40e-03	2.37e-02	9.13e-02	6.18e-01	2.33e-01	2.77e-02
 4.61866e+21	0.00e+00	0.00e+00	0.00e+00	3.04e-26	1.14e-22	2.51e-19	4.50e-16	5.83e-12	3.25e-09	5.80e-07	2.83e-05	6.49e-04	6.21e-03	2.60e-02	9.57e-02	6.21e-01	2.25e-01	2.56e-02
 4.71790e+21	0.00e+00	0.00e+00	0.00e+00	4.73e-26	1.69e-22	3.54e-19	6.01e-16	7.63e-12	4.14e-09	7.16e-07	3.39e-05	7.52e-04	6.95e-03	2.81e-02	9.95e-02	6.23e-01	2.18e-01	2.40e-02
 4.79292e+21	0.00e+00	0.00e+00	0.00e+00	6.58e-26	2.27e-22	4.56e-19	7.45e-16	9.31e-12	4.96e-09	8.36e-07	3.87e-05	8.39e-04	7.56e-03	2.97e-02	1.02e-01	6.24e-01	2.12e-01	2.28e-02
 4.87286e+21	0.00e+00	0.00e+00	0.00e+00	9.09e-26	3.03e-22	5.87e-19	9.23e-16	1.14e-11	5.97e-09	9.83e-07	4.44e-05	9.39e-04	8.24e-03	3.15e-02	1.05e-01	6.25e-01	2.07e-01	2.16e-02
 4.97679e+21	0.00e+00	0.00e+00	0.00e+00	1.37e-25	4.38e-22	8.11e-19	1.22e-15	1.49e-11	7.61e-09	1.21e-06	5.31e-05	1.09e-03	9.21e-03	3.39e-02	1.09e-01	6.26e-01	2.00e-01	2.02e-02
 5.08012e+21	0.00e+00	0.00e+00	1.95e-29	2.12e-25	6.45e-22	1.14e-18	1.62e-15	1.94e-11	9.70e-09	1.49e-06	6.34e-05	1.26e-03	1.03e-02	3.66e-02	1.13e-01	6.26e-01	1.93e-01	1.88e-02
 5.15725e+21	0.00e+00	0.00e+00	2.80e-29	2.95e-25	8.66e-22	1.46e-18	2.00e-15	2.36e-11	1.16e-08	1.74e-06	7.24e-05	1.40e-03	1.12e-02	3.86e-02	1.16e-01	6.26e-01	1.88e-01	1.79e-02
 5.23209e+21	0.00e+00	0.00e+00	3.88e-29	3.97e-25	1.13e-21	1.84e-18	2.43e-15	2.84e-11	1.37e-08	2.02e-06	8.19e-05	1.55e-03	1.21e-02	4.06e-02	1.19e-01	6.26e-01	1.84e-01	1.70e-02
 5.32938e+21	0.00e+00	0.00e+00	5.86e-29	5.76e-25	1.58e-21	2.46e-18	3.11e-15	3.60e-11	1.70e-08	2.43e-06	9.60e-05	1.76e-03	1.33e-02	4.34e-02	1.23e-01	6.25e-01	1.78e-01	1.59e-02
 5.43221e+21	0.00e+00	0.00e+00	9.19e-29	8.68e-25	2.27e-21	3.38e-18	4.05e-15	4.63e-11	2.14e-08	2.97e-06	1.14e-04	2.02e-03	1.48e-02	4.65e-02	1.27e-01	6.24e-01	1.71e-01	1.48e-02
 5.51791e+21	0.00e+00	0.00e+00	1.35e-28	1.23e-24	3.11e-21	4.43e-18	5.07e-15	5.70e-11	2.59e-08	3.51e-06	1.31e-04	2.26e-03	1.61e-02	4.92e-02	1.30e-01	6.22e-01	1.66e-01	1.40e-02
 5.60501e+21	0.00e+00	0.00e+00	1.95e-28	1.72e-24	4.18e-21	5.72e-18	6.28e-15	7.00e-11	3.12e-08	4.13e-06	1.50e-04	2.53e-03	1.75e-02	5.20e-02	1.33e-01	6.21e-01	1.61e-01	1.32e-02
 5.71823e+21	0.00e+00	0.00e+00	3.10e-28	2.62e-24	6.07e-21	7.90e-18	8.25e-15	9.10e-11	3.97e-08	5.09e-06	1.80e-04	2.93e-03	1.95e-02	5.58e-02	1.37e-01	6.18e-01	1.54e-01	1.22e-02
 5.82659e+21	0.00e+00	0.00e+00	4.98e-28	4.02e-24	8.91e-21	1.10e-17	1.08e-14	1.17e-10	5.02e-08	6.25e-06	2.13e-04	3.36e-03	2.17e-02	5.98e-02	1.42e-01	6.14e-01	1.48e-01	1.13e-02
 5.90187e+21	0.00e+00	0.00e+00	6.98e-28	5.47e-24	1.17e-20	1.39e-17	1.31e-14	1.40e-10	5.88e-08	7.17e-06	2.40e-04	3.70e-03	2.33e-02	6.26e-02	1.44e-01	6.11e-01	1.44e-01	1.07e-02
 5.97297e+21	0.00e+00	0.00e+00	9.36e-28	7.13e-24	1.48e-20	1.70e-17	1.55e-14	1.64e-10	6.80e-08	8.15e-06	2.67e-04	4.03e-03	2.49e-02	6.52e-02	1.47e-01	6.08e-01	1.40e-01	1.02e-02
 6.06541e+21	0.00e+00	0.00e+00	1.35e-27	9.93e-24	1.99e-20	2.19e-17	1.92e-14	2.01e-10	8.22e-08	9.61e-06	3.07e-04	4.51e-03	2.71e-02	6.89e-02	1.50e-01	6.04e-01	1.35e-01	9.56e-03
 6.16631e+21	0.00e+00	0.00e+00	2.04e-27	1.45e-23	2.78e-20	2.92e-17	2.43e-14	2.52e-10	1.01e-07	1.15e-05	3.58e-04	5.10e-03	2.97e-02	7.30e-02	1.54e-01	5.99e-01	1.30e-01	8.89e-03
 6.25529e+21	0.00e+00	0.00e+00	2.97e-27	2.03e-23	3.75e-20	3.77e-17	3.01e-14	3.06e-10	1.21e-07	1.35e-05	4.09e-04	5.67e-03	3.21e-02	7.68e-02	1.57e-01	5.95e-01	1.25e-01	8.33e-03
 6.33534e+21	0.00e+00	0.00e+00	4.12e-27	2.73e-23	4.89e-20	4.72e-17	3.62e-14	3.64e-10	1.42e-07	1.55e-05	4.60e-04	6.23e-03	3.44e-02	8.03e-02	1.60e-01	5.90e-01	1.21e-01	7.86e-03
 6.42672e+21	0.00e+00	0.00e+00	5.89e-27	3.77e-23	6.50e-20	6.03e-17	4.43e-14	4.42e-10	1.70e-07	1.81e-05	5.24e-04	6.92e-03	3.72e-02	8.43e-02	1.63e-01	5.85e-01	1.16e-01	7.36e-03
 6.52509e+21	0.00e+00	0.00e+00	8.72e-27	5.39e-23	8.91e-20	7.91e-17	5.53e-14	5.45e-10	2.06e-07	2.15e-05	6.05e-04	7.75e-03	4.05e-02	8.89e-02	1.66e-01	5.78e-01	1.12e-01	6.84e-03
 6.60969e+21	0.00e+00	0.00e+00	1.23e-26	7.37e-23	1.18e-19	1.00e-16	6.71e-14	6.51e-10	2.42e-07	2.48e-05	6.82e-04	8.53e-03	4.35e-02	9.29e-02	1.68e-01	5.72e-01	1.08e-01	6.42e-03
 6.68517e+21	0.00e+00	0.00e+00	1.66e-26	9.66e-23	1.49e-19	1.23e-16	7.92e-14	7.60e-10	2.79e-07	2.81e-05	7.58e-04	9.27e-03	4.62e-02	9.65e-02	1.71e-01	5.67e-01	1.04e-01	6.07e-03
 6.77165e+21	0.00e+00	0.00e+00	2.30e-26	1.30e-22	1.94e-19	1.53e-16	9.51e-14	9.05e-10	3.28e-07	3.23e-05	8.53e-04	1.02e-02	4.95e-02	1.01e-01	1.73e-01	5.60e-01	1.00e-01	5.69e-03
 6.88408e+21	0.00e+00	0.00e+00	3.49e-26	1.89e-22	2.70e-19	2.04e-16	1.20e-13	1.13e-09	4.04e-07	3.88e-05	9.94e-04	1.15e-02	5.41e-02	1.06e-01	1.76e-01	5.51e-01	9.51e-02	5.22e-03
 6.99615e+21	0.00e+00	0.00e+00	5.40e-26	2.80e-22	3.83e-19	2.74e-16	1.53e-13	1.42e-09	4.97e-07	4.66e-05	1.16e-03	1.30e-02	5.91e-02	1.12e-01	1.79e-01	5.41e-01	9.02e-02	4.78e-03
 7.08055e+21	0.00e+00	0.00e+00	7.54e-26	3.79e-22	5.01e-19	3.44e-16	1.84e-13	1.67e-09	5.79e-07	5.32e-05	1.30e-03	1.42e-02	6.30e-02	1.16e-01	1.81e-01	5.33e-01	8.67e-02	4.48e-03
 7.16304e+21	0.00e+00	0.00e+00	1.02e-25	4.97e-22	6.36e-19	4.21e-16	2.17e-13	1.96e-09	6.69e-07	6.04e-05	1.44e-03	1.54e-02	6.69e-02	1.21e-01	1.82e-01	5.26e-01	8.33e-02	4.20e-03
 7.27027e+21	0.00e+00	0.00e+00	1.49e-25	7.00e-22	8.61e-19	5.45e-16	2.69e-13	2.39e-09	8.05e-07	7.12e-05	1.65e-03	1.71e-02	7.23e-02	1.26e-01	1.85e-01	5.15e-01	7.90e-02	3.86e-03
 7.38324e+21	0.00e+00	0.00e+00	2.25e-25	1.02e-21	1.20e-18	7.22e-16	3.38e-13	2.95e-09	9.79e-07	8.45e-05	1.91e-03	1.91e-02	7.84e-02	1.32e-01	1.87e-01	5.03e-01	7.47e-02	3.52e-03
 7.47752e+21	0.00e+00	0.00e+00	3.19e-25	1.39e-21	1.58e-18	9.13e-16	4.09e-13	3.51e-09	1.15e-06	9.73e-05	2.14e-03	2.10e-02	8.36e-02	1.37e-01	1.88e-01	4.94e-01	7.11e-02	3.26e-03
 7.55930e+21	0.00e+00	2.46e-29	4.27e-25	1.81e-21	2.00e-18	1.11e-15	4.80e-13	4.06e-09	1.31e-06	1.10e-04	2.37e-03	2.26e-02	8.83e-02	1.42e-01	1.89e-01	4.85e-01	6.82e-02	3.06e-03
 7.65101e+21	0.00e+00	3.45e-29	5.82e-25	2.40e-21	2.55e-18	1.37e-15	5.70e-13	4.77e-09	1.52e-06	1.25e-04	2.64e-03	2.46e-02	9.37e-02	1.46e-01	1.90e-01	4.75e-01	6.50e-02	2.84e-03
 7.77023e+21	0.00e+00	5.32e-29	8.64e-25	3.42e-21	3.50e-18	1.79e-15	7.10e-13	5.85e-09	1.84e-06	1.47e-04	3.03e-03	2.73e-02	1.01e-01	1.52e-01	1.91e-01	4.62e-01	6.10e-02	2.57e-03
 7.89406e+21	0.00e+00	8.43e-29	1.32e-24	5.01e-21	4.90e-18	2.39e-15	8.96e-13	7.22e-09	2.23e-06	1.75e-04	3.49e-03	3.05e-02	1.09e-01	1.59e-01	1.92e-01	4.47e-01	5.70e-02	2.32e-03
 7.99551e+21	0.00e+00	1.23e-28	1.86e-24	6.84e-21	6.44e-18	3.01e-15	1.08e-12	8.54e-09	2.60e-06	2.00e-04	3.90e-03	3.32e-02	1.16e-01	1.64e-01	1.92e-01	4.35e-01	5.39e-02	2.13e-03
 8.09902e+21	0.00e+00	1.76e-28	2.58e-24	9.19e-21	8.35e-18	3.75e-15	1.30e-12	1.01e-08	3.03e-06	2.29e-04	4.36e-03	3.61e-02	1.22e-01	1.69e-01	1.92e-01	4.23e-01	5.09e-02	1.95e-03
 8.23358e+21	0.00e+00	2.76e-28	3.91e-24	1.33e-20	1.16e-17	4.96e-15	1.63e-12	1.24e-08	3.67e-06	2.71e-04	5.01e-03	4.01e-02	1.32e-01	1.75e-01	1.91e-01	4.08e-01	4.71e-02	1.74e-03
 8.36700e+21	0.00e+00	4.40e-28	5.98e-24	1.96e-20	1.63e-17	6.62e-15	2.06e-12	1.52e-08	4.44e-06	3.20e-04	5.75e-03	4.45e-02	1.41e-01	1.81e-01	1.91e-01	3.91e-01	4.36e-02	1.55e-03
 8.46761e+21	0.00e+00	6.20e-28	8.20e-24	2.60e-20	2.10e-17	8.18e-15	2.45e-12	1.77e-08	5.09e-06	3.61e-04	6.35e-03	4.79e-02	1.48e-01	1.85e-01	1.90e-01	3.80e-01	4.11e-02	1.42e-03
 8.56710e+21	0.00e+00	8.50e-28	1.09e-23	3.38e-20	2.63e-17	9.94e-15	2.88e-12	2.04e-08	5.80e-06	4.05e-04	6.97e-03	5.14e-02	1.55e-01	1.89e-01	1.89e-01	3.68e-01	3.88e-02	1.31e-03
 8.69643e+21	0.00e+00	1.27e-27	1.58e-23	4.70e-20	3.53e-17	1.27e-14	3.53e-12	2.45e-08	6.84e-06	4.69e-04	7.86e-03	5.61e-02	1.65e-01	1.94e-01	1.87e-01	3.53e-01	3.59e-02	1.17e-03
 8.83686e+21	0.00e+00	1.97e-27	2.36e-23	6.76e-20	4.86e-17	1.68e-14	4.42e-12	2.97e-08	8.16e-06	5.47e-04	8.92e-03	6.15e-02	1.75e-01	1.99e-01	1.85e-01	3.37e-01	3.30e-02	1.04e-03
 8.95556e+21	0.00e+00	2.85e-27	3.31e-23	9.17e-20	6.36e-17	2.11e-14	5.33e-12	3.48e-08	9.43e-06	6.21e-04	9.89e-03	6.63e-02	1.83e-01	2.03e-01	1.83e-01	3.23e-01	3.07e-02	9.34e-04
 9.05609e+21	0.00e+00	3.84e-27	4.35e-23	1.17e-19	7.91e-17	2.53e-14	6.20e-12	3.97e-08	1.06e-05	6.89e-04	1.07e-02	7.04e-02	1.90e-01	2.05e-01	1.81e-01	3.12e-01	2.89e-02	8.56e-04
 9.16911e+21	0.00e+00	5.30e-27	5.83e-23	1.53e-19	9.98e-17	3.08e-14	7.30e-12	4.57e-08	1.21e-05	7.70e-04	1.18e-02	7.52e-02	1.98e-01	2.08e-01	1.78e-01	3.00e-01	2.70e-02	7.77e-04
 9.31605e+21	0.00e+00	7.95e-27	8.46e-23	2.14e-19	1.34e-16	3.97e-14	9.00e-12	5.47e-08	1.42e-05	8.87e-04	1.32e-02	8.15e-02	2.08e-01	2.12e-01	1.75e-01	2.84e-01	2.46e-02	6.85e-04
 9.46504e+21	0.00e+00	1.21e-26	1.24e-22	3.02e-19	1.83e-16	5.17e-14	1.12e-11	6.54e-08	1.66e-05	1.02e-03	1.48e-02	8.83e-02	2.18e-01	2.14e-01	1.71e-01	2.69e-01	2.24e-02	6.02e-04
 9.58140e+21	0.00e+00	1.66e-26	1.66e-22	3.93e-19	2.30e-16	6.29e-14	1.31e-11	7.49e-08	1.88e-05	1.13e-03	1.61e-02	9.36e-02	2.26e-01	2.16e-01	1.68e-01	2.57e-01	2.09e-02	5.44e-04
 9.69736e+21	0.00e+00	2.24e-26	2.18e-22	5.02e-19	2.86e-16	7.56e-14	1.53e-11	8.52e-08	2.11e-05	1.25e-03	1.74e-02	9.89e-02	2.33e-01	2.18e-01	1.65e-01	2.46e-01	1.95e-02	4.93e-04
 9.84810e+21	0.00e+00	3.26e-26	3.08e-22	6.85e-19	3.76e-16	9.56e-14	1.86e-11	1.00e-07	2.44e-05	1.42e-03	1.92e-02	1.06e-01	2.43e-01	2.19e-01	1.61e-01	2.32e-01	1.77e-02	4.34e-04
 1.00082e+22	0.00e+00	4.88e-26	4.46e-22	9.58e-19	5.06e-16	1.23e-13	2.29e-11	1.19e-07	2.84e-05	1.62e-03	2.13e-02	1.14e-01	2.52e-01	2.20e-01	1.56e-01	2.18e-01	1.60e-02	3.78e-04
 1.01441e+22	0.00e+00	6.82e-26	6.05e-22	1.26e-18	6.46e-16	1.52e-13	2.72e-11	1.37e-07	3.21e-05	1.80e-03	2.32e-02	1.20e-01	2.60e-01	2.21e-01	1.52e-01	2.07e-01	1.47e-02	3.37e-04
 1.02843e+22	0.00e+00	9.40e-26	8.12e-22	1.64e-18	8.16e-16	1.85e-13	3.21e-11	1.57e-07	3.63e-05	2.00e-03	2.52e-02	1.27e-01	2.67e-01	2.21e-01	1.48e-01	1.96e-01	1.35e-02	3.00e-04
 1.04665e+22	0.00e+00	1.42e-25	1.18e-21	2.31e-18	1.10e-15	2.39e-13	3.97e-11	1.88e-07	4.23e-05	2.28e-03	2.79e-02	1.36e-01	2.77e-01	2.20e-01	1.43e-01	1.82e-01	1.21e-02	2.58e-04
 1.06543e+22	0.00e+00	2.17e-25	1.75e-21	3.28e-18	1.51e-15	3.13e-13	4.96e-11	2.24e-07	4.93e-05	2.60e-03	3.09e-02	1.45e-01	2.86e-01	2.19e-01	1.37e-01	1.68e-01	1.07e-02	2.21e-04
 1.08034e+22	0.00e+00	3.00e-25	2.36e-21	4.31e-18	1.91e-15	3.84e-13	5.88e-11	2.57e-07	5.56e-05	2.88e-03	3.34e-02	1.52e-01	2.92e-01	2.18e-01	1.33e-01	1.58e-01	9.80e-03	1.95e-04
 1.09512e+22	0.00e+00	4.06e-25	3.11e-21	5.52e-18	2.38e-15	4.64e-13	6.87e-11	2.92e-07	6.21e-05	3.16e-03	3.59e-02	1.59e-01	2.98e-01	2.17e-01	1.28e-01	1.49e-01	8.96e-03	1.73e-04
 1.11434e+22	0.00e+00	5.97e-25	4.42e-21	7.60e-18	3.17e-15	5.91e-13	8.42e-11	3.44e-07	7.15e-05	3.56e-03	3.93e-02	1.69e-01	3.05e-01	2.14e-01	1.23e-01	1.38e-01	7.98e-03	1.49e-04
 1.13360e+22	0.00e+00	8.85e-25	6.35e-21	1.05e-17	4.23e-15	7.59e-13	1.03e-10	4.05e-07	8.23e-05	4.00e-03	4.30e-02	1.78e-01	3.12e-01	2.12e-01	1.17e-01	1.27e-01	7.08e-03	1.27e-04
 1.14834e+22	0.00e+00	1.18e-24	8.27e-21	1.34e-17	5.23e-15	9.09e-13	1.20e-10	4.57e-07	9.12e-05	4.36e-03	4.58e-02	1.85e-01	3.16e-01	2.09e-01	1.13e-01	1.20e-01	6.48e-03	1.13e-04
 1.16295e+22	0.00e+00	1.54e-24	1.06e-20	1.67e-17	6.36e-15	1.07e-12	1.38e-10	5.13e-07	1.00e-04	4.72e-03	4.87e-02	1.92e-01	3.20e-01	2.07e-01	1.09e-01	1.13e-01	5.94e-03	1.01e-04
 1.18193e+22	0.00e+00	2.18e-24	1.45e-20	2.22e-17	8.20e-15	1.34e-12	1.66e-10	5.93e-07	1.14e-04	5.23e-03	5.26e-02	2.00e-01	3.25e-01	2.03e-01	1.04e-01	1.04e-01	5.31e-03	8.70e-05
 1.20244e+22	0.00e+00	3.17e-24	2.05e-20	3.03e-17	1.08e-14	1.69e-12	2.02e-10	6.93e-07	1.30e-04	5.83e-03	5.69e-02	2.10e-01	3.29e-01	1.99e-01	9.88e-02	9.58e-02	4.69e-03	7.41e-05
 1.22038e+22	0.00e+00	4.36e-24	2.74e-20	3.95e-17	1.37e-14	2.07e-12	2.38e-10	7.91e-07	1.45e-04	6.38e-03	6.09e-02	2.18e-01	3.32e-01	1.95e-01	9.43e-02	8.89e-02	4.22e-03	6.45e-05
 1.23918e+22	0.00e+00	5.95e-24	3.64e-20	5.11e-17	1.72e-14	2.52e-12	2.81e-10	9.03e-07	1.62e-04	6.98e-03	6.50e-02	2.25e-01	3.35e-01	1.91e-01	8.99e-02	8.24e-02	3.78e-03	5.61e-05
 1.26362e+22	0.00e+00	8.88e-24	5.26e-20	7.13e-17	2.30e-14	3.24e-12	3.47e-10	1.07e-06	1.86e-04	7.83e-03	7.06e-02	2.36e-01	3.38e-01	1.86e-01	8.43e-02	7.45e-02	3.28e-03	4.67e-05
 1.28877e+22	0.00e+00	1.35e-23	7.71e-20	1.01e-16	3.14e-14	4.23e-12	4.32e-10	1.27e-06	2.15e-04	8.77e-03	7.67e-02	2.46e-01	3.40e-01	1.80e-01	7.88e-02	6.71e-02	2.83e-03	3.86e-05
 1.30775e+22	0.00e+00	1.83e-23	1.02e-19	1.30e-16	3.93e-14	5.13e-12	5.07e-10	1.44e-06	2.38e-04	9.53e-03	8.14e-02	2.53e-01	3.41e-01	1.75e-01	7.48e-02	6.20e-02	2.54e-03	3.36e-05
 1.32292e+22	0.00e+00	2.29e-23	1.26e-19	1.57e-16	4.64e-14	5.91e-12	5.72e-10	1.58e-06	2.58e-04	1.02e-02	8.51e-02	2.59e-01	3.41e-01	1.72e-01	7.18e-02	5.84e-02	2.33e-03	3.01e-05
 1.34024e+22	0.00e+00	2.97e-23	1.59e-19	1.94e-16	5.60e-14	6.95e-12	6.55e-10	1.77e-06	2.82e-04	1.09e-02	8.95e-02	2.65e-01	3.41e-01	1.67e-01	6.85e-02	5.44e-02	2.11e-03	2.66e-05
 1.36275e+22	0.00e+00	4.12e-23	2.15e-19	2.55e-16	7.14e-14	8.55e-12	7.79e-10	2.03e-06	3.15e-04	1.19e-02	9.52e-02	2.73e-01	3.41e-01	1.62e-01	6.45e-02	4.97e-02	1.86e-03	2.26e-05
 1.38702e+22	0.00e+00	5.88e-23	2.98e-19	3.43e-16	9.29e-14	1.07e-11	9.41e-10	2.35e-06	3.55e-04	1.31e-02	1.02e-01	2.81e-01	3.40e-01	1.56e-01	6.03e-02	4.50e-02	1.63e-03	1.90e-05
 1.40760e+22	0.00e+00	7.89e-23	3.91e-19	4.38e-16	1.15e-13	1.29e-11	1.10e-09	2.65e-06	3.92e-04	1.41e-02	1.07e-01	2.88e-01	3.39e-01	1.51e-01	5.69e-02	4.14e-02	1.45e-03	1.64e-05
 1.42563e+22	0.00e+00	1.01e-22	4.90e-19	5.37e-16	1.38e-13	1.51e-11	1.25e-09	2.94e-06	4.26e-04	1.51e-02	1.12e-01	2.94e-01	3.38e-01	1.47e-01	5.42e-02	3.85e-02	1.31e-03	1.45e-05
 1.44626e+22	0.00e+00	1.33e-22	6.30e-19	6.74e-16	1.69e-13	1.80e-11	1.45e-09	3.30e-06	4.68e-04	1.62e-02	1.18e-01	3.00e-01	3.36e-01	1.43e-01	5.12e-02	3.55e-02	1.17e-03	1.26e-05
 1.47309e+22	0.00e+00	1.88e-22	8.67e-19	8.99e-16	2.19e-13	2.24e-11	1.74e-09	3.82e-06	5.26e-04	1.77e-02	1.25e-01	3.07e-01	3.33e-01	1.37e-01	4.75e-02	3.19e-02	1.02e-03	1.05e-05
 1.50092e+22	0.00e+00	2.71e-22	1.22e-18	1.22e-15	2.87e-13	2.83e-11	2.11e-09	4.43e-06	5.93e-04	1.95e-02	1.33e-01	3.14e-01	3.29e-01	1.30e-01	4.40e-02	2.86e-02	8.76e-04	8.70e-06
 1.52174e+22	0.00e+00	3.56e-22	1.56e-18	1.53e-15	3.51e-13	3.37e-11	2.44e-09	4.95e-06	6.48e-04	2.08e-02	1.39e-01	3.19e-01	3.26e-01	1.26e-01	4.14e-02	2.63e-02	7.82e-04	7.54e-06
 1.53760e+22	0.00e+00	4.30e-22	1.85e-18	1.79e-15	4.03e-13	3.79e-11	2.69e-09	5.37e-06	6.91e-04	2.18e-02	1.43e-01	3.23e-01	3.24e-01	1.22e-01	3.97e-02	2.47e-02	7.21e-04	6.81e-06
 1.55533e+22	0.00e+00	5.30e-22	2.25e-18	2.13e-15	4.71e-13	4.32e-11	3.01e-09	5.86e-06	7.41e-04	2.30e-02	1.48e-01	3.27e-01	3.21e-01	1.19e-01	3.78e-02	2.31e-02	6.58e-04	6.08e-06
 1.57839e+22	0.00e+00	6.94e-22	2.88e-18	2.66e-15	5.74e-13	5.13e-11	3.47e-09	6.56e-06	8.10e-04	2.46e-02	1.55e-01	3.31e-01	3.17e-01	1.14e-01	3.55e-02	2.12e-02	5.86e-04	5.25e-06
 1.60423e+22	0.00e+00	9.45e-22	3.82e-18	3.45e-15	7.21e-13	6.25e-11	4.09e-09	7.44e-06	8.94e-04	2.65e-02	1.62e-01	3.36e-01	3.12e-01	1.09e-01	3.30e-02	1.92e-02	5.12e-04	4.44e-06
 1.62746e+22	0.00e+00	1.24e-21	4.90e-18	4.32e-15	8.82e-13	7.42e-11	4.72e-09	8.32e-06	9.76e-04	2.83e-02	1.69e-01	3.40e-01	3.08e-01	1.05e-01	3.09e-02	1.75e-02	4.54e-04	3.82e-06
 1.64780e+22	0.00e+00	1.55e-21	6.03e-18	5.21e-15	1.04e-12	8.56e-11	5.32e-09	9.14e-06	1.05e-03	2.99e-02	1.75e-01	3.44e-01	3.04e-01	1.01e-01	2.92e-02	1.62e-02	4.11e-04	3.37e-06
 1.67067e+22	0.00e+00	1.98e-21	7.55e-18	6.38e-15	1.25e-12	9.98e-11	6.06e-09	1.01e-05	1.14e-03	3.17e-02	1.81e-01	3.47e-01	2.99e-01	9.70e-02	2.75e-02	1.49e-02	3.67e-04	2.93e-06
 1.70040e+22	0.00e+00	2.71e-21	1.01e-17	8.26e-15	1.57e-12	1.22e-10	7.15e-09	1.15e-05	1.26e-03	3.41e-02	1.89e-01	3.51e-01	2.93e-01	9.21e-02	2.54e-02	1.34e-02	3.19e-04	2.46e-06
 1.73163e+22	0.00e+00	3.81e-21	1.38e-17	1.10e-14	2.02e-12	1.51e-10	8.57e-09	1.32e-05	1.40e-03	3.69e-02	1.99e-01	3.54e-01	2.87e-01	8.69e-02	2.33e-02	1.19e-02	2.72e-04	2.02e-06
 1.75665e+22	0.00e+00	4.94e-21	1.75e-17	1.36e-14	2.45e-12	1.78e-10	9.82e-09	1.47e-05	1.52e-03	3.92e-02	2.06e-01	3.57e-01	2.81e-01	8.30e-02	2.17e-02	1.09e-02	2.42e-04	1.75e-06
 1.77697e+22	0.00e+00	6.08e-21	2.11e-17	1.62e-14	2.85e-12	2.03e-10	1.10e-08	1.61e-05	1.63e-03	4.11e-02	2.12e-01	3.58e-01	2.77e-01	7.99e-02	2.05e-02	1.01e-02	2.19e-04	1.54e-06
 1.79933e+22	0.00e+00	7.52e-21	2.57e-17	1.93e-14	3.33e-12	2.32e-10	1.23e-08	1.76e-05	1.74e-03	4.32e-02	2.18e-01	3.60e-01	2.72e-01	7.68e-02	1.94e-02	9.33e-03	1.98e-04	1.36e-06
 1.82840e+22	0.00e+00	9.94e-21	3.31e-17	2.43e-14	4.09e-12	2.77e-10	1.42e-08	1.97e-05	1.90e-03	4.60e-02	2.26e-01	3.62e-01	2.65e-01	7.29e-02	1.79e-02	8.42e-03	1.73e-04	1.15e-06
 1.85917e+22	0.00e+00	1.34e-20	4.37e-17	3.12e-14	5.11e-12	3.36e-10	1.67e-08	2.22e-05	2.09e-03	4.91e-02	2.34e-01	3.63e-01	2.59e-01	6.88e-02	1.65e-02	7.55e-03	1.50e-04	9.66e-07
 1.88471e+22	0.00e+00	1.70e-20	5.44e-17	3.81e-14	6.09e-12	3.91e-10	1.89e-08	2.45e-05	2.25e-03	5.17e-02	2.41e-01	3.64e-01	2.53e-01	6.57e-02	1.54e-02	6.91e-03	1.34e-04	8.39e-07
 1.91044e+22	0.00e+00	2.14e-20	6.70e-17	4.59e-14	7.18e-12	4.50e-10	2.13e-08	2.69e-05	2.42e-03	5.44e-02	2.48e-01	3.65e-01	2.47e-01	6.27e-02	1.44e-02	6.33e-03	1.19e-04	7.29e-07
 1.94390e+22	0.00e+00	2.88e-20	8.79e-17	5.88e-14	8.94e-12	5.43e-10	2.49e-08	3.04e-05	2.65e-03	5.80e-02	2.56e-01	3.65e-01	2.40e-01	5.90e-02	1.32e-02	5.65e-03	1.03e-04	6.07e-07
 1.97911e+22	0.00e+00	3.95e-20	1.18e-16	7.65e-14	1.13e-11	6.65e-10	2.94e-08	3.45e-05	2.92e-03	6.19e-02	2.66e-01	3.65e-01	2.32e-01	5.52e-02	1.21e-02	5.01e-03	8.79e-05	5.01e-07
 2.00812e+22	0.00e+00	5.08e-20	1.48e-16	9.41e-14	1.36e-11	7.79e-10	3.36e-08	3.82e-05	3.15e-03	6.53e-02	2.73e-01	3.64e-01	2.26e-01	5.23e-02	1.12e-02	4.54e-03	7.74e-05	4.29e-07
 2.03735e+22	0.00e+00	6.43e-20	1.84e-16	1.14e-13	1.61e-11	9.01e-10	3.80e-08	4.22e-05	3.39e-03	6.86e-02	2.80e-01	3.64e-01	2.20e-01	4.97e-02	1.04e-02	4.13e-03	6.85e-05	3.69e-07
 2.07536e+22	0.00e+00	8.77e-20	2.44e-16	1.48e-13	2.02e-11	1.10e-09	4.47e-08	4.78e-05	3.72e-03	7.32e-02	2.89e-01	3.62e-01	2.12e-01	4.63e-02	9.42e-03	3.65e-03	5.83e-05	3.03e-07
 2.11581e+22	0.00e+00	1.22e-19	3.31e-16	1.95e-13	2.59e-11	1.35e-09	5.31e-08	5.46e-05	4.10e-03	7.82e-02	2.99e-01	3.60e-01	2.04e-01	4.30e-02	8.50e-03	3.20e-03	4.92e-05	2.47e-07
 2.15035e+22	0.00e+00	1.60e-19	4.24e-16	2.44e-13	3.15e-11	1.60e-09	6.12e-08	6.08e-05	4.45e-03	8.25e-02	3.07e-01	3.58e-01	1.97e-01	4.04e-02	7.79e-03	2.86e-03	4.27e-05	2.08e-07
 2.18615e+22	0.00e+00	2.09e-19	5.41e-16	3.03e-13	3.82e-11	1.89e-09	7.03e-08	6.78e-05	4.82e-03	8.70e-02	3.14e-01	3.56e-01	1.90e-01	3.78e-02	7.13e-03	2.56e-03	3.70e-05	1.74e-07
 2.23270e+22	2.66e-29	2.95e-19	7.42e-16	4.03e-13	4.92e-11	2.34e-09	8.41e-08	7.79e-05	5.34e-03	9.31e-02	3.24e-01	3.52e-01	1.81e-01	3.48e-02	6.36e-03	2.21e-03	3.07e-05	1.39e-07
 2.27840e+22	3.80e-29	4.18e-19	1.02e-15	5.39e-13	6.37e-11	2.93e-09	1.01e-07	8.92e-05	5.90e-03	9.93e-02	3.34e-01	3.48e-01	1.73e-01	3.19e-02	5.66e-03	1.91e-03	2.55e-05	0.00e+00
 2.31171e+22	4.89e-29	5.33e-19	1.28e-15	6.59e-13	7.61e-11	3.42e-09	1.15e-07	9.83e-05	6.34e-03	1.04e-01	3.41e-01	3.45e-01	1.67e-01	2.99e-02	5.21e-03	1.72e-03	2.22e-05	0.00e+00
 2.34369e+22	6.09e-29	6.59e-19	1.55e-15	7.83e-13	8.86e-11	3.88e-09	1.28e-07	1.07e-04	6.75e-03	1.08e-01	3.47e-01	3.42e-01	1.61e-01	2.83e-02	4.83e-03	1.57e-03	1.97e-05	0.00e+00
 2.38528e+22	8.16e-29	8.75e-19	2.01e-15	9.91e-13	1.09e-10	4.64e-09	1.48e-07	1.20e-04	7.32e-03	1.14e-01	3.54e-01	3.38e-01	1.54e-01	2.63e-02	4.37e-03	1.38e-03	1.68e-05	0.00e+00
 2.43934e+22	1.17e-28	1.25e-18	2.79e-15	1.33e-12	1.41e-10	5.79e-09	1.78e-07	1.38e-04	8.11e-03	1.22e-01	3.63e-01	3.32e-01	1.46e-01	2.38e-02	3.85e-03	1.18e-03	1.37e-05	0.00e+00
 2.49455e+22	1.72e-28	1.82e-18	3.94e-15	1.82e-12	1.87e-10	7.37e-09	2.17e-07	1.60e-04	9.00e-03	1.30e-01	3.73e-01	3.25e-01	1.37e-01	2.15e-02	3.36e-03	9.94e-04	1.11e-05	0.00e+00
 2.53755e+22	2.28e-28	2.39e-18	5.07e-15	2.28e-12	2.29e-10	8.75e-09	2.50e-07	1.78e-04	9.72e-03	1.37e-01	3.79e-01	3.20e-01	1.31e-01	1.99e-02	3.04e-03	8.75e-04	9.44e-06	0.00e+00
 2.57973e+22	2.95e-28	3.08e-18	6.38e-15	2.81e-12	2.74e-10	1.02e-08	2.85e-07	1.97e-04	1.05e-02	1.43e-01	3.85e-01	3.14e-01	1.25e-01	1.84e-02	2.75e-03	7.75e-04	8.09e-06	0.00e+00
 2.63456e+22	4.13e-28	4.28e-18	8.64e-15	3.70e-12	3.50e-10	1.26e-08	3.39e-07	2.24e-04	1.15e-02	1.51e-01	3.93e-01	3.07e-01	1.17e-01	1.67e-02	2.42e-03	6.62e-04	6.62e-06	0.00e+00
 2.68876e+22	5.80e-28	6.00e-18	1.18e-14	4.91e-12	4.50e-10	1.56e-08	4.05e-07	2.55e-04	1.26e-02	1.60e-01	4.00e-01	2.99e-01	1.10e-01	1.51e-02	2.13e-03	5.63e-04	5.40e-06	0.00e+00
 2.72862e+22	7.33e-28	7.56e-18	1.46e-14	5.95e-12	5.34e-10	1.81e-08	4.56e-07	2.79e-04	1.34e-02	1.66e-01	4.05e-01	2.94e-01	1.05e-01	1.40e-02	1.94e-03	5.02e-04	4.68e-06	0.00e+00
 2.76693e+22	9.05e-28	9.31e-18	1.77e-14	7.07e-12	6.22e-10	2.06e-08	5.09e-07	3.04e-04	1.42e-02	1.72e-01	4.09e-01	2.89e-01	1.01e-01	1.31e-02	1.78e-03	4.51e-04	4.09e-06	0.00e+00
 2.81673e+22	1.20e-27	1.22e-17	2.28e-14	8.89e-12	7.63e-10	2.45e-08	5.89e-07	3.39e-04	1.53e-02	1.80e-01	4.14e-01	2.81e-01	9.50e-02	1.20e-02	1.59e-03	3.92e-04	3.42e-06	0.00e+00
 2.87146e+22	1.62e-27	1.66e-17	3.02e-14	1.15e-11	9.59e-10	2.99e-08	6.93e-07	3.81e-04	1.67e-02	1.89e-01	4.19e-01	2.73e-01	8.90e-02	1.08e-02	1.40e-03	3.35e-04	2.81e-06	0.00e+00
 2.92030e+22	2.11e-27	2.16e-17	3.86e-14	1.43e-11	1.17e-09	3.54e-08	7.97e-07	4.23e-04	1.79e-02	1.97e-01	4.23e-01	2.66e-01	8.39e-02	9.87e-03	1.25e-03	2.92e-04	2.36e-06	0.00e+00
 2.96478e+22	2.65e-27	2.71e-17	4.76e-14	1.74e-11	1.38e-09	4.09e-08	9.00e-07	4.63e-04	1.91e-02	2.04e-01	4.26e-01	2.60e-01	7.96e-02	9.11e-03	1.13e-03	2.58e-04	2.03e-06	0.00e+00
 3.01587e+22	3.39e-27	3.48e-17	6.01e-14	2.15e-11	1.67e-09	4.81e-08	1.03e-06	5.12e-04	2.04e-02	2.12e-01	4.30e-01	2.52e-01	7.50e-02	8.31e-03	1.01e-03	2.25e-04	1.70e-06	0.00e+00
 3.08228e+22	4.65e-27	4.80e-17	8.10e-14	2.82e-11	2.13e-09	5.93e-08	1.23e-06	5.83e-04	2.23e-02	2.23e-01	4.33e-01	2.43e-01	6.93e-02	7.38e-03	8.73e-04	1.88e-04	1.36e-06	0.00e+00
 3.15038e+22	6.47e-27	6.73e-17	1.11e-13	3.77e-11	2.77e-09	7.45e-08	1.48e-06	6.66e-04	2.45e-02	2.35e-01	4.36e-01	2.33e-01	6.36e-02	6.49e-03	7.47e-04	1.55e-04	1.07e-06	0.00e+00
 3.20384e+22	8.27e-27	8.66e-17	1.41e-13	4.67e-11	3.36e-09	8.79e-08	1.70e-06	7.37e-04	2.62e-02	2.44e-01	4.38e-01	2.25e-01	5.95e-02	5.88e-03	6.63e-04	1.34e-04	8.91e-07	0.00e+00
 3.25649e+22	1.03e-26	1.08e-16	1.74e-13	5.66e-11	3.99e-09	1.02e-07	1.93e-06	8.09e-04	2.79e-02	2.52e-01	4.39e-01	2.18e-01	5.59e-02	5.36e-03	5.93e-04	1.17e-04	7.50e-07	0.00e+00
 3.32494e+22	1.37e-26	1.46e-16	2.29e-13	7.30e-11	5.02e-09	1.24e-07	2.28e-06	9.14e-04	3.03e-02	2.63e-01	4.40e-01	2.08e-01	5.14e-02	4.74e-03	5.12e-04	9.74e-05	5.99e-07	0.00e+00
 3.39843e+22	1.86e-26	2.01e-16	3.10e-13	9.67e-11	6.47e-09	1.55e-07	2.74e-06	1.04e-03	3.30e-02	2.76e-01	4.41e-01	1.98e-01	4.68e-02	4.14e-03	4.35e-04	7.98e-05	4.68e-07	0.00e+00
 3.46123e+22	2.38e-26	2.60e-16	3.97e-13	1.22e-10	7.97e-09	1.86e-07	3.19e-06	1.16e-03	3.55e-02	2.86e-01	4.40e-01	1.90e-01	4.31e-02	3.68e-03	3.78e-04	6.73e-05	3.78e-07	0.00e+00
 3.52563e+22	2.99e-26	3.32e-16	5.00e-13	1.50e-10	9.64e-09	2.19e-07	3.67e-06	1.29e-03	3.80e-02	2.96e-01	4.39e-01	1.82e-01	3.99e-02	3.29e-03	3.31e-04	5.73e-05	3.10e-07	0.00e+00
 3.60935e+22	4.01e-26	4.54e-16	6.73e-13	1.98e-10	1.24e-08	2.72e-07	4.42e-06	1.47e-03	4.15e-02	3.09e-01	4.37e-01	1.71e-01	3.59e-02	2.84e-03	2.78e-04	4.63e-05	2.38e-07	0.00e+00
 3.68975e+22	5.29e-26	6.21e-16	9.09e-13	2.63e-10	1.61e-08	3.42e-07	5.36e-06	1.68e-03	4.52e-02	3.23e-01	4.34e-01	1.61e-01	3.23e-02	2.44e-03	2.33e-04	3.73e-05	1.82e-07	0.00e+00
 3.74557e+22	6.36e-26	7.58e-16	1.10e-12	3.14e-10	1.89e-08	3.94e-07	6.04e-06	1.84e-03	4.79e-02	3.31e-01	4.32e-01	1.55e-01	3.00e-02	2.20e-03	2.07e-04	3.23e-05	1.52e-07	0.00e+00
 3.79786e+22	7.42e-26	8.97e-16	1.30e-12	3.65e-10	2.17e-08	4.44e-07	6.70e-06	1.98e-03	5.03e-02	3.39e-01	4.30e-01	1.49e-01	2.82e-02	2.01e-03	1.87e-04	2.84e-05	1.30e-07	0.00e+00
 3.86583e+22	9.06e-26	1.12e-15	1.61e-12	4.47e-10	2.61e-08	5.23e-07	7.72e-06	2.19e-03	5.36e-02	3.49e-01	4.26e-01	1.42e-01	2.58e-02	1.79e-03	1.62e-04	2.40e-05	0.00e+00	0.00e+00
 3.95420e+22	1.16e-25	1.48e-15	2.10e-12	5.76e-10	3.30e-08	6.41e-07	9.21e-06	2.48e-03	5.81e-02	3.62e-01	4.21e-01	1.32e-01	2.31e-02	1.53e-03	1.36e-04	1.94e-05	0.00e+00	0.00e+00
 4.04482e+22	1.49e-25	1.97e-15	2.79e-12	7.55e-10	4.25e-08	8.03e-07	1.12e-05	2.83e-03	6.31e-02	3.75e-01	4.14e-01	1.23e-01	2.05e-02	1.30e-03	1.13e-04	1.54e-05	0.00e+00	0.00e+00
 4.11578e+22	1.80e-25	2.44e-15	3.45e-12	9.22e-10	5.11e-08	9.44e-07	1.28e-05	3.13e-03	6.71e-02	3.85e-01	4.09e-01	1.16e-01	1.87e-02	1.15e-03	9.74e-05	1.29e-05	0.00e+00	0.00e+00
 4.18545e+22	2.12e-25	2.93e-15	4.13e-12	1.09e-09	5.99e-08	1.09e-06	1.45e-05	3.42e-03	7.10e-02	3.94e-01	4.03e-01	1.10e-01	1.72e-02	1.02e-03	8.53e-05	1.10e-05	0.00e+00	0.00e+00
 4.27603e+22	2.62e-25	3.72e-15	5.25e-12	1.37e-09	7.41e-08	1.31e-06	1.71e-05	3.84e-03	7.62e-02	4.05e-01	3.96e-01	1.03e-01	1.53e-02	8.76e-04	7.18e-05	8.90e-06	0.00e+00	0.00e+00
 4.37359e+22	3.27e-25	4.83e-15	6.82e-12	1.77e-09	9.39e-08	1.62e-06	2.06e-05	4.36e-03	8.23e-02	4.17e-01	3.87e-01	9.51e-02	1.35e-02	7.39e-04	5.92e-05	7.05e-06	0.00e+00	0.00e+00
 4.45684e+22	3.93e-25	5.96e-15	8.44e-12	2.17e-09	1.14e-07	1.92e-06	2.39e-05	4.83e-03	8.76e-02	4.27e-01	3.79e-01	8.89e-02	1.22e-02	6.41e-04	5.04e-05	5.80e-06	0.00e+00	0.00e+00
 4.53049e+22	4.58e-25	7.08e-15	1.00e-11	2.56e-09	1.33e-07	2.21e-06	2.71e-05	5.27e-03	9.24e-02	4.34e-01	3.72e-01	8.39e-02	1.11e-02	5.68e-04	4.39e-05	4.92e-06	0.00e+00	0.00e+00
 4.61507e+22	5.38e-25	8.52e-15	1.21e-11	3.07e-09	1.58e-07	2.57e-06	3.10e-05	5.80e-03	9.78e-02	4.43e-01	3.64e-01	7.86e-02	1.00e-02	4.97e-04	3.78e-05	4.10e-06	0.00e+00	0.00e+00
 4.72502e+22	6.63e-25	1.08e-14	1.54e-11	3.87e-09	1.96e-07	3.12e-06	3.68e-05	6.54e-03	1.05e-01	4.53e-01	3.54e-01	7.22e-02	8.80e-03	4.18e-04	3.11e-05	3.24e-06	0.00e+00	0.00e+00
 4.84019e+22	8.24e-25	1.38e-14	2.00e-11	4.98e-09	2.49e-07	3.87e-06	4.45e-05	7.43e-03	1.13e-01	4.63e-01	3.42e-01	6.57e-02	7.63e-03	3.47e-04	2.52e-05	2.52e-06	0.00e+00	0.00e+00
 4.93356e+22	9.83e-25	1.67e-14	2.44e-11	6.03e-09	2.99e-07	4.55e-06	5.14e-05	8.20e-03	1.20e-01	4.71e-01	3.33e-01	6.10e-02	6.82e-03	2.99e-04	2.14e-05	2.06e-06	0.00e+00	0.00e+00
 5.02634e+22	1.14e-24	1.97e-14	2.90e-11	7.12e-09	3.50e-07	5.23e-06	5.84e-05	8.97e-03	1.26e-01	4.77e-01	3.24e-01	5.69e-02	6.14e-03	2.61e-04	1.83e-05	1.72e-06	0.00e+00	0.00e+00
 5.14696e+22	1.40e-24	2.44e-14	3.62e-11	8.85e-09	4.30e-07	6.29e-06	6.89e-05	1.01e-02	1.35e-01	4.85e-01	3.13e-01	5.19e-02	5.36e-03	2.19e-04	1.51e-05	1.36e-06	0.00e+00	0.00e+00
 5.27568e+22	1.73e-24	3.08e-14	4.64e-11	1.13e-08	5.41e-07	7.75e-06	8.29e-05	1.14e-02	1.44e-01	4.92e-01	3.00e-01	4.69e-02	4.62e-03	1.81e-04	1.22e-05	1.05e-06	0.00e+00	0.00e+00
 5.38001e+22	2.07e-24	3.70e-14	5.64e-11	1.36e-08	6.46e-07	9.08e-06	9.56e-05	1.25e-02	1.52e-01	4.98e-01	2.90e-01	4.33e-02	4.11e-03	1.55e-04	1.03e-05	8.55e-07	0.00e+00	0.00e+00
 5.46622e+22	2.37e-24	4.24e-14	6.51e-11	1.56e-08	7.35e-07	1.02e-05	1.06e-04	1.34e-02	1.58e-01	5.01e-01	2.82e-01	4.07e-02	3.75e-03	1.38e-04	9.00e-06	7.31e-07	0.00e+00	0.00e+00
 5.56376e+22	2.74e-24	4.89e-14	7.59e-11	1.81e-08	8.48e-07	1.16e-05	1.19e-04	1.46e-02	1.65e-01	5.05e-01	2.74e-01	3.79e-02	3.38e-03	1.21e-04	7.77e-06	6.13e-07	0.00e+00	0.00e+00
 5.69057e+22	3.30e-24	5.90e-14	9.27e-11	2.19e-08	1.02e-06	1.36e-05	1.38e-04	1.61e-02	1.74e-01	5.09e-01	2.63e-01	3.46e-02	2.97e-03	1.03e-04	6.48e-06	4.93e-07	0.00e+00	0.00e+00
 5.82059e+22	4.05e-24	7.19e-14	1.15e-10	2.70e-08	1.24e-06	1.63e-05	1.62e-04	1.79e-02	1.84e-01	5.12e-01	2.51e-01	3.14e-02	2.58e-03	8.60e-05	5.32e-06	3.90e-07	0.00e+00	0.00e+00
 5.92161e+22	4.75e-24	8.35e-14	1.35e-10	3.15e-08	1.43e-06	1.85e-05	1.82e-04	1.93e-02	1.92e-01	5.14e-01	2.43e-01	2.92e-02	2.33e-03	7.54e-05	4.59e-06	3.27e-07	0.00e+00	0.00e+00
 6.01975e+22	5.40e-24	9.40e-14	1.54e-10	3.57e-08	1.61e-06	2.06e-05	2.01e-04	2.07e-02	1.99e-01	5.15e-01	2.35e-01	2.73e-02	2.12e-03	6.69e-05	4.02e-06	2.79e-07	0.00e+00	0.00e+00
 6.14734e+22	6.45e-24	1.11e-13	1.83e-10	4.22e-08	1.89e-06	2.37e-05	2.28e-04	2.25e-02	2.08e-01	5.16e-01	2.26e-01	2.50e-02	1.88e-03	5.75e-05	3.40e-06	2.29e-07	0.00e+00	0.00e+00
 6.28821e+22	7.90e-24	1.34e-13	2.25e-10	5.13e-08	2.28e-06	2.80e-05	2.64e-04	2.47e-02	2.18e-01	5.17e-01	2.15e-01	2.27e-02	1.64e-03	4.85e-05	2.81e-06	1.83e-07	0.00e+00	0.00e+00
 6.41368e+22	9.50e-24	1.57e-13	2.68e-10	6.07e-08	2.66e-06	3.22e-05	3.00e-04	2.68e-02	2.27e-01	5.17e-01	2.06e-01	2.08e-02	1.45e-03	4.18e-05	2.38e-06	1.50e-07	0.00e+00	0.00e+00
 6.52592e+22	1.10e-23	1.80e-13	3.10e-10	6.95e-08	3.03e-06	3.60e-05	3.32e-04	2.87e-02	2.35e-01	5.16e-01	1.99e-01	1.94e-02	1.32e-03	3.69e-05	2.07e-06	1.27e-07	0.00e+00	0.00e+00
 6.65363e+22	1.30e-23	2.07e-13	3.61e-10	8.04e-08	3.47e-06	4.06e-05	3.70e-04	3.09e-02	2.44e-01	5.15e-01	1.91e-01	1.79e-02	1.18e-03	3.21e-05	1.78e-06	0.00e+00	0.00e+00	0.00e+00
 6.81966e+22	1.60e-23	2.47e-13	4.39e-10	9.68e-08	4.12e-06	4.73e-05	4.26e-04	3.39e-02	2.55e-01	5.13e-01	1.81e-01	1.61e-02	1.02e-03	2.70e-05	1.47e-06	0.00e+00	0.00e+00	0.00e+00
 6.99786e+22	2.04e-23	3.04e-13	5.50e-10	1.20e-07	5.03e-06	5.64e-05	4.98e-04	3.74e-02	2.67e-01	5.10e-01	1.70e-01	1.44e-02	8.76e-04	2.23e-05	1.19e-06	0.00e+00	0.00e+00	0.00e+00
 7.14758e+22	2.49e-23	3.60e-13	6.59e-10	1.42e-07	5.89e-06	6.48e-05	5.63e-04	4.04e-02	2.77e-01	5.06e-01	1.62e-01	1.31e-02	7.72e-04	1.90e-05	9.97e-07	0.00e+00	0.00e+00	0.00e+00
 7.29794e+22	2.97e-23	4.15e-13	7.69e-10	1.64e-07	6.72e-06	7.26e-05	6.26e-04	4.34e-02	2.86e-01	5.03e-01	1.55e-01	1.20e-02	6.87e-04	1.65e-05	8.51e-07	0.00e+00	0.00e+00	0.00e+00
 7.49340e+22	3.72e-23	4.99e-13	9.41e-10	1.98e-07	7.99e-06	8.46e-05	7.19e-04	4.75e-02	2.97e-01	4.98e-01	1.45e-01	1.07e-02	5.92e-04	1.38e-05	6.96e-07	0.00e+00	0.00e+00	0.00e+00
 7.70180e+22	4.84e-23	6.18e-13	1.19e-09	2.45e-07	9.77e-06	1.01e-04	8.39e-04	5.22e-02	3.10e-01	4.91e-01	1.36e-01	9.49e-03	5.03e-04	1.13e-05	5.58e-07	0.00e+00	0.00e+00	0.00e+00
 7.87492e+22	6.01e-23	7.35e-13	1.43e-09	2.91e-07	1.14e-05	1.16e-04	9.47e-04	5.63e-02	3.20e-01	4.85e-01	1.28e-01	8.59e-03	4.41e-04	9.58e-06	4.67e-07	0.00e+00	0.00e+00	0.00e+00
 8.04788e+22	7.21e-23	8.48e-13	1.66e-09	3.35e-07	1.30e-05	1.29e-04	1.05e-03	6.02e-02	3.29e-01	4.80e-01	1.22e-01	7.84e-03	3.91e-04	8.28e-06	3.97e-07	0.00e+00	0.00e+00	0.00e+00
