#depth	Mg	Mg+	Mg+2	Mg+3	Mg+4	Mg+5	Mg+6	Mg+7	Mg+8	Mg+9	Mg+10	Mg+11	Mg+12
 6.17135e+19	0.00e+00	0.00e+00	0.00e+00	0.00e+00	2.18e-27	1.03e-22	2.05e-18	1.47e-14	8.26e-11	3.99e-07	1.88e-03	8.19e-02	9.16e-01
 1.87609e+20	0.00e+00	0.00e+00	0.00e+00	0.00e+00	5.98e-27	2.50e-22	4.40e-18	2.78e-14	1.36e-10	5.73e-07	2.33e-03	9.05e-02	9.07e-01
 2.93824e+20	0.00e+00	0.00e+00	0.00e+00	0.00e+00	1.35e-26	5.10e-22	8.17e-18	4.65e-14	2.03e-10	7.68e-07	2.76e-03	9.81e-02	8.99e-01
 3.70510e+20	0.00e+00	0.00e+00	0.00e+00	1.69e-31	2.36e-26	8.35e-22	1.25e-17	6.64e-14	2.68e-10	9.40e-07	3.10e-03	1.04e-01	8.93e-01
 4.23796e+20	0.00e+00	0.00e+00	0.00e+00	2.61e-31	3.47e-26	1.17e-21	1.68e-17	8.49e-14	3.25e-10	1.08e-06	3.37e-03	1.08e-01	8.89e-01
 4.57939e+20	0.00e+00	0.00e+00	0.00e+00	3.41e-31	4.41e-26	1.45e-21	2.02e-17	9.89e-14	3.66e-10	1.18e-06	3.54e-03	1.10e-01	8.86e-01
 4.93614e+20	0.00e+00	0.00e+00	0.00e+00	4.49e-31	5.63e-26	1.80e-21	2.43e-17	1.15e-13	4.13e-10	1.29e-06	3.73e-03	1.13e-01	8.83e-01
 5.39992e+20	0.00e+00	0.00e+00	0.00e+00	6.45e-31	7.78e-26	2.39e-21	3.11e-17	1.42e-13	4.86e-10	1.45e-06	3.99e-03	1.16e-01	8.80e-01
 5.91918e+20	0.00e+00	0.00e+00	0.00e+00	9.61e-31	1.11e-25	3.26e-21	4.08e-17	1.78e-13	5.80e-10	1.65e-06	4.29e-03	1.20e-01	8.75e-01
 6.40244e+20	0.00e+00	0.00e+00	0.00e+00	1.38e-30	1.53e-25	4.34e-21	5.23e-17	2.19e-13	6.81e-10	1.85e-06	4.59e-03	1.24e-01	8.71e-01
 6.85122e+20	0.00e+00	0.00e+00	0.00e+00	1.92e-30	2.06e-25	5.62e-21	6.55e-17	2.64e-13	7.89e-10	2.06e-06	4.88e-03	1.28e-01	8.67e-01
 7.36330e+20	0.00e+00	0.00e+00	0.00e+00	2.78e-30	2.86e-25	7.52e-21	8.42e-17	3.26e-13	9.30e-10	2.33e-06	5.23e-03	1.32e-01	8.63e-01
 7.93969e+20	0.00e+00	0.00e+00	0.00e+00	4.20e-30	4.14e-25	1.04e-20	1.12e-16	4.13e-13	1.12e-09	2.66e-06	5.64e-03	1.37e-01	8.58e-01
 8.48133e+20	0.00e+00	0.00e+00	0.00e+00	6.15e-30	5.80e-25	1.40e-20	1.45e-16	5.13e-13	1.32e-09	3.01e-06	6.05e-03	1.41e-01	8.53e-01
 8.98784e+20	0.00e+00	0.00e+00	0.00e+00	8.71e-30	7.92e-25	1.84e-20	1.83e-16	6.26e-13	1.55e-09	3.37e-06	6.45e-03	1.45e-01	8.48e-01
 9.56701e+20	0.00e+00	0.00e+00	0.00e+00	1.29e-29	1.12e-24	2.50e-20	2.39e-16	7.82e-13	1.84e-09	3.83e-06	6.93e-03	1.50e-01	8.43e-01
 1.01852e+21	0.00e+00	0.00e+00	0.00e+00	1.94e-29	1.62e-24	3.47e-20	3.18e-16	9.91e-13	2.22e-09	4.38e-06	7.48e-03	1.55e-01	8.37e-01
 1.07197e+21	0.00e+00	0.00e+00	0.00e+00	2.75e-29	2.21e-24	4.56e-20	4.03e-16	1.21e-12	2.59e-09	4.91e-06	7.97e-03	1.60e-01	8.32e-01
 1.12801e+21	0.00e+00	0.00e+00	0.00e+00	3.93e-29	3.04e-24	6.04e-20	5.15e-16	1.48e-12	3.04e-09	5.51e-06	8.51e-03	1.64e-01	8.27e-01
 1.20087e+21	0.00e+00	0.00e+00	0.00e+00	6.22e-29	4.58e-24	8.66e-20	7.05e-16	1.93e-12	3.74e-09	6.41e-06	9.24e-03	1.71e-01	8.20e-01
 1.27433e+21	0.00e+00	0.00e+00	0.00e+00	9.83e-29	6.89e-24	1.24e-19	9.65e-16	2.52e-12	4.59e-09	7.45e-06	1.00e-02	1.77e-01	8.13e-01
 1.33227e+21	0.00e+00	0.00e+00	0.00e+00	1.39e-28	9.41e-24	1.64e-19	1.23e-15	3.08e-12	5.37e-09	8.34e-06	1.07e-02	1.82e-01	8.07e-01
 1.39128e+21	0.00e+00	0.00e+00	0.00e+00	1.97e-28	1.28e-23	2.15e-19	1.56e-15	3.76e-12	6.28e-09	9.35e-06	1.14e-02	1.87e-01	8.01e-01
 1.46800e+21	0.00e+00	0.00e+00	0.00e+00	3.09e-28	1.92e-23	3.07e-19	2.12e-15	4.87e-12	7.69e-09	1.08e-05	1.23e-02	1.94e-01	7.94e-01
 1.54744e+21	0.00e+00	0.00e+00	0.00e+00	4.89e-28	2.89e-23	4.41e-19	2.91e-15	6.35e-12	9.46e-09	1.26e-05	1.34e-02	2.01e-01	7.86e-01
 1.61018e+21	0.00e+00	0.00e+00	0.00e+00	6.96e-28	3.96e-23	5.83e-19	3.71e-15	7.78e-12	1.11e-08	1.41e-05	1.42e-02	2.06e-01	7.79e-01
 1.67148e+21	0.00e+00	0.00e+00	0.00e+00	9.72e-28	5.35e-23	7.60e-19	4.67e-15	9.44e-12	1.29e-08	1.58e-05	1.51e-02	2.12e-01	7.73e-01
 1.75117e+21	0.00e+00	0.00e+00	0.00e+00	1.50e-27	7.88e-23	1.07e-18	6.30e-15	1.21e-11	1.57e-08	1.82e-05	1.63e-02	2.19e-01	7.65e-01
 1.83360e+21	0.00e+00	0.00e+00	0.00e+00	2.34e-27	1.17e-22	1.52e-18	8.56e-15	1.57e-11	1.92e-08	2.10e-05	1.76e-02	2.26e-01	7.56e-01
 1.90158e+21	0.00e+00	0.00e+00	0.00e+00	3.34e-27	1.61e-22	2.02e-18	1.09e-14	1.93e-11	2.25e-08	2.36e-05	1.88e-02	2.32e-01	7.49e-01
 1.97194e+21	0.00e+00	0.00e+00	0.00e+00	4.78e-27	2.22e-22	2.68e-18	1.40e-14	2.38e-11	2.65e-08	2.65e-05	2.00e-02	2.38e-01	7.42e-01
 2.06341e+21	0.00e+00	0.00e+00	0.00e+00	7.59e-27	3.37e-22	3.87e-18	1.93e-14	3.11e-11	3.27e-08	3.09e-05	2.16e-02	2.46e-01	7.32e-01
 2.15714e+21	0.00e+00	0.00e+00	0.00e+00	1.22e-26	5.14e-22	5.62e-18	2.67e-14	4.08e-11	4.05e-08	3.60e-05	2.34e-02	2.54e-01	7.22e-01
 2.23312e+21	0.00e+00	0.00e+00	0.00e+00	1.76e-26	7.15e-22	7.53e-18	3.45e-14	5.05e-11	4.78e-08	4.05e-05	2.49e-02	2.61e-01	7.14e-01
 2.29953e+21	0.00e+00	0.00e+00	1.13e-31	2.39e-26	9.42e-22	9.61e-18	4.26e-14	6.03e-11	5.48e-08	4.47e-05	2.63e-02	2.67e-01	7.07e-01
 2.37423e+21	0.00e+00	0.00e+00	1.68e-31	3.43e-26	1.30e-21	1.28e-17	5.47e-14	7.44e-11	6.45e-08	5.02e-05	2.79e-02	2.73e-01	6.99e-01
 2.47134e+21	0.00e+00	0.00e+00	2.76e-31	5.38e-26	1.95e-21	1.83e-17	7.47e-14	9.67e-11	7.91e-08	5.80e-05	3.01e-02	2.81e-01	6.89e-01
 2.57037e+21	0.00e+00	0.00e+00	4.57e-31	8.50e-26	2.93e-21	2.63e-17	1.02e-13	1.26e-10	9.71e-08	6.71e-05	3.25e-02	2.90e-01	6.78e-01
 2.65002e+21	0.00e+00	0.00e+00	6.76e-31	1.21e-25	4.03e-21	3.48e-17	1.31e-13	1.55e-10	1.14e-07	7.50e-05	3.45e-02	2.96e-01	6.69e-01
 2.73170e+21	0.00e+00	0.00e+00	1.00e-30	1.73e-25	5.55e-21	4.62e-17	1.67e-13	1.90e-10	1.33e-07	8.39e-05	3.66e-02	3.03e-01	6.60e-01
 2.83788e+21	0.00e+00	0.00e+00	1.66e-30	2.74e-25	8.38e-21	6.65e-17	2.30e-13	2.48e-10	1.64e-07	9.69e-05	3.94e-02	3.12e-01	6.49e-01
 2.94786e+21	0.00e+00	0.00e+00	2.80e-30	4.39e-25	1.28e-20	9.68e-17	3.19e-13	3.25e-10	2.02e-07	1.12e-04	4.26e-02	3.21e-01	6.36e-01
 3.03782e+21	0.00e+00	0.00e+00	4.23e-30	6.40e-25	1.79e-20	1.30e-16	4.13e-13	4.04e-10	2.39e-07	1.26e-04	4.52e-02	3.28e-01	6.26e-01
 3.12980e+21	0.00e+00	0.00e+00	6.40e-30	9.31e-25	2.51e-20	1.75e-16	5.35e-13	5.01e-10	2.81e-07	1.41e-04	4.80e-02	3.35e-01	6.16e-01
 3.23136e+21	0.00e+00	0.00e+00	1.01e-29	1.41e-24	3.64e-20	2.44e-16	7.13e-13	6.36e-10	3.38e-07	1.60e-04	5.13e-02	3.43e-01	6.05e-01
 3.32364e+21	0.00e+00	0.00e+00	1.52e-29	2.04e-24	5.07e-20	3.27e-16	9.20e-13	7.86e-10	3.98e-07	1.79e-04	5.44e-02	3.51e-01	5.95e-01
 3.40877e+21	0.00e+00	0.00e+00	2.19e-29	2.85e-24	6.84e-20	4.26e-16	1.16e-12	9.53e-10	4.61e-07	1.97e-04	5.73e-02	3.57e-01	5.86e-01
 3.50634e+21	0.00e+00	0.00e+00	3.32e-29	4.15e-24	9.59e-20	5.75e-16	1.50e-12	1.18e-09	5.43e-07	2.20e-04	6.08e-02	3.64e-01	5.75e-01
 3.63317e+21	0.00e+00	0.00e+00	5.65e-29	6.72e-24	1.48e-19	8.43e-16	2.10e-12	1.56e-09	6.70e-07	2.54e-04	6.55e-02	3.73e-01	5.61e-01
 3.76077e+21	0.00e+00	0.00e+00	9.67e-29	1.10e-23	2.29e-19	1.24e-15	2.94e-12	2.06e-09	8.29e-07	2.92e-04	7.05e-02	3.82e-01	5.47e-01
 3.86005e+21	0.00e+00	0.00e+00	1.45e-28	1.59e-23	3.20e-19	1.67e-15	3.80e-12	2.55e-09	9.72e-07	3.25e-04	7.45e-02	3.89e-01	5.36e-01
 3.95981e+21	0.00e+00	0.00e+00	2.17e-28	2.28e-23	4.43e-19	2.23e-15	4.89e-12	3.14e-09	1.14e-06	3.60e-04	7.87e-02	3.96e-01	5.25e-01
 4.08950e+21	0.00e+00	0.00e+00	3.63e-28	3.65e-23	6.76e-19	3.24e-15	6.77e-12	4.11e-09	1.39e-06	4.10e-04	8.43e-02	4.04e-01	5.11e-01
 4.21521e+21	0.00e+00	0.00e+00	6.00e-28	5.77e-23	1.02e-18	4.66e-15	9.30e-12	5.34e-09	1.70e-06	4.65e-04	9.00e-02	4.12e-01	4.98e-01
 4.30422e+21	0.00e+00	0.00e+00	8.49e-28	7.92e-23	1.36e-18	6.00e-15	1.16e-11	6.40e-09	1.94e-06	5.07e-04	9.42e-02	4.17e-01	4.88e-01
 4.38839e+21	0.00e+00	0.00e+00	1.16e-27	1.05e-22	1.75e-18	7.51e-15	1.41e-11	7.53e-09	2.19e-06	5.49e-04	9.82e-02	4.22e-01	4.79e-01
 4.49782e+21	0.00e+00	0.00e+00	1.78e-27	1.56e-22	2.49e-18	1.03e-14	1.85e-11	9.43e-09	2.59e-06	6.08e-04	1.04e-01	4.28e-01	4.68e-01
 4.61866e+21	0.00e+00	0.00e+00	2.84e-27	2.38e-22	3.65e-18	1.44e-14	2.49e-11	1.20e-08	3.11e-06	6.80e-04	1.10e-01	4.34e-01	4.55e-01
 4.71790e+21	0.00e+00	0.00e+00	4.14e-27	3.36e-22	4.98e-18	1.90e-14	3.16e-11	1.47e-08	3.60e-06	7.44e-04	1.15e-01	4.39e-01	4.45e-01
 4.79292e+21	0.00e+00	0.00e+00	5.49e-27	4.34e-22	6.28e-18	2.34e-14	3.79e-11	1.70e-08	4.01e-06	7.95e-04	1.19e-01	4.43e-01	4.37e-01
 4.87286e+21	0.00e+00	0.00e+00	7.29e-27	5.62e-22	7.93e-18	2.87e-14	4.53e-11	1.97e-08	4.48e-06	8.51e-04	1.23e-01	4.47e-01	4.29e-01
 4.97679e+21	0.00e+00	0.00e+00	1.09e-26	8.10e-22	1.10e-17	3.85e-14	5.85e-11	2.43e-08	5.22e-06	9.31e-04	1.29e-01	4.52e-01	4.18e-01
 5.08012e+21	0.00e+00	0.00e+00	1.60e-26	1.15e-21	1.52e-17	5.12e-14	7.51e-11	2.98e-08	6.07e-06	1.02e-03	1.35e-01	4.56e-01	4.08e-01
 5.15725e+21	0.00e+00	0.00e+00	2.10e-26	1.48e-21	1.90e-17	6.23e-14	8.91e-11	3.43e-08	6.74e-06	1.09e-03	1.40e-01	4.59e-01	4.00e-01
 5.23209e+21	0.00e+00	0.00e+00	2.78e-26	1.92e-21	2.41e-17	7.70e-14	1.07e-10	3.99e-08	7.53e-06	1.15e-03	1.44e-01	4.62e-01	3.93e-01
 5.32938e+21	0.00e+00	0.00e+00	3.97e-26	2.66e-21	3.23e-17	1.00e-13	1.35e-10	4.82e-08	8.63e-06	1.25e-03	1.50e-01	4.65e-01	3.83e-01
 5.43221e+21	0.00e+00	0.00e+00	5.80e-26	3.76e-21	4.43e-17	1.33e-13	1.72e-10	5.89e-08	1.00e-05	1.36e-03	1.57e-01	4.69e-01	3.73e-01
 5.51791e+21	0.00e+00	0.00e+00	7.90e-26	5.00e-21	5.73e-17	1.67e-13	2.11e-10	6.95e-08	1.13e-05	1.45e-03	1.62e-01	4.72e-01	3.65e-01
 5.60501e+21	0.00e+00	1.28e-31	1.08e-25	6.66e-21	7.44e-17	2.10e-13	2.58e-10	8.20e-08	1.27e-05	1.55e-03	1.68e-01	4.74e-01	3.57e-01
 5.71823e+21	0.00e+00	1.98e-31	1.62e-25	9.69e-21	1.05e-16	2.85e-13	3.37e-10	1.02e-07	1.49e-05	1.69e-03	1.75e-01	4.77e-01	3.46e-01
 5.82659e+21	0.00e+00	3.02e-31	2.41e-25	1.39e-20	1.46e-16	3.83e-13	4.37e-10	1.26e-07	1.74e-05	1.84e-03	1.83e-01	4.80e-01	3.36e-01
 5.90187e+21	0.00e+00	4.02e-31	3.14e-25	1.78e-20	1.82e-16	4.68e-13	5.20e-10	1.45e-07	1.93e-05	1.95e-03	1.88e-01	4.82e-01	3.29e-01
 5.97297e+21	0.00e+00	5.18e-31	3.98e-25	2.21e-20	2.21e-16	5.57e-13	6.06e-10	1.65e-07	2.11e-05	2.05e-03	1.93e-01	4.83e-01	3.22e-01
 6.06541e+21	0.00e+00	7.47e-31	5.61e-25	3.04e-20	2.96e-16	7.24e-13	7.62e-10	1.99e-07	2.41e-05	2.20e-03	1.99e-01	4.85e-01	3.14e-01
 6.16631e+21	0.00e+00	1.10e-30	8.04e-25	4.24e-20	4.01e-16	9.49e-13	9.67e-10	2.42e-07	2.78e-05	2.37e-03	2.06e-01	4.86e-01	3.05e-01
 6.25529e+21	0.00e+00	1.53e-30	1.10e-24	5.66e-20	5.22e-16	1.20e-12	1.19e-09	2.86e-07	3.14e-05	2.52e-03	2.13e-01	4.87e-01	2.97e-01
 6.33534e+21	0.00e+00	2.06e-30	1.45e-24	7.33e-20	6.61e-16	1.48e-12	1.43e-09	3.33e-07	3.50e-05	2.67e-03	2.19e-01	4.88e-01	2.90e-01
 6.42672e+21	0.00e+00	2.90e-30	2.00e-24	9.85e-20	8.66e-16	1.89e-12	1.77e-09	3.96e-07	3.96e-05	2.84e-03	2.26e-01	4.89e-01	2.83e-01
 6.52509e+21	0.00e+00	4.18e-30	2.82e-24	1.35e-19	1.16e-15	2.46e-12	2.23e-09	4.79e-07	4.54e-05	3.04e-03	2.33e-01	4.89e-01	2.74e-01
 6.60969e+21	0.00e+00	5.70e-30	3.77e-24	1.77e-19	1.48e-15	3.07e-12	2.71e-09	5.61e-07	5.09e-05	3.23e-03	2.40e-01	4.90e-01	2.67e-01
 6.68517e+21	0.00e+00	7.50e-30	4.88e-24	2.25e-19	1.85e-15	3.73e-12	3.22e-09	6.46e-07	5.63e-05	3.39e-03	2.45e-01	4.90e-01	2.61e-01
 6.77165e+21	0.00e+00	1.03e-29	6.55e-24	2.96e-19	2.37e-15	4.68e-12	3.93e-09	7.60e-07	6.32e-05	3.59e-03	2.52e-01	4.90e-01	2.54e-01
 6.88408e+21	0.00e+00	1.20e-29	9.58e-24	4.22e-19	3.28e-15	6.25e-12	5.07e-09	9.37e-07	7.34e-05	3.87e-03	2.61e-01	4.90e-01	2.46e-01
 6.99615e+21	0.00e+00	1.79e-29	1.40e-23	6.00e-19	4.54e-15	8.36e-12	6.56e-09	1.16e-06	8.53e-05	4.17e-03	2.70e-01	4.89e-01	2.37e-01
 7.08055e+21	0.00e+00	2.40e-29	1.84e-23	7.74e-19	5.74e-15	1.03e-11	7.88e-09	1.34e-06	9.51e-05	4.40e-03	2.77e-01	4.88e-01	2.31e-01
 7.16304e+21	0.00e+00	3.17e-29	2.40e-23	9.92e-19	7.20e-15	1.27e-11	9.44e-09	1.56e-06	1.06e-04	4.63e-03	2.83e-01	4.87e-01	2.24e-01
 7.27027e+21	0.00e+00	4.58e-29	3.40e-23	1.37e-18	9.71e-15	1.66e-11	1.20e-08	1.89e-06	1.21e-04	4.95e-03	2.92e-01	4.86e-01	2.17e-01
 7.38324e+21	0.00e+00	6.72e-29	4.89e-23	1.92e-18	1.32e-14	2.19e-11	1.53e-08	2.31e-06	1.40e-04	5.31e-03	3.01e-01	4.84e-01	2.09e-01
 7.47752e+21	0.00e+00	9.16e-29	6.55e-23	2.53e-18	1.70e-14	2.74e-11	1.86e-08	2.72e-06	1.57e-04	5.63e-03	3.09e-01	4.83e-01	2.02e-01
 7.55930e+21	0.00e+00	1.19e-28	8.40e-23	3.19e-18	2.11e-14	3.32e-11	2.20e-08	3.12e-06	1.74e-04	5.91e-03	3.16e-01	4.81e-01	1.97e-01
 7.65101e+21	0.00e+00	1.59e-28	1.11e-22	4.13e-18	2.68e-14	4.11e-11	2.66e-08	3.64e-06	1.94e-04	6.23e-03	3.23e-01	4.79e-01	1.91e-01
 7.77023e+21	0.00e+00	2.31e-28	1.58e-22	5.75e-18	3.63e-14	5.40e-11	3.38e-08	4.43e-06	2.23e-04	6.68e-03	3.33e-01	4.77e-01	1.83e-01
 7.89406e+21	0.00e+00	3.38e-28	2.27e-22	8.08e-18	4.96e-14	7.15e-11	4.32e-08	5.42e-06	2.58e-04	7.17e-03	3.43e-01	4.74e-01	1.75e-01
 7.99551e+21	0.00e+00	4.57e-28	3.02e-22	1.06e-17	6.36e-14	8.92e-11	5.24e-08	6.35e-06	2.89e-04	7.59e-03	3.52e-01	4.71e-01	1.69e-01
 8.09902e+21	0.00e+00	6.14e-28	4.01e-22	1.38e-17	8.11e-14	1.11e-10	6.34e-08	7.42e-06	3.24e-04	8.02e-03	3.60e-01	4.68e-01	1.64e-01
 8.23358e+21	0.00e+00	8.95e-28	5.75e-22	1.93e-17	1.11e-13	1.46e-10	8.09e-08	9.05e-06	3.74e-04	8.62e-03	3.71e-01	4.64e-01	1.56e-01
 8.36700e+21	0.00e+00	1.30e-27	8.19e-22	2.69e-17	1.50e-13	1.93e-10	1.03e-07	1.10e-05	4.30e-04	9.25e-03	3.82e-01	4.60e-01	1.49e-01
 8.46761e+21	0.00e+00	1.69e-27	1.06e-21	3.42e-17	1.88e-13	2.34e-10	1.22e-07	1.27e-05	4.76e-04	9.74e-03	3.90e-01	4.56e-01	1.44e-01
 8.56710e+21	0.00e+00	2.18e-27	1.35e-21	4.30e-17	2.31e-13	2.83e-10	1.43e-07	1.45e-05	5.24e-04	1.02e-02	3.98e-01	4.53e-01	1.39e-01
 8.69643e+21	0.00e+00	3.02e-27	1.84e-21	5.76e-17	3.03e-13	3.59e-10	1.77e-07	1.71e-05	5.93e-04	1.09e-02	4.08e-01	4.48e-01	1.33e-01
 8.83686e+21	0.00e+00	4.26e-27	2.56e-21	7.87e-17	4.04e-13	4.64e-10	2.20e-07	2.05e-05	6.75e-04	1.17e-02	4.19e-01	4.43e-01	1.26e-01
 8.95556e+21	0.00e+00	5.65e-27	3.36e-21	1.01e-16	5.11e-13	5.71e-10	2.64e-07	2.38e-05	7.51e-04	1.23e-02	4.28e-01	4.38e-01	1.21e-01
 9.05609e+21	0.00e+00	7.10e-27	4.19e-21	1.25e-16	6.19e-13	6.76e-10	3.05e-07	2.68e-05	8.19e-04	1.29e-02	4.35e-01	4.34e-01	1.17e-01
 9.16911e+21	0.00e+00	9.11e-27	5.34e-21	1.57e-16	7.62e-13	8.14e-10	3.58e-07	3.05e-05	9.00e-04	1.35e-02	4.43e-01	4.30e-01	1.13e-01
 9.31605e+21	0.00e+00	1.25e-26	7.24e-21	2.09e-16	9.93e-13	1.03e-09	4.38e-07	3.60e-05	1.01e-03	1.44e-02	4.54e-01	4.24e-01	1.07e-01
 9.46504e+21	0.00e+00	1.71e-26	9.82e-21	2.78e-16	1.29e-12	1.30e-09	5.35e-07	4.24e-05	1.14e-03	1.54e-02	4.64e-01	4.18e-01	1.02e-01
 9.58140e+21	0.00e+00	2.17e-26	1.23e-20	3.45e-16	1.58e-12	1.55e-09	6.21e-07	4.79e-05	1.25e-03	1.61e-02	4.72e-01	4.13e-01	9.76e-02
 9.69736e+21	0.00e+00	2.72e-26	1.54e-20	4.24e-16	1.91e-12	1.83e-09	7.16e-07	5.37e-05	1.36e-03	1.69e-02	4.80e-01	4.08e-01	9.39e-02
 9.84810e+21	0.00e+00	3.62e-26	2.03e-20	5.51e-16	2.42e-12	2.26e-09	8.57e-07	6.22e-05	1.51e-03	1.79e-02	4.90e-01	4.02e-01	8.92e-02
 1.00082e+22	0.00e+00	4.88e-26	2.71e-20	7.24e-16	3.12e-12	2.82e-09	1.04e-06	7.25e-05	1.68e-03	1.90e-02	5.00e-01	3.95e-01	8.45e-02
 1.01441e+22	0.00e+00	6.23e-26	3.43e-20	9.06e-16	3.83e-12	3.37e-09	1.21e-06	8.21e-05	1.84e-03	1.99e-02	5.08e-01	3.89e-01	8.08e-02
 1.02843e+22	0.00e+00	7.92e-26	4.34e-20	1.13e-15	4.69e-12	4.03e-09	1.40e-06	9.27e-05	2.01e-03	2.09e-02	5.16e-01	3.84e-01	7.72e-02
 1.04665e+22	0.00e+00	1.07e-25	5.83e-20	1.49e-15	6.06e-12	5.04e-09	1.69e-06	1.08e-04	2.25e-03	2.22e-02	5.27e-01	3.76e-01	7.28e-02
 1.06543e+22	1.26e-31	1.46e-25	7.88e-20	1.98e-15	7.86e-12	6.34e-09	2.05e-06	1.26e-04	2.52e-03	2.37e-02	5.37e-01	3.68e-01	6.85e-02
 1.08034e+22	1.64e-31	1.85e-25	9.91e-20	2.46e-15	9.59e-12	7.54e-09	2.37e-06	1.42e-04	2.75e-03	2.48e-02	5.45e-01	3.62e-01	6.53e-02
 1.09512e+22	2.09e-31	2.32e-25	1.23e-19	3.02e-15	1.16e-11	8.87e-09	2.72e-06	1.59e-04	2.97e-03	2.60e-02	5.52e-01	3.56e-01	6.23e-02
 1.11434e+22	2.87e-31	3.08e-25	1.62e-19	3.92e-15	1.47e-11	1.09e-08	3.24e-06	1.83e-04	3.29e-03	2.75e-02	5.62e-01	3.49e-01	5.87e-02
 1.13360e+22	3.94e-31	4.08e-25	2.14e-19	5.08e-15	1.86e-11	1.34e-08	3.85e-06	2.10e-04	3.64e-03	2.91e-02	5.71e-01	3.41e-01	5.53e-02
 1.14834e+22	4.96e-31	5.03e-25	2.62e-19	6.16e-15	2.22e-11	1.57e-08	4.37e-06	2.33e-04	3.92e-03	3.03e-02	5.78e-01	3.35e-01	5.28e-02
 1.16295e+22	6.17e-31	6.12e-25	3.18e-19	7.38e-15	2.62e-11	1.81e-08	4.92e-06	2.56e-04	4.20e-03	3.15e-02	5.84e-01	3.30e-01	5.05e-02
 1.18193e+22	8.16e-31	7.87e-25	4.06e-19	9.30e-15	3.24e-11	2.17e-08	5.73e-06	2.90e-04	4.59e-03	3.31e-02	5.92e-01	3.22e-01	4.78e-02
 1.20244e+22	1.10e-30	1.03e-24	5.28e-19	1.19e-14	4.06e-11	2.64e-08	6.74e-06	3.30e-04	5.05e-03	3.49e-02	6.00e-01	3.15e-01	4.49e-02
 1.22038e+22	1.42e-30	1.29e-24	6.59e-19	1.47e-14	4.92e-11	3.12e-08	7.73e-06	3.68e-04	5.47e-03	3.65e-02	6.07e-01	3.08e-01	4.26e-02
 1.23918e+22	1.82e-30	1.63e-24	8.25e-19	1.81e-14	5.96e-11	3.69e-08	8.86e-06	4.11e-04	5.91e-03	3.82e-02	6.14e-01	3.02e-01	4.04e-02
 1.26362e+22	2.52e-30	2.18e-24	1.10e-18	2.37e-14	7.61e-11	4.56e-08	1.05e-05	4.72e-04	6.53e-03	4.04e-02	6.22e-01	2.93e-01	3.76e-02
 1.28877e+22	3.49e-30	2.93e-24	1.46e-18	3.12e-14	9.77e-11	5.65e-08	1.26e-05	5.44e-04	7.24e-03	4.28e-02	6.30e-01	2.85e-01	3.50e-02
 1.30775e+22	4.43e-30	3.65e-24	1.81e-18	3.81e-14	1.17e-10	6.62e-08	1.43e-05	6.03e-04	7.79e-03	4.46e-02	6.36e-01	2.78e-01	3.32e-02
 1.32292e+22	5.32e-30	4.30e-24	2.13e-18	4.44e-14	1.35e-10	7.46e-08	1.58e-05	6.51e-04	8.24e-03	4.60e-02	6.40e-01	2.73e-01	3.18e-02
 1.34024e+22	6.53e-30	5.19e-24	2.56e-18	5.28e-14	1.58e-10	8.55e-08	1.76e-05	7.11e-04	8.77e-03	4.76e-02	6.45e-01	2.68e-01	3.03e-02
 1.36275e+22	8.48e-30	6.58e-24	3.23e-18	6.57e-14	1.93e-10	1.01e-07	2.02e-05	7.95e-04	9.50e-03	4.98e-02	6.50e-01	2.61e-01	2.85e-02
 1.38702e+22	1.12e-29	8.49e-24	4.14e-18	8.30e-14	2.39e-10	1.22e-07	2.35e-05	8.95e-04	1.03e-02	5.22e-02	6.56e-01	2.54e-01	2.67e-02
 1.40760e+22	1.41e-29	1.05e-23	5.09e-18	1.01e-13	2.85e-10	1.42e-07	2.65e-05	9.87e-04	1.11e-02	5.43e-02	6.61e-01	2.47e-01	2.53e-02
 1.42563e+22	1.71e-29	1.25e-23	6.06e-18	1.19e-13	3.30e-10	1.61e-07	2.94e-05	1.07e-03	1.18e-02	5.61e-02	6.65e-01	2.42e-01	2.41e-02
 1.44626e+22	2.13e-29	1.53e-23	7.37e-18	1.43e-13	3.91e-10	1.86e-07	3.31e-05	1.18e-03	1.26e-02	5.82e-02	6.69e-01	2.36e-01	2.28e-02
 1.47309e+22	2.81e-29	1.97e-23	9.44e-18	1.80e-13	4.83e-10	2.24e-07	3.82e-05	1.32e-03	1.36e-02	6.09e-02	6.73e-01	2.29e-01	2.13e-02
 1.50092e+22	3.74e-29	2.56e-23	1.22e-17	2.29e-13	6.01e-10	2.70e-07	4.44e-05	1.49e-03	1.48e-02	6.39e-02	6.78e-01	2.22e-01	1.98e-02
 1.52174e+22	4.61e-29	3.10e-23	1.47e-17	2.74e-13	7.06e-10	3.10e-07	4.97e-05	1.62e-03	1.58e-02	6.62e-02	6.81e-01	2.16e-01	1.88e-02
 1.53760e+22	5.38e-29	3.57e-23	1.69e-17	3.11e-13	7.93e-10	3.42e-07	5.37e-05	1.73e-03	1.65e-02	6.78e-02	6.83e-01	2.13e-01	1.81e-02
 1.55533e+22	6.36e-29	4.17e-23	1.96e-17	3.59e-13	9.02e-10	3.82e-07	5.87e-05	1.85e-03	1.73e-02	6.96e-02	6.86e-01	2.08e-01	1.73e-02
 1.57839e+22	7.89e-29	5.09e-23	2.38e-17	4.30e-13	1.06e-09	4.40e-07	6.56e-05	2.02e-03	1.85e-02	7.20e-02	6.88e-01	2.03e-01	1.64e-02
 1.60423e+22	1.00e-28	6.34e-23	2.95e-17	5.26e-13	1.28e-09	5.15e-07	7.44e-05	2.23e-03	1.98e-02	7.48e-02	6.91e-01	1.97e-01	1.54e-02
 1.62746e+22	1.24e-28	7.70e-23	3.57e-17	6.29e-13	1.50e-09	5.92e-07	8.31e-05	2.44e-03	2.11e-02	7.74e-02	6.93e-01	1.92e-01	1.45e-02
 1.64780e+22	1.48e-28	9.09e-23	4.19e-17	7.32e-13	1.72e-09	6.65e-07	9.12e-05	2.62e-03	2.22e-02	7.96e-02	6.94e-01	1.87e-01	1.38e-02
 1.67067e+22	1.81e-28	1.09e-22	5.02e-17	8.66e-13	2.00e-09	7.56e-07	1.01e-04	2.84e-03	2.34e-02	8.20e-02	6.96e-01	1.83e-01	1.31e-02
 1.70040e+22	2.33e-28	1.38e-22	6.29e-17	1.07e-12	2.42e-09	8.88e-07	1.15e-04	3.14e-03	2.51e-02	8.51e-02	6.98e-01	1.77e-01	1.23e-02
 1.73163e+22	3.03e-28	1.75e-22	7.94e-17	1.33e-12	2.96e-09	1.06e-06	1.32e-04	3.49e-03	2.71e-02	8.87e-02	6.99e-01	1.70e-01	1.14e-02
 1.75665e+22	3.73e-28	2.13e-22	9.57e-17	1.59e-12	3.46e-09	1.21e-06	1.46e-04	3.79e-03	2.87e-02	9.14e-02	7.00e-01	1.66e-01	1.08e-02
 1.77697e+22	4.38e-28	2.46e-22	1.10e-16	1.81e-12	3.91e-09	1.34e-06	1.59e-04	4.05e-03	3.01e-02	9.37e-02	7.00e-01	1.62e-01	1.02e-02
 1.79933e+22	5.22e-28	2.90e-22	1.29e-16	2.10e-12	4.46e-09	1.50e-06	1.73e-04	4.33e-03	3.15e-02	9.60e-02	7.00e-01	1.58e-01	9.77e-03
 1.82840e+22	6.54e-28	3.58e-22	1.58e-16	2.53e-12	5.28e-09	1.73e-06	1.94e-04	4.73e-03	3.35e-02	9.91e-02	7.00e-01	1.53e-01	9.17e-03
 1.85917e+22	8.30e-28	4.45e-22	1.95e-16	3.09e-12	6.31e-09	2.01e-06	2.19e-04	5.20e-03	3.57e-02	1.03e-01	7.00e-01	1.48e-01	8.57e-03
 1.88471e+22	1.01e-27	5.34e-22	2.32e-16	3.63e-12	7.28e-09	2.27e-06	2.41e-04	5.60e-03	3.76e-02	1.05e-01	6.99e-01	1.44e-01	8.12e-03
 1.91044e+22	1.22e-27	6.35e-22	2.75e-16	4.23e-12	8.37e-09	2.56e-06	2.65e-04	6.01e-03	3.95e-02	1.08e-01	6.99e-01	1.40e-01	7.69e-03
 1.94390e+22	1.54e-27	7.90e-22	3.39e-16	5.16e-12	9.99e-09	2.97e-06	2.98e-04	6.59e-03	4.21e-02	1.12e-01	6.97e-01	1.35e-01	7.16e-03
 1.97911e+22	1.99e-27	9.99e-22	4.25e-16	6.35e-12	1.20e-08	3.48e-06	3.37e-04	7.26e-03	4.50e-02	1.15e-01	6.96e-01	1.30e-01	6.65e-03
 2.00812e+22	2.44e-27	1.21e-21	5.08e-16	7.50e-12	1.40e-08	3.95e-06	3.73e-04	7.84e-03	4.74e-02	1.18e-01	6.94e-01	1.26e-01	6.27e-03
 2.03735e+22	2.97e-27	1.45e-21	6.05e-16	8.81e-12	1.61e-08	4.46e-06	4.10e-04	8.44e-03	4.99e-02	1.21e-01	6.92e-01	1.22e-01	5.91e-03
 2.07536e+22	3.84e-27	1.83e-21	7.58e-16	1.09e-11	1.95e-08	5.22e-06	4.64e-04	9.28e-03	5.32e-02	1.25e-01	6.89e-01	1.17e-01	5.47e-03
 2.11581e+22	5.00e-27	2.34e-21	9.58e-16	1.35e-11	2.36e-08	6.15e-06	5.28e-04	1.02e-02	5.69e-02	1.30e-01	6.85e-01	1.12e-01	5.05e-03
 2.15035e+22	6.26e-27	2.89e-21	1.17e-15	1.62e-11	2.78e-08	7.05e-06	5.88e-04	1.11e-02	6.01e-02	1.33e-01	6.82e-01	1.08e-01	4.72e-03
 2.18615e+22	7.81e-27	3.53e-21	1.42e-15	1.94e-11	3.27e-08	8.07e-06	6.54e-04	1.21e-02	6.35e-02	1.37e-01	6.79e-01	1.04e-01	4.40e-03
 2.23270e+22	1.03e-26	4.57e-21	1.81e-15	2.43e-11	4.00e-08	9.57e-06	7.48e-04	1.34e-02	6.81e-02	1.41e-01	6.73e-01	9.93e-02	4.03e-03
 2.27840e+22	1.36e-26	5.90e-21	2.31e-15	3.05e-11	4.89e-08	1.13e-05	8.55e-04	1.48e-02	7.30e-02	1.46e-01	6.67e-01	9.45e-02	3.68e-03
 2.31171e+22	1.65e-26	7.02e-21	2.74e-15	3.57e-11	5.64e-08	1.28e-05	9.39e-04	1.59e-02	7.66e-02	1.49e-01	6.63e-01	9.11e-02	3.44e-03
 2.34369e+22	1.98e-26	8.32e-21	3.22e-15	4.13e-11	6.41e-08	1.42e-05	1.02e-03	1.69e-02	7.99e-02	1.52e-01	6.59e-01	8.83e-02	3.25e-03
 2.38528e+22	2.49e-26	1.03e-20	3.94e-15	4.99e-11	7.59e-08	1.64e-05	1.14e-03	1.84e-02	8.44e-02	1.56e-01	6.53e-01	8.45e-02	3.01e-03
 2.43934e+22	3.30e-26	1.34e-20	5.06e-15	6.30e-11	9.33e-08	1.95e-05	1.31e-03	2.04e-02	9.04e-02	1.61e-01	6.45e-01	7.99e-02	2.72e-03
 2.49455e+22	4.41e-26	1.75e-20	6.53e-15	7.99e-11	1.16e-07	2.33e-05	1.51e-03	2.27e-02	9.71e-02	1.66e-01	6.35e-01	7.52e-02	2.45e-03
 2.53755e+22	5.48e-26	2.14e-20	7.92e-15	9.56e-11	1.36e-07	2.66e-05	1.68e-03	2.46e-02	1.02e-01	1.69e-01	6.28e-01	7.19e-02	2.26e-03
 2.57973e+22	6.70e-26	2.57e-20	9.48e-15	1.13e-10	1.57e-07	3.02e-05	1.85e-03	2.65e-02	1.07e-01	1.73e-01	6.21e-01	6.87e-02	2.10e-03
 2.63456e+22	8.62e-26	3.24e-20	1.18e-14	1.39e-10	1.90e-07	3.53e-05	2.09e-03	2.91e-02	1.14e-01	1.77e-01	6.11e-01	6.48e-02	1.90e-03
 2.68876e+22	1.10e-25	4.08e-20	1.48e-14	1.71e-10	2.29e-07	4.14e-05	2.37e-03	3.20e-02	1.21e-01	1.81e-01	6.00e-01	6.10e-02	1.71e-03
 2.72862e+22	1.32e-25	4.81e-20	1.73e-14	1.99e-10	2.61e-07	4.62e-05	2.59e-03	3.41e-02	1.26e-01	1.84e-01	5.92e-01	5.85e-02	1.59e-03
 2.76693e+22	1.54e-25	5.58e-20	2.00e-14	2.28e-10	2.95e-07	5.11e-05	2.80e-03	3.62e-02	1.31e-01	1.87e-01	5.85e-01	5.61e-02	1.49e-03
 2.81673e+22	1.89e-25	6.70e-20	2.39e-14	2.69e-10	3.44e-07	5.82e-05	3.11e-03	3.90e-02	1.38e-01	1.91e-01	5.75e-01	5.32e-02	1.36e-03
 2.87146e+22	2.34e-25	8.19e-20	2.90e-14	3.24e-10	4.06e-07	6.70e-05	3.47e-03	4.24e-02	1.45e-01	1.94e-01	5.63e-01	5.00e-02	1.23e-03
 2.92030e+22	2.81e-25	9.74e-20	3.44e-14	3.81e-10	4.70e-07	7.57e-05	3.83e-03	4.55e-02	1.52e-01	1.97e-01	5.53e-01	4.74e-02	1.12e-03
 2.96478e+22	3.31e-25	1.13e-19	3.99e-14	4.38e-10	5.34e-07	8.43e-05	4.16e-03	4.84e-02	1.58e-01	2.00e-01	5.43e-01	4.51e-02	1.03e-03
 3.01587e+22	3.94e-25	1.34e-19	4.69e-14	5.12e-10	6.15e-07	9.48e-05	4.57e-03	5.19e-02	1.65e-01	2.03e-01	5.32e-01	4.26e-02	9.44e-04
 3.08228e+22	4.91e-25	1.65e-19	5.74e-14	6.22e-10	7.34e-07	1.10e-04	5.14e-03	5.65e-02	1.74e-01	2.06e-01	5.17e-01	3.96e-02	8.38e-04
 3.15038e+22	6.10e-25	2.03e-19	7.02e-14	7.57e-10	8.79e-07	1.28e-04	5.79e-03	6.17e-02	1.84e-01	2.10e-01	5.02e-01	3.66e-02	7.38e-04
 3.20384e+22	7.21e-25	2.38e-19	8.21e-14	8.79e-10	1.01e-06	1.44e-04	6.34e-03	6.59e-02	1.91e-01	2.12e-01	4.89e-01	3.44e-02	6.70e-04
 3.25649e+22	8.40e-25	2.76e-19	9.48e-14	1.01e-09	1.15e-06	1.60e-04	6.89e-03	6.99e-02	1.98e-01	2.14e-01	4.78e-01	3.25e-02	6.10e-04
 3.32494e+22	1.02e-24	3.32e-19	1.13e-13	1.20e-09	1.35e-06	1.83e-04	7.65e-03	7.54e-02	2.07e-01	2.16e-01	4.62e-01	3.01e-02	5.41e-04
 3.39843e+22	1.24e-24	4.02e-19	1.37e-13	1.45e-09	1.60e-06	2.12e-04	8.56e-03	8.17e-02	2.17e-01	2.19e-01	4.45e-01	2.76e-02	4.72e-04
 3.46123e+22	1.45e-24	4.70e-19	1.59e-13	1.68e-09	1.84e-06	2.39e-04	9.39e-03	8.73e-02	2.26e-01	2.20e-01	4.31e-01	2.56e-02	4.20e-04
 3.52563e+22	1.70e-24	5.53e-19	1.86e-13	1.96e-09	2.11e-06	2.68e-04	1.02e-02	9.28e-02	2.34e-01	2.21e-01	4.17e-01	2.38e-02	3.76e-04
 3.60935e+22	2.06e-24	6.72e-19	2.24e-13	2.36e-09	2.51e-06	3.10e-04	1.14e-02	1.00e-01	2.44e-01	2.23e-01	3.99e-01	2.16e-02	3.25e-04
 3.68975e+22	2.46e-24	8.11e-19	2.67e-13	2.81e-09	2.96e-06	3.56e-04	1.27e-02	1.08e-01	2.54e-01	2.24e-01	3.81e-01	1.96e-02	2.80e-04
 3.74557e+22	2.79e-24	9.25e-19	3.02e-13	3.18e-09	3.31e-06	3.91e-04	1.37e-02	1.13e-01	2.61e-01	2.24e-01	3.69e-01	1.84e-02	2.53e-04
 3.79786e+22	3.11e-24	1.04e-18	3.37e-13	3.53e-09	3.65e-06	4.25e-04	1.45e-02	1.18e-01	2.67e-01	2.24e-01	3.59e-01	1.73e-02	2.32e-04
 3.86583e+22	3.58e-24	1.20e-18	3.85e-13	4.04e-09	4.14e-06	4.72e-04	1.57e-02	1.24e-01	2.74e-01	2.24e-01	3.45e-01	1.60e-02	2.06e-04
 3.95420e+22	4.25e-24	1.45e-18	4.58e-13	4.80e-09	4.85e-06	5.39e-04	1.73e-02	1.33e-01	2.83e-01	2.24e-01	3.28e-01	1.45e-02	1.77e-04
 4.04482e+22	5.10e-24	1.76e-18	5.44e-13	5.71e-09	5.71e-06	6.17e-04	1.92e-02	1.42e-01	2.93e-01	2.23e-01	3.10e-01	1.30e-02	1.50e-04
 4.11578e+22	5.90e-24	2.06e-18	6.24e-13	6.54e-09	6.47e-06	6.85e-04	2.07e-02	1.49e-01	2.99e-01	2.22e-01	2.97e-01	1.19e-02	1.33e-04
 4.18545e+22	6.75e-24	2.38e-18	7.10e-13	7.41e-09	7.26e-06	7.52e-04	2.21e-02	1.55e-01	3.05e-01	2.21e-01	2.85e-01	1.10e-02	1.19e-04
 4.27603e+22	8.06e-24	2.87e-18	8.36e-13	8.69e-09	8.40e-06	8.49e-04	2.41e-02	1.64e-01	3.12e-01	2.19e-01	2.70e-01	9.95e-03	1.02e-04
 4.37359e+22	9.76e-24	3.55e-18	9.99e-13	1.03e-08	9.86e-06	9.69e-04	2.65e-02	1.73e-01	3.20e-01	2.17e-01	2.54e-01	8.87e-03	8.63e-05
 4.45684e+22	1.16e-23	4.25e-18	1.17e-12	1.20e-08	1.13e-05	1.08e-03	2.86e-02	1.82e-01	3.26e-01	2.14e-01	2.41e-01	8.05e-03	7.50e-05
 4.53049e+22	1.34e-23	4.98e-18	1.33e-12	1.36e-08	1.26e-05	1.18e-03	3.05e-02	1.88e-01	3.30e-01	2.12e-01	2.30e-01	7.41e-03	6.66e-05
 4.61507e+22	1.59e-23	5.95e-18	1.55e-12	1.57e-08	1.43e-05	1.31e-03	3.28e-02	1.96e-01	3.35e-01	2.10e-01	2.18e-01	6.76e-03	5.83e-05
 4.72502e+22	1.98e-23	7.50e-18	1.87e-12	1.87e-08	1.68e-05	1.49e-03	3.58e-02	2.06e-01	3.40e-01	2.06e-01	2.04e-01	6.00e-03	4.91e-05
 4.84019e+22	2.52e-23	9.68e-18	2.30e-12	2.27e-08	1.99e-05	1.71e-03	3.92e-02	2.17e-01	3.46e-01	2.02e-01	1.89e-01	5.26e-03	4.08e-05
 4.93356e+22	3.10e-23	1.19e-17	2.74e-12	2.65e-08	2.28e-05	1.90e-03	4.21e-02	2.25e-01	3.49e-01	1.98e-01	1.79e-01	4.75e-03	3.52e-05
 5.02634e+22	3.74e-23	1.45e-17	3.21e-12	3.07e-08	2.58e-05	2.10e-03	4.50e-02	2.33e-01	3.52e-01	1.95e-01	1.69e-01	4.31e-03	3.07e-05
 5.14696e+22	4.83e-23	1.87e-17	3.96e-12	3.69e-08	3.03e-05	2.38e-03	4.89e-02	2.43e-01	3.55e-01	1.90e-01	1.57e-01	3.81e-03	2.58e-05
 5.27568e+22	6.40e-23	2.49e-17	4.98e-12	4.53e-08	3.60e-05	2.73e-03	5.34e-02	2.54e-01	3.57e-01	1.85e-01	1.45e-01	3.32e-03	2.13e-05
 5.38001e+22	8.11e-23	3.13e-17	6.00e-12	5.34e-08	4.14e-05	3.03e-03	5.73e-02	2.62e-01	3.59e-01	1.80e-01	1.35e-01	2.97e-03	1.82e-05
 5.46622e+22	9.75e-23	3.75e-17	6.96e-12	6.07e-08	4.61e-05	3.30e-03	6.04e-02	2.69e-01	3.59e-01	1.77e-01	1.28e-01	2.73e-03	1.62e-05
 5.56376e+22	1.20e-22	4.59e-17	8.20e-12	7.01e-08	5.19e-05	3.61e-03	6.40e-02	2.76e-01	3.60e-01	1.73e-01	1.21e-01	2.48e-03	1.42e-05
 5.69057e+22	1.57e-22	5.93e-17	1.01e-11	8.39e-08	6.02e-05	4.04e-03	6.88e-02	2.85e-01	3.60e-01	1.67e-01	1.12e-01	2.20e-03	1.20e-05
 5.82059e+22	2.11e-22	7.85e-17	1.27e-11	1.02e-07	7.05e-05	4.56e-03	7.43e-02	2.94e-01	3.59e-01	1.62e-01	1.04e-01	1.92e-03	9.99e-06
 5.92161e+22	2.65e-22	9.69e-17	1.50e-11	1.18e-07	7.94e-05	4.98e-03	7.85e-02	3.01e-01	3.58e-01	1.57e-01	9.75e-02	1.74e-03	8.73e-06
 6.01975e+22	3.25e-22	1.17e-16	1.76e-11	1.34e-07	8.83e-05	5.40e-03	8.25e-02	3.07e-01	3.57e-01	1.54e-01	9.22e-02	1.59e-03	7.71e-06
 6.14734e+22	4.24e-22	1.50e-16	2.15e-11	1.59e-07	1.01e-04	5.97e-03	8.78e-02	3.15e-01	3.56e-01	1.48e-01	8.57e-02	1.42e-03	6.60e-06
 6.28821e+22	5.74e-22	1.98e-16	2.69e-11	1.92e-07	1.18e-04	6.69e-03	9.42e-02	3.23e-01	3.53e-01	1.43e-01	7.89e-02	1.25e-03	5.52e-06
 6.41368e+22	7.56e-22	2.53e-16	3.30e-11	2.28e-07	1.35e-04	7.39e-03	9.99e-02	3.30e-01	3.50e-01	1.38e-01	7.33e-02	1.11e-03	4.73e-06
 6.52592e+22	9.47e-22	3.11e-16	3.90e-11	2.62e-07	1.50e-04	8.02e-03	1.05e-01	3.36e-01	3.48e-01	1.34e-01	6.88e-02	1.01e-03	4.14e-06
 6.65363e+22	1.22e-21	3.90e-16	4.70e-11	3.06e-07	1.70e-04	8.77e-03	1.11e-01	3.42e-01	3.45e-01	1.29e-01	6.42e-02	9.05e-04	3.58e-06
 6.81966e+22	1.69e-21	5.19e-16	5.94e-11	3.71e-07	1.97e-04	9.79e-03	1.18e-01	3.49e-01	3.40e-01	1.23e-01	5.87e-02	7.89e-04	2.98e-06
 6.99786e+22	2.43e-21	7.13e-16	7.69e-11	4.60e-07	2.33e-04	1.10e-02	1.27e-01	3.56e-01	3.35e-01	1.17e-01	5.31e-02	6.78e-04	2.43e-06
 7.14758e+22	3.26e-21	9.22e-16	9.50e-11	5.46e-07	2.67e-04	1.22e-02	1.34e-01	3.62e-01	3.30e-01	1.12e-01	4.89e-02	5.98e-04	2.05e-06
 7.29794e+22	4.28e-21	1.17e-15	1.15e-10	6.40e-07	3.01e-04	1.33e-02	1.41e-01	3.67e-01	3.25e-01	1.07e-01	4.53e-02	5.33e-04	1.76e-06
 7.49340e+22	6.05e-21	1.57e-15	1.47e-10	7.82e-07	3.51e-04	1.48e-02	1.50e-01	3.73e-01	3.19e-01	1.02e-01	4.11e-02	4.60e-04	1.45e-06
 7.70180e+22	8.89e-21	2.18e-15	1.92e-10	9.73e-07	4.15e-04	1.67e-02	1.61e-01	3.78e-01	3.11e-01	9.55e-02	3.68e-02	3.90e-04	1.16e-06
 7.87492e+22	1.22e-20	2.84e-15	2.39e-10	1.16e-06	4.74e-04	1.83e-02	1.70e-01	3.82e-01	3.05e-01	9.07e-02	3.36e-02	3.42e-04	9.78e-07
 8.04788e+22	1.61e-20	3.59e-15	2.90e-10	1.36e-06	5.34e-04	2.00e-02	1.78e-01	3.85e-01	2.99e-01	8.64e-02	3.10e-02	3.03e-04	8.34e-07
 8.27273e+22	2.29e-20	4.83e-15	3.70e-10	1.65e-06	6.20e-04	2.21e-02	1.88e-01	3.89e-01	2.91e-01	8.12e-02	2.79e-02	2.60e-04	6.82e-07
 8.51706e+22	3.43e-20	6.73e-15	4.85e-10	2.06e-06	7.30e-04	2.48e-02	2.00e-01	3.92e-01	2.82e-01	7.56e-02	2.48e-02	2.19e-04	5.44e-07
 8.72746e+22	4.76e-20	8.86e-15	6.07e-10	2.47e-06	8.37e-04	2.73e-02	2.10e-01	3.94e-01	2.74e-01	7.11e-02	2.24e-02	1.89e-04	4.49e-07
 8.94172e+22	6.42e-20	1.13e-14	7.45e-10	2.90e-06	9.46e-04	2.97e-02	2.20e-01	3.96e-01	2.67e-01	6.71e-02	2.04e-02	1.66e-04	3.78e-07
 9.22025e+22	9.39e-20	1.54e-14	9.60e-10	3.56e-06	1.10e-03	3.29e-02	2.32e-01	3.97e-01	2.57e-01	6.23e-02	1.82e-02	1.40e-04	3.03e-07
 9.49236e+22	1.39e-19	2.14e-14	1.25e-09	4.40e-06	1.29e-03	3.66e-02	2.44e-01	3.97e-01	2.47e-01	5.75e-02	1.60e-02	1.17e-04	2.40e-07
 9.68288e+22	1.81e-19	2.66e-14	1.49e-09	5.07e-06	1.43e-03	3.93e-02	2.53e-01	3.97e-01	2.40e-01	5.44e-02	1.47e-02	1.03e-04	2.05e-07
 9.85733e+22	2.20e-19	3.13e-14	1.71e-09	5.65e-06	1.55e-03	4.15e-02	2.60e-01	3.96e-01	2.35e-01	5.21e-02	1.37e-02	9.41e-05	1.82e-07
 1.00841e+23	2.92e-19	3.90e-14	2.05e-09	6.51e-06	1.72e-03	4.45e-02	2.69e-01	3.95e-01	2.28e-01	4.92e-02	1.26e-02	8.31e-05	1.55e-07
 1.03789e+23	3.83e-19	5.09e-14	2.54e-09	7.74e-06	1.95e-03	4.84e-02	2.80e-01	3.93e-01	2.19e-01	4.57e-02	1.13e-02	7.12e-05	1.27e-07
 1.06958e+23	5.51e-19	6.88e-14	3.25e-09	9.40e-06	2.24e-03	5.32e-02	2.92e-01	3.90e-01	2.10e-01	4.21e-02	9.94e-03	5.97e-05	0.00e+00
 1.09622e+23	7.39e-19	8.75e-14	3.95e-09	1.10e-05	2.51e-03	5.73e-02	3.02e-01	3.88e-01	2.02e-01	3.92e-02	8.96e-03	5.18e-05	0.00e+00
 1.12294e+23	9.61e-19	1.08e-13	4.69e-09	1.25e-05	2.77e-03	6.11e-02	3.11e-01	3.85e-01	1.95e-01	3.69e-02	8.19e-03	4.56e-05	0.00e+00
 1.15768e+23	1.36e-18	1.39e-13	5.78e-09	1.48e-05	3.12e-03	6.60e-02	3.22e-01	3.81e-01	1.87e-01	3.41e-02	7.31e-03	3.90e-05	0.00e+00
 1.19647e+23	1.99e-18	1.87e-13	7.34e-09	1.78e-05	3.56e-03	7.20e-02	3.34e-01	3.76e-01	1.77e-01	3.11e-02	6.40e-03	3.25e-05	0.00e+00
 1.23103e+23	2.73e-18	2.41e-13	9.03e-09	2.10e-05	4.00e-03	7.76e-02	3.44e-01	3.71e-01	1.69e-01	2.86e-02	5.69e-03	2.76e-05	0.00e+00
 1.26101e+23	3.64e-18	2.96e-13	1.07e-08	2.39e-05	4.40e-03	8.24e-02	3.53e-01	3.66e-01	1.62e-01	2.68e-02	5.17e-03	2.42e-05	0.00e+00
 1.29451e+23	4.72e-18	3.61e-13	1.26e-08	2.71e-05	4.81e-03	8.73e-02	3.61e-01	3.62e-01	1.56e-01	2.50e-02	4.70e-03	2.13e-05	0.00e+00
 1.33806e+23	6.79e-18	4.57e-13	1.52e-08	3.15e-05	5.34e-03	9.33e-02	3.70e-01	3.56e-01	1.48e-01	2.31e-02	4.20e-03	1.82e-05	0.00e+00
 1.39054e+23	1.01e-17	6.03e-13	1.90e-08	3.75e-05	6.04e-03	1.01e-01	3.80e-01	3.48e-01	1.40e-01	2.09e-02	3.66e-03	1.52e-05	0.00e+00
 1.44294e+23	1.45e-17	8.10e-13	2.41e-08	4.50e-05	6.87e-03	1.09e-01	3.91e-01	3.40e-01	1.31e-01	1.88e-02	3.17e-03	1.24e-05	0.00e+00
 1.48777e+23	2.00e-17	1.02e-12	2.91e-08	5.20e-05	7.60e-03	1.16e-01	3.99e-01	3.33e-01	1.24e-01	1.73e-02	2.81e-03	1.06e-05	0.00e+00
 1.53446e+23	2.56e-17	1.23e-12	3.37e-08	5.83e-05	8.24e-03	1.22e-01	4.05e-01	3.27e-01	1.19e-01	1.61e-02	2.56e-03	9.33e-06	0.00e+00
 1.59268e+23	4.08e-17	1.53e-12	4.04e-08	6.70e-05	9.06e-03	1.29e-01	4.12e-01	3.20e-01	1.12e-01	1.47e-02	2.27e-03	7.98e-06	0.00e+00
 1.65762e+23	5.92e-17	1.98e-12	4.95e-08	7.83e-05	1.01e-02	1.38e-01	4.20e-01	3.11e-01	1.05e-01	1.33e-02	1.99e-03	6.66e-06	0.00e+00
 1.72516e+23	8.56e-17	2.49e-12	5.96e-08	9.01e-05	1.11e-02	1.46e-01	4.27e-01	3.02e-01	9.93e-02	1.21e-02	1.75e-03	5.64e-06	0.00e+00
 1.79540e+23	1.17e-16	3.10e-12	7.11e-08	1.03e-04	1.22e-02	1.55e-01	4.32e-01	2.94e-01	9.35e-02	1.11e-02	1.55e-03	4.80e-06	0.00e+00
 1.86845e+23	1.56e-16	3.79e-12	8.36e-08	1.17e-04	1.33e-02	1.63e-01	4.37e-01	2.87e-01	8.84e-02	1.01e-02	1.39e-03	4.13e-06	0.00e+00
 1.94442e+23	2.19e-16	4.57e-12	9.71e-08	1.31e-04	1.44e-02	1.70e-01	4.42e-01	2.79e-01	8.38e-02	9.34e-03	1.25e-03	3.59e-06	0.00e+00
 2.02343e+23	3.05e-16	5.46e-12	1.12e-07	1.46e-04	1.54e-02	1.77e-01	4.45e-01	2.72e-01	7.95e-02	8.63e-03	1.12e-03	3.13e-06	0.00e+00
 2.10561e+23	4.16e-16	6.43e-12	1.28e-07	1.61e-04	1.65e-02	1.84e-01	4.48e-01	2.66e-01	7.56e-02	8.01e-03	1.02e-03	2.76e-06	0.00e+00
 2.19107e+23	5.58e-16	7.47e-12	1.44e-07	1.76e-04	1.76e-02	1.91e-01	4.51e-01	2.60e-01	7.22e-02	7.48e-03	9.34e-04	2.45e-06	0.00e+00
 2.27564e+23	7.61e-16	8.57e-12	1.60e-07	1.91e-04	1.86e-02	1.97e-01	4.53e-01	2.54e-01	6.92e-02	7.01e-03	8.60e-04	2.20e-06	0.00e+00
 2.35356e+23	1.04e-15	9.67e-12	1.77e-07	2.05e-04	1.95e-02	2.02e-01	4.55e-01	2.49e-01	6.66e-02	6.62e-03	8.00e-04	2.00e-06	0.00e+00
 2.42368e+23	1.25e-15	1.06e-11	1.90e-07	2.17e-04	2.02e-02	2.07e-01	4.56e-01	2.45e-01	6.46e-02	6.33e-03	7.56e-04	1.86e-06	0.00e+00
 2.48680e+23	1.42e-15	1.14e-11	2.01e-07	2.27e-04	2.08e-02	2.10e-01	4.57e-01	2.42e-01	6.30e-02	6.11e-03	7.22e-04	1.75e-06	0.00e+00
 2.54360e+23	1.61e-15	1.21e-11	2.12e-07	2.35e-04	2.14e-02	2.13e-01	4.57e-01	2.40e-01	6.17e-02	5.93e-03	6.95e-04	1.67e-06	0.00e+00
 2.59472e+23	1.80e-15	1.27e-11	2.20e-07	2.42e-04	2.18e-02	2.15e-01	4.58e-01	2.38e-01	6.07e-02	5.78e-03	6.74e-04	1.60e-06	0.00e+00
 2.64073e+23	1.99e-15	1.33e-11	2.28e-07	2.49e-04	2.22e-02	2.17e-01	4.58e-01	2.36e-01	5.98e-02	5.66e-03	6.55e-04	1.54e-06	0.00e+00
 2.68214e+23	2.16e-15	1.38e-11	2.34e-07	2.54e-04	2.25e-02	2.19e-01	4.59e-01	2.34e-01	5.91e-02	5.56e-03	6.41e-04	1.50e-06	0.00e+00
 2.71941e+23	2.32e-15	1.40e-11	2.37e-07	2.56e-04	2.26e-02	2.20e-01	4.59e-01	2.34e-01	5.87e-02	5.51e-03	6.34e-04	1.48e-06	0.00e+00
 2.75295e+23	2.51e-15	1.43e-11	2.42e-07	2.60e-04	2.28e-02	2.21e-01	4.59e-01	2.33e-01	5.83e-02	5.44e-03	6.25e-04	1.45e-06	0.00e+00
 2.78411e+23	2.83e-15	1.48e-11	2.48e-07	2.65e-04	2.31e-02	2.23e-01	4.59e-01	2.31e-01	5.76e-02	5.36e-03	6.12e-04	1.41e-06	0.00e+00
 2.81466e+23	2.87e-15	1.49e-11	2.50e-07	2.66e-04	2.32e-02	2.23e-01	4.59e-01	2.31e-01	5.74e-02	5.33e-03	6.09e-04	1.40e-06	0.00e+00
 2.84521e+23	2.94e-15	1.51e-11	2.52e-07	2.68e-04	2.33e-02	2.24e-01	4.59e-01	2.30e-01	5.72e-02	5.30e-03	6.04e-04	1.39e-06	0.00e+00
 2.87575e+23	3.03e-15	1.53e-11	2.54e-07	2.70e-04	2.34e-02	2.24e-01	4.59e-01	2.30e-01	5.70e-02	5.27e-03	6.00e-04	1.38e-06	0.00e+00
 2.90630e+23	3.11e-15	1.54e-11	2.56e-07	2.71e-04	2.35e-02	2.25e-01	4.59e-01	2.30e-01	5.68e-02	5.25e-03	5.97e-04	1.37e-06	0.00e+00
 2.93685e+23	3.19e-15	1.54e-11	2.57e-07	2.72e-04	2.35e-02	2.25e-01	4.60e-01	2.29e-01	5.67e-02	5.24e-03	5.95e-04	1.36e-06	0.00e+00
 2.96740e+23	3.28e-15	1.55e-11	2.58e-07	2.73e-04	2.36e-02	2.25e-01	4.60e-01	2.29e-01	5.66e-02	5.22e-03	5.92e-04	1.36e-06	0.00e+00
 2.99795e+23	3.40e-15	1.56e-11	2.59e-07	2.74e-04	2.36e-02	2.25e-01	4.60e-01	2.29e-01	5.65e-02	5.21e-03	5.90e-04	1.35e-06	0.00e+00
 3.02850e+23	3.49e-15	1.57e-11	2.60e-07	2.74e-04	2.37e-02	2.26e-01	4.60e-01	2.29e-01	5.64e-02	5.19e-03	5.89e-04	1.35e-06	0.00e+00
 3.04929e+23	3.63e-15	1.59e-11	2.63e-07	2.77e-04	2.38e-02	2.26e-01	4.60e-01	2.28e-01	5.60e-02	5.14e-03	5.82e-04	1.33e-06	0.00e+00
