#depth	Ne	Ne+	Ne+2	Ne+3	Ne+4	Ne+5	Ne+6	Ne+7	Ne+8	Ne+9	Ne+10
 6.17135e+19	0.00e+00	0.00e+00	0.00e+00	6.84e-27	8.38e-22	2.53e-17	3.77e-13	4.50e-09	1.25e-04	2.34e-02	9.77e-01
 1.87609e+20	0.00e+00	0.00e+00	0.00e+00	1.61e-26	1.74e-21	4.62e-17	6.00e-13	6.27e-09	1.55e-04	2.60e-02	9.74e-01
 2.93824e+20	0.00e+00	0.00e+00	5.79e-32	3.23e-26	3.15e-21	7.54e-17	8.77e-13	8.21e-09	1.84e-04	2.84e-02	9.71e-01
 3.70510e+20	0.00e+00	0.00e+00	1.01e-31	5.23e-26	4.75e-21	1.06e-16	1.14e-12	9.91e-09	2.08e-04	3.02e-02	9.70e-01
 4.23796e+20	0.00e+00	0.00e+00	1.48e-31	7.30e-26	6.31e-21	1.34e-16	1.37e-12	1.13e-08	2.26e-04	3.14e-02	9.68e-01
 4.57939e+20	0.00e+00	0.00e+00	1.87e-31	8.97e-26	7.52e-21	1.55e-16	1.53e-12	1.22e-08	2.39e-04	3.23e-02	9.68e-01
 4.93614e+20	0.00e+00	0.00e+00	2.39e-31	1.11e-25	9.02e-21	1.80e-16	1.72e-12	1.33e-08	2.52e-04	3.31e-02	9.67e-01
 5.39992e+20	0.00e+00	0.00e+00	3.28e-31	1.46e-25	1.14e-20	2.19e-16	2.00e-12	1.48e-08	2.70e-04	3.43e-02	9.65e-01
 5.91918e+20	0.00e+00	0.00e+00	4.67e-31	1.99e-25	1.48e-20	2.72e-16	2.37e-12	1.67e-08	2.92e-04	3.56e-02	9.64e-01
 6.40244e+20	0.00e+00	0.00e+00	6.44e-31	2.63e-25	1.88e-20	3.31e-16	2.77e-12	1.87e-08	3.13e-04	3.69e-02	9.63e-01
 6.85122e+20	0.00e+00	0.00e+00	8.63e-31	3.39e-25	2.34e-20	3.96e-16	3.19e-12	2.07e-08	3.34e-04	3.81e-02	9.62e-01
 7.36330e+20	0.00e+00	0.00e+00	1.20e-30	4.51e-25	2.99e-20	4.85e-16	3.73e-12	2.32e-08	3.59e-04	3.94e-02	9.60e-01
 7.93969e+20	0.00e+00	0.00e+00	1.73e-30	6.20e-25	3.93e-20	6.08e-16	4.45e-12	2.63e-08	3.89e-04	4.10e-02	9.59e-01
 8.48133e+20	0.00e+00	0.00e+00	2.42e-30	8.32e-25	5.05e-20	7.49e-16	5.24e-12	2.96e-08	4.19e-04	4.25e-02	9.57e-01
 8.98784e+20	0.00e+00	0.00e+00	3.29e-30	1.09e-24	6.35e-20	9.07e-16	6.08e-12	3.29e-08	4.49e-04	4.40e-02	9.56e-01
 9.56701e+20	0.00e+00	0.00e+00	4.65e-30	1.47e-24	8.21e-20	1.12e-15	7.18e-12	3.71e-08	4.84e-04	4.56e-02	9.54e-01
 1.01852e+21	0.00e+00	0.00e+00	6.71e-30	2.02e-24	1.08e-19	1.41e-15	8.57e-12	4.22e-08	5.25e-04	4.75e-02	9.52e-01
 1.07197e+21	0.00e+00	0.00e+00	9.14e-30	2.65e-24	1.36e-19	1.71e-15	9.96e-12	4.70e-08	5.62e-04	4.91e-02	9.50e-01
 1.12801e+21	0.00e+00	0.00e+00	1.25e-29	3.49e-24	1.72e-19	2.08e-15	1.16e-11	5.25e-08	6.03e-04	5.08e-02	9.49e-01
 1.20087e+21	0.00e+00	0.00e+00	1.88e-29	4.96e-24	2.33e-19	2.67e-15	1.41e-11	6.05e-08	6.60e-04	5.30e-02	9.46e-01
 1.27433e+21	0.00e+00	0.00e+00	2.81e-29	7.07e-24	3.15e-19	3.44e-15	1.72e-11	6.97e-08	7.21e-04	5.54e-02	9.44e-01
 1.33227e+21	0.00e+00	0.00e+00	3.83e-29	9.26e-24	3.98e-19	4.17e-15	2.00e-11	7.78e-08	7.73e-04	5.72e-02	9.42e-01
 1.39128e+21	0.00e+00	0.00e+00	5.21e-29	1.21e-23	5.00e-19	5.04e-15	2.32e-11	8.67e-08	8.27e-04	5.91e-02	9.40e-01
 1.46800e+21	0.00e+00	0.00e+00	7.73e-29	1.71e-23	6.72e-19	6.45e-15	2.82e-11	9.96e-08	9.02e-04	6.17e-02	9.37e-01
 1.54744e+21	0.00e+00	0.00e+00	1.16e-28	2.43e-23	9.11e-19	8.31e-15	3.44e-11	1.15e-07	9.87e-04	6.44e-02	9.35e-01
 1.61018e+21	0.00e+00	0.00e+00	1.58e-28	3.19e-23	1.15e-18	1.01e-14	4.01e-11	1.28e-07	1.06e-03	6.66e-02	9.32e-01
 1.67148e+21	0.00e+00	0.00e+00	2.13e-28	4.13e-23	1.44e-18	1.21e-14	4.63e-11	1.42e-07	1.13e-03	6.87e-02	9.30e-01
 1.75117e+21	0.00e+00	0.00e+00	3.11e-28	5.76e-23	1.91e-18	1.54e-14	5.58e-11	1.63e-07	1.23e-03	7.15e-02	9.27e-01
 1.83360e+21	0.00e+00	0.00e+00	4.60e-28	8.11e-23	2.56e-18	1.97e-14	6.76e-11	1.87e-07	1.34e-03	7.45e-02	9.24e-01
 1.90158e+21	0.00e+00	0.00e+00	6.29e-28	1.07e-22	3.24e-18	2.39e-14	7.88e-11	2.09e-07	1.43e-03	7.70e-02	9.22e-01
 1.97194e+21	0.00e+00	0.00e+00	8.63e-28	1.40e-22	4.11e-18	2.92e-14	9.21e-11	2.34e-07	1.54e-03	7.96e-02	9.19e-01
 2.06341e+21	0.00e+00	0.00e+00	1.30e-27	2.00e-22	5.58e-18	3.76e-14	1.12e-10	2.71e-07	1.68e-03	8.31e-02	9.15e-01
 2.15714e+21	0.00e+00	0.00e+00	1.96e-27	2.88e-22	7.61e-18	4.88e-14	1.38e-10	3.14e-07	1.84e-03	8.68e-02	9.11e-01
 2.23312e+21	0.00e+00	0.00e+00	2.71e-27	3.83e-22	9.72e-18	5.98e-14	1.62e-10	3.52e-07	1.98e-03	8.97e-02	9.08e-01
 2.29953e+21	0.00e+00	0.00e+00	3.58e-27	4.88e-22	1.20e-17	7.12e-14	1.86e-10	3.89e-07	2.10e-03	9.24e-02	9.05e-01
 2.37423e+21	0.00e+00	0.00e+00	4.89e-27	6.40e-22	1.51e-17	8.66e-14	2.16e-10	4.34e-07	2.25e-03	9.54e-02	9.02e-01
 2.47134e+21	0.00e+00	0.00e+00	7.27e-27	9.05e-22	2.04e-17	1.11e-13	2.63e-10	5.00e-07	2.46e-03	9.94e-02	8.98e-01
 2.57037e+21	0.00e+00	0.00e+00	1.09e-26	1.29e-21	2.76e-17	1.43e-13	3.21e-10	5.77e-07	2.68e-03	1.04e-01	8.94e-01
 2.65002e+21	0.00e+00	0.00e+00	1.49e-26	1.70e-21	3.50e-17	1.75e-13	3.75e-10	6.46e-07	2.87e-03	1.07e-01	8.90e-01
 2.73170e+21	0.00e+00	0.00e+00	2.04e-26	2.23e-21	4.44e-17	2.13e-13	4.39e-10	7.22e-07	3.08e-03	1.10e-01	8.86e-01
 2.83788e+21	0.00e+00	0.00e+00	3.06e-26	3.19e-21	6.03e-17	2.75e-13	5.36e-10	8.35e-07	3.36e-03	1.15e-01	8.82e-01
 2.94786e+21	0.00e+00	5.08e-32	4.65e-26	4.60e-21	8.28e-17	3.58e-13	6.60e-10	9.69e-07	3.68e-03	1.20e-01	8.76e-01
 3.03782e+21	0.00e+00	7.40e-32	6.50e-26	6.16e-21	1.06e-16	4.42e-13	7.79e-10	1.09e-06	3.95e-03	1.24e-01	8.72e-01
 3.12980e+21	0.00e+00	1.08e-31	9.06e-26	8.25e-21	1.37e-16	5.45e-13	9.19e-10	1.23e-06	4.25e-03	1.28e-01	8.67e-01
 3.23136e+21	0.00e+00	1.63e-31	1.31e-25	1.14e-20	1.81e-16	6.89e-13	1.10e-09	1.40e-06	4.60e-03	1.33e-01	8.62e-01
 3.32364e+21	0.00e+00	2.36e-31	1.82e-25	1.52e-20	2.32e-16	8.48e-13	1.30e-09	1.58e-06	4.93e-03	1.37e-01	8.58e-01
 3.40877e+21	0.00e+00	3.31e-31	2.45e-25	1.97e-20	2.91e-16	1.02e-12	1.51e-09	1.75e-06	5.26e-03	1.42e-01	8.53e-01
 3.50634e+21	0.00e+00	4.83e-31	3.44e-25	2.65e-20	3.75e-16	1.27e-12	1.78e-09	1.98e-06	5.65e-03	1.46e-01	8.48e-01
 3.63317e+21	0.00e+00	7.84e-31	5.28e-25	3.87e-20	5.19e-16	1.66e-12	2.21e-09	2.31e-06	6.19e-03	1.52e-01	8.41e-01
 3.76077e+21	0.00e+00	1.28e-30	8.18e-25	5.68e-20	7.24e-16	2.20e-12	2.75e-09	2.70e-06	6.79e-03	1.59e-01	8.34e-01
 3.86005e+21	0.00e+00	1.86e-30	1.14e-24	7.59e-20	9.30e-16	2.71e-12	3.24e-09	3.03e-06	7.27e-03	1.64e-01	8.29e-01
 3.95981e+21	0.00e+00	2.69e-30	1.58e-24	1.01e-19	1.19e-15	3.34e-12	3.81e-09	3.41e-06	7.79e-03	1.69e-01	8.23e-01
 4.08950e+21	0.00e+00	4.31e-30	2.40e-24	1.46e-19	1.64e-15	4.36e-12	4.70e-09	3.96e-06	8.50e-03	1.76e-01	8.16e-01
 4.21521e+21	0.00e+00	6.85e-30	3.62e-24	2.09e-19	2.24e-15	5.67e-12	5.78e-09	4.58e-06	9.25e-03	1.83e-01	8.08e-01
 4.30422e+21	0.00e+00	9.42e-30	4.81e-24	2.69e-19	2.78e-15	6.79e-12	6.66e-09	5.07e-06	9.81e-03	1.87e-01	8.03e-01
 4.38839e+21	0.00e+00	1.26e-29	6.24e-24	3.38e-19	3.38e-15	8.02e-12	7.58e-09	5.56e-06	1.04e-02	1.92e-01	7.98e-01
 4.49782e+21	0.00e+00	1.86e-29	8.81e-24	4.57e-19	4.40e-15	1.00e-11	9.03e-09	6.29e-06	1.11e-02	1.98e-01	7.91e-01
 4.61866e+21	0.00e+00	2.84e-29	1.29e-23	6.37e-19	5.87e-15	1.27e-11	1.09e-08	7.20e-06	1.20e-02	2.04e-01	7.84e-01
 4.71790e+21	0.00e+00	4.02e-29	1.75e-23	8.36e-19	7.43e-15	1.55e-11	1.28e-08	8.04e-06	1.28e-02	2.10e-01	7.77e-01
 4.79292e+21	0.00e+00	5.21e-29	2.20e-23	1.02e-18	8.86e-15	1.80e-11	1.43e-08	8.73e-06	1.34e-02	2.14e-01	7.72e-01
 4.87286e+21	0.00e+00	6.80e-29	2.79e-23	1.26e-18	1.06e-14	2.09e-11	1.61e-08	9.49e-06	1.40e-02	2.19e-01	7.67e-01
 4.97679e+21	0.00e+00	9.71e-29	3.84e-23	1.67e-18	1.35e-14	2.58e-11	1.90e-08	1.06e-05	1.49e-02	2.25e-01	7.60e-01
 5.08012e+21	0.00e+00	1.38e-28	5.26e-23	2.20e-18	1.72e-14	3.16e-11	2.23e-08	1.19e-05	1.59e-02	2.31e-01	7.53e-01
 5.15725e+21	0.00e+00	1.79e-28	6.60e-23	2.69e-18	2.05e-14	3.65e-11	2.50e-08	1.29e-05	1.66e-02	2.35e-01	7.48e-01
 5.23209e+21	0.00e+00	2.30e-28	8.27e-23	3.28e-18	2.44e-14	4.23e-11	2.80e-08	1.40e-05	1.74e-02	2.40e-01	7.43e-01
 5.32938e+21	0.00e+00	3.17e-28	1.10e-22	4.23e-18	3.04e-14	5.10e-11	3.24e-08	1.55e-05	1.84e-02	2.45e-01	7.36e-01
 5.43221e+21	0.00e+00	4.48e-28	1.50e-22	5.54e-18	3.85e-14	6.22e-11	3.80e-08	1.73e-05	1.95e-02	2.51e-01	7.29e-01
 5.51791e+21	0.00e+00	5.94e-28	1.93e-22	6.92e-18	4.67e-14	7.33e-11	4.32e-08	1.90e-05	2.05e-02	2.56e-01	7.23e-01
 5.60501e+21	0.00e+00	7.89e-28	2.48e-22	8.65e-18	5.68e-14	8.63e-11	4.91e-08	2.07e-05	2.15e-02	2.62e-01	7.17e-01
 5.71823e+21	0.00e+00	1.14e-27	3.45e-22	1.16e-17	7.32e-14	1.07e-10	5.82e-08	2.34e-05	2.29e-02	2.68e-01	7.09e-01
 5.82659e+21	0.00e+00	1.63e-27	4.75e-22	1.53e-17	9.36e-14	1.32e-10	6.86e-08	2.62e-05	2.43e-02	2.75e-01	7.01e-01
 5.90187e+21	0.00e+00	2.08e-27	5.89e-22	1.86e-17	1.11e-13	1.52e-10	7.66e-08	2.83e-05	2.54e-02	2.79e-01	6.95e-01
 5.97297e+21	0.00e+00	2.59e-27	7.17e-22	2.21e-17	1.29e-13	1.72e-10	8.47e-08	3.03e-05	2.63e-02	2.84e-01	6.90e-01
 6.06541e+21	0.00e+00	3.50e-27	9.40e-22	2.80e-17	1.59e-13	2.06e-10	9.75e-08	3.35e-05	2.77e-02	2.89e-01	6.83e-01
 6.16631e+21	0.00e+00	4.84e-27	1.26e-21	3.62e-17	1.99e-13	2.49e-10	1.13e-07	3.72e-05	2.92e-02	2.96e-01	6.75e-01
 6.25529e+21	0.00e+00	6.42e-27	1.62e-21	4.53e-17	2.41e-13	2.94e-10	1.29e-07	4.07e-05	3.06e-02	3.01e-01	6.68e-01
 6.33534e+21	0.00e+00	8.26e-27	2.02e-21	5.52e-17	2.87e-13	3.41e-10	1.45e-07	4.41e-05	3.19e-02	3.06e-01	6.62e-01
 6.42672e+21	0.00e+00	1.10e-26	2.61e-21	6.93e-17	3.51e-13	4.04e-10	1.66e-07	4.84e-05	3.35e-02	3.11e-01	6.55e-01
 6.52509e+21	0.00e+00	1.50e-26	3.45e-21	8.86e-17	4.35e-13	4.86e-10	1.91e-07	5.35e-05	3.52e-02	3.17e-01	6.47e-01
 6.60969e+21	0.00e+00	1.95e-26	4.36e-21	1.09e-16	5.22e-13	5.67e-10	2.16e-07	5.82e-05	3.68e-02	3.23e-01	6.40e-01
 6.68517e+21	0.00e+00	2.46e-26	5.37e-21	1.31e-16	6.13e-13	6.50e-10	2.41e-07	6.27e-05	3.82e-02	3.27e-01	6.34e-01
 6.77165e+21	0.00e+00	3.20e-26	6.80e-21	1.62e-16	7.37e-13	7.61e-10	2.73e-07	6.84e-05	3.99e-02	3.33e-01	6.28e-01
 6.88408e+21	0.00e+00	4.50e-26	9.24e-21	2.12e-16	9.36e-13	9.32e-10	3.20e-07	7.64e-05	4.22e-02	3.39e-01	6.18e-01
 6.99615e+21	0.00e+00	6.34e-26	1.26e-20	2.78e-16	1.19e-12	1.14e-09	3.76e-07	8.53e-05	4.46e-02	3.46e-01	6.09e-01
 7.08055e+21	0.00e+00	8.15e-26	1.57e-20	3.39e-16	1.42e-12	1.33e-09	4.23e-07	9.25e-05	4.64e-02	3.51e-01	6.02e-01
 7.16304e+21	3.57e-32	1.04e-25	1.95e-20	4.11e-16	1.67e-12	1.53e-09	4.74e-07	1.00e-04	4.83e-02	3.56e-01	5.95e-01
 7.27027e+21	5.05e-32	1.42e-25	2.59e-20	5.28e-16	2.09e-12	1.85e-09	5.50e-07	1.11e-04	5.08e-02	3.62e-01	5.87e-01
 7.38324e+21	7.27e-32	1.98e-25	3.48e-20	6.86e-16	2.63e-12	2.25e-09	6.42e-07	1.23e-04	5.36e-02	3.69e-01	5.77e-01
 7.47752e+21	9.79e-32	2.59e-25	4.43e-20	8.50e-16	3.18e-12	2.64e-09	7.29e-07	1.34e-04	5.60e-02	3.75e-01	5.69e-01
 7.55930e+21	1.26e-31	3.26e-25	5.44e-20	1.02e-15	3.73e-12	3.03e-09	8.13e-07	1.45e-04	5.81e-02	3.79e-01	5.62e-01
 7.65101e+21	1.67e-31	4.21e-25	6.84e-20	1.25e-15	4.46e-12	3.53e-09	9.17e-07	1.57e-04	6.06e-02	3.85e-01	5.55e-01
 7.77023e+21	2.40e-31	5.84e-25	9.18e-20	1.62e-15	5.61e-12	4.30e-09	1.07e-06	1.75e-04	6.38e-02	3.91e-01	5.45e-01
 7.89406e+21	3.49e-31	8.20e-25	1.24e-19	2.12e-15	7.12e-12	5.26e-09	1.26e-06	1.95e-04	6.74e-02	3.98e-01	5.34e-01
 7.99551e+21	4.70e-31	1.08e-24	1.59e-19	2.63e-15	8.61e-12	6.19e-09	1.43e-06	2.13e-04	7.04e-02	4.03e-01	5.26e-01
 8.09902e+21	6.31e-31	1.41e-24	2.02e-19	3.26e-15	1.04e-11	7.26e-09	1.62e-06	2.32e-04	7.35e-02	4.09e-01	5.17e-01
 8.23358e+21	9.22e-31	1.98e-24	2.75e-19	4.28e-15	1.32e-11	8.93e-09	1.91e-06	2.59e-04	7.77e-02	4.16e-01	5.06e-01
 8.36700e+21	1.34e-30	2.79e-24	3.73e-19	5.62e-15	1.68e-11	1.10e-08	2.24e-06	2.89e-04	8.21e-02	4.22e-01	4.95e-01
 8.46761e+21	1.76e-30	3.57e-24	4.66e-19	6.84e-15	2.00e-11	1.27e-08	2.52e-06	3.12e-04	8.54e-02	4.27e-01	4.87e-01
 8.56710e+21	2.29e-30	4.53e-24	5.77e-19	8.27e-15	2.36e-11	1.46e-08	2.82e-06	3.37e-04	8.87e-02	4.32e-01	4.79e-01
 8.69643e+21	3.20e-30	6.15e-24	7.59e-19	1.05e-14	2.93e-11	1.76e-08	3.26e-06	3.71e-04	9.32e-02	4.38e-01	4.69e-01
 8.83686e+21	4.59e-30	8.54e-24	1.02e-18	1.37e-14	3.69e-11	2.14e-08	3.80e-06	4.12e-04	9.82e-02	4.44e-01	4.58e-01
 8.95556e+21	6.18e-30	1.12e-23	1.30e-18	1.70e-14	4.46e-11	2.52e-08	4.32e-06	4.49e-04	1.02e-01	4.49e-01	4.48e-01
 9.05609e+21	7.88e-30	1.40e-23	1.59e-18	2.02e-14	5.21e-11	2.87e-08	4.80e-06	4.81e-04	1.06e-01	4.53e-01	4.41e-01
 9.16911e+21	1.03e-29	1.78e-23	1.97e-18	2.46e-14	6.17e-11	3.32e-08	5.38e-06	5.20e-04	1.10e-01	4.57e-01	4.32e-01
 9.31605e+21	1.44e-29	2.43e-23	2.61e-18	3.14e-14	7.68e-11	4.00e-08	6.22e-06	5.73e-04	1.16e-01	4.62e-01	4.21e-01
 9.46504e+21	2.03e-29	3.31e-23	3.45e-18	4.03e-14	9.56e-11	4.83e-08	7.21e-06	6.32e-04	1.22e-01	4.67e-01	4.10e-01
 9.58140e+21	2.63e-29	4.19e-23	4.26e-18	4.86e-14	1.13e-10	5.56e-08	8.06e-06	6.80e-04	1.26e-01	4.71e-01	4.02e-01
 9.69736e+21	3.37e-29	5.24e-23	5.21e-18	5.81e-14	1.32e-10	6.35e-08	8.95e-06	7.29e-04	1.31e-01	4.74e-01	3.94e-01
 9.84810e+21	4.61e-29	6.99e-23	6.75e-18	7.31e-14	1.62e-10	7.55e-08	1.03e-05	7.97e-04	1.37e-01	4.79e-01	3.84e-01
 1.00082e+22	6.42e-29	9.45e-23	8.87e-18	9.31e-14	2.00e-10	9.05e-08	1.18e-05	8.75e-04	1.43e-01	4.83e-01	3.73e-01
 1.01441e+22	8.43e-29	1.21e-22	1.11e-17	1.13e-13	2.38e-10	1.05e-07	1.33e-05	9.45e-04	1.49e-01	4.86e-01	3.64e-01
 1.02843e+22	1.10e-28	1.55e-22	1.38e-17	1.38e-13	2.83e-10	1.22e-07	1.49e-05	1.02e-03	1.54e-01	4.89e-01	3.55e-01
 1.04665e+22	1.55e-28	2.12e-22	1.83e-17	1.77e-13	3.53e-10	1.47e-07	1.73e-05	1.12e-03	1.62e-01	4.93e-01	3.44e-01
 1.06543e+22	2.20e-28	2.91e-22	2.44e-17	2.29e-13	4.41e-10	1.77e-07	2.00e-05	1.24e-03	1.70e-01	4.96e-01	3.33e-01
 1.08034e+22	2.87e-28	3.72e-22	3.05e-17	2.78e-13	5.24e-10	2.05e-07	2.25e-05	1.33e-03	1.76e-01	4.99e-01	3.24e-01
 1.09512e+22	3.70e-28	4.69e-22	3.75e-17	3.34e-13	6.17e-10	2.36e-07	2.50e-05	1.43e-03	1.82e-01	5.01e-01	3.16e-01
 1.11434e+22	5.12e-28	6.30e-22	4.90e-17	4.24e-13	7.59e-10	2.81e-07	2.87e-05	1.56e-03	1.90e-01	5.03e-01	3.05e-01
 1.13360e+22	7.06e-28	8.46e-22	6.40e-17	5.36e-13	9.35e-10	3.35e-07	3.30e-05	1.70e-03	1.99e-01	5.05e-01	2.95e-01
 1.14834e+22	8.97e-28	1.05e-21	7.80e-17	6.39e-13	1.09e-09	3.82e-07	3.65e-05	1.82e-03	2.05e-01	5.06e-01	2.87e-01
 1.16295e+22	1.13e-27	1.30e-21	9.40e-17	7.54e-13	1.26e-09	4.32e-07	4.02e-05	1.93e-03	2.11e-01	5.07e-01	2.80e-01
 1.18193e+22	1.50e-27	1.69e-21	1.19e-16	9.32e-13	1.52e-09	5.06e-07	4.54e-05	2.09e-03	2.19e-01	5.08e-01	2.71e-01
 1.20244e+22	2.05e-27	2.24e-21	1.54e-16	1.17e-12	1.86e-09	5.99e-07	5.18e-05	2.27e-03	2.28e-01	5.09e-01	2.61e-01
 1.22038e+22	2.67e-27	2.85e-21	1.92e-16	1.42e-12	2.20e-09	6.91e-07	5.79e-05	2.43e-03	2.36e-01	5.09e-01	2.53e-01
 1.23918e+22	3.47e-27	3.64e-21	2.39e-16	1.72e-12	2.61e-09	7.98e-07	6.47e-05	2.61e-03	2.43e-01	5.09e-01	2.45e-01
 1.26362e+22	4.87e-27	4.96e-21	3.16e-16	2.21e-12	3.24e-09	9.59e-07	7.46e-05	2.85e-03	2.54e-01	5.09e-01	2.35e-01
 1.28877e+22	6.86e-27	6.79e-21	4.21e-16	2.84e-12	4.04e-09	1.16e-06	8.63e-05	3.12e-03	2.64e-01	5.08e-01	2.25e-01
 1.30775e+22	8.83e-27	8.57e-21	5.19e-16	3.42e-12	4.76e-09	1.33e-06	9.60e-05	3.33e-03	2.72e-01	5.07e-01	2.17e-01
 1.32292e+22	1.07e-26	1.02e-20	6.08e-16	3.93e-12	5.37e-09	1.47e-06	1.04e-04	3.50e-03	2.79e-01	5.06e-01	2.12e-01
 1.34024e+22	1.33e-26	1.25e-20	7.30e-16	4.63e-12	6.20e-09	1.66e-06	1.14e-04	3.70e-03	2.86e-01	5.05e-01	2.06e-01
 1.36275e+22	1.76e-26	1.61e-20	9.19e-16	5.67e-12	7.40e-09	1.93e-06	1.28e-04	3.97e-03	2.95e-01	5.03e-01	1.98e-01
 1.38702e+22	2.36e-26	2.11e-20	1.17e-15	7.05e-12	8.96e-09	2.26e-06	1.45e-04	4.29e-03	3.05e-01	5.01e-01	1.90e-01
 1.40760e+22	3.02e-26	2.65e-20	1.44e-15	8.44e-12	1.05e-08	2.58e-06	1.60e-04	4.56e-03	3.14e-01	4.99e-01	1.83e-01
 1.42563e+22	3.72e-26	3.20e-20	1.71e-15	9.83e-12	1.20e-08	2.89e-06	1.75e-04	4.80e-03	3.21e-01	4.97e-01	1.78e-01
 1.44626e+22	4.69e-26	3.96e-20	2.07e-15	1.17e-11	1.39e-08	3.27e-06	1.92e-04	5.09e-03	3.29e-01	4.94e-01	1.71e-01
 1.47309e+22	6.30e-26	5.20e-20	2.65e-15	1.45e-11	1.68e-08	3.84e-06	2.18e-04	5.48e-03	3.40e-01	4.91e-01	1.64e-01
 1.50092e+22	8.54e-26	6.87e-20	3.42e-15	1.81e-11	2.05e-08	4.53e-06	2.47e-04	5.91e-03	3.51e-01	4.87e-01	1.56e-01
 1.52174e+22	1.07e-25	8.44e-20	4.12e-15	2.14e-11	2.37e-08	5.12e-06	2.71e-04	6.25e-03	3.59e-01	4.84e-01	1.51e-01
 1.53760e+22	1.26e-25	9.80e-20	4.71e-15	2.41e-11	2.63e-08	5.58e-06	2.89e-04	6.49e-03	3.65e-01	4.82e-01	1.47e-01
 1.55533e+22	1.50e-25	1.15e-19	5.47e-15	2.75e-11	2.94e-08	6.14e-06	3.11e-04	6.78e-03	3.71e-01	4.79e-01	1.43e-01
 1.57839e+22	1.89e-25	1.42e-19	6.60e-15	3.24e-11	3.40e-08	6.93e-06	3.41e-04	7.16e-03	3.80e-01	4.75e-01	1.38e-01
 1.60423e+22	2.44e-25	1.80e-19	8.17e-15	3.92e-11	4.01e-08	7.96e-06	3.79e-04	7.62e-03	3.89e-01	4.71e-01	1.32e-01
 1.62746e+22	3.05e-25	2.22e-19	9.86e-15	4.62e-11	4.64e-08	8.99e-06	4.16e-04	8.05e-03	3.98e-01	4.67e-01	1.27e-01
 1.64780e+22	3.69e-25	2.64e-19	1.15e-14	5.32e-11	5.24e-08	9.94e-06	4.49e-04	8.41e-03	4.05e-01	4.63e-01	1.23e-01
 1.67067e+22	4.55e-25	3.20e-19	1.37e-14	6.19e-11	5.98e-08	1.11e-05	4.88e-04	8.84e-03	4.13e-01	4.59e-01	1.18e-01
 1.70040e+22	5.93e-25	4.07e-19	1.71e-14	7.51e-11	7.07e-08	1.28e-05	5.42e-04	9.39e-03	4.23e-01	4.54e-01	1.13e-01
 1.73163e+22	7.83e-25	5.26e-19	2.16e-14	9.23e-11	8.46e-08	1.48e-05	6.08e-04	1.00e-02	4.34e-01	4.48e-01	1.07e-01
 1.75665e+22	9.73e-25	6.42e-19	2.58e-14	1.08e-10	9.70e-08	1.66e-05	6.62e-04	1.06e-02	4.42e-01	4.44e-01	1.03e-01
 1.77697e+22	1.16e-24	7.52e-19	2.98e-14	1.23e-10	1.08e-07	1.82e-05	7.11e-04	1.10e-02	4.49e-01	4.40e-01	9.98e-02
 1.79933e+22	1.39e-24	8.89e-19	3.46e-14	1.40e-10	1.21e-07	2.00e-05	7.62e-04	1.14e-02	4.56e-01	4.36e-01	9.65e-02
 1.82840e+22	1.76e-24	1.10e-18	4.21e-14	1.66e-10	1.41e-07	2.26e-05	8.36e-04	1.21e-02	4.65e-01	4.30e-01	9.23e-02
 1.85917e+22	2.25e-24	1.38e-18	5.16e-14	1.99e-10	1.65e-07	2.58e-05	9.21e-04	1.28e-02	4.74e-01	4.24e-01	8.81e-02
 1.88471e+22	2.75e-24	1.66e-18	6.09e-14	2.30e-10	1.87e-07	2.86e-05	9.95e-04	1.33e-02	4.81e-01	4.19e-01	8.48e-02
 1.91044e+22	3.34e-24	1.99e-18	7.15e-14	2.65e-10	2.11e-07	3.16e-05	1.07e-03	1.39e-02	4.89e-01	4.15e-01	8.16e-02
 1.94390e+22	4.28e-24	2.49e-18	8.77e-14	3.17e-10	2.46e-07	3.59e-05	1.18e-03	1.47e-02	4.98e-01	4.08e-01	7.76e-02
 1.97911e+22	5.55e-24	3.16e-18	1.09e-13	3.83e-10	2.90e-07	4.11e-05	1.30e-03	1.56e-02	5.08e-01	4.01e-01	7.36e-02
 2.00812e+22	6.84e-24	3.83e-18	1.29e-13	4.45e-10	3.30e-07	4.57e-05	1.41e-03	1.63e-02	5.16e-01	3.96e-01	7.06e-02
 2.03735e+22	8.37e-24	4.61e-18	1.52e-13	5.14e-10	3.73e-07	5.06e-05	1.52e-03	1.70e-02	5.23e-01	3.91e-01	6.77e-02
 2.07536e+22	1.09e-23	5.85e-18	1.89e-13	6.21e-10	4.39e-07	5.78e-05	1.68e-03	1.80e-02	5.33e-01	3.83e-01	6.41e-02
 2.11581e+22	1.43e-23	7.50e-18	2.37e-13	7.56e-10	5.20e-07	6.64e-05	1.86e-03	1.90e-02	5.43e-01	3.76e-01	6.05e-02
 2.15035e+22	1.79e-23	9.25e-18	2.85e-13	8.90e-10	5.98e-07	7.44e-05	2.02e-03	2.00e-02	5.51e-01	3.70e-01	5.76e-02
 2.18615e+22	2.25e-23	1.14e-17	3.43e-13	1.05e-09	6.87e-07	8.33e-05	2.20e-03	2.09e-02	5.59e-01	3.63e-01	5.49e-02
 2.23270e+22	2.99e-23	1.48e-17	4.34e-13	1.28e-09	8.19e-07	9.62e-05	2.44e-03	2.22e-02	5.69e-01	3.55e-01	5.14e-02
 2.27840e+22	3.97e-23	1.91e-17	5.48e-13	1.58e-09	9.77e-07	1.11e-04	2.71e-03	2.36e-02	5.79e-01	3.47e-01	4.82e-02
 2.31171e+22	4.84e-23	2.29e-17	6.46e-13	1.82e-09	1.11e-06	1.23e-04	2.92e-03	2.46e-02	5.86e-01	3.40e-01	4.60e-02
 2.34369e+22	5.82e-23	2.71e-17	7.50e-13	2.07e-09	1.23e-06	1.34e-04	3.11e-03	2.55e-02	5.92e-01	3.35e-01	4.41e-02
 2.38528e+22	7.37e-23	3.37e-17	9.12e-13	2.46e-09	1.43e-06	1.51e-04	3.39e-03	2.68e-02	6.00e-01	3.28e-01	4.17e-02
 2.43934e+22	9.87e-23	4.40e-17	1.16e-12	3.03e-09	1.71e-06	1.75e-04	3.77e-03	2.84e-02	6.10e-01	3.19e-01	3.89e-02
 2.49455e+22	1.33e-22	5.79e-17	1.49e-12	3.77e-09	2.06e-06	2.04e-04	4.21e-03	3.03e-02	6.19e-01	3.10e-01	3.61e-02
 2.53755e+22	1.67e-22	7.12e-17	1.79e-12	4.43e-09	2.37e-06	2.28e-04	4.57e-03	3.17e-02	6.27e-01	3.03e-01	3.41e-02
 2.57973e+22	2.06e-22	8.63e-17	2.13e-12	5.15e-09	2.69e-06	2.53e-04	4.93e-03	3.31e-02	6.33e-01	2.96e-01	3.23e-02
 2.63456e+22	2.67e-22	1.10e-16	2.65e-12	6.23e-09	3.17e-06	2.90e-04	5.44e-03	3.50e-02	6.42e-01	2.88e-01	3.00e-02
 2.68876e+22	3.47e-22	1.40e-16	3.30e-12	7.56e-09	3.74e-06	3.32e-04	6.00e-03	3.71e-02	6.50e-01	2.79e-01	2.79e-02
 2.72862e+22	4.18e-22	1.66e-16	3.85e-12	8.66e-09	4.21e-06	3.65e-04	6.42e-03	3.86e-02	6.55e-01	2.73e-01	2.65e-02
 2.76693e+22	4.96e-22	1.94e-16	4.44e-12	9.80e-09	4.68e-06	3.97e-04	6.84e-03	4.00e-02	6.60e-01	2.67e-01	2.53e-02
 2.81673e+22	6.12e-22	2.37e-16	5.31e-12	1.15e-08	5.36e-06	4.44e-04	7.41e-03	4.19e-02	6.66e-01	2.60e-01	2.37e-02
 2.87146e+22	7.72e-22	2.94e-16	6.46e-12	1.36e-08	6.22e-06	5.02e-04	8.11e-03	4.41e-02	6.73e-01	2.52e-01	2.21e-02
 2.92030e+22	9.43e-22	3.54e-16	7.67e-12	1.58e-08	7.09e-06	5.59e-04	8.76e-03	4.61e-02	6.79e-01	2.45e-01	2.07e-02
 2.96478e+22	1.12e-21	4.17e-16	8.91e-12	1.81e-08	7.95e-06	6.13e-04	9.37e-03	4.79e-02	6.83e-01	2.39e-01	1.96e-02
 3.01587e+22	1.36e-21	4.99e-16	1.05e-11	2.09e-08	9.00e-06	6.80e-04	1.01e-02	5.01e-02	6.88e-01	2.33e-01	1.84e-02
 3.08228e+22	1.73e-21	6.26e-16	1.29e-11	2.51e-08	1.06e-05	7.75e-04	1.11e-02	5.29e-02	6.94e-01	2.24e-01	1.69e-02
 3.15038e+22	2.20e-21	7.86e-16	1.60e-11	3.03e-08	1.25e-05	8.89e-04	1.23e-02	5.61e-02	7.00e-01	2.15e-01	1.55e-02
 3.20384e+22	2.64e-21	9.36e-16	1.88e-11	3.49e-08	1.41e-05	9.85e-04	1.32e-02	5.86e-02	7.04e-01	2.09e-01	1.45e-02
 3.25649e+22	3.12e-21	1.10e-15	2.18e-11	3.98e-08	1.58e-05	1.08e-03	1.42e-02	6.09e-02	7.08e-01	2.03e-01	1.36e-02
 3.32494e+22	3.85e-21	1.34e-15	2.63e-11	4.71e-08	1.84e-05	1.22e-03	1.55e-02	6.41e-02	7.12e-01	1.95e-01	1.25e-02
 3.39843e+22	4.77e-21	1.66e-15	3.21e-11	5.63e-08	2.15e-05	1.40e-03	1.70e-02	6.79e-02	7.16e-01	1.87e-01	1.14e-02
 3.46123e+22	5.67e-21	1.96e-15	3.78e-11	6.52e-08	2.45e-05	1.56e-03	1.84e-02	7.11e-02	7.19e-01	1.80e-01	1.05e-02
 3.52563e+22	6.76e-21	2.33e-15	4.43e-11	7.52e-08	2.78e-05	1.72e-03	1.99e-02	7.42e-02	7.21e-01	1.73e-01	9.75e-03
 3.60935e+22	8.31e-21	2.86e-15	5.40e-11	9.00e-08	3.26e-05	1.97e-03	2.19e-02	7.85e-02	7.24e-01	1.65e-01	8.83e-03
 3.68975e+22	1.00e-20	3.47e-15	6.52e-11	1.07e-07	3.81e-05	2.24e-03	2.41e-02	8.31e-02	7.26e-01	1.57e-01	7.98e-03
 3.74557e+22	1.14e-20	3.95e-15	7.40e-11	1.20e-07	4.22e-05	2.44e-03	2.56e-02	8.61e-02	7.26e-01	1.52e-01	7.46e-03
 3.79786e+22	1.28e-20	4.43e-15	8.26e-11	1.33e-07	4.62e-05	2.63e-03	2.70e-02	8.88e-02	7.27e-01	1.48e-01	7.03e-03
 3.86583e+22	1.47e-20	5.10e-15	9.50e-11	1.51e-07	5.19e-05	2.90e-03	2.89e-02	9.26e-02	7.27e-01	1.42e-01	6.49e-03
 3.95420e+22	1.74e-20	6.08e-15	1.13e-10	1.77e-07	6.00e-05	3.28e-03	3.16e-02	9.74e-02	7.27e-01	1.35e-01	5.87e-03
 4.04482e+22	2.03e-20	7.22e-15	1.35e-10	2.09e-07	6.98e-05	3.72e-03	3.46e-02	1.03e-01	7.26e-01	1.27e-01	5.26e-03
 4.11578e+22	2.30e-20	8.25e-15	1.55e-10	2.37e-07	7.82e-05	4.09e-03	3.70e-02	1.07e-01	7.25e-01	1.22e-01	4.84e-03
 4.18545e+22	2.57e-20	9.31e-15	1.75e-10	2.66e-07	8.68e-05	4.45e-03	3.93e-02	1.11e-01	7.23e-01	1.17e-01	4.49e-03
 4.27603e+22	2.94e-20	1.08e-14	2.04e-10	3.08e-07	9.91e-05	4.97e-03	4.25e-02	1.16e-01	7.21e-01	1.12e-01	4.06e-03
 4.37359e+22	3.37e-20	1.26e-14	2.41e-10	3.60e-07	1.15e-04	5.60e-03	4.62e-02	1.22e-01	7.17e-01	1.05e-01	3.64e-03
 4.45684e+22	3.78e-20	1.44e-14	2.76e-10	4.11e-07	1.29e-04	6.18e-03	4.95e-02	1.27e-01	7.14e-01	1.00e-01	3.31e-03
 4.53049e+22	4.15e-20	1.61e-14	3.10e-10	4.59e-07	1.43e-04	6.70e-03	5.23e-02	1.31e-01	7.10e-01	9.60e-02	3.06e-03
 4.61507e+22	4.60e-20	1.81e-14	3.53e-10	5.19e-07	1.59e-04	7.34e-03	5.57e-02	1.36e-01	7.06e-01	9.16e-02	2.80e-03
 4.72502e+22	5.21e-20	2.11e-14	4.15e-10	6.06e-07	1.83e-04	8.22e-03	6.02e-02	1.43e-01	7.00e-01	8.62e-02	2.50e-03
 4.84019e+22	5.89e-20	2.46e-14	4.91e-10	7.13e-07	2.13e-04	9.26e-03	6.52e-02	1.50e-01	6.93e-01	8.06e-02	2.22e-03
 4.93356e+22	6.55e-20	2.79e-14	5.64e-10	8.14e-07	2.39e-04	1.02e-02	6.95e-02	1.55e-01	6.87e-01	7.65e-02	2.01e-03
 5.02634e+22	7.20e-20	3.13e-14	6.39e-10	9.18e-07	2.67e-04	1.11e-02	7.35e-02	1.60e-01	6.81e-01	7.28e-02	1.84e-03
 5.14696e+22	8.08e-20	3.62e-14	7.50e-10	1.07e-06	3.06e-04	1.23e-02	7.89e-02	1.67e-01	6.72e-01	6.82e-02	1.64e-03
 5.27568e+22	9.11e-20	4.23e-14	8.91e-10	1.26e-06	3.54e-04	1.38e-02	8.50e-02	1.74e-01	6.62e-01	6.35e-02	1.44e-03
 5.38001e+22	1.01e-19	4.81e-14	1.03e-09	1.45e-06	3.98e-04	1.52e-02	9.01e-02	1.80e-01	6.53e-01	6.00e-02	1.30e-03
 5.46622e+22	1.10e-19	5.34e-14	1.15e-09	1.61e-06	4.37e-04	1.63e-02	9.42e-02	1.84e-01	6.47e-01	5.74e-02	1.21e-03
 5.56376e+22	1.20e-19	5.95e-14	1.29e-09	1.80e-06	4.82e-04	1.76e-02	9.89e-02	1.89e-01	6.39e-01	5.46e-02	1.11e-03
 5.69057e+22	1.34e-19	6.86e-14	1.51e-09	2.08e-06	5.47e-04	1.93e-02	1.05e-01	1.95e-01	6.28e-01	5.12e-02	9.90e-04
 5.82059e+22	1.50e-19	7.93e-14	1.77e-09	2.43e-06	6.24e-04	2.13e-02	1.12e-01	2.02e-01	6.16e-01	4.78e-02	8.78e-04
 5.92161e+22	1.65e-19	8.92e-14	2.01e-09	2.74e-06	6.90e-04	2.30e-02	1.17e-01	2.06e-01	6.07e-01	4.54e-02	8.04e-04
 6.01975e+22	1.79e-19	9.88e-14	2.25e-09	3.04e-06	7.54e-04	2.45e-02	1.21e-01	2.11e-01	5.99e-01	4.32e-02	7.40e-04
 6.14734e+22	2.00e-19	1.13e-13	2.60e-09	3.48e-06	8.45e-04	2.67e-02	1.28e-01	2.16e-01	5.88e-01	4.07e-02	6.68e-04
 6.28821e+22	2.26e-19	1.32e-13	3.07e-09	4.06e-06	9.60e-04	2.93e-02	1.35e-01	2.22e-01	5.75e-01	3.79e-02	5.94e-04
 6.41368e+22	2.53e-19	1.51e-13	3.56e-09	4.66e-06	1.07e-03	3.18e-02	1.41e-01	2.27e-01	5.63e-01	3.56e-02	5.36e-04
 6.52592e+22	2.80e-19	1.71e-13	4.03e-09	5.22e-06	1.18e-03	3.40e-02	1.47e-01	2.31e-01	5.53e-01	3.38e-02	4.91e-04
 6.65363e+22	3.11e-19	1.94e-13	4.62e-09	5.91e-06	1.31e-03	3.66e-02	1.53e-01	2.35e-01	5.42e-01	3.19e-02	4.45e-04
 6.81966e+22	3.57e-19	2.29e-13	5.49e-09	6.92e-06	1.48e-03	4.00e-02	1.61e-01	2.40e-01	5.27e-01	2.96e-02	3.94e-04
 6.99786e+22	4.17e-19	2.75e-13	6.66e-09	8.24e-06	1.71e-03	4.42e-02	1.70e-01	2.46e-01	5.11e-01	2.72e-02	3.44e-04
 7.14758e+22	4.78e-19	3.22e-13	7.81e-09	9.51e-06	1.91e-03	4.78e-02	1.77e-01	2.50e-01	4.98e-01	2.54e-02	3.08e-04
 7.29794e+22	5.42e-19	3.71e-13	9.04e-09	1.08e-05	2.12e-03	5.13e-02	1.84e-01	2.53e-01	4.85e-01	2.38e-02	2.77e-04
 7.49340e+22	6.36e-19	4.46e-13	1.09e-08	1.28e-05	2.41e-03	5.62e-02	1.93e-01	2.57e-01	4.69e-01	2.19e-02	2.43e-04
 7.70180e+22	7.63e-19	5.47e-13	1.34e-08	1.53e-05	2.78e-03	6.18e-02	2.03e-01	2.61e-01	4.51e-01	1.99e-02	2.10e-04
 7.87492e+22	8.92e-19	6.49e-13	1.59e-08	1.78e-05	3.12e-03	6.68e-02	2.10e-01	2.64e-01	4.37e-01	1.85e-02	1.87e-04
 8.04788e+22	1.03e-18	7.57e-13	1.85e-08	2.03e-05	3.45e-03	7.15e-02	2.18e-01	2.67e-01	4.24e-01	1.72e-02	1.67e-04
 8.27273e+22	1.23e-18	9.20e-13	2.23e-08	2.39e-05	3.91e-03	7.78e-02	2.27e-01	2.69e-01	4.07e-01	1.58e-02	1.46e-04
 8.51706e+22	1.52e-18	1.15e-12	2.77e-08	2.87e-05	4.50e-03	8.53e-02	2.37e-01	2.71e-01	3.88e-01	1.43e-02	1.25e-04
 8.72746e+22	1.82e-18	1.39e-12	3.32e-08	3.35e-05	5.05e-03	9.20e-02	2.45e-01	2.72e-01	3.73e-01	1.31e-02	1.10e-04
 8.94172e+22	2.15e-18	1.65e-12	3.91e-08	3.85e-05	5.61e-03	9.85e-02	2.52e-01	2.73e-01	3.59e-01	1.21e-02	9.72e-05
 9.22025e+22	2.67e-18	2.06e-12	4.81e-08	4.57e-05	6.38e-03	1.07e-01	2.61e-01	2.73e-01	3.41e-01	1.09e-02	8.34e-05
 9.49236e+22	3.36e-18	2.59e-12	5.97e-08	5.48e-05	7.29e-03	1.16e-01	2.71e-01	2.73e-01	3.23e-01	9.78e-03	7.10e-05
 9.68288e+22	3.96e-18	3.05e-12	6.92e-08	6.19e-05	7.97e-03	1.23e-01	2.77e-01	2.72e-01	3.11e-01	9.08e-03	6.36e-05
 9.85733e+22	4.50e-18	3.45e-12	7.75e-08	6.79e-05	8.53e-03	1.29e-01	2.81e-01	2.71e-01	3.02e-01	8.57e-03	5.83e-05
 1.00841e+23	5.30e-18	4.06e-12	8.98e-08	7.67e-05	9.32e-03	1.36e-01	2.87e-01	2.70e-01	2.90e-01	7.93e-03	5.20e-05
 1.03789e+23	6.52e-18	4.96e-12	1.08e-07	8.90e-05	1.04e-02	1.45e-01	2.94e-01	2.68e-01	2.75e-01	7.20e-03	4.52e-05
 1.06958e+23	8.29e-18	6.23e-12	1.32e-07	1.05e-04	1.17e-02	1.56e-01	3.01e-01	2.65e-01	2.59e-01	6.45e-03	3.85e-05
 1.09622e+23	1.01e-17	7.51e-12	1.56e-07	1.20e-04	1.29e-02	1.65e-01	3.07e-01	2.63e-01	2.46e-01	5.89e-03	3.38e-05
 1.12294e+23	1.20e-17	8.84e-12	1.80e-07	1.35e-04	1.40e-02	1.73e-01	3.12e-01	2.60e-01	2.35e-01	5.43e-03	3.00e-05
 1.15768e+23	1.50e-17	1.08e-11	2.16e-07	1.55e-04	1.55e-02	1.84e-01	3.17e-01	2.56e-01	2.22e-01	4.90e-03	2.60e-05
 1.19647e+23	1.93e-17	1.37e-11	2.64e-07	1.83e-04	1.73e-02	1.97e-01	3.23e-01	2.51e-01	2.08e-01	4.36e-03	2.20e-05
 1.23103e+23	2.42e-17	1.68e-11	3.16e-07	2.10e-04	1.91e-02	2.08e-01	3.27e-01	2.46e-01	1.95e-01	3.92e-03	1.89e-05
 1.26101e+23	2.92e-17	1.99e-11	3.65e-07	2.35e-04	2.07e-02	2.17e-01	3.31e-01	2.42e-01	1.85e-01	3.59e-03	1.67e-05
 1.29451e+23	3.50e-17	2.34e-11	4.19e-07	2.63e-04	2.23e-02	2.27e-01	3.34e-01	2.38e-01	1.76e-01	3.29e-03	1.48e-05
 1.33806e+23	4.35e-17	2.84e-11	4.95e-07	2.98e-04	2.44e-02	2.38e-01	3.37e-01	2.32e-01	1.65e-01	2.96e-03	1.28e-05
 1.39054e+23	5.65e-17	3.58e-11	6.01e-07	3.47e-04	2.70e-02	2.52e-01	3.40e-01	2.25e-01	1.53e-01	2.61e-03	1.07e-05
 1.44294e+23	7.45e-17	4.57e-11	7.37e-07	4.06e-04	3.00e-02	2.67e-01	3.42e-01	2.18e-01	1.41e-01	2.28e-03	8.91e-06
 1.48777e+23	9.32e-17	5.56e-11	8.68e-07	4.60e-04	3.26e-02	2.79e-01	3.43e-01	2.12e-01	1.31e-01	2.05e-03	7.67e-06
 1.53446e+23	1.12e-16	6.50e-11	9.89e-07	5.08e-04	3.49e-02	2.89e-01	3.44e-01	2.06e-01	1.24e-01	1.87e-03	6.78e-06
 1.59268e+23	1.39e-16	7.87e-11	1.16e-06	5.72e-04	3.78e-02	3.00e-01	3.44e-01	2.00e-01	1.16e-01	1.68e-03	5.84e-06
 1.65762e+23	1.79e-16	9.75e-11	1.38e-06	6.54e-04	4.12e-02	3.14e-01	3.43e-01	1.93e-01	1.07e-01	1.48e-03	4.91e-06
 1.72516e+23	2.26e-16	1.19e-10	1.62e-06	7.38e-04	4.47e-02	3.26e-01	3.43e-01	1.86e-01	9.90e-02	1.31e-03	4.19e-06
 1.79540e+23	2.81e-16	1.44e-10	1.89e-06	8.28e-04	4.81e-02	3.38e-01	3.41e-01	1.79e-01	9.19e-02	1.17e-03	3.59e-06
 1.86845e+23	3.45e-16	1.71e-10	2.18e-06	9.19e-04	5.15e-02	3.49e-01	3.39e-01	1.73e-01	8.56e-02	1.05e-03	3.10e-06
 1.94442e+23	4.19e-16	2.01e-10	2.48e-06	1.01e-03	5.48e-02	3.59e-01	3.37e-01	1.67e-01	8.01e-02	9.48e-04	2.71e-06
 2.02343e+23	5.04e-16	2.34e-10	2.81e-06	1.11e-03	5.81e-02	3.68e-01	3.35e-01	1.61e-01	7.50e-02	8.59e-04	2.37e-06
 2.10561e+23	5.97e-16	2.70e-10	3.15e-06	1.21e-03	6.13e-02	3.77e-01	3.33e-01	1.56e-01	7.06e-02	7.84e-04	2.10e-06
 2.19107e+23	6.98e-16	3.08e-10	3.50e-06	1.30e-03	6.44e-02	3.85e-01	3.30e-01	1.52e-01	6.67e-02	7.20e-04	1.88e-06
 2.27564e+23	8.05e-16	3.47e-10	3.85e-06	1.39e-03	6.73e-02	3.92e-01	3.28e-01	1.47e-01	6.33e-02	6.65e-04	1.69e-06
 2.35356e+23	9.14e-16	3.85e-10	4.18e-06	1.48e-03	6.99e-02	3.98e-01	3.26e-01	1.44e-01	6.04e-02	6.21e-04	1.54e-06
 2.42368e+23	1.01e-15	4.18e-10	4.46e-06	1.55e-03	7.19e-02	4.03e-01	3.24e-01	1.41e-01	5.82e-02	5.88e-04	1.44e-06
 2.48680e+23	1.09e-15	4.46e-10	4.69e-06	1.61e-03	7.36e-02	4.07e-01	3.23e-01	1.38e-01	5.65e-02	5.63e-04	1.36e-06
 2.54360e+23	1.17e-15	4.71e-10	4.90e-06	1.66e-03	7.51e-02	4.10e-01	3.21e-01	1.36e-01	5.51e-02	5.42e-04	1.29e-06
 2.59472e+23	1.23e-15	4.93e-10	5.07e-06	1.70e-03	7.62e-02	4.12e-01	3.20e-01	1.35e-01	5.40e-02	5.27e-04	1.24e-06
 2.64073e+23	1.29e-15	5.12e-10	5.23e-06	1.74e-03	7.73e-02	4.15e-01	3.19e-01	1.33e-01	5.30e-02	5.13e-04	1.20e-06
 2.68214e+23	1.34e-15	5.27e-10	5.35e-06	1.77e-03	7.81e-02	4.16e-01	3.19e-01	1.32e-01	5.23e-02	5.03e-04	1.17e-06
 2.71941e+23	1.36e-15	5.35e-10	5.41e-06	1.78e-03	7.85e-02	4.17e-01	3.18e-01	1.32e-01	5.19e-02	4.97e-04	1.15e-06
 2.75295e+23	1.40e-15	5.47e-10	5.50e-06	1.81e-03	7.91e-02	4.18e-01	3.18e-01	1.31e-01	5.14e-02	4.90e-04	1.13e-06
 2.78411e+23	1.45e-15	5.63e-10	5.63e-06	1.84e-03	7.99e-02	4.20e-01	3.17e-01	1.30e-01	5.07e-02	4.80e-04	1.10e-06
 2.81466e+23	1.46e-15	5.67e-10	5.66e-06	1.84e-03	8.01e-02	4.21e-01	3.17e-01	1.30e-01	5.05e-02	4.78e-04	1.09e-06
 2.84521e+23	1.48e-15	5.72e-10	5.70e-06	1.85e-03	8.04e-02	4.21e-01	3.16e-01	1.30e-01	5.03e-02	4.75e-04	1.08e-06
 2.87575e+23	1.50e-15	5.78e-10	5.75e-06	1.86e-03	8.06e-02	4.22e-01	3.16e-01	1.29e-01	5.01e-02	4.71e-04	1.07e-06
 2.90630e+23	1.51e-15	5.82e-10	5.78e-06	1.87e-03	8.08e-02	4.22e-01	3.16e-01	1.29e-01	4.99e-02	4.69e-04	1.07e-06
 2.93685e+23	1.52e-15	5.84e-10	5.79e-06	1.87e-03	8.09e-02	4.22e-01	3.16e-01	1.29e-01	4.98e-02	4.68e-04	1.06e-06
 2.96740e+23	1.53e-15	5.87e-10	5.81e-06	1.88e-03	8.11e-02	4.23e-01	3.16e-01	1.29e-01	4.97e-02	4.66e-04	1.06e-06
 2.99795e+23	1.54e-15	5.89e-10	5.83e-06	1.88e-03	8.12e-02	4.23e-01	3.16e-01	1.28e-01	4.96e-02	4.65e-04	1.05e-06
 3.02850e+23	1.54e-15	5.92e-10	5.85e-06	1.89e-03	8.13e-02	4.23e-01	3.16e-01	1.28e-01	4.95e-02	4.63e-04	1.05e-06
 3.04929e+23	1.57e-15	6.00e-10	5.92e-06	1.90e-03	8.17e-02	4.24e-01	3.15e-01	1.28e-01	4.91e-02	4.59e-04	1.04e-06
