#depth	N	N+	N+2	N+3	N+4	N+5	N+6	N+7
 6.17135e+19	0.00e+00	1.39e-29	7.70e-23	4.30e-17	5.42e-12	6.10e-07	1.47e-03	9.99e-01
 1.87609e+20	0.00e+00	2.56e-29	1.23e-22	6.01e-17	6.61e-12	7.20e-07	1.65e-03	9.98e-01
 2.93824e+20	0.00e+00	4.19e-29	1.81e-22	7.88e-17	7.77e-12	8.25e-07	1.80e-03	9.98e-01
 3.70510e+20	0.00e+00	5.88e-29	2.35e-22	9.51e-17	8.70e-12	9.08e-07	1.92e-03	9.98e-01
 4.23796e+20	0.00e+00	7.45e-29	2.83e-22	1.08e-16	9.41e-12	9.70e-07	2.00e-03	9.98e-01
 4.57939e+20	0.00e+00	8.62e-29	3.17e-22	1.17e-16	9.89e-12	1.01e-06	2.06e-03	9.98e-01
 4.93614e+20	0.00e+00	1.00e-28	3.56e-22	1.28e-16	1.04e-11	1.06e-06	2.12e-03	9.98e-01
 5.39992e+20	0.00e+00	1.22e-28	4.15e-22	1.43e-16	1.11e-11	1.12e-06	2.19e-03	9.98e-01
 5.91918e+20	0.00e+00	1.52e-28	4.92e-22	1.61e-16	1.20e-11	1.19e-06	2.28e-03	9.98e-01
 6.40244e+20	0.00e+00	1.86e-28	5.75e-22	1.80e-16	1.28e-11	1.26e-06	2.37e-03	9.98e-01
 6.85122e+20	0.00e+00	2.23e-28	6.64e-22	2.00e-16	1.36e-11	1.33e-06	2.45e-03	9.98e-01
 7.36330e+20	0.00e+00	2.74e-28	7.79e-22	2.24e-16	1.47e-11	1.41e-06	2.54e-03	9.97e-01
 7.93969e+20	0.00e+00	3.44e-28	9.33e-22	2.55e-16	1.59e-11	1.51e-06	2.65e-03	9.97e-01
 8.48133e+20	0.00e+00	4.26e-28	1.10e-21	2.88e-16	1.71e-11	1.61e-06	2.75e-03	9.97e-01
 8.98784e+20	0.00e+00	5.18e-28	1.29e-21	3.22e-16	1.83e-11	1.70e-06	2.85e-03	9.97e-01
 9.56701e+20	0.00e+00	6.45e-28	1.53e-21	3.65e-16	1.98e-11	1.82e-06	2.96e-03	9.97e-01
 1.01852e+21	0.00e+00	8.16e-28	1.84e-21	4.18e-16	2.16e-11	1.95e-06	3.09e-03	9.97e-01
 1.07197e+21	0.00e+00	9.95e-28	2.15e-21	4.68e-16	2.32e-11	2.07e-06	3.20e-03	9.97e-01
 1.12801e+21	0.00e+00	1.22e-27	2.52e-21	5.27e-16	2.50e-11	2.20e-06	3.32e-03	9.97e-01
 1.20087e+21	0.00e+00	1.58e-27	3.11e-21	6.13e-16	2.76e-11	2.38e-06	3.47e-03	9.97e-01
 1.27433e+21	0.00e+00	2.06e-27	3.83e-21	7.16e-16	3.04e-11	2.58e-06	3.64e-03	9.96e-01
 1.33227e+21	0.00e+00	2.53e-27	4.50e-21	8.06e-16	3.29e-11	2.74e-06	3.77e-03	9.96e-01
 1.39128e+21	0.00e+00	3.09e-27	5.28e-21	9.07e-16	3.55e-11	2.92e-06	3.90e-03	9.96e-01
 1.46800e+21	0.00e+00	4.01e-27	6.49e-21	1.06e-15	3.92e-11	3.16e-06	4.08e-03	9.96e-01
 1.54744e+21	0.00e+00	5.25e-27	8.05e-21	1.24e-15	4.35e-11	3.43e-06	4.27e-03	9.96e-01
 1.61018e+21	0.00e+00	6.46e-27	9.50e-21	1.41e-15	4.72e-11	3.66e-06	4.43e-03	9.96e-01
 1.67148e+21	0.00e+00	7.87e-27	1.11e-20	1.58e-15	5.11e-11	3.89e-06	4.58e-03	9.95e-01
 1.75117e+21	0.00e+00	1.02e-26	1.37e-20	1.84e-15	5.65e-11	4.21e-06	4.79e-03	9.95e-01
 1.83360e+21	0.00e+00	1.32e-26	1.69e-20	2.16e-15	6.28e-11	4.57e-06	5.01e-03	9.95e-01
 1.90158e+21	0.00e+00	1.64e-26	2.00e-20	2.46e-15	6.85e-11	4.88e-06	5.19e-03	9.95e-01
 1.97194e+21	0.00e+00	2.03e-26	2.38e-20	2.80e-15	7.47e-11	5.22e-06	5.38e-03	9.95e-01
 2.06341e+21	0.00e+00	2.68e-26	2.97e-20	3.31e-15	8.37e-11	5.70e-06	5.64e-03	9.94e-01
 2.15714e+21	0.00e+00	3.57e-26	3.74e-20	3.94e-15	9.41e-11	6.23e-06	5.91e-03	9.94e-01
 2.23312e+21	0.00e+00	4.47e-26	4.49e-20	4.52e-15	1.03e-10	6.68e-06	6.14e-03	9.94e-01
 2.29953e+21	0.00e+00	5.42e-26	5.25e-20	5.10e-15	1.12e-10	7.10e-06	6.34e-03	9.94e-01
 2.37423e+21	0.00e+00	6.71e-26	6.24e-20	5.81e-15	1.23e-10	7.59e-06	6.57e-03	9.93e-01
 2.47134e+21	0.00e+00	8.85e-26	7.80e-20	6.89e-15	1.38e-10	8.28e-06	6.88e-03	9.93e-01
 2.57037e+21	0.00e+00	1.17e-25	9.81e-20	8.21e-15	1.55e-10	9.04e-06	7.20e-03	9.93e-01
 2.65002e+21	0.00e+00	1.47e-25	1.17e-19	9.41e-15	1.70e-10	9.69e-06	7.47e-03	9.93e-01
 2.73170e+21	0.00e+00	1.83e-25	1.41e-19	1.08e-14	1.87e-10	1.04e-05	7.74e-03	9.92e-01
 2.83788e+21	0.00e+00	2.44e-25	1.77e-19	1.29e-14	2.12e-10	1.14e-05	8.11e-03	9.92e-01
 2.94786e+21	0.00e+00	3.28e-25	2.26e-19	1.56e-14	2.41e-10	1.25e-05	8.51e-03	9.91e-01
 3.03782e+21	0.00e+00	4.17e-25	2.74e-19	1.81e-14	2.67e-10	1.34e-05	8.85e-03	9.91e-01
 3.12980e+21	0.00e+00	5.29e-25	3.33e-19	2.10e-14	2.97e-10	1.45e-05	9.19e-03	9.91e-01
 3.23136e+21	0.00e+00	6.89e-25	4.13e-19	2.47e-14	3.33e-10	1.57e-05	9.59e-03	9.90e-01
 3.32364e+21	4.03e-32	8.73e-25	5.01e-19	2.87e-14	3.70e-10	1.69e-05	9.96e-03	9.90e-01
 3.40877e+21	5.20e-32	1.08e-24	5.98e-19	3.29e-14	4.06e-10	1.81e-05	1.03e-02	9.90e-01
 3.50634e+21	6.94e-32	1.38e-24	7.29e-19	3.84e-14	4.52e-10	1.96e-05	1.07e-02	9.89e-01
 3.63317e+21	1.00e-31	1.89e-24	9.41e-19	4.67e-14	5.20e-10	2.16e-05	1.13e-02	9.89e-01
 3.76077e+21	1.47e-31	2.60e-24	1.22e-18	5.72e-14	5.99e-10	2.38e-05	1.18e-02	9.88e-01
 3.86005e+21	1.95e-31	3.31e-24	1.49e-18	6.67e-14	6.67e-10	2.57e-05	1.23e-02	9.88e-01
 3.95981e+21	2.58e-31	4.19e-24	1.81e-18	7.75e-14	7.41e-10	2.76e-05	1.28e-02	9.87e-01
 4.08950e+21	3.72e-31	5.70e-24	2.33e-18	9.43e-14	8.51e-10	3.04e-05	1.34e-02	9.87e-01
 4.21521e+21	5.31e-31	7.72e-24	2.98e-18	1.14e-13	9.75e-10	3.34e-05	1.40e-02	9.86e-01
 4.30422e+21	6.80e-31	9.51e-24	3.54e-18	1.31e-13	1.07e-09	3.56e-05	1.45e-02	9.85e-01
 4.38839e+21	8.57e-31	1.16e-23	4.16e-18	1.48e-13	1.17e-09	3.79e-05	1.49e-02	9.85e-01
 4.49782e+21	1.15e-30	1.49e-23	5.10e-18	1.74e-13	1.31e-09	4.09e-05	1.55e-02	9.84e-01
 4.61866e+21	1.60e-30	1.97e-23	6.43e-18	2.08e-13	1.49e-09	4.46e-05	1.62e-02	9.84e-01
 4.71790e+21	2.10e-30	2.47e-23	7.76e-18	2.41e-13	1.65e-09	4.78e-05	1.68e-02	9.83e-01
 4.79292e+21	2.57e-30	2.94e-23	8.93e-18	2.69e-13	1.78e-09	5.04e-05	1.72e-02	9.83e-01
 4.87286e+21	3.17e-30	3.51e-23	1.03e-17	3.01e-13	1.94e-09	5.33e-05	1.77e-02	9.82e-01
 4.97679e+21	4.17e-30	4.43e-23	1.25e-17	3.50e-13	2.15e-09	5.72e-05	1.84e-02	9.82e-01
 5.08012e+21	5.51e-30	5.60e-23	1.52e-17	4.07e-13	2.40e-09	6.15e-05	1.90e-02	9.81e-01
 5.15725e+21	6.76e-30	6.66e-23	1.75e-17	4.55e-13	2.59e-09	6.48e-05	1.95e-02	9.80e-01
 5.23209e+21	8.20e-30	7.85e-23	2.01e-17	5.06e-13	2.79e-09	6.81e-05	2.00e-02	9.80e-01
 5.32938e+21	1.06e-29	9.73e-23	2.40e-17	5.81e-13	3.08e-09	7.27e-05	2.07e-02	9.79e-01
 5.43221e+21	1.38e-29	1.22e-22	2.90e-17	6.73e-13	3.42e-09	7.80e-05	2.14e-02	9.79e-01
 5.51791e+21	1.73e-29	1.48e-22	3.38e-17	7.61e-13	3.73e-09	8.26e-05	2.20e-02	9.78e-01
 5.60501e+21	2.16e-29	1.79e-22	3.95e-17	8.59e-13	4.07e-09	8.75e-05	2.27e-02	9.77e-01
 5.71823e+21	2.89e-29	2.29e-22	4.85e-17	1.01e-12	4.56e-09	9.43e-05	2.35e-02	9.76e-01
 5.82659e+21	3.83e-29	2.91e-22	5.91e-17	1.18e-12	5.09e-09	1.01e-04	2.44e-02	9.76e-01
 5.90187e+21	4.64e-29	3.42e-22	6.77e-17	1.31e-12	5.49e-09	1.06e-04	2.49e-02	9.75e-01
 5.97297e+21	5.55e-29	3.99e-22	7.67e-17	1.44e-12	5.88e-09	1.12e-04	2.55e-02	9.74e-01
 6.06541e+21	7.01e-29	4.86e-22	9.04e-17	1.64e-12	6.45e-09	1.18e-04	2.63e-02	9.74e-01
 6.16631e+21	9.07e-29	6.05e-22	1.08e-16	1.89e-12	7.13e-09	1.26e-04	2.71e-02	9.73e-01
 6.25529e+21	1.14e-28	7.33e-22	1.27e-16	2.14e-12	7.79e-09	1.34e-04	2.79e-02	9.72e-01
 6.33534e+21	1.39e-28	8.70e-22	1.46e-16	2.39e-12	8.42e-09	1.41e-04	2.86e-02	9.71e-01
 6.42672e+21	1.75e-28	1.06e-21	1.72e-16	2.71e-12	9.21e-09	1.50e-04	2.95e-02	9.70e-01
 6.52509e+21	2.24e-28	1.30e-21	2.05e-16	3.11e-12	1.02e-08	1.59e-04	3.04e-02	9.69e-01
 6.60969e+21	2.77e-28	1.56e-21	2.37e-16	3.50e-12	1.10e-08	1.68e-04	3.12e-02	9.69e-01
 6.68517e+21	3.33e-28	1.83e-21	2.71e-16	3.88e-12	1.19e-08	1.76e-04	3.19e-02	9.68e-01
 6.77165e+21	4.13e-28	2.20e-21	3.15e-16	4.37e-12	1.29e-08	1.86e-04	3.28e-02	9.67e-01
 6.88408e+21	5.44e-28	2.78e-21	3.82e-16	5.09e-12	1.44e-08	2.00e-04	3.39e-02	9.66e-01
 6.99615e+21	7.19e-28	3.52e-21	4.66e-16	5.94e-12	1.61e-08	2.15e-04	3.51e-02	9.65e-01
 7.08055e+21	8.84e-28	4.20e-21	5.39e-16	6.66e-12	1.74e-08	2.26e-04	3.60e-02	9.64e-01
 7.16304e+21	1.08e-27	4.97e-21	6.19e-16	7.44e-12	1.88e-08	2.38e-04	3.69e-02	9.63e-01
 7.27027e+21	1.39e-27	6.20e-21	7.43e-16	8.59e-12	2.09e-08	2.54e-04	3.82e-02	9.62e-01
 7.38324e+21	1.83e-27	7.83e-21	9.02e-16	1.00e-11	2.32e-08	2.72e-04	3.95e-02	9.60e-01
 7.47752e+21	2.30e-27	9.49e-21	1.06e-15	1.13e-11	2.54e-08	2.89e-04	4.06e-02	9.59e-01
 7.55930e+21	2.79e-27	1.12e-20	1.21e-15	1.26e-11	2.74e-08	3.03e-04	4.16e-02	9.58e-01
 7.65101e+21	3.45e-27	1.34e-20	1.41e-15	1.42e-11	2.98e-08	3.20e-04	4.27e-02	9.57e-01
 7.77023e+21	4.55e-27	1.70e-20	1.72e-15	1.66e-11	3.33e-08	3.44e-04	4.42e-02	9.55e-01
 7.89406e+21	6.07e-27	2.17e-20	2.11e-15	1.95e-11	3.74e-08	3.70e-04	4.58e-02	9.54e-01
 7.99551e+21	7.65e-27	2.65e-20	2.48e-15	2.22e-11	4.10e-08	3.93e-04	4.71e-02	9.52e-01
 8.09902e+21	9.63e-27	3.22e-20	2.92e-15	2.53e-11	4.49e-08	4.17e-04	4.85e-02	9.51e-01
 8.23358e+21	1.30e-26	4.15e-20	3.61e-15	2.99e-11	5.06e-08	4.50e-04	5.03e-02	9.49e-01
 8.36700e+21	1.74e-26	5.35e-20	4.46e-15	3.53e-11	5.70e-08	4.86e-04	5.22e-02	9.47e-01
 8.46761e+21	2.17e-26	6.44e-20	5.21e-15	3.99e-11	6.21e-08	5.14e-04	5.36e-02	9.46e-01
 8.56710e+21	2.67e-26	7.69e-20	6.04e-15	4.49e-11	6.76e-08	5.42e-04	5.50e-02	9.44e-01
 8.69643e+21	3.49e-26	9.67e-20	7.32e-15	5.23e-11	7.53e-08	5.81e-04	5.69e-02	9.42e-01
 8.83686e+21	4.67e-26	1.24e-19	9.01e-15	6.16e-11	8.47e-08	6.27e-04	5.90e-02	9.40e-01
 8.95556e+21	5.94e-26	1.52e-19	1.07e-14	7.07e-11	9.34e-08	6.68e-04	6.08e-02	9.39e-01
 9.05609e+21	7.23e-26	1.81e-19	1.23e-14	7.91e-11	1.01e-07	7.03e-04	6.24e-02	9.37e-01
 9.16911e+21	8.99e-26	2.17e-19	1.44e-14	8.95e-11	1.11e-07	7.44e-04	6.41e-02	9.35e-01
 9.31605e+21	1.19e-25	2.76e-19	1.76e-14	1.05e-10	1.24e-07	8.01e-04	6.64e-02	9.33e-01
 9.46504e+21	1.57e-25	3.51e-19	2.15e-14	1.23e-10	1.39e-07	8.62e-04	6.88e-02	9.30e-01
 9.58140e+21	1.95e-25	4.22e-19	2.51e-14	1.39e-10	1.52e-07	9.12e-04	7.06e-02	9.28e-01
 9.69736e+21	2.39e-25	5.02e-19	2.91e-14	1.56e-10	1.65e-07	9.63e-04	7.25e-02	9.27e-01
 9.84810e+21	3.10e-25	6.29e-19	3.51e-14	1.82e-10	1.84e-07	1.03e-03	7.49e-02	9.24e-01
 1.00082e+22	4.09e-25	7.97e-19	4.28e-14	2.13e-10	2.06e-07	1.11e-03	7.76e-02	9.21e-01
 1.01441e+22	5.13e-25	9.69e-19	5.05e-14	2.43e-10	2.26e-07	1.18e-03	7.98e-02	9.19e-01
 1.02843e+22	6.42e-25	1.17e-18	5.93e-14	2.77e-10	2.49e-07	1.25e-03	8.21e-02	9.17e-01
 1.04665e+22	8.57e-25	1.50e-18	7.31e-14	3.27e-10	2.80e-07	1.35e-03	8.52e-02	9.13e-01
 1.06543e+22	1.15e-24	1.94e-18	9.04e-14	3.88e-10	3.17e-07	1.46e-03	8.84e-02	9.10e-01
 1.08034e+22	1.44e-24	2.35e-18	1.06e-13	4.42e-10	3.48e-07	1.56e-03	9.10e-02	9.07e-01
 1.09512e+22	1.78e-24	2.83e-18	1.24e-13	5.01e-10	3.81e-07	1.65e-03	9.35e-02	9.05e-01
 1.11434e+22	2.35e-24	3.58e-18	1.52e-13	5.88e-10	4.28e-07	1.77e-03	9.68e-02	9.01e-01
 1.13360e+22	3.09e-24	4.53e-18	1.85e-13	6.90e-10	4.80e-07	1.91e-03	1.00e-01	8.98e-01
 1.14834e+22	3.78e-24	5.39e-18	2.14e-13	7.76e-10	5.23e-07	2.02e-03	1.03e-01	8.95e-01
 1.16295e+22	4.58e-24	6.36e-18	2.46e-13	8.68e-10	5.68e-07	2.13e-03	1.05e-01	8.92e-01
 1.18193e+22	5.86e-24	7.87e-18	2.95e-13	1.00e-09	6.31e-07	2.27e-03	1.09e-01	8.89e-01
 1.20244e+22	7.64e-24	9.89e-18	3.58e-13	1.17e-09	7.06e-07	2.44e-03	1.12e-01	8.85e-01
 1.22038e+22	9.57e-24	1.20e-17	4.22e-13	1.34e-09	7.77e-07	2.60e-03	1.16e-01	8.82e-01
 1.23918e+22	1.20e-23	1.46e-17	4.97e-13	1.53e-09	8.56e-07	2.76e-03	1.19e-01	8.78e-01
 1.26362e+22	1.60e-23	1.87e-17	6.14e-13	1.81e-09	9.69e-07	2.99e-03	1.24e-01	8.73e-01
 1.28877e+22	2.15e-23	2.42e-17	7.62e-13	2.16e-09	1.10e-06	3.24e-03	1.28e-01	8.69e-01
 1.30775e+22	2.68e-23	2.91e-17	8.92e-13	2.45e-09	1.21e-06	3.44e-03	1.32e-01	8.65e-01
 1.32292e+22	3.16e-23	3.36e-17	1.01e-12	2.70e-09	1.29e-06	3.60e-03	1.35e-01	8.62e-01
 1.34024e+22	3.81e-23	3.95e-17	1.16e-12	3.02e-09	1.41e-06	3.79e-03	1.38e-01	8.58e-01
 1.36275e+22	4.84e-23	4.86e-17	1.38e-12	3.48e-09	1.56e-06	4.05e-03	1.42e-01	8.54e-01
 1.38702e+22	6.26e-23	6.06e-17	1.66e-12	4.05e-09	1.74e-06	4.34e-03	1.47e-01	8.49e-01
 1.40760e+22	7.74e-23	7.28e-17	1.94e-12	4.59e-09	1.91e-06	4.60e-03	1.51e-01	8.45e-01
 1.42563e+22	9.27e-23	8.51e-17	2.21e-12	5.11e-09	2.06e-06	4.83e-03	1.54e-01	8.41e-01
 1.44626e+22	1.14e-22	1.01e-16	2.57e-12	5.76e-09	2.25e-06	5.11e-03	1.58e-01	8.37e-01
 1.47309e+22	1.46e-22	1.26e-16	3.09e-12	6.71e-09	2.51e-06	5.48e-03	1.63e-01	8.32e-01
 1.50092e+22	1.91e-22	1.59e-16	3.76e-12	7.85e-09	2.82e-06	5.89e-03	1.68e-01	8.26e-01
 1.52174e+22	2.33e-22	1.88e-16	4.34e-12	8.83e-09	3.07e-06	6.22e-03	1.72e-01	8.21e-01
 1.53760e+22	2.67e-22	2.12e-16	4.80e-12	9.59e-09	3.26e-06	6.46e-03	1.75e-01	8.18e-01
 1.55533e+22	3.12e-22	2.43e-16	5.38e-12	1.05e-08	3.49e-06	6.75e-03	1.79e-01	8.14e-01
 1.57839e+22	3.80e-22	2.88e-16	6.22e-12	1.18e-08	3.80e-06	7.12e-03	1.83e-01	8.10e-01
 1.60423e+22	4.77e-22	3.50e-16	7.34e-12	1.35e-08	4.19e-06	7.57e-03	1.88e-01	8.04e-01
 1.62746e+22	5.82e-22	4.16e-16	8.49e-12	1.52e-08	4.57e-06	8.00e-03	1.93e-01	7.99e-01
 1.64780e+22	6.87e-22	4.80e-16	9.59e-12	1.68e-08	4.91e-06	8.37e-03	1.97e-01	7.95e-01
 1.67067e+22	8.24e-22	5.61e-16	1.10e-11	1.87e-08	5.31e-06	8.79e-03	2.01e-01	7.90e-01
 1.70040e+22	1.04e-21	6.84e-16	1.29e-11	2.14e-08	5.87e-06	9.36e-03	2.07e-01	7.84e-01
 1.73163e+22	1.33e-21	8.49e-16	1.56e-11	2.49e-08	6.55e-06	1.00e-02	2.13e-01	7.77e-01
 1.75665e+22	1.61e-21	9.99e-16	1.79e-11	2.78e-08	7.10e-06	1.05e-02	2.18e-01	7.72e-01
 1.77697e+22	1.88e-21	1.14e-15	2.00e-11	3.06e-08	7.61e-06	1.10e-02	2.22e-01	7.67e-01
 1.79933e+22	2.20e-21	1.31e-15	2.25e-11	3.35e-08	8.14e-06	1.15e-02	2.26e-01	7.63e-01
 1.82840e+22	2.71e-21	1.57e-15	2.61e-11	3.79e-08	8.90e-06	1.22e-02	2.31e-01	7.57e-01
 1.85917e+22	3.36e-21	1.89e-15	3.07e-11	4.31e-08	9.78e-06	1.29e-02	2.37e-01	7.50e-01
 1.88471e+22	4.00e-21	2.20e-15	3.48e-11	4.78e-08	1.05e-05	1.35e-02	2.42e-01	7.45e-01
 1.91044e+22	4.75e-21	2.55e-15	3.94e-11	5.29e-08	1.14e-05	1.41e-02	2.47e-01	7.39e-01
 1.94390e+22	5.93e-21	3.08e-15	4.63e-11	6.02e-08	1.25e-05	1.50e-02	2.53e-01	7.32e-01
 1.97911e+22	7.46e-21	3.76e-15	5.48e-11	6.91e-08	1.38e-05	1.60e-02	2.59e-01	7.25e-01
 2.00812e+22	8.97e-21	4.41e-15	6.27e-11	7.70e-08	1.50e-05	1.68e-02	2.65e-01	7.19e-01
 2.03735e+22	1.07e-20	5.14e-15	7.14e-11	8.55e-08	1.61e-05	1.76e-02	2.70e-01	7.12e-01
 2.07536e+22	1.35e-20	6.28e-15	8.46e-11	9.81e-08	1.78e-05	1.87e-02	2.77e-01	7.04e-01
 2.11581e+22	1.72e-20	7.74e-15	1.01e-10	1.13e-07	1.98e-05	2.00e-02	2.84e-01	6.96e-01
 2.15035e+22	2.10e-20	9.19e-15	1.17e-10	1.27e-07	2.16e-05	2.10e-02	2.90e-01	6.89e-01
 2.18615e+22	2.57e-20	1.09e-14	1.35e-10	1.43e-07	2.35e-05	2.22e-02	2.96e-01	6.81e-01
 2.23270e+22	3.33e-20	1.37e-14	1.63e-10	1.67e-07	2.63e-05	2.38e-02	3.05e-01	6.72e-01
 2.27840e+22	4.31e-20	1.71e-14	1.97e-10	1.94e-07	2.93e-05	2.54e-02	3.13e-01	6.62e-01
 2.31171e+22	5.18e-20	2.00e-14	2.25e-10	2.17e-07	3.18e-05	2.67e-02	3.19e-01	6.55e-01
 2.34369e+22	6.08e-20	2.30e-14	2.53e-10	2.38e-07	3.40e-05	2.78e-02	3.24e-01	6.48e-01
 2.38528e+22	7.55e-20	2.77e-14	2.96e-10	2.70e-07	3.73e-05	2.94e-02	3.31e-01	6.40e-01
 2.43934e+22	9.88e-20	3.49e-14	3.61e-10	3.17e-07	4.19e-05	3.16e-02	3.40e-01	6.29e-01
 2.49455e+22	1.31e-19	4.45e-14	4.43e-10	3.74e-07	4.73e-05	3.40e-02	3.49e-01	6.17e-01
 2.53755e+22	1.61e-19	5.33e-14	5.16e-10	4.24e-07	5.17e-05	3.59e-02	3.56e-01	6.08e-01
 2.57973e+22	1.96e-19	6.32e-14	5.96e-10	4.76e-07	5.63e-05	3.77e-02	3.63e-01	6.00e-01
 2.63456e+22	2.53e-19	7.87e-14	7.18e-10	5.54e-07	6.28e-05	4.03e-02	3.71e-01	5.88e-01
 2.68876e+22	3.27e-19	9.82e-14	8.67e-10	6.46e-07	7.02e-05	4.31e-02	3.80e-01	5.77e-01
 2.72862e+22	3.91e-19	1.15e-13	9.88e-10	7.18e-07	7.58e-05	4.51e-02	3.86e-01	5.69e-01
 2.76693e+22	4.62e-19	1.32e-13	1.12e-09	7.93e-07	8.14e-05	4.71e-02	3.92e-01	5.61e-01
 2.81673e+22	5.73e-19	1.59e-13	1.31e-09	9.02e-07	8.94e-05	4.98e-02	3.99e-01	5.51e-01
 2.87146e+22	7.26e-19	1.96e-13	1.56e-09	1.04e-06	9.92e-05	5.29e-02	4.07e-01	5.40e-01
 2.92030e+22	8.92e-19	2.34e-13	1.82e-09	1.18e-06	1.09e-04	5.58e-02	4.14e-01	5.30e-01
 2.96478e+22	1.07e-18	2.74e-13	2.08e-09	1.31e-06	1.17e-04	5.84e-02	4.20e-01	5.21e-01
 3.01587e+22	1.31e-18	3.26e-13	2.41e-09	1.49e-06	1.28e-04	6.15e-02	4.27e-01	5.11e-01
 3.08228e+22	1.69e-18	4.08e-13	2.92e-09	1.74e-06	1.44e-04	6.57e-02	4.36e-01	4.98e-01
 3.15038e+22	2.21e-18	5.15e-13	3.57e-09	2.05e-06	1.62e-04	7.04e-02	4.45e-01	4.84e-01
 3.20384e+22	2.70e-18	6.14e-13	4.15e-09	2.32e-06	1.77e-04	7.41e-02	4.52e-01	4.74e-01
 3.25649e+22	3.26e-18	7.22e-13	4.77e-09	2.60e-06	1.93e-04	7.78e-02	4.58e-01	4.64e-01
 3.32494e+22	4.15e-18	8.91e-13	5.72e-09	3.02e-06	2.15e-04	8.27e-02	4.66e-01	4.51e-01
 3.39843e+22	5.38e-18	1.12e-12	6.96e-09	3.56e-06	2.42e-04	8.85e-02	4.74e-01	4.37e-01
 3.46123e+22	6.67e-18	1.35e-12	8.20e-09	4.09e-06	2.67e-04	9.36e-02	4.81e-01	4.25e-01
 3.52563e+22	8.18e-18	1.61e-12	9.56e-09	4.64e-06	2.93e-04	9.86e-02	4.87e-01	4.14e-01
 3.60935e+22	1.06e-17	2.03e-12	1.17e-08	5.48e-06	3.31e-04	1.05e-01	4.95e-01	4.00e-01
 3.68975e+22	1.37e-17	2.54e-12	1.42e-08	6.48e-06	3.73e-04	1.13e-01	5.02e-01	3.85e-01
 3.74557e+22	1.62e-17	2.95e-12	1.62e-08	7.22e-06	4.04e-04	1.18e-01	5.06e-01	3.75e-01
 3.79786e+22	1.88e-17	3.36e-12	1.81e-08	7.94e-06	4.33e-04	1.22e-01	5.10e-01	3.67e-01
 3.86583e+22	2.27e-17	3.97e-12	2.10e-08	9.00e-06	4.74e-04	1.29e-01	5.15e-01	3.56e-01
 3.95420e+22	2.88e-17	4.90e-12	2.53e-08	1.05e-05	5.31e-04	1.37e-01	5.21e-01	3.42e-01
 4.04482e+22	3.67e-17	6.08e-12	3.07e-08	1.24e-05	6.00e-04	1.46e-01	5.26e-01	3.27e-01
 4.11578e+22	4.41e-17	7.15e-12	3.54e-08	1.40e-05	6.56e-04	1.53e-01	5.30e-01	3.17e-01
 4.18545e+22	5.20e-17	8.28e-12	4.03e-08	1.57e-05	7.12e-04	1.60e-01	5.33e-01	3.07e-01
 4.27603e+22	6.40e-17	9.98e-12	4.77e-08	1.81e-05	7.91e-04	1.69e-01	5.36e-01	2.94e-01
 4.37359e+22	8.00e-17	1.22e-11	5.71e-08	2.12e-05	8.88e-04	1.79e-01	5.40e-01	2.81e-01
 4.45684e+22	9.60e-17	1.44e-11	6.62e-08	2.41e-05	9.75e-04	1.88e-01	5.42e-01	2.69e-01
 4.53049e+22	1.12e-16	1.65e-11	7.49e-08	2.68e-05	1.06e-03	1.96e-01	5.43e-01	2.60e-01
 4.61507e+22	1.32e-16	1.91e-11	8.56e-08	3.01e-05	1.15e-03	2.04e-01	5.44e-01	2.50e-01
 4.72502e+22	1.62e-16	2.30e-11	1.01e-07	3.49e-05	1.28e-03	2.16e-01	5.45e-01	2.38e-01
 4.84019e+22	2.00e-16	2.80e-11	1.21e-07	4.08e-05	1.44e-03	2.28e-01	5.45e-01	2.25e-01
 4.93356e+22	2.36e-16	3.26e-11	1.39e-07	4.61e-05	1.58e-03	2.38e-01	5.45e-01	2.15e-01
 5.02634e+22	2.75e-16	3.73e-11	1.57e-07	5.13e-05	1.71e-03	2.48e-01	5.44e-01	2.06e-01
 5.14696e+22	3.31e-16	4.43e-11	1.84e-07	5.90e-05	1.89e-03	2.61e-01	5.42e-01	1.95e-01
 5.27568e+22	4.03e-16	5.31e-11	2.18e-07	6.84e-05	2.11e-03	2.74e-01	5.40e-01	1.84e-01
 5.38001e+22	4.72e-16	6.13e-11	2.48e-07	7.68e-05	2.30e-03	2.86e-01	5.37e-01	1.75e-01
 5.46622e+22	5.32e-16	6.83e-11	2.74e-07	8.37e-05	2.46e-03	2.94e-01	5.35e-01	1.68e-01
 5.56376e+22	6.04e-16	7.68e-11	3.06e-07	9.22e-05	2.64e-03	3.04e-01	5.32e-01	1.61e-01
 5.69057e+22	7.08e-16	8.89e-11	3.50e-07	1.04e-04	2.88e-03	3.16e-01	5.28e-01	1.52e-01
 5.82059e+22	8.33e-16	1.03e-10	4.03e-07	1.18e-04	3.17e-03	3.30e-01	5.23e-01	1.44e-01
 5.92161e+22	9.44e-16	1.16e-10	4.48e-07	1.29e-04	3.39e-03	3.40e-01	5.19e-01	1.37e-01
 6.01975e+22	1.05e-15	1.28e-10	4.92e-07	1.40e-04	3.61e-03	3.49e-01	5.15e-01	1.32e-01
 6.14734e+22	1.20e-15	1.45e-10	5.53e-07	1.56e-04	3.89e-03	3.61e-01	5.10e-01	1.25e-01
 6.28821e+22	1.40e-15	1.67e-10	6.29e-07	1.74e-04	4.24e-03	3.74e-01	5.04e-01	1.18e-01
 6.41368e+22	1.60e-15	1.89e-10	7.05e-07	1.93e-04	4.57e-03	3.85e-01	4.98e-01	1.12e-01
 6.52592e+22	1.78e-15	2.09e-10	7.74e-07	2.09e-04	4.85e-03	3.95e-01	4.93e-01	1.07e-01
 6.65363e+22	2.00e-15	2.33e-10	8.57e-07	2.29e-04	5.18e-03	4.06e-01	4.87e-01	1.01e-01
 6.81966e+22	2.31e-15	2.66e-10	9.71e-07	2.55e-04	5.62e-03	4.19e-01	4.80e-01	9.51e-02
 6.99786e+22	2.70e-15	3.08e-10	1.11e-06	2.88e-04	6.15e-03	4.34e-01	4.71e-01	8.85e-02
 7.14758e+22	3.07e-15	3.47e-10	1.25e-06	3.17e-04	6.60e-03	4.46e-01	4.64e-01	8.35e-02
 7.29794e+22	3.45e-15	3.87e-10	1.38e-06	3.45e-04	7.04e-03	4.57e-01	4.57e-01	7.90e-02
 7.49340e+22	3.98e-15	4.42e-10	1.56e-06	3.85e-04	7.62e-03	4.71e-01	4.48e-01	7.37e-02
 7.70180e+22	4.64e-15	5.11e-10	1.79e-06	4.33e-04	8.32e-03	4.86e-01	4.37e-01	6.82e-02
 7.87492e+22	5.27e-15	5.75e-10	2.00e-06	4.76e-04	8.92e-03	4.97e-01	4.29e-01	6.41e-02
 8.04788e+22	5.88e-15	6.37e-10	2.20e-06	5.17e-04	9.47e-03	5.08e-01	4.21e-01	6.05e-02
 8.27273e+22	6.75e-15	7.24e-10	2.48e-06	5.73e-04	1.02e-02	5.21e-01	4.12e-01	5.63e-02
 8.51706e+22	7.86e-15	8.35e-10	2.84e-06	6.42e-04	1.11e-02	5.36e-01	4.01e-01	5.19e-02
 8.72746e+22	8.94e-15	9.42e-10	3.18e-06	7.05e-04	1.19e-02	5.48e-01	3.91e-01	4.84e-02
 8.94172e+22	1.00e-14	1.05e-09	3.51e-06	7.66e-04	1.26e-02	5.59e-01	3.83e-01	4.54e-02
 9.22025e+22	1.15e-14	1.20e-09	3.98e-06	8.50e-04	1.36e-02	5.72e-01	3.72e-01	4.19e-02
 9.49236e+22	1.34e-14	1.38e-09	4.54e-06	9.48e-04	1.48e-02	5.85e-01	3.61e-01	3.85e-02
 9.68288e+22	1.48e-14	1.51e-09	4.96e-06	1.02e-03	1.56e-02	5.94e-01	3.53e-01	3.63e-02
 9.85733e+22	1.61e-14	1.63e-09	5.31e-06	1.08e-03	1.62e-02	6.01e-01	3.47e-01	3.47e-02
 1.00841e+23	1.77e-14	1.79e-09	5.79e-06	1.16e-03	1.70e-02	6.10e-01	3.39e-01	3.27e-02
 1.03789e+23	1.99e-14	2.00e-09	6.44e-06	1.26e-03	1.82e-02	6.20e-01	3.30e-01	3.04e-02
 1.06958e+23	2.29e-14	2.28e-09	7.28e-06	1.39e-03	1.95e-02	6.32e-01	3.19e-01	2.80e-02
 1.09622e+23	2.57e-14	2.53e-09	8.04e-06	1.51e-03	2.06e-02	6.41e-01	3.11e-01	2.61e-02
 1.12294e+23	2.82e-14	2.77e-09	8.75e-06	1.61e-03	2.16e-02	6.49e-01	3.04e-01	2.46e-02
 1.15768e+23	3.17e-14	3.09e-09	9.71e-06	1.75e-03	2.30e-02	6.58e-01	2.95e-01	2.28e-02
 1.19647e+23	3.64e-14	3.52e-09	1.10e-05	1.92e-03	2.46e-02	6.68e-01	2.84e-01	2.10e-02
 1.23103e+23	4.12e-14	3.95e-09	1.22e-05	2.09e-03	2.61e-02	6.77e-01	2.75e-01	1.94e-02
 1.26101e+23	4.54e-14	4.33e-09	1.33e-05	2.24e-03	2.73e-02	6.84e-01	2.68e-01	1.82e-02
 1.29451e+23	4.99e-14	4.73e-09	1.45e-05	2.38e-03	2.86e-02	6.90e-01	2.62e-01	1.72e-02
 1.33806e+23	5.59e-14	5.26e-09	1.60e-05	2.57e-03	3.02e-02	6.98e-01	2.53e-01	1.60e-02
 1.39054e+23	6.44e-14	5.99e-09	1.80e-05	2.82e-03	3.22e-02	7.06e-01	2.44e-01	1.46e-02
 1.44294e+23	7.39e-14	6.83e-09	2.04e-05	3.09e-03	3.44e-02	7.15e-01	2.34e-01	1.33e-02
 1.48777e+23	8.30e-14	7.61e-09	2.26e-05	3.34e-03	3.63e-02	7.21e-01	2.27e-01	1.24e-02
 1.53446e+23	9.15e-14	8.33e-09	2.45e-05	3.55e-03	3.78e-02	7.26e-01	2.21e-01	1.16e-02
 1.59268e+23	1.03e-13	9.30e-09	2.72e-05	3.82e-03	3.98e-02	7.32e-01	2.14e-01	1.08e-02
 1.65762e+23	1.16e-13	1.04e-08	3.03e-05	4.15e-03	4.22e-02	7.38e-01	2.06e-01	9.93e-03
 1.72516e+23	1.32e-13	1.17e-08	3.37e-05	4.47e-03	4.44e-02	7.43e-01	1.98e-01	9.18e-03
 1.79540e+23	1.48e-13	1.30e-08	3.71e-05	4.80e-03	4.66e-02	7.48e-01	1.92e-01	8.51e-03
 1.86845e+23	1.64e-13	1.44e-08	4.07e-05	5.13e-03	4.88e-02	7.53e-01	1.86e-01	7.93e-03
 1.94442e+23	1.83e-13	1.58e-08	4.44e-05	5.46e-03	5.09e-02	7.56e-01	1.80e-01	7.42e-03
 2.02343e+23	2.01e-13	1.73e-08	4.82e-05	5.78e-03	5.30e-02	7.60e-01	1.75e-01	6.96e-03
 2.10561e+23	2.21e-13	1.89e-08	5.21e-05	6.11e-03	5.49e-02	7.63e-01	1.70e-01	6.56e-03
 2.19107e+23	2.41e-13	2.04e-08	5.59e-05	6.41e-03	5.68e-02	7.65e-01	1.65e-01	6.21e-03
 2.27564e+23	2.60e-13	2.19e-08	5.97e-05	6.71e-03	5.86e-02	7.67e-01	1.61e-01	5.90e-03
 2.35356e+23	2.78e-13	2.33e-08	6.31e-05	6.98e-03	6.01e-02	7.69e-01	1.58e-01	5.64e-03
 2.42368e+23	2.96e-13	2.46e-08	6.61e-05	7.21e-03	6.14e-02	7.70e-01	1.55e-01	5.45e-03
 2.48680e+23	3.10e-13	2.57e-08	6.86e-05	7.39e-03	6.24e-02	7.71e-01	1.53e-01	5.30e-03
 2.54360e+23	3.22e-13	2.66e-08	7.07e-05	7.54e-03	6.33e-02	7.72e-01	1.52e-01	5.18e-03
 2.59472e+23	3.36e-13	2.76e-08	7.28e-05	7.68e-03	6.39e-02	7.73e-01	1.50e-01	5.08e-03
 2.64073e+23	3.45e-13	2.83e-08	7.44e-05	7.79e-03	6.46e-02	7.73e-01	1.49e-01	5.00e-03
 2.68214e+23	3.53e-13	2.88e-08	7.57e-05	7.88e-03	6.50e-02	7.74e-01	1.48e-01	4.94e-03
 2.71941e+23	3.58e-13	2.92e-08	7.64e-05	7.93e-03	6.53e-02	7.74e-01	1.48e-01	4.90e-03
 2.75295e+23	3.64e-13	2.96e-08	7.73e-05	8.00e-03	6.56e-02	7.74e-01	1.47e-01	4.86e-03
 2.78411e+23	3.68e-13	3.00e-08	7.84e-05	8.08e-03	6.61e-02	7.75e-01	1.46e-01	4.79e-03
 2.81466e+23	3.72e-13	3.02e-08	7.88e-05	8.10e-03	6.63e-02	7.75e-01	1.46e-01	4.78e-03
 2.84521e+23	3.74e-13	3.04e-08	7.92e-05	8.13e-03	6.64e-02	7.75e-01	1.46e-01	4.76e-03
 2.87575e+23	3.76e-13	3.06e-08	7.96e-05	8.16e-03	6.66e-02	7.75e-01	1.45e-01	4.74e-03
 2.90630e+23	3.78e-13	3.07e-08	7.99e-05	8.18e-03	6.67e-02	7.75e-01	1.45e-01	4.72e-03
 2.93685e+23	3.80e-13	3.09e-08	8.01e-05	8.20e-03	6.68e-02	7.75e-01	1.45e-01	4.71e-03
 2.96740e+23	3.81e-13	3.09e-08	8.03e-05	8.21e-03	6.69e-02	7.75e-01	1.45e-01	4.70e-03
 2.99795e+23	3.82e-13	3.10e-08	8.05e-05	8.22e-03	6.70e-02	7.76e-01	1.44e-01	4.69e-03
 3.02850e+23	3.83e-13	3.11e-08	8.07e-05	8.23e-03	6.71e-02	7.76e-01	1.44e-01	4.68e-03
 3.04929e+23	3.91e-13	3.16e-08	8.16e-05	8.29e-03	6.73e-02	7.76e-01	1.44e-01	4.65e-03
