#depth	Ar	Ar+	Ar+2	Ar+3	Ar+4	Ar+5	Ar+6	Ar+7	Ar+8	Ar+9	Ar+10	Ar+11	Ar+12	Ar+13	Ar+14	Ar+15	Ar+16	Ar+17	Ar+18
 6.17135e+19	0.00e+00	0.00e+00	0.00e+00	0.00e+00	0.00e+00	0.00e+00	1.52e-26	2.24e-22	3.30e-18	5.18e-15	2.61e-12	5.45e-10	6.67e-08	3.83e-06	1.34e-04	3.99e-03	1.71e-01	4.51e-01	3.74e-01
 1.87609e+20	0.00e+00	0.00e+00	0.00e+00	0.00e+00	0.00e+00	3.56e-30	4.51e-26	5.79e-22	7.93e-18	1.16e-14	5.43e-12	1.04e-09	1.18e-07	6.14e-06	1.92e-04	5.08e-03	1.94e-01	4.59e-01	3.41e-01
 2.93824e+20	0.00e+00	0.00e+00	0.00e+00	0.00e+00	0.00e+00	9.90e-30	1.10e-25	1.24e-21	1.60e-17	2.22e-14	9.77e-12	1.76e-09	1.86e-07	8.96e-06	2.55e-04	6.14e-03	2.14e-01	4.64e-01	3.16e-01
 3.70510e+20	0.00e+00	0.00e+00	0.00e+00	0.00e+00	0.00e+00	1.99e-29	2.03e-25	2.09e-21	2.60e-17	3.47e-14	1.46e-11	2.52e-09	2.54e-07	1.16e-05	3.09e-04	6.99e-03	2.29e-01	4.66e-01	2.98e-01
 4.23796e+20	0.00e+00	0.00e+00	0.00e+00	0.00e+00	0.00e+00	3.24e-29	3.10e-25	3.00e-21	3.64e-17	4.72e-14	1.93e-11	3.22e-09	3.15e-07	1.38e-05	3.52e-04	7.63e-03	2.39e-01	4.66e-01	2.86e-01
 4.57939e+20	0.00e+00	0.00e+00	0.00e+00	0.00e+00	0.00e+00	4.37e-29	4.02e-25	3.73e-21	4.47e-17	5.70e-14	2.30e-11	3.75e-09	3.60e-07	1.54e-05	3.82e-04	8.05e-03	2.46e-01	4.67e-01	2.79e-01
 4.93614e+20	0.00e+00	0.00e+00	0.00e+00	0.00e+00	0.00e+00	5.87e-29	5.21e-25	4.68e-21	5.54e-17	6.95e-14	2.75e-11	4.39e-09	4.13e-07	1.73e-05	4.16e-04	8.51e-03	2.53e-01	4.67e-01	2.72e-01
 5.39992e+20	0.00e+00	0.00e+00	0.00e+00	0.00e+00	0.00e+00	8.60e-29	7.30e-25	6.27e-21	7.31e-17	8.95e-14	3.46e-11	5.38e-09	4.92e-07	2.00e-05	4.63e-04	9.13e-03	2.62e-01	4.67e-01	2.62e-01
 5.91918e+20	0.00e+00	0.00e+00	0.00e+00	0.00e+00	0.00e+00	1.32e-28	1.07e-24	8.70e-21	9.94e-17	1.19e-13	4.46e-11	6.74e-09	5.99e-07	2.34e-05	5.21e-04	9.87e-03	2.72e-01	4.66e-01	2.52e-01
 6.40244e+20	0.00e+00	0.00e+00	0.00e+00	0.00e+00	0.00e+00	1.97e-28	1.51e-24	1.17e-20	1.32e-16	1.53e-13	5.64e-11	8.28e-09	7.16e-07	2.71e-05	5.81e-04	1.06e-02	2.81e-01	4.65e-01	2.43e-01
 6.85122e+20	0.00e+00	0.00e+00	0.00e+00	0.00e+00	0.00e+00	2.82e-28	2.07e-24	1.54e-20	1.70e-16	1.94e-13	6.97e-11	9.99e-09	8.42e-07	3.10e-05	6.41e-04	1.13e-02	2.90e-01	4.64e-01	2.34e-01
 7.36330e+20	0.00e+00	0.00e+00	0.00e+00	0.00e+00	0.00e+00	4.18e-28	2.92e-24	2.08e-20	2.26e-16	2.52e-13	8.83e-11	1.23e-08	1.01e-06	3.59e-05	7.15e-04	1.21e-02	2.99e-01	4.62e-01	2.25e-01
 7.93969e+20	0.00e+00	0.00e+00	0.00e+00	0.00e+00	0.00e+00	6.54e-28	4.34e-24	2.92e-20	3.11e-16	3.38e-13	1.15e-10	1.56e-08	1.24e-06	4.24e-05	8.07e-04	1.31e-02	3.10e-01	4.60e-01	2.15e-01
 8.48133e+20	0.00e+00	0.00e+00	0.00e+00	0.00e+00	0.00e+00	9.91e-28	6.25e-24	3.99e-20	4.18e-16	4.43e-13	1.47e-10	1.93e-08	1.49e-06	4.93e-05	9.02e-04	1.41e-02	3.21e-01	4.58e-01	2.06e-01
 8.98784e+20	0.00e+00	0.00e+00	0.00e+00	0.00e+00	0.00e+00	1.45e-27	8.70e-24	5.31e-20	5.47e-16	5.66e-13	1.84e-10	2.35e-08	1.76e-06	5.66e-05	9.97e-04	1.50e-02	3.30e-01	4.55e-01	1.98e-01
 9.56701e+20	0.00e+00	0.00e+00	0.00e+00	0.00e+00	0.00e+00	2.19e-27	1.26e-23	7.30e-20	7.41e-16	7.46e-13	2.36e-10	2.92e-08	2.13e-06	6.59e-05	1.12e-03	1.61e-02	3.41e-01	4.52e-01	1.90e-01
 1.01852e+21	0.00e+00	0.00e+00	0.00e+00	0.00e+00	0.00e+00	3.45e-27	1.87e-23	1.03e-19	1.02e-15	1.00e-12	3.07e-10	3.69e-08	2.60e-06	7.76e-05	1.26e-03	1.73e-02	3.52e-01	4.48e-01	1.81e-01
 1.07197e+21	0.00e+00	0.00e+00	0.00e+00	0.00e+00	0.00e+00	5.06e-27	2.62e-23	1.37e-19	1.34e-15	1.28e-12	3.85e-10	4.49e-08	3.08e-06	8.89e-05	1.39e-03	1.84e-02	3.62e-01	4.45e-01	1.73e-01
 1.12801e+21	0.00e+00	0.00e+00	0.00e+00	0.00e+00	0.00e+00	7.42e-27	3.66e-23	1.83e-19	1.77e-15	1.65e-12	4.83e-10	5.48e-08	3.66e-06	1.02e-04	1.53e-03	1.96e-02	3.72e-01	4.41e-01	1.66e-01
 1.20087e+21	0.00e+00	0.00e+00	0.00e+00	0.00e+00	0.00e+00	1.21e-26	5.64e-23	2.67e-19	2.53e-15	2.28e-12	6.47e-10	7.07e-08	4.55e-06	1.22e-04	1.74e-03	2.13e-02	3.84e-01	4.36e-01	1.57e-01
 1.27433e+21	0.00e+00	0.00e+00	0.00e+00	0.00e+00	1.81e-30	2.01e-26	8.80e-23	3.91e-19	3.62e-15	3.16e-12	8.67e-10	9.14e-08	5.67e-06	1.45e-04	1.98e-03	2.30e-02	3.97e-01	4.30e-01	1.48e-01
 1.33227e+21	0.00e+00	0.00e+00	0.00e+00	0.00e+00	2.80e-30	2.96e-26	1.24e-22	5.22e-19	4.75e-15	4.05e-12	1.08e-09	1.11e-07	6.70e-06	1.66e-04	2.18e-03	2.44e-02	4.07e-01	4.25e-01	1.41e-01
 1.39128e+21	0.00e+00	0.00e+00	0.00e+00	0.00e+00	4.25e-30	4.30e-26	1.72e-22	6.94e-19	6.24e-15	5.18e-12	1.35e-09	1.35e-07	7.90e-06	1.89e-04	2.40e-03	2.59e-02	4.16e-01	4.21e-01	1.35e-01
 1.46800e+21	0.00e+00	0.00e+00	0.00e+00	0.00e+00	7.25e-30	6.96e-26	2.62e-22	1.00e-18	8.85e-15	7.10e-12	1.80e-09	1.73e-07	9.76e-06	2.24e-04	2.71e-03	2.78e-02	4.28e-01	4.14e-01	1.27e-01
 1.54744e+21	0.00e+00	0.00e+00	0.00e+00	0.00e+00	1.27e-29	1.16e-25	4.10e-22	1.47e-18	1.27e-14	9.83e-12	2.41e-09	2.23e-07	1.21e-05	2.67e-04	3.07e-03	3.00e-02	4.41e-01	4.07e-01	1.19e-01
 1.61018e+21	0.00e+00	0.00e+00	0.00e+00	0.00e+00	1.98e-29	1.71e-25	5.79e-22	1.98e-18	1.67e-14	1.26e-11	3.01e-09	2.71e-07	1.43e-05	3.05e-04	3.38e-03	3.18e-02	4.50e-01	4.01e-01	1.14e-01
 1.67148e+21	0.00e+00	0.00e+00	0.00e+00	0.00e+00	2.97e-29	2.46e-25	7.95e-22	2.60e-18	2.17e-14	1.60e-11	3.72e-09	3.25e-07	1.67e-05	3.45e-04	3.69e-03	3.35e-02	4.59e-01	3.95e-01	1.08e-01
 1.75117e+21	0.00e+00	0.00e+00	0.00e+00	0.00e+00	4.97e-29	3.91e-25	1.20e-21	3.71e-18	3.05e-14	2.17e-11	4.89e-09	4.12e-07	2.05e-05	4.04e-04	4.13e-03	3.58e-02	4.70e-01	3.88e-01	1.02e-01
 1.83360e+21	0.00e+00	0.00e+00	0.00e+00	0.00e+00	8.59e-29	6.39e-25	1.85e-21	5.38e-18	4.31e-14	2.96e-11	6.48e-09	5.26e-07	2.52e-05	4.76e-04	4.64e-03	3.84e-02	4.81e-01	3.80e-01	9.55e-02
 1.90158e+21	0.00e+00	0.00e+00	0.00e+00	0.00e+00	1.34e-28	9.49e-25	2.61e-21	7.24e-18	5.70e-14	3.81e-11	8.11e-09	6.39e-07	2.96e-05	5.43e-04	5.09e-03	4.05e-02	4.90e-01	3.73e-01	9.06e-02
 1.97194e+21	0.00e+00	0.00e+00	0.00e+00	0.00e+00	2.06e-28	1.40e-24	3.67e-21	9.72e-18	7.55e-14	4.90e-11	1.02e-08	7.77e-07	3.49e-05	6.18e-04	5.58e-03	4.27e-02	4.99e-01	3.67e-01	8.58e-02
 2.06341e+21	0.00e+00	0.00e+00	0.00e+00	0.00e+00	3.57e-28	2.30e-24	5.69e-21	1.42e-17	1.08e-13	6.78e-11	1.36e-08	9.99e-07	4.32e-05	7.30e-04	6.28e-03	4.57e-02	5.09e-01	3.58e-01	8.00e-02
 2.15714e+21	0.00e+00	0.00e+00	0.00e+00	0.00e+00	6.37e-28	3.86e-24	9.00e-21	2.11e-17	1.57e-13	9.44e-11	1.83e-08	1.29e-06	5.36e-05	8.65e-04	7.08e-03	4.89e-02	5.20e-01	3.49e-01	7.44e-02
 2.23312e+21	0.00e+00	0.00e+00	0.00e+00	0.00e+00	1.01e-27	5.82e-24	1.29e-20	2.87e-17	2.09e-13	1.22e-10	2.31e-08	1.58e-06	6.35e-05	9.88e-04	7.76e-03	5.16e-02	5.28e-01	3.41e-01	7.02e-02
 2.29953e+21	0.00e+00	0.00e+00	0.00e+00	0.00e+00	1.49e-27	8.22e-24	1.74e-20	3.72e-17	2.68e-13	1.53e-10	2.82e-08	1.87e-06	7.33e-05	1.11e-03	8.40e-03	5.39e-02	5.35e-01	3.35e-01	6.67e-02
 2.37423e+21	0.00e+00	0.00e+00	0.00e+00	0.00e+00	2.26e-27	1.20e-23	2.43e-20	4.97e-17	3.52e-13	1.96e-10	3.50e-08	2.26e-06	8.58e-05	1.25e-03	9.16e-03	5.66e-02	5.42e-01	3.28e-01	6.31e-02
 2.47134e+21	0.00e+00	0.00e+00	0.00e+00	0.00e+00	3.87e-27	1.94e-23	3.72e-20	7.19e-17	5.01e-13	2.68e-10	4.64e-08	2.88e-06	1.05e-04	1.46e-03	1.02e-02	6.02e-02	5.51e-01	3.18e-01	5.86e-02
 2.57037e+21	0.00e+00	0.00e+00	0.00e+00	0.00e+00	6.76e-27	3.21e-23	5.80e-20	1.05e-16	7.14e-13	3.69e-10	6.17e-08	3.68e-06	1.29e-04	1.72e-03	1.14e-02	6.40e-02	5.60e-01	3.09e-01	5.43e-02
 2.65002e+21	0.00e+00	0.00e+00	0.00e+00	0.00e+00	1.05e-26	4.74e-23	8.17e-20	1.41e-16	9.43e-13	4.73e-10	7.70e-08	4.45e-06	1.51e-04	1.95e-03	1.25e-02	6.71e-02	5.66e-01	3.01e-01	5.11e-02
 2.73170e+21	0.00e+00	0.00e+00	0.00e+00	1.50e-30	1.60e-26	6.93e-23	1.14e-19	1.88e-16	1.24e-12	6.06e-10	9.60e-08	5.38e-06	1.77e-04	2.20e-03	1.36e-02	7.03e-02	5.72e-01	2.94e-01	4.81e-02
 2.83788e+21	0.00e+00	0.00e+00	0.00e+00	2.73e-30	2.76e-26	1.13e-22	1.75e-19	2.74e-16	1.78e-12	8.35e-10	1.28e-07	6.86e-06	2.17e-04	2.58e-03	1.51e-02	7.45e-02	5.79e-01	2.84e-01	4.44e-02
 2.94786e+21	0.00e+00	0.00e+00	0.00e+00	5.14e-30	4.91e-26	1.89e-22	2.76e-19	4.04e-16	2.56e-12	1.16e-09	1.71e-07	8.83e-06	2.68e-04	3.03e-03	1.69e-02	7.91e-02	5.86e-01	2.74e-01	4.09e-02
 3.03782e+21	0.00e+00	0.00e+00	0.00e+00	8.54e-30	7.78e-26	2.85e-22	3.95e-19	5.50e-16	3.42e-12	1.51e-09	2.16e-07	1.08e-05	3.16e-04	3.44e-03	1.84e-02	8.28e-02	5.91e-01	2.66e-01	3.82e-02
 3.12980e+21	0.00e+00	0.00e+00	0.00e+00	1.39e-29	1.21e-25	4.22e-22	5.59e-19	7.42e-16	4.57e-12	1.96e-09	2.72e-07	1.31e-05	3.72e-04	3.91e-03	2.01e-02	8.66e-02	5.95e-01	2.58e-01	3.57e-02
 3.23136e+21	0.00e+00	0.00e+00	0.00e+00	2.40e-29	1.99e-25	6.59e-22	8.27e-19	1.04e-15	6.28e-12	2.61e-09	3.51e-07	1.63e-05	4.46e-04	4.49e-03	2.21e-02	9.10e-02	6.00e-01	2.49e-01	3.31e-02
 3.32364e+21	0.00e+00	0.00e+00	0.00e+00	3.93e-29	3.10e-25	9.79e-22	1.17e-18	1.40e-15	8.35e-12	3.37e-09	4.41e-07	1.98e-05	5.24e-04	5.08e-03	2.40e-02	9.50e-02	6.03e-01	2.41e-01	3.09e-02
 3.40877e+21	0.00e+00	0.00e+00	0.00e+00	6.11e-29	4.63e-25	1.40e-21	1.60e-18	1.84e-15	1.08e-11	4.25e-09	5.42e-07	2.36e-05	6.06e-04	5.68e-03	2.59e-02	9.87e-02	6.06e-01	2.34e-01	2.90e-02
 3.50634e+21	0.00e+00	0.00e+00	0.00e+00	9.93e-29	7.19e-25	2.07e-21	2.26e-18	2.48e-15	1.44e-11	5.51e-09	6.83e-07	2.87e-05	7.12e-04	6.43e-03	2.81e-02	1.03e-01	6.08e-01	2.26e-01	2.70e-02
 3.63317e+21	0.00e+00	0.00e+00	0.00e+00	1.84e-28	1.26e-24	3.42e-21	3.52e-18	3.63e-15	2.08e-11	7.68e-09	9.16e-07	3.69e-05	8.76e-04	7.53e-03	3.13e-02	1.08e-01	6.11e-01	2.16e-01	2.46e-02
 3.76077e+21	0.00e+00	0.00e+00	0.00e+00	3.51e-28	2.26e-24	5.75e-21	5.56e-18	5.36e-15	3.01e-11	1.07e-08	1.23e-06	4.75e-05	1.08e-03	8.83e-03	3.48e-02	1.14e-01	6.12e-01	2.06e-01	2.23e-02
 3.86005e+21	0.00e+00	0.00e+00	0.00e+00	5.72e-28	3.51e-24	8.48e-21	7.80e-18	7.17e-15	3.97e-11	1.38e-08	1.54e-06	5.74e-05	1.26e-03	9.94e-03	3.76e-02	1.19e-01	6.13e-01	1.99e-01	2.07e-02
 3.95981e+21	0.00e+00	0.00e+00	0.00e+00	9.07e-28	5.33e-24	1.23e-20	1.08e-17	9.48e-15	5.21e-11	1.76e-08	1.92e-06	6.91e-05	1.47e-03	1.11e-02	4.06e-02	1.23e-01	6.13e-01	1.92e-01	1.92e-02
 4.08950e+21	0.00e+00	0.00e+00	0.00e+00	1.64e-27	9.11e-24	1.98e-20	1.64e-17	1.36e-14	7.39e-11	2.42e-08	2.54e-06	8.76e-05	1.78e-03	1.29e-02	4.47e-02	1.29e-01	6.12e-01	1.82e-01	1.75e-02
 4.21521e+21	0.00e+00	0.00e+00	0.00e+00	2.98e-27	1.56e-23	3.19e-20	2.49e-17	1.94e-14	1.04e-10	3.30e-08	3.33e-06	1.10e-04	2.15e-03	1.49e-02	4.91e-02	1.34e-01	6.10e-01	1.74e-01	1.59e-02
 4.30422e+21	0.00e+00	0.00e+00	0.00e+00	4.50e-27	2.26e-23	4.42e-20	3.31e-17	2.48e-14	1.31e-10	4.07e-08	4.02e-06	1.29e-04	2.45e-03	1.64e-02	5.23e-02	1.38e-01	6.08e-01	1.68e-01	1.48e-02
 4.38839e+21	0.00e+00	0.00e+00	0.00e+00	6.50e-27	3.15e-23	5.91e-20	4.26e-17	3.08e-14	1.62e-10	4.95e-08	4.77e-06	1.50e-04	2.76e-03	1.80e-02	5.54e-02	1.42e-01	6.06e-01	1.62e-01	1.39e-02
 4.49782e+21	0.00e+00	0.00e+00	1.45e-30	1.04e-26	4.82e-23	8.63e-20	5.94e-17	4.09e-14	2.13e-10	6.36e-08	5.95e-06	1.80e-04	3.22e-03	2.01e-02	5.96e-02	1.46e-01	6.03e-01	1.55e-01	1.28e-02
 4.61866e+21	0.00e+00	0.00e+00	2.58e-30	1.77e-26	7.77e-23	1.32e-19	8.59e-17	5.61e-14	2.89e-10	8.38e-08	7.60e-06	2.21e-04	3.80e-03	2.28e-02	6.46e-02	1.51e-01	5.98e-01	1.47e-01	1.17e-02
 4.71790e+21	0.00e+00	0.00e+00	4.18e-30	2.75e-26	1.16e-22	1.87e-19	1.16e-16	7.26e-14	3.70e-10	1.05e-07	9.28e-06	2.62e-04	4.36e-03	2.53e-02	6.90e-02	1.56e-01	5.93e-01	1.41e-01	1.08e-02
 4.79292e+21	0.00e+00	0.00e+00	5.96e-30	3.80e-26	1.54e-22	2.40e-19	1.45e-16	8.75e-14	4.44e-10	1.24e-07	1.07e-05	2.96e-04	4.82e-03	2.72e-02	7.23e-02	1.59e-01	5.90e-01	1.37e-01	1.02e-02
 4.87286e+21	0.00e+00	0.00e+00	8.52e-30	5.27e-26	2.07e-22	3.10e-19	1.81e-16	1.06e-13	5.37e-10	1.47e-07	1.25e-05	3.37e-04	5.35e-03	2.94e-02	7.58e-02	1.62e-01	5.86e-01	1.32e-01	9.62e-03
 4.97679e+21	0.00e+00	0.00e+00	1.35e-29	8.04e-26	3.03e-22	4.35e-19	2.43e-16	1.36e-13	6.85e-10	1.84e-07	1.52e-05	3.97e-04	6.11e-03	3.24e-02	8.07e-02	1.65e-01	5.80e-01	1.26e-01	8.88e-03
 5.08012e+21	0.00e+00	0.00e+00	2.18e-29	1.24e-25	4.49e-22	6.15e-19	3.29e-16	1.76e-13	8.74e-10	2.30e-07	1.85e-05	4.68e-04	6.98e-03	3.58e-02	8.58e-02	1.69e-01	5.73e-01	1.21e-01	8.18e-03
 5.15725e+21	0.00e+00	0.00e+00	3.11e-29	1.72e-25	5.99e-22	7.89e-19	4.08e-16	2.11e-13	1.05e-09	2.71e-07	2.14e-05	5.28e-04	7.70e-03	3.85e-02	8.96e-02	1.72e-01	5.68e-01	1.16e-01	7.69e-03
 5.23209e+21	0.00e+00	0.00e+00	4.30e-29	2.31e-25	7.80e-22	9.93e-19	4.98e-16	2.50e-13	1.24e-09	3.16e-07	2.45e-05	5.91e-04	8.43e-03	4.11e-02	9.33e-02	1.74e-01	5.62e-01	1.12e-01	7.25e-03
 5.32938e+21	0.00e+00	0.00e+00	6.53e-29	3.38e-25	1.10e-21	1.34e-18	6.47e-16	3.13e-13	1.54e-09	3.86e-07	2.91e-05	6.85e-04	9.48e-03	4.48e-02	9.83e-02	1.78e-01	5.55e-01	1.07e-01	6.71e-03
 5.43221e+21	0.00e+00	0.00e+00	1.03e-28	5.11e-25	1.59e-21	1.86e-18	8.58e-16	3.97e-13	1.93e-09	4.76e-07	3.51e-05	7.99e-04	1.07e-02	4.90e-02	1.04e-01	1.81e-01	5.46e-01	1.02e-01	6.18e-03
 5.51791e+21	0.00e+00	0.00e+00	1.50e-28	7.20e-25	2.16e-21	2.43e-18	1.08e-15	4.81e-13	2.34e-09	5.65e-07	4.08e-05	9.06e-04	1.19e-02	5.28e-02	1.09e-01	1.83e-01	5.39e-01	9.81e-02	5.76e-03
 5.60501e+21	0.00e+00	0.00e+00	2.15e-28	1.00e-24	2.91e-21	3.14e-18	1.35e-15	5.81e-13	2.81e-09	6.70e-07	4.73e-05	1.03e-03	1.31e-02	5.67e-02	1.13e-01	1.85e-01	5.31e-01	9.40e-02	5.37e-03
 5.71823e+21	0.00e+00	0.00e+00	3.44e-28	1.54e-24	4.27e-21	4.39e-18	1.80e-15	7.43e-13	3.58e-09	8.35e-07	5.74e-05	1.21e-03	1.49e-02	6.22e-02	1.19e-01	1.88e-01	5.20e-01	8.87e-02	4.89e-03
 5.82659e+21	0.00e+00	0.00e+00	5.50e-28	2.35e-24	6.26e-21	6.12e-18	2.40e-15	9.44e-13	4.50e-09	1.03e-06	6.91e-05	1.41e-03	1.69e-02	6.79e-02	1.26e-01	1.90e-01	5.09e-01	8.38e-02	4.46e-03
 5.90187e+21	0.00e+00	0.00e+00	7.58e-28	3.15e-24	8.10e-21	7.64e-18	2.91e-15	1.11e-12	5.26e-09	1.19e-06	7.83e-05	1.56e-03	1.83e-02	7.20e-02	1.30e-01	1.92e-01	5.01e-01	8.05e-02	4.18e-03
 5.97297e+21	0.00e+00	0.00e+00	1.01e-27	4.08e-24	1.02e-20	9.33e-18	3.45e-15	1.28e-12	6.08e-09	1.36e-06	8.78e-05	1.72e-03	1.98e-02	7.60e-02	1.34e-01	1.93e-01	4.94e-01	7.75e-02	3.94e-03
 6.06541e+21	0.00e+00	0.00e+00	1.46e-27	5.72e-24	1.38e-20	1.21e-17	4.33e-15	1.55e-12	7.31e-09	1.61e-06	1.02e-04	1.94e-03	2.18e-02	8.14e-02	1.39e-01	1.94e-01	4.84e-01	7.38e-02	3.64e-03
 6.16631e+21	0.00e+00	0.00e+00	2.20e-27	8.32e-24	1.93e-20	1.63e-17	5.56e-15	1.91e-12	8.95e-09	1.93e-06	1.20e-04	2.22e-03	2.42e-02	8.76e-02	1.45e-01	1.96e-01	4.72e-01	6.97e-02	3.33e-03
 6.25529e+21	0.00e+00	0.00e+00	3.17e-27	1.16e-23	2.59e-20	2.09e-17	6.92e-15	2.29e-12	1.07e-08	2.27e-06	1.38e-04	2.49e-03	2.65e-02	9.34e-02	1.50e-01	1.97e-01	4.62e-01	6.62e-02	3.08e-03
 6.33534e+21	0.00e+00	0.00e+00	4.35e-27	1.54e-23	3.35e-20	2.61e-17	8.36e-15	2.69e-12	1.24e-08	2.62e-06	1.56e-04	2.76e-03	2.87e-02	9.87e-02	1.55e-01	1.97e-01	4.52e-01	6.32e-02	2.86e-03
 6.42672e+21	0.00e+00	0.00e+00	6.20e-27	2.13e-23	4.46e-20	3.35e-17	1.03e-14	3.21e-12	1.48e-08	3.07e-06	1.79e-04	3.09e-03	3.14e-02	1.05e-01	1.60e-01	1.97e-01	4.41e-01	5.99e-02	2.64e-03
 6.52509e+21	0.00e+00	0.00e+00	9.14e-27	3.03e-23	6.11e-20	4.40e-17	1.31e-14	3.90e-12	1.78e-08	3.64e-06	2.07e-04	3.49e-03	3.45e-02	1.12e-01	1.65e-01	1.98e-01	4.28e-01	5.65e-02	2.41e-03
 6.60969e+21	0.00e+00	0.00e+00	1.28e-26	4.10e-23	8.00e-20	5.55e-17	1.59e-14	4.60e-12	2.09e-08	4.20e-06	2.35e-04	3.87e-03	3.74e-02	1.18e-01	1.70e-01	1.97e-01	4.17e-01	5.36e-02	2.23e-03
 6.68517e+21	0.00e+00	0.00e+00	1.70e-26	5.33e-23	1.01e-19	6.78e-17	1.89e-14	5.30e-12	2.39e-08	4.76e-06	2.62e-04	4.23e-03	4.01e-02	1.24e-01	1.73e-01	1.97e-01	4.08e-01	5.11e-02	2.08e-03
 6.77165e+21	0.00e+00	0.00e+00	2.35e-26	7.15e-23	1.31e-19	8.50e-17	2.29e-14	6.23e-12	2.79e-08	5.48e-06	2.96e-04	4.67e-03	4.33e-02	1.31e-01	1.78e-01	1.96e-01	3.97e-01	4.84e-02	1.92e-03
 6.88408e+21	0.00e+00	0.00e+00	3.56e-26	1.04e-22	1.84e-19	1.14e-16	2.95e-14	7.67e-12	3.40e-08	6.57e-06	3.47e-04	5.31e-03	4.77e-02	1.39e-01	1.83e-01	1.95e-01	3.82e-01	4.50e-02	1.72e-03
 6.99615e+21	0.00e+00	0.00e+00	5.47e-26	1.54e-22	2.60e-19	1.54e-16	3.81e-14	9.47e-12	4.14e-08	7.87e-06	4.05e-04	6.03e-03	5.26e-02	1.49e-01	1.89e-01	1.94e-01	3.67e-01	4.18e-02	1.54e-03
 7.08055e+21	0.00e+00	0.00e+00	7.51e-26	2.05e-22	3.36e-19	1.91e-16	4.59e-14	1.10e-11	4.78e-08	8.98e-06	4.54e-04	6.61e-03	5.64e-02	1.56e-01	1.92e-01	1.92e-01	3.55e-01	3.94e-02	1.42e-03
 7.16304e+21	0.00e+00	0.00e+00	1.01e-25	2.68e-22	4.25e-19	2.34e-16	5.45e-14	1.28e-11	5.48e-08	1.02e-05	5.05e-04	7.20e-03	6.02e-02	1.62e-01	1.96e-01	1.91e-01	3.45e-01	3.73e-02	1.31e-03
 7.27027e+21	0.00e+00	0.00e+00	1.47e-25	3.78e-22	5.78e-19	3.06e-16	6.85e-14	1.54e-11	6.53e-08	1.19e-05	5.80e-04	8.05e-03	6.55e-02	1.71e-01	2.00e-01	1.88e-01	3.30e-01	3.46e-02	1.18e-03
 7.38324e+21	0.00e+00	0.00e+00	2.21e-25	5.47e-22	8.05e-19	4.08e-16	8.75e-14	1.88e-11	7.85e-08	1.41e-05	6.69e-04	9.04e-03	7.15e-02	1.81e-01	2.04e-01	1.86e-01	3.15e-01	3.19e-02	1.05e-03
 7.47752e+21	0.00e+00	0.00e+00	3.09e-25	7.42e-22	1.06e-18	5.16e-16	1.07e-13	2.22e-11	9.11e-08	1.62e-05	7.52e-04	9.93e-03	7.66e-02	1.89e-01	2.07e-01	1.83e-01	3.03e-01	2.98e-02	9.54e-04
 7.55930e+21	0.00e+00	0.00e+00	4.11e-25	9.59e-22	1.33e-18	6.27e-16	1.26e-13	2.55e-11	1.03e-07	1.81e-05	8.29e-04	1.07e-02	8.12e-02	1.96e-01	2.09e-01	1.81e-01	2.92e-01	2.81e-02	8.78e-04
 7.65101e+21	0.00e+00	0.00e+00	5.58e-25	1.27e-21	1.70e-18	7.78e-16	1.51e-13	2.96e-11	1.19e-07	2.06e-05	9.23e-04	1.17e-02	8.64e-02	2.03e-01	2.12e-01	1.78e-01	2.81e-01	2.63e-02	7.99e-04
 7.77023e+21	0.00e+00	0.00e+00	8.29e-25	1.82e-21	2.35e-18	1.03e-15	1.92e-13	3.60e-11	1.42e-07	2.42e-05	1.06e-03	1.30e-02	9.36e-02	2.13e-01	2.15e-01	1.74e-01	2.66e-01	2.40e-02	7.06e-04
 7.89406e+21	0.00e+00	0.00e+00	1.26e-24	2.66e-21	3.30e-18	1.38e-15	2.47e-13	4.43e-11	1.70e-07	2.85e-05	1.22e-03	1.46e-02	1.01e-01	2.23e-01	2.17e-01	1.69e-01	2.51e-01	2.18e-02	6.19e-04
 7.99551e+21	0.00e+00	0.00e+00	1.76e-24	3.60e-21	4.32e-18	1.75e-15	3.02e-13	5.22e-11	1.96e-07	3.24e-05	1.36e-03	1.59e-02	1.08e-01	2.31e-01	2.18e-01	1.66e-01	2.39e-01	2.02e-02	5.56e-04
 8.09902e+21	0.00e+00	0.00e+00	2.43e-24	4.82e-21	5.61e-18	2.19e-15	3.65e-13	6.12e-11	2.26e-07	3.69e-05	1.51e-03	1.73e-02	1.15e-01	2.39e-01	2.19e-01	1.62e-01	2.27e-01	1.86e-02	4.99e-04
 8.23358e+21	0.00e+00	1.68e-30	3.68e-24	7.04e-21	7.88e-18	2.95e-15	4.70e-13	7.53e-11	2.71e-07	4.34e-05	1.73e-03	1.92e-02	1.24e-01	2.49e-01	2.20e-01	1.56e-01	2.12e-01	1.68e-02	4.32e-04
 8.36700e+21	0.00e+00	2.62e-30	5.61e-24	1.03e-20	1.11e-17	3.98e-15	6.07e-13	9.28e-11	3.23e-07	5.08e-05	1.98e-03	2.13e-02	1.33e-01	2.59e-01	2.21e-01	1.51e-01	1.98e-01	1.51e-02	3.74e-04
 8.46761e+21	0.00e+00	3.62e-30	7.62e-24	1.37e-20	1.43e-17	4.94e-15	7.29e-13	1.08e-10	3.68e-07	5.70e-05	2.17e-03	2.30e-02	1.40e-01	2.66e-01	2.20e-01	1.47e-01	1.88e-01	1.39e-02	3.36e-04
 8.56710e+21	0.00e+00	4.90e-30	1.01e-23	1.77e-20	1.80e-17	6.05e-15	8.65e-13	1.24e-10	4.16e-07	6.37e-05	2.38e-03	2.46e-02	1.47e-01	2.72e-01	2.20e-01	1.43e-01	1.78e-01	1.28e-02	3.02e-04
 8.69643e+21	0.00e+00	7.25e-30	1.47e-23	2.48e-20	2.43e-17	7.88e-15	1.08e-12	1.50e-10	4.87e-07	7.32e-05	2.67e-03	2.69e-02	1.56e-01	2.80e-01	2.19e-01	1.37e-01	1.66e-01	1.16e-02	2.63e-04
 8.83686e+21	0.00e+00	1.11e-29	2.19e-23	3.58e-20	3.39e-17	1.05e-14	1.39e-12	1.83e-10	5.76e-07	8.49e-05	3.02e-03	2.95e-02	1.66e-01	2.88e-01	2.17e-01	1.31e-01	1.54e-01	1.03e-02	2.26e-04
 8.95556e+21	0.00e+00	1.58e-29	3.06e-23	4.85e-20	4.45e-17	1.34e-14	1.70e-12	2.17e-10	6.61e-07	9.59e-05	3.33e-03	3.18e-02	1.74e-01	2.95e-01	2.16e-01	1.27e-01	1.44e-01	9.37e-03	1.99e-04
 9.05609e+21	0.00e+00	2.11e-29	4.01e-23	6.21e-20	5.55e-17	1.62e-14	2.00e-12	2.48e-10	7.40e-07	1.06e-04	3.61e-03	3.38e-02	1.81e-01	3.00e-01	2.14e-01	1.23e-01	1.37e-01	8.64e-03	1.79e-04
 9.16911e+21	0.00e+00	2.88e-29	5.38e-23	8.11e-20	7.06e-17	2.00e-14	2.40e-12	2.88e-10	8.38e-07	1.18e-04	3.94e-03	3.61e-02	1.89e-01	3.05e-01	2.12e-01	1.18e-01	1.28e-01	7.90e-03	1.59e-04
 9.31605e+21	0.00e+00	4.30e-29	7.83e-23	1.14e-19	9.61e-17	2.62e-14	3.02e-12	3.48e-10	9.80e-07	1.35e-04	4.40e-03	3.92e-02	1.99e-01	3.11e-01	2.09e-01	1.12e-01	1.18e-01	7.02e-03	1.36e-04
 9.46504e+21	0.00e+00	6.48e-29	1.15e-22	1.63e-19	1.32e-16	3.48e-14	3.84e-12	4.24e-10	1.15e-06	1.55e-04	4.91e-03	4.25e-02	2.09e-01	3.16e-01	2.05e-01	1.07e-01	1.09e-01	6.22e-03	1.16e-04
 9.58140e+21	0.00e+00	8.81e-29	1.54e-22	2.12e-19	1.68e-16	4.28e-14	4.59e-12	4.91e-10	1.29e-06	1.72e-04	5.33e-03	4.52e-02	2.17e-01	3.20e-01	2.02e-01	1.02e-01	1.02e-01	5.66e-03	1.03e-04
 9.69736e+21	0.00e+00	1.18e-28	2.01e-22	2.71e-19	2.09e-16	5.20e-14	5.41e-12	5.64e-10	1.45e-06	1.89e-04	5.76e-03	4.78e-02	2.25e-01	3.23e-01	1.99e-01	9.84e-02	9.57e-02	5.17e-03	9.15e-05
 9.84810e+21	0.00e+00	1.71e-28	2.86e-22	3.73e-19	2.80e-16	6.71e-14	6.73e-12	6.75e-10	1.68e-06	2.14e-04	6.35e-03	5.14e-02	2.35e-01	3.27e-01	1.95e-01	9.33e-02	8.80e-02	4.59e-03	7.85e-05
 1.00082e+22	0.00e+00	2.55e-28	4.15e-22	5.26e-19	3.81e-16	8.83e-14	8.51e-12	8.18e-10	1.95e-06	2.44e-04	7.03e-03	5.53e-02	2.45e-01	3.30e-01	1.90e-01	8.80e-02	8.04e-02	4.04e-03	6.66e-05
 1.01441e+22	0.00e+00	3.53e-28	5.64e-22	6.95e-19	4.90e-16	1.10e-13	1.03e-11	9.58e-10	2.21e-06	2.71e-04	7.64e-03	5.87e-02	2.53e-01	3.32e-01	1.86e-01	8.37e-02	7.46e-02	3.63e-03	5.81e-05
 1.02843e+22	0.00e+00	4.85e-28	7.58e-22	9.11e-19	6.26e-16	1.37e-13	1.24e-11	1.12e-09	2.51e-06	3.01e-04	8.29e-03	6.22e-02	2.62e-01	3.34e-01	1.81e-01	7.96e-02	6.91e-02	3.27e-03	5.06e-05
 1.04665e+22	0.00e+00	7.29e-28	1.11e-21	1.29e-18	8.59e-16	1.81e-13	1.57e-11	1.36e-09	2.94e-06	3.44e-04	9.18e-03	6.68e-02	2.72e-01	3.36e-01	1.76e-01	7.44e-02	6.25e-02	2.84e-03	4.24e-05
 1.06543e+22	0.00e+00	1.11e-27	1.65e-21	1.86e-18	1.19e-15	2.42e-13	2.02e-11	1.67e-09	3.45e-06	3.93e-04	1.02e-02	7.18e-02	2.83e-01	3.37e-01	1.70e-01	6.93e-02	5.63e-02	2.46e-03	3.53e-05
 1.08034e+22	0.00e+00	1.54e-27	2.23e-21	2.45e-18	1.53e-15	3.02e-13	2.44e-11	1.96e-09	3.91e-06	4.36e-04	1.10e-02	7.58e-02	2.91e-01	3.37e-01	1.65e-01	6.56e-02	5.19e-02	2.20e-03	3.05e-05
 1.09512e+22	0.00e+00	2.08e-27	2.94e-21	3.16e-18	1.93e-15	3.70e-13	2.90e-11	2.26e-09	4.40e-06	4.80e-04	1.18e-02	7.97e-02	2.99e-01	3.36e-01	1.60e-01	6.21e-02	4.80e-02	1.97e-03	2.66e-05
 1.11434e+22	0.00e+00	3.06e-27	4.22e-21	4.41e-18	2.61e-15	4.84e-13	3.65e-11	2.74e-09	5.11e-06	5.43e-04	1.30e-02	8.50e-02	3.09e-01	3.36e-01	1.54e-01	5.78e-02	4.33e-02	1.71e-03	2.23e-05
 1.13360e+22	0.00e+00	4.54e-27	6.10e-21	6.18e-18	3.55e-15	6.36e-13	4.61e-11	3.32e-09	5.94e-06	6.13e-04	1.42e-02	9.04e-02	3.18e-01	3.34e-01	1.48e-01	5.38e-02	3.90e-02	1.49e-03	1.86e-05
 1.14834e+22	0.00e+00	6.06e-27	7.97e-21	7.90e-18	4.43e-15	7.74e-13	5.46e-11	3.82e-09	6.63e-06	6.70e-04	1.52e-02	9.46e-02	3.25e-01	3.33e-01	1.44e-01	5.09e-02	3.61e-02	1.34e-03	1.63e-05
 1.16295e+22	0.00e+00	7.93e-27	1.02e-20	9.93e-18	5.45e-15	9.29e-13	6.38e-11	4.35e-09	7.37e-06	7.30e-04	1.62e-02	9.86e-02	3.31e-01	3.31e-01	1.39e-01	4.82e-02	3.35e-02	1.20e-03	1.43e-05
 1.18193e+22	0.00e+00	1.12e-26	1.41e-20	1.34e-17	7.15e-15	1.18e-12	7.84e-11	5.17e-09	8.44e-06	8.14e-04	1.76e-02	1.04e-01	3.39e-01	3.28e-01	1.34e-01	4.49e-02	3.03e-02	1.05e-03	1.21e-05
 1.20244e+22	0.00e+00	1.64e-26	2.01e-20	1.85e-17	9.59e-15	1.54e-12	9.83e-11	6.23e-09	9.75e-06	9.13e-04	1.91e-02	1.10e-01	3.48e-01	3.25e-01	1.28e-01	4.16e-02	2.72e-02	9.12e-04	1.01e-05
 1.22038e+22	0.00e+00	2.26e-26	2.70e-20	2.43e-17	1.23e-14	1.91e-12	1.19e-10	7.28e-09	1.10e-05	1.01e-03	2.05e-02	1.15e-01	3.54e-01	3.22e-01	1.23e-01	3.89e-02	2.48e-02	8.05e-04	8.61e-06
 1.23918e+22	0.00e+00	3.10e-26	3.62e-20	3.18e-17	1.57e-14	2.38e-12	1.43e-10	8.50e-09	1.25e-05	1.11e-03	2.20e-02	1.21e-01	3.61e-01	3.18e-01	1.18e-01	3.63e-02	2.26e-02	7.10e-04	7.35e-06
 1.26362e+22	0.00e+00	4.67e-26	5.28e-20	4.50e-17	2.15e-14	3.14e-12	1.81e-10	1.04e-08	1.46e-05	1.26e-03	2.41e-02	1.28e-01	3.69e-01	3.13e-01	1.12e-01	3.32e-02	2.00e-02	6.03e-04	5.99e-06
 1.28877e+22	0.00e+00	7.13e-26	7.82e-20	6.46e-17	2.99e-14	4.22e-12	2.34e-10	1.28e-08	1.71e-05	1.42e-03	2.64e-02	1.35e-01	3.76e-01	3.07e-01	1.05e-01	3.02e-02	1.76e-02	5.08e-04	4.84e-06
 1.30775e+22	0.00e+00	9.71e-26	1.04e-19	8.40e-17	3.80e-14	5.22e-12	2.81e-10	1.49e-08	1.93e-05	1.56e-03	2.82e-02	1.41e-01	3.82e-01	3.02e-01	1.01e-01	2.82e-02	1.60e-02	4.48e-04	4.14e-06
 1.32292e+22	0.00e+00	1.22e-25	1.29e-19	1.02e-16	4.53e-14	6.10e-12	3.21e-10	1.67e-08	2.11e-05	1.67e-03	2.96e-02	1.45e-01	3.86e-01	2.99e-01	9.73e-02	2.67e-02	1.49e-02	4.07e-04	3.67e-06
 1.34024e+22	0.00e+00	1.59e-25	1.64e-19	1.28e-16	5.55e-14	7.31e-12	3.74e-10	1.90e-08	2.34e-05	1.81e-03	3.13e-02	1.50e-01	3.90e-01	2.94e-01	9.35e-02	2.51e-02	1.37e-02	3.64e-04	3.19e-06
 1.36275e+22	0.00e+00	2.23e-25	2.24e-19	1.70e-16	7.20e-14	9.21e-12	4.57e-10	2.24e-08	2.66e-05	2.00e-03	3.36e-02	1.57e-01	3.95e-01	2.89e-01	8.87e-02	2.31e-02	1.23e-02	3.16e-04	2.68e-06
 1.38702e+22	0.00e+00	3.21e-25	3.13e-19	2.32e-16	9.56e-14	1.19e-11	5.68e-10	2.68e-08	3.05e-05	2.23e-03	3.62e-02	1.64e-01	4.00e-01	2.82e-01	8.37e-02	2.12e-02	1.09e-02	2.70e-04	2.21e-06
 1.40760e+22	0.00e+00	4.34e-25	4.13e-19	2.99e-16	1.21e-13	1.46e-11	6.78e-10	3.11e-08	3.42e-05	2.43e-03	3.85e-02	1.70e-01	4.03e-01	2.77e-01	7.97e-02	1.97e-02	9.91e-03	2.38e-04	1.88e-06
 1.42563e+22	0.00e+00	5.58e-25	5.20e-19	3.70e-16	1.46e-13	1.73e-11	7.85e-10	3.51e-08	3.77e-05	2.62e-03	4.05e-02	1.75e-01	4.06e-01	2.72e-01	7.64e-02	1.84e-02	9.11e-03	2.13e-04	1.64e-06
 1.44626e+22	0.00e+00	7.40e-25	6.74e-19	4.70e-16	1.82e-13	2.10e-11	9.26e-10	4.03e-08	4.20e-05	2.84e-03	4.29e-02	1.81e-01	4.09e-01	2.66e-01	7.27e-02	1.72e-02	8.29e-03	1.88e-04	1.41e-06
 1.47309e+22	0.00e+00	1.06e-24	9.37e-19	6.37e-16	2.40e-13	2.69e-11	1.14e-09	4.81e-08	4.81e-05	3.16e-03	4.61e-02	1.88e-01	4.12e-01	2.59e-01	6.83e-02	1.56e-02	7.34e-03	1.60e-04	1.16e-06
 1.50092e+22	0.00e+00	1.55e-24	1.33e-18	8.78e-16	3.21e-13	3.49e-11	1.43e-09	5.80e-08	5.54e-05	3.51e-03	4.95e-02	1.96e-01	4.15e-01	2.51e-01	6.38e-02	1.42e-02	6.45e-03	1.35e-04	9.39e-07
 1.52174e+22	0.00e+00	2.04e-24	1.71e-18	1.11e-15	3.98e-13	4.23e-11	1.69e-09	6.64e-08	6.15e-05	3.80e-03	5.22e-02	2.02e-01	4.17e-01	2.45e-01	6.06e-02	1.31e-02	5.86e-03	1.19e-04	8.05e-07
 1.53760e+22	0.00e+00	2.48e-24	2.05e-18	1.31e-15	4.62e-13	4.82e-11	1.89e-09	7.30e-08	6.63e-05	4.02e-03	5.43e-02	2.06e-01	4.18e-01	2.41e-01	5.84e-02	1.25e-02	5.47e-03	1.09e-04	7.21e-07
 1.55533e+22	0.00e+00	3.08e-24	2.49e-18	1.57e-15	5.45e-13	5.58e-11	2.14e-09	8.11e-08	7.21e-05	4.28e-03	5.66e-02	2.11e-01	4.19e-01	2.36e-01	5.60e-02	1.17e-02	5.07e-03	9.88e-05	6.37e-07
 1.57839e+22	0.00e+00	4.07e-24	3.22e-18	1.99e-15	6.75e-13	6.75e-11	2.52e-09	9.29e-08	8.01e-05	4.63e-03	5.97e-02	2.17e-01	4.20e-01	2.30e-01	5.31e-02	1.09e-02	4.59e-03	8.69e-05	5.44e-07
 1.60423e+22	0.00e+00	5.60e-24	4.31e-18	2.60e-15	8.64e-13	8.41e-11	3.05e-09	1.09e-07	9.02e-05	5.06e-03	6.33e-02	2.24e-01	4.20e-01	2.23e-01	4.99e-02	9.94e-03	4.09e-03	7.49e-05	4.54e-07
 1.62746e+22	0.00e+00	7.41e-24	5.57e-18	3.30e-15	1.07e-12	1.02e-10	3.60e-09	1.25e-07	1.00e-04	5.46e-03	6.66e-02	2.30e-01	4.20e-01	2.17e-01	4.71e-02	9.18e-03	3.70e-03	6.57e-05	3.86e-07
 1.64780e+22	0.00e+00	9.35e-24	6.89e-18	4.01e-15	1.28e-12	1.19e-10	4.12e-09	1.40e-07	1.09e-04	5.83e-03	6.95e-02	2.35e-01	4.20e-01	2.12e-01	4.49e-02	8.59e-03	3.40e-03	5.88e-05	3.37e-07
 1.67067e+22	0.00e+00	1.21e-23	8.68e-18	4.96e-15	1.55e-12	1.42e-10	4.76e-09	1.58e-07	1.20e-04	6.26e-03	7.29e-02	2.41e-01	4.20e-01	2.06e-01	4.26e-02	7.97e-03	3.09e-03	5.21e-05	2.91e-07
 1.70040e+22	0.00e+00	1.67e-23	1.17e-17	6.52e-15	1.99e-12	1.77e-10	5.75e-09	1.85e-07	1.36e-04	6.85e-03	7.72e-02	2.48e-01	4.19e-01	1.99e-01	3.98e-02	7.25e-03	2.74e-03	4.46e-05	2.41e-07
 1.73163e+22	1.64e-30	2.37e-23	1.61e-17	8.79e-15	2.62e-12	2.25e-10	7.10e-09	2.20e-07	1.55e-04	7.53e-03	8.22e-02	2.56e-01	4.17e-01	1.91e-01	3.69e-02	6.53e-03	2.40e-03	3.76e-05	1.95e-07
 1.75665e+22	2.20e-30	3.11e-23	2.06e-17	1.10e-14	3.21e-12	2.70e-10	8.30e-09	2.50e-07	1.71e-04	8.10e-03	8.61e-02	2.62e-01	4.16e-01	1.85e-01	3.48e-02	6.03e-03	2.17e-03	3.31e-05	1.67e-07
 1.77697e+22	2.78e-30	3.85e-23	2.50e-17	1.32e-14	3.78e-12	3.13e-10	9.40e-09	2.78e-07	1.85e-04	8.59e-03	8.94e-02	2.66e-01	4.14e-01	1.80e-01	3.31e-02	5.63e-03	1.99e-03	2.97e-05	1.46e-07
 1.79933e+22	3.54e-30	4.80e-23	3.06e-17	1.59e-14	4.47e-12	3.63e-10	1.07e-08	3.09e-07	2.01e-04	9.13e-03	9.29e-02	2.71e-01	4.13e-01	1.75e-01	3.15e-02	5.26e-03	1.83e-03	2.66e-05	1.28e-07
 1.82840e+22	4.86e-30	6.43e-23	3.99e-17	2.02e-14	5.58e-12	4.42e-10	1.26e-08	3.55e-07	2.24e-04	9.87e-03	9.76e-02	2.77e-01	4.10e-01	1.69e-01	2.94e-02	4.81e-03	1.64e-03	2.30e-05	0.00e+00
 1.85917e+22	6.83e-30	8.78e-23	5.30e-17	2.63e-14	7.09e-12	5.47e-10	1.52e-08	4.13e-07	2.51e-04	1.07e-02	1.03e-01	2.84e-01	4.07e-01	1.62e-01	2.74e-02	4.36e-03	1.45e-03	1.97e-05	0.00e+00
 1.88471e+22	8.96e-30	1.13e-22	6.65e-17	3.24e-14	8.56e-12	6.46e-10	1.75e-08	4.65e-07	2.75e-04	1.14e-02	1.07e-01	2.89e-01	4.04e-01	1.57e-01	2.59e-02	4.04e-03	1.32e-03	1.74e-05	0.00e+00
 1.91044e+22	1.16e-29	1.43e-22	8.24e-17	3.95e-14	1.02e-11	7.56e-10	2.00e-08	5.20e-07	3.00e-04	1.22e-02	1.11e-01	2.94e-01	4.01e-01	1.52e-01	2.44e-02	3.74e-03	1.20e-03	1.54e-05	0.00e+00
 1.94390e+22	1.63e-29	1.95e-22	1.09e-16	5.11e-14	1.30e-11	9.32e-10	2.39e-08	6.03e-07	3.36e-04	1.32e-02	1.17e-01	3.00e-01	3.97e-01	1.46e-01	2.26e-02	3.38e-03	1.06e-03	1.32e-05	0.00e+00
 1.97911e+22	2.33e-29	2.71e-22	1.47e-16	6.75e-14	1.67e-11	1.17e-09	2.90e-08	7.07e-07	3.78e-04	1.44e-02	1.23e-01	3.06e-01	3.92e-01	1.39e-01	2.09e-02	3.04e-03	9.26e-04	1.11e-05	0.00e+00
 2.00812e+22	3.11e-29	3.52e-22	1.87e-16	8.40e-14	2.03e-11	1.39e-09	3.37e-08	8.00e-07	4.16e-04	1.54e-02	1.28e-01	3.11e-01	3.88e-01	1.34e-01	1.95e-02	2.78e-03	8.33e-04	9.73e-06	0.00e+00
 2.03735e+22	4.07e-29	4.50e-22	2.34e-16	1.03e-13	2.45e-11	1.64e-09	3.86e-08	8.99e-07	4.56e-04	1.64e-02	1.33e-01	3.16e-01	3.84e-01	1.29e-01	1.83e-02	2.56e-03	7.51e-04	8.53e-06	0.00e+00
 2.07536e+22	5.81e-29	6.23e-22	3.14e-16	1.35e-13	3.13e-11	2.03e-09	4.65e-08	1.05e-06	5.12e-04	1.78e-02	1.40e-01	3.21e-01	3.78e-01	1.22e-01	1.68e-02	2.29e-03	6.56e-04	7.19e-06	0.00e+00
 2.11581e+22	8.49e-29	8.82e-22	4.30e-16	1.81e-13	4.07e-11	2.57e-09	5.68e-08	1.24e-06	5.78e-04	1.94e-02	1.47e-01	3.27e-01	3.72e-01	1.16e-01	1.54e-02	2.04e-03	5.69e-04	6.00e-06	0.00e+00
 2.15035e+22	1.16e-28	1.17e-21	5.56e-16	2.29e-13	5.04e-11	3.11e-09	6.68e-08	1.41e-06	6.39e-04	2.08e-02	1.54e-01	3.32e-01	3.66e-01	1.11e-01	1.43e-02	1.85e-03	5.05e-04	5.17e-06	0.00e+00
 2.18615e+22	1.57e-28	1.55e-21	7.15e-16	2.88e-13	6.21e-11	3.73e-09	7.80e-08	1.61e-06	7.07e-04	2.23e-02	1.60e-01	3.36e-01	3.60e-01	1.06e-01	1.32e-02	1.68e-03	4.48e-04	4.43e-06	0.00e+00
 2.23270e+22	2.33e-28	2.22e-21	9.91e-16	3.89e-13	8.15e-11	4.75e-09	9.57e-08	1.90e-06	8.04e-04	2.44e-02	1.69e-01	3.41e-01	3.52e-01	9.91e-02	1.19e-02	1.47e-03	3.83e-04	3.64e-06	0.00e+00
 2.27840e+22	3.49e-28	3.20e-21	1.38e-15	5.29e-13	1.08e-10	6.09e-09	1.18e-07	2.26e-06	9.12e-04	2.67e-02	1.77e-01	3.46e-01	3.44e-01	9.30e-02	1.08e-02	1.29e-03	3.27e-04	2.99e-06	0.00e+00
 2.31171e+22	4.60e-28	4.12e-21	1.74e-15	6.52e-13	1.31e-10	7.21e-09	1.37e-07	2.55e-06	9.98e-04	2.84e-02	1.83e-01	3.49e-01	3.38e-01	8.88e-02	1.00e-02	1.18e-03	2.92e-04	2.59e-06	0.00e+00
 2.34369e+22	5.87e-28	5.15e-21	2.12e-15	7.83e-13	1.54e-10	8.32e-09	1.54e-07	2.82e-06	1.08e-03	2.99e-02	1.89e-01	3.52e-01	3.32e-01	8.52e-02	9.39e-03	1.08e-03	2.64e-04	2.28e-06	0.00e+00
 2.38528e+22	8.15e-28	6.95e-21	2.78e-15	1.00e-12	1.92e-10	1.01e-08	1.83e-07	3.25e-06	1.20e-03	3.22e-02	1.97e-01	3.55e-01	3.24e-01	8.05e-02	8.59e-03	9.70e-04	2.31e-04	1.93e-06	0.00e+00
 2.43934e+22	1.23e-27	1.01e-20	3.88e-15	1.37e-12	2.55e-10	1.30e-08	2.25e-07	3.86e-06	1.37e-03	3.51e-02	2.06e-01	3.59e-01	3.15e-01	7.48e-02	7.67e-03	8.42e-04	1.94e-04	1.56e-06	0.00e+00
 2.49455e+22	1.89e-27	1.49e-20	5.54e-15	1.90e-12	3.44e-10	1.70e-08	2.83e-07	4.65e-06	1.56e-03	3.85e-02	2.16e-01	3.62e-01	3.04e-01	6.92e-02	6.81e-03	7.25e-04	1.62e-04	1.24e-06	0.00e+00
 2.53755e+22	2.59e-27	1.99e-20	7.18e-15	2.41e-12	4.27e-10	2.06e-08	3.33e-07	5.32e-06	1.72e-03	4.11e-02	2.24e-01	3.64e-01	2.97e-01	6.52e-02	6.22e-03	6.48e-04	1.42e-04	1.05e-06	0.00e+00
 2.57973e+22	3.47e-27	2.59e-20	9.09e-15	3.00e-12	5.20e-10	2.44e-08	3.85e-07	6.01e-06	1.89e-03	4.38e-02	2.32e-01	3.66e-01	2.89e-01	6.16e-02	5.70e-03	5.82e-04	1.25e-04	8.91e-07	0.00e+00
 2.63456e+22	5.07e-27	3.66e-20	1.24e-14	3.99e-12	6.74e-10	3.08e-08	4.69e-07	7.08e-06	2.14e-03	4.74e-02	2.41e-01	3.67e-01	2.79e-01	5.71e-02	5.08e-03	5.05e-04	1.05e-04	7.21e-07	0.00e+00
 2.68876e+22	7.46e-27	5.21e-20	1.70e-14	5.36e-12	8.84e-10	3.92e-08	5.77e-07	8.38e-06	2.41e-03	5.13e-02	2.51e-01	3.68e-01	2.69e-01	5.28e-02	4.52e-03	4.38e-04	8.85e-05	5.82e-07	0.00e+00
 2.72862e+22	9.74e-27	6.63e-20	2.11e-14	6.55e-12	1.06e-09	4.61e-08	6.61e-07	9.38e-06	2.62e-03	5.42e-02	2.58e-01	3.69e-01	2.62e-01	4.99e-02	4.16e-03	3.96e-04	7.84e-05	5.00e-07	0.00e+00
 2.76693e+22	1.24e-26	8.24e-20	2.57e-14	7.84e-12	1.25e-09	5.32e-08	7.46e-07	1.04e-05	2.83e-03	5.70e-02	2.64e-01	3.69e-01	2.55e-01	4.74e-02	3.84e-03	3.60e-04	6.99e-05	4.34e-07	0.00e+00
 2.81673e+22	1.70e-26	1.10e-19	3.31e-14	9.94e-12	1.55e-09	6.45e-08	8.79e-07	1.19e-05	3.13e-03	6.08e-02	2.73e-01	3.69e-01	2.47e-01	4.41e-02	3.47e-03	3.17e-04	6.01e-05	3.60e-07	0.00e+00
 2.87146e+22	2.41e-26	1.50e-19	4.40e-14	1.30e-11	1.98e-09	8.03e-08	1.06e-06	1.39e-05	3.49e-03	6.53e-02	2.82e-01	3.68e-01	2.37e-01	4.08e-02	3.09e-03	2.76e-04	5.09e-05	2.93e-07	0.00e+00
 2.92030e+22	3.26e-26	1.98e-19	5.62e-14	1.63e-11	2.44e-09	9.69e-08	1.24e-06	1.58e-05	3.83e-03	6.94e-02	2.90e-01	3.67e-01	2.29e-01	3.80e-02	2.79e-03	2.44e-04	4.39e-05	2.44e-07	0.00e+00
 2.96478e+22	4.23e-26	2.50e-19	6.93e-14	1.98e-11	2.93e-09	1.14e-07	1.42e-06	1.78e-05	4.17e-03	7.31e-02	2.97e-01	3.66e-01	2.21e-01	3.57e-02	2.54e-03	2.19e-04	3.85e-05	2.07e-07	0.00e+00
 3.01587e+22	5.66e-26	3.25e-19	8.75e-14	2.46e-11	3.57e-09	1.36e-07	1.66e-06	2.02e-05	4.57e-03	7.76e-02	3.04e-01	3.65e-01	2.13e-01	3.32e-02	2.29e-03	1.93e-04	3.32e-05	1.72e-07	0.00e+00
 3.08228e+22	8.19e-26	4.54e-19	1.18e-13	3.26e-11	4.62e-09	1.71e-07	2.01e-06	2.37e-05	5.15e-03	8.35e-02	3.14e-01	3.62e-01	2.03e-01	3.02e-02	2.00e-03	1.65e-04	2.74e-05	1.36e-07	0.00e+00
 3.15038e+22	1.21e-25	6.44e-19	1.61e-13	4.38e-11	6.09e-09	2.19e-07	2.50e-06	2.83e-05	5.82e-03	9.01e-02	3.24e-01	3.59e-01	1.92e-01	2.73e-02	1.73e-03	1.39e-04	2.24e-05	0.00e+00	0.00e+00
 3.20384e+22	1.61e-25	8.36e-19	2.03e-13	5.45e-11	7.46e-09	2.63e-07	2.91e-06	3.23e-05	6.38e-03	9.54e-02	3.32e-01	3.56e-01	1.84e-01	2.53e-02	1.55e-03	1.22e-04	1.91e-05	0.00e+00	0.00e+00
 3.25649e+22	2.09e-25	1.06e-18	2.49e-13	6.62e-11	8.93e-09	3.09e-07	3.34e-06	3.62e-05	6.95e-03	1.01e-01	3.39e-01	3.52e-01	1.76e-01	2.34e-02	1.39e-03	1.08e-04	1.65e-05	0.00e+00	0.00e+00
 3.32494e+22	2.94e-25	1.43e-18	3.26e-13	8.56e-11	1.13e-08	3.84e-07	4.01e-06	4.23e-05	7.76e-03	1.07e-01	3.47e-01	3.48e-01	1.67e-01	2.12e-02	1.21e-03	9.17e-05	1.36e-05	0.00e+00	0.00e+00
 3.39843e+22	4.26e-25	2.00e-18	4.37e-13	1.13e-10	1.48e-08	4.88e-07	4.94e-06	5.03e-05	8.75e-03	1.15e-01	3.56e-01	3.42e-01	1.57e-01	1.90e-02	1.04e-03	7.67e-05	1.10e-05	0.00e+00	0.00e+00
 3.46123e+22	5.75e-25	2.61e-18	5.54e-13	1.43e-10	1.84e-08	5.94e-07	5.85e-06	5.81e-05	9.67e-03	1.23e-01	3.64e-01	3.37e-01	1.49e-01	1.73e-02	9.12e-04	6.59e-05	9.18e-06	0.00e+00	0.00e+00
 3.52563e+22	7.64e-25	3.36e-18	6.92e-13	1.76e-10	2.24e-08	7.09e-07	6.79e-06	6.61e-05	1.06e-02	1.29e-01	3.70e-01	3.32e-01	1.41e-01	1.58e-02	8.05e-04	5.70e-05	7.73e-06	0.00e+00	0.00e+00
 3.60935e+22	1.10e-24	4.65e-18	9.18e-13	2.32e-10	2.90e-08	8.99e-07	8.31e-06	7.85e-05	1.20e-02	1.39e-01	3.78e-01	3.25e-01	1.31e-01	1.40e-02	6.81e-04	4.71e-05	6.15e-06	0.00e+00	0.00e+00
 3.68975e+22	1.58e-24	6.43e-18	1.22e-12	3.07e-10	3.79e-08	1.15e-06	1.03e-05	9.40e-05	1.35e-02	1.49e-01	3.86e-01	3.17e-01	1.22e-01	1.23e-02	5.75e-04	3.88e-05	4.88e-06	0.00e+00	0.00e+00
 3.74557e+22	2.00e-24	7.91e-18	1.46e-12	3.65e-10	4.48e-08	1.34e-06	1.17e-05	1.05e-04	1.46e-02	1.56e-01	3.90e-01	3.12e-01	1.16e-01	1.14e-02	5.14e-04	3.41e-05	4.19e-06	0.00e+00	0.00e+00
 3.79786e+22	2.43e-24	9.42e-18	1.70e-12	4.24e-10	5.15e-08	1.52e-06	1.31e-05	1.16e-04	1.56e-02	1.62e-01	3.94e-01	3.07e-01	1.11e-01	1.05e-02	4.64e-04	3.04e-05	3.65e-06	0.00e+00	0.00e+00
 3.86583e+22	3.16e-24	1.19e-17	2.08e-12	5.17e-10	6.23e-08	1.81e-06	1.52e-05	1.32e-04	1.71e-02	1.70e-01	3.99e-01	3.00e-01	1.04e-01	9.54e-03	4.06e-04	2.61e-05	3.05e-06	0.00e+00	0.00e+00
 3.95420e+22	4.38e-24	1.58e-17	2.67e-12	6.62e-10	7.91e-08	2.25e-06	1.83e-05	1.55e-04	1.91e-02	1.81e-01	4.04e-01	2.91e-01	9.61e-02	8.39e-03	3.42e-04	2.15e-05	2.42e-06	0.00e+00	0.00e+00
 4.04482e+22	6.17e-24	2.14e-17	3.46e-12	8.60e-10	1.02e-07	2.86e-06	2.25e-05	1.85e-04	2.15e-02	1.93e-01	4.09e-01	2.81e-01	8.81e-02	7.31e-03	2.84e-04	1.75e-05	1.89e-06	0.00e+00	0.00e+00
 4.11578e+22	7.96e-24	2.68e-17	4.20e-12	1.04e-09	1.23e-07	3.39e-06	2.61e-05	2.10e-04	2.35e-02	2.02e-01	4.12e-01	2.73e-01	8.23e-02	6.57e-03	2.47e-04	1.49e-05	1.57e-06	0.00e+00	0.00e+00
 4.18545e+22	9.94e-24	3.25e-17	4.95e-12	1.23e-09	1.44e-07	3.93e-06	2.95e-05	2.35e-04	2.54e-02	2.11e-01	4.14e-01	2.66e-01	7.73e-02	5.95e-03	2.17e-04	1.29e-05	1.32e-06	0.00e+00	0.00e+00
 4.27603e+22	1.33e-23	4.19e-17	6.15e-12	1.53e-09	1.79e-07	4.79e-06	3.50e-05	2.73e-04	2.81e-02	2.22e-01	4.17e-01	2.57e-01	7.10e-02	5.22e-03	1.83e-04	1.07e-05	1.05e-06	0.00e+00	0.00e+00
 4.37359e+22	1.82e-23	5.52e-17	7.79e-12	1.96e-09	2.27e-07	5.98e-06	4.24e-05	3.24e-04	3.14e-02	2.35e-01	4.18e-01	2.46e-01	6.46e-02	4.52e-03	1.51e-04	8.62e-06	8.19e-07	0.00e+00	0.00e+00
 4.45684e+22	2.36e-23	6.93e-17	9.45e-12	2.38e-09	2.75e-07	7.15e-06	4.94e-05	3.71e-04	3.43e-02	2.46e-01	4.19e-01	2.37e-01	5.96e-02	4.00e-03	1.29e-04	7.22e-06	6.65e-07	0.00e+00	0.00e+00
 4.53049e+22	2.93e-23	8.34e-17	1.11e-11	2.79e-09	3.21e-07	8.26e-06	5.59e-05	4.14e-04	3.70e-02	2.55e-01	4.19e-01	2.29e-01	5.56e-02	3.60e-03	1.13e-04	6.21e-06	5.56e-07	0.00e+00	0.00e+00
 4.61507e+22	3.69e-23	1.02e-16	1.31e-11	3.33e-09	3.81e-07	9.66e-06	6.39e-05	4.67e-04	4.01e-02	2.65e-01	4.18e-01	2.21e-01	5.14e-02	3.20e-03	9.69e-05	5.25e-06	4.57e-07	0.00e+00	0.00e+00
 4.72502e+22	4.96e-23	1.32e-16	1.63e-11	4.15e-09	4.74e-07	1.18e-05	7.59e-05	5.46e-04	4.44e-02	2.79e-01	4.17e-01	2.10e-01	4.64e-02	2.75e-03	7.99e-05	4.23e-06	3.55e-07	0.00e+00	0.00e+00
 4.84019e+22	6.82e-23	1.73e-16	2.05e-11	5.29e-09	6.01e-07	1.48e-05	9.19e-05	6.46e-04	4.94e-02	2.93e-01	4.14e-01	1.99e-01	4.15e-02	2.33e-03	6.48e-05	3.35e-06	2.70e-07	0.00e+00	0.00e+00
 4.93356e+22	8.74e-23	2.15e-16	2.46e-11	6.38e-09	7.21e-07	1.75e-05	1.06e-04	7.35e-04	5.37e-02	3.04e-01	4.12e-01	1.90e-01	3.79e-02	2.05e-03	5.49e-05	2.79e-06	2.18e-07	0.00e+00	0.00e+00
 5.02634e+22	1.09e-22	2.59e-16	2.87e-11	7.48e-09	8.41e-07	2.01e-05	1.19e-04	8.20e-04	5.78e-02	3.14e-01	4.09e-01	1.82e-01	3.49e-02	1.81e-03	4.72e-05	2.36e-06	1.79e-07	0.00e+00	0.00e+00
 5.14696e+22	1.44e-22	3.31e-16	3.52e-11	9.24e-09	1.03e-06	2.43e-05	1.40e-04	9.48e-04	6.35e-02	3.27e-01	4.04e-01	1.71e-01	3.13e-02	1.55e-03	3.87e-05	1.89e-06	1.38e-07	0.00e+00	0.00e+00
 5.27568e+22	1.97e-22	4.34e-16	4.42e-11	1.17e-08	1.30e-06	3.01e-05	1.68e-04	1.11e-03	7.01e-02	3.41e-01	3.98e-01	1.61e-01	2.77e-02	1.30e-03	3.12e-05	1.49e-06	0.00e+00	0.00e+00	0.00e+00
 5.38001e+22	2.53e-22	5.38e-16	5.30e-11	1.41e-08	1.55e-06	3.54e-05	1.92e-04	1.26e-03	7.56e-02	3.52e-01	3.93e-01	1.52e-01	2.51e-02	1.14e-03	2.63e-05	1.23e-06	0.00e+00	0.00e+00	0.00e+00
 5.46622e+22	3.05e-22	6.31e-16	6.06e-11	1.61e-08	1.76e-06	3.98e-05	2.11e-04	1.38e-03	8.01e-02	3.60e-01	3.88e-01	1.46e-01	2.33e-02	1.02e-03	2.31e-05	1.06e-06	0.00e+00	0.00e+00	0.00e+00
 5.56376e+22	3.74e-22	7.50e-16	6.99e-11	1.86e-08	2.03e-06	4.53e-05	2.35e-04	1.52e-03	8.53e-02	3.69e-01	3.83e-01	1.39e-01	2.14e-02	9.05e-04	1.99e-05	9.03e-07	0.00e+00	0.00e+00	0.00e+00
 5.69057e+22	4.86e-22	9.40e-16	8.44e-11	2.26e-08	2.43e-06	5.34e-05	2.69e-04	1.72e-03	9.21e-02	3.79e-01	3.76e-01	1.31e-01	1.92e-02	7.79e-04	1.65e-05	7.36e-07	0.00e+00	0.00e+00	0.00e+00
 5.82059e+22	6.44e-22	1.20e-15	1.04e-10	2.78e-08	2.97e-06	6.42e-05	3.14e-04	1.97e-03	9.98e-02	3.90e-01	3.68e-01	1.22e-01	1.71e-02	6.62e-04	1.35e-05	5.90e-07	0.00e+00	0.00e+00	0.00e+00
 5.92161e+22	7.97e-22	1.44e-15	1.21e-10	3.24e-08	3.43e-06	7.31e-05	3.49e-04	2.17e-03	1.06e-01	3.98e-01	3.61e-01	1.16e-01	1.56e-02	5.86e-04	1.17e-05	5.01e-07	0.00e+00	0.00e+00	0.00e+00
 6.01975e+22	9.53e-22	1.68e-15	1.37e-10	3.68e-08	3.86e-06	8.13e-05	3.80e-04	2.36e-03	1.11e-01	4.05e-01	3.55e-01	1.11e-01	1.44e-02	5.24e-04	1.02e-05	4.31e-07	0.00e+00	0.00e+00	0.00e+00
 6.14734e+22	1.21e-21	2.06e-15	1.63e-10	4.37e-08	4.53e-06	9.38e-05	4.27e-04	2.62e-03	1.19e-01	4.13e-01	3.47e-01	1.04e-01	1.30e-02	4.56e-04	8.60e-06	3.57e-07	0.00e+00	0.00e+00	0.00e+00
 6.28821e+22	1.60e-21	2.62e-15	1.99e-10	5.33e-08	5.45e-06	1.11e-04	4.89e-04	2.96e-03	1.27e-01	4.22e-01	3.38e-01	9.75e-02	1.16e-02	3.89e-04	7.10e-06	2.88e-07	0.00e+00	0.00e+00	0.00e+00
