#depth	C	C+	C+2	C+3	C+4	C+5	C+6	C[1]	C[2]	C[3]	C+[1]	C+[2]	CO
 6.17135e+19	0.00e+00	3.32e-26	1.92e-19	1.32e-13	3.92e-08	4.28e-04	1.00e+00	0.00e+00	0.00e+00	0.00e+00	0.00e+00	0.00e+00	1.73e-88
 1.87609e+20	0.00e+00	5.42e-26	2.74e-19	1.64e-13	4.66e-08	4.79e-04	1.00e+00	0.00e+00	0.00e+00	0.00e+00	0.00e+00	0.00e+00	2.09e-88
 2.93824e+20	0.00e+00	8.12e-26	3.66e-19	1.97e-13	5.35e-08	5.25e-04	9.99e-01	0.00e+00	0.00e+00	0.00e+00	0.00e+00	0.00e+00	2.50e-88
 3.70510e+20	0.00e+00	1.07e-25	4.48e-19	2.22e-13	5.88e-08	5.60e-04	9.99e-01	0.00e+00	0.00e+00	0.00e+00	0.00e+00	0.00e+00	1.87e-88
 4.23796e+20	0.00e+00	1.30e-25	5.14e-19	2.42e-13	6.27e-08	5.85e-04	9.99e-01	0.00e+00	0.00e+00	0.00e+00	0.00e+00	0.00e+00	1.34e-88
 4.57939e+20	0.00e+00	1.46e-25	5.60e-19	2.55e-13	6.53e-08	6.01e-04	9.99e-01	0.00e+00	0.00e+00	0.00e+00	0.00e+00	0.00e+00	9.14e-89
 4.93614e+20	0.00e+00	1.65e-25	6.09e-19	2.68e-13	6.79e-08	6.18e-04	9.99e-01	0.00e+00	0.00e+00	0.00e+00	0.00e+00	0.00e+00	6.23e-89
 5.39992e+20	0.00e+00	1.92e-25	6.80e-19	2.87e-13	7.17e-08	6.41e-04	9.99e-01	0.00e+00	0.00e+00	0.00e+00	0.00e+00	0.00e+00	4.27e-89
 5.91918e+20	0.00e+00	2.28e-25	7.68e-19	3.09e-13	7.61e-08	6.67e-04	9.99e-01	0.00e+00	0.00e+00	0.00e+00	0.00e+00	0.00e+00	2.93e-89
 6.40244e+20	0.00e+00	2.67e-25	8.60e-19	3.31e-13	8.02e-08	6.92e-04	9.99e-01	0.00e+00	0.00e+00	0.00e+00	0.00e+00	0.00e+00	2.00e-89
 6.85122e+20	0.00e+00	3.07e-25	9.52e-19	3.52e-13	8.43e-08	7.16e-04	9.99e-01	0.00e+00	0.00e+00	0.00e+00	0.00e+00	0.00e+00	1.37e-89
 7.36330e+20	0.00e+00	3.60e-25	1.07e-18	3.77e-13	8.91e-08	7.43e-04	9.99e-01	0.00e+00	0.00e+00	0.00e+00	0.00e+00	0.00e+00	9.87e-90
 7.93969e+20	0.00e+00	4.30e-25	1.21e-18	4.07e-13	9.47e-08	7.75e-04	9.99e-01	0.00e+00	0.00e+00	0.00e+00	0.00e+00	0.00e+00	4.65e-90
 8.48133e+20	0.00e+00	5.07e-25	1.36e-18	4.37e-13	1.00e-07	8.05e-04	9.99e-01	0.00e+00	0.00e+00	0.00e+00	0.00e+00	0.00e+00	6.54e-90
 8.98784e+20	0.00e+00	5.90e-25	1.52e-18	4.66e-13	1.06e-07	8.34e-04	9.99e-01	0.00e+00	0.00e+00	0.00e+00	0.00e+00	0.00e+00	1.11e-89
 9.56701e+20	0.00e+00	6.98e-25	1.71e-18	5.02e-13	1.12e-07	8.68e-04	9.99e-01	0.00e+00	0.00e+00	0.00e+00	0.00e+00	0.00e+00	1.90e-89
 1.01852e+21	0.00e+00	8.35e-25	1.95e-18	5.43e-13	1.20e-07	9.05e-04	9.99e-01	0.00e+00	0.00e+00	0.00e+00	0.00e+00	0.00e+00	3.43e-89
 1.07197e+21	0.00e+00	9.73e-25	2.17e-18	5.81e-13	1.26e-07	9.38e-04	9.99e-01	0.00e+00	0.00e+00	0.00e+00	0.00e+00	0.00e+00	6.18e-89
 1.12801e+21	0.00e+00	1.14e-24	2.43e-18	6.22e-13	1.34e-07	9.72e-04	9.99e-01	0.00e+00	0.00e+00	0.00e+00	0.00e+00	0.00e+00	1.05e-88
 1.20087e+21	0.00e+00	1.39e-24	2.81e-18	6.81e-13	1.44e-07	1.02e-03	9.99e-01	0.00e+00	0.00e+00	0.00e+00	0.00e+00	0.00e+00	1.82e-88
 1.27433e+21	0.00e+00	1.70e-24	3.25e-18	7.45e-13	1.55e-07	1.07e-03	9.99e-01	0.00e+00	0.00e+00	0.00e+00	0.00e+00	0.00e+00	3.56e-88
 1.33227e+21	0.00e+00	1.99e-24	3.64e-18	8.00e-13	1.64e-07	1.11e-03	9.99e-01	0.00e+00	0.00e+00	0.00e+00	0.00e+00	0.00e+00	6.76e-88
 1.39128e+21	0.00e+00	2.32e-24	4.08e-18	8.59e-13	1.74e-07	1.15e-03	9.99e-01	0.00e+00	0.00e+00	0.00e+00	0.00e+00	0.00e+00	1.14e-87
 1.46800e+21	0.00e+00	2.84e-24	4.72e-18	9.42e-13	1.88e-07	1.20e-03	9.99e-01	0.00e+00	0.00e+00	0.00e+00	0.00e+00	0.00e+00	1.98e-87
 1.54744e+21	0.00e+00	3.49e-24	5.49e-18	1.04e-12	2.03e-07	1.26e-03	9.99e-01	0.00e+00	0.00e+00	0.00e+00	0.00e+00	0.00e+00	3.89e-87
 1.61018e+21	0.00e+00	4.10e-24	6.18e-18	1.12e-12	2.16e-07	1.30e-03	9.99e-01	0.00e+00	0.00e+00	0.00e+00	0.00e+00	0.00e+00	7.41e-87
 1.67148e+21	0.00e+00	4.78e-24	6.92e-18	1.20e-12	2.29e-07	1.35e-03	9.99e-01	0.00e+00	0.00e+00	0.00e+00	0.00e+00	0.00e+00	1.20e-86
 1.75117e+21	0.00e+00	5.82e-24	8.00e-18	1.32e-12	2.48e-07	1.41e-03	9.99e-01	0.00e+00	0.00e+00	0.00e+00	0.00e+00	0.00e+00	2.13e-86
 1.83360e+21	0.00e+00	7.15e-24	9.31e-18	1.45e-12	2.69e-07	1.47e-03	9.99e-01	0.00e+00	0.00e+00	0.00e+00	0.00e+00	0.00e+00	4.22e-86
 1.90158e+21	0.00e+00	8.44e-24	1.05e-17	1.57e-12	2.87e-07	1.53e-03	9.98e-01	0.00e+00	0.00e+00	0.00e+00	0.00e+00	0.00e+00	7.90e-86
 1.97194e+21	0.00e+00	9.98e-24	1.19e-17	1.71e-12	3.07e-07	1.58e-03	9.98e-01	0.00e+00	0.00e+00	0.00e+00	0.00e+00	0.00e+00	1.31e-85
 2.06341e+21	0.00e+00	1.24e-23	1.40e-17	1.90e-12	3.36e-07	1.66e-03	9.98e-01	0.00e+00	0.00e+00	0.00e+00	0.00e+00	0.00e+00	2.45e-85
 2.15714e+21	0.00e+00	1.55e-23	1.66e-17	2.12e-12	3.68e-07	1.74e-03	9.98e-01	0.00e+00	0.00e+00	0.00e+00	0.00e+00	0.00e+00	4.97e-85
 2.23312e+21	0.00e+00	1.85e-23	1.89e-17	2.31e-12	3.95e-07	1.81e-03	9.98e-01	0.00e+00	0.00e+00	0.00e+00	0.00e+00	0.00e+00	9.46e-85
 2.29953e+21	0.00e+00	2.14e-23	2.11e-17	2.48e-12	4.18e-07	1.87e-03	9.98e-01	0.00e+00	0.00e+00	0.00e+00	0.00e+00	0.00e+00	1.65e-84
 2.37423e+21	1.38e-32	2.55e-23	2.40e-17	2.71e-12	4.51e-07	1.94e-03	9.98e-01	0.00e+00	0.00e+00	0.00e+00	0.00e+00	0.00e+00	2.61e-84
 2.47134e+21	1.79e-32	3.17e-23	2.83e-17	3.02e-12	4.95e-07	2.03e-03	9.98e-01	0.00e+00	0.00e+00	0.00e+00	0.00e+00	0.00e+00	4.97e-84
 2.57037e+21	2.33e-32	3.95e-23	3.34e-17	3.37e-12	5.43e-07	2.13e-03	9.98e-01	0.00e+00	0.00e+00	0.00e+00	0.00e+00	0.00e+00	9.99e-84
 2.65002e+21	2.86e-32	4.70e-23	3.81e-17	3.68e-12	5.83e-07	2.20e-03	9.98e-01	0.00e+00	0.00e+00	0.00e+00	0.00e+00	0.00e+00	1.83e-83
 2.73170e+21	3.53e-32	5.60e-23	4.34e-17	4.02e-12	6.28e-07	2.29e-03	9.98e-01	0.00e+00	0.00e+00	0.00e+00	0.00e+00	0.00e+00	3.19e-83
 2.83788e+21	4.62e-32	7.02e-23	5.15e-17	4.51e-12	6.92e-07	2.40e-03	9.98e-01	0.00e+00	0.00e+00	0.00e+00	0.00e+00	0.00e+00	6.08e-83
 2.94786e+21	6.10e-32	8.86e-23	6.14e-17	5.07e-12	7.64e-07	2.52e-03	9.97e-01	0.00e+00	0.00e+00	0.00e+00	0.00e+00	0.00e+00	1.26e-82
 3.03782e+21	7.62e-32	1.07e-22	7.08e-17	5.58e-12	8.27e-07	2.62e-03	9.97e-01	0.00e+00	0.00e+00	0.00e+00	0.00e+00	0.00e+00	2.43e-82
 3.12980e+21	9.54e-32	1.29e-22	8.15e-17	6.13e-12	8.95e-07	2.72e-03	9.97e-01	0.00e+00	0.00e+00	0.00e+00	0.00e+00	0.00e+00	4.50e-82
 3.23136e+21	1.22e-31	1.59e-22	9.54e-17	6.82e-12	9.79e-07	2.84e-03	9.97e-01	0.00e+00	0.00e+00	0.00e+00	0.00e+00	0.00e+00	8.09e-82
 3.32364e+21	1.53e-31	1.91e-22	1.10e-16	7.49e-12	1.06e-06	2.95e-03	9.97e-01	0.00e+00	0.00e+00	0.00e+00	0.00e+00	0.00e+00	1.47e-81
 3.40877e+21	1.87e-31	2.26e-22	1.25e-16	8.17e-12	1.14e-06	3.05e-03	9.97e-01	0.00e+00	0.00e+00	0.00e+00	0.00e+00	0.00e+00	2.50e-81
 3.50634e+21	2.35e-31	2.73e-22	1.44e-16	9.00e-12	1.23e-06	3.18e-03	9.97e-01	0.00e+00	0.00e+00	0.00e+00	0.00e+00	0.00e+00	4.48e-81
 3.63317e+21	3.14e-31	3.49e-22	1.73e-16	1.02e-11	1.37e-06	3.34e-03	9.97e-01	0.00e+00	0.00e+00	0.00e+00	0.00e+00	0.00e+00	8.96e-81
 3.76077e+21	4.23e-31	4.47e-22	2.09e-16	1.16e-11	1.52e-06	3.51e-03	9.96e-01	0.00e+00	0.00e+00	0.00e+00	0.00e+00	0.00e+00	1.93e-80
 3.86005e+21	5.31e-31	5.40e-22	2.42e-16	1.28e-11	1.65e-06	3.65e-03	9.96e-01	0.00e+00	0.00e+00	0.00e+00	0.00e+00	0.00e+00	3.77e-80
 3.95981e+21	6.64e-31	6.50e-22	2.78e-16	1.40e-11	1.78e-06	3.79e-03	9.96e-01	0.00e+00	0.00e+00	0.00e+00	0.00e+00	0.00e+00	6.75e-80
 4.08950e+21	8.86e-31	8.27e-22	3.34e-16	1.59e-11	1.97e-06	3.98e-03	9.96e-01	0.00e+00	0.00e+00	0.00e+00	0.00e+00	0.00e+00	1.33e-79
 4.21521e+21	1.18e-30	1.05e-21	4.00e-16	1.79e-11	2.18e-06	4.18e-03	9.96e-01	0.00e+00	0.00e+00	0.00e+00	0.00e+00	0.00e+00	2.76e-79
 4.30422e+21	1.43e-30	1.23e-21	4.53e-16	1.95e-11	2.33e-06	4.32e-03	9.96e-01	0.00e+00	0.00e+00	0.00e+00	0.00e+00	0.00e+00	5.06e-79
 4.38839e+21	1.72e-30	1.43e-21	5.08e-16	2.10e-11	2.48e-06	4.45e-03	9.96e-01	0.00e+00	0.00e+00	0.00e+00	0.00e+00	0.00e+00	1.02e-78
 4.49782e+21	2.18e-30	1.75e-21	5.91e-16	2.33e-11	2.70e-06	4.63e-03	9.95e-01	0.00e+00	0.00e+00	0.00e+00	0.00e+00	0.00e+00	1.86e-78
 4.61866e+21	2.84e-30	2.18e-21	6.98e-16	2.61e-11	2.96e-06	4.84e-03	9.95e-01	0.00e+00	0.00e+00	0.00e+00	0.00e+00	0.00e+00	3.66e-78
 4.71790e+21	3.53e-30	2.61e-21	8.02e-16	2.87e-11	3.18e-06	5.01e-03	9.95e-01	0.00e+00	0.00e+00	0.00e+00	0.00e+00	0.00e+00	6.36e-78
 4.79292e+21	4.15e-30	2.98e-21	8.88e-16	3.07e-11	3.37e-06	5.15e-03	9.95e-01	0.00e+00	0.00e+00	0.00e+00	0.00e+00	0.00e+00	9.61e-78
 4.87286e+21	4.91e-30	3.43e-21	9.88e-16	3.30e-11	3.56e-06	5.29e-03	9.95e-01	0.00e+00	0.00e+00	0.00e+00	0.00e+00	0.00e+00	1.47e-77
 4.97679e+21	6.13e-30	4.12e-21	1.14e-15	3.64e-11	3.85e-06	5.49e-03	9.95e-01	0.00e+00	0.00e+00	0.00e+00	0.00e+00	0.00e+00	2.58e-77
 5.08012e+21	7.66e-30	4.96e-21	1.31e-15	4.01e-11	4.15e-06	5.69e-03	9.94e-01	0.00e+00	0.00e+00	0.00e+00	0.00e+00	0.00e+00	4.54e-77
 5.15725e+21	9.02e-30	5.69e-21	1.46e-15	4.30e-11	4.39e-06	5.84e-03	9.94e-01	0.00e+00	0.00e+00	0.00e+00	0.00e+00	0.00e+00	6.88e-77
 5.23209e+21	1.06e-29	6.49e-21	1.61e-15	4.61e-11	4.63e-06	5.99e-03	9.94e-01	0.00e+00	0.00e+00	0.00e+00	0.00e+00	0.00e+00	1.02e-76
 5.32938e+21	1.30e-29	7.69e-21	1.84e-15	5.04e-11	4.96e-06	6.20e-03	9.94e-01	0.00e+00	0.00e+00	0.00e+00	0.00e+00	0.00e+00	1.71e-76
 5.43221e+21	1.61e-29	9.23e-21	2.11e-15	5.55e-11	5.34e-06	6.42e-03	9.94e-01	0.00e+00	0.00e+00	0.00e+00	0.00e+00	0.00e+00	2.96e-76
 5.51791e+21	1.94e-29	1.07e-20	2.37e-15	6.01e-11	5.68e-06	6.61e-03	9.93e-01	0.00e+00	0.00e+00	0.00e+00	0.00e+00	0.00e+00	4.66e-76
 5.60501e+21	2.32e-29	1.25e-20	2.67e-15	6.50e-11	6.04e-06	6.80e-03	9.93e-01	0.00e+00	0.00e+00	0.00e+00	0.00e+00	0.00e+00	7.33e-76
 5.71823e+21	2.94e-29	1.52e-20	3.10e-15	7.22e-11	6.53e-06	7.06e-03	9.93e-01	0.00e+00	0.00e+00	0.00e+00	0.00e+00	0.00e+00	1.32e-75
 5.82659e+21	3.71e-29	1.85e-20	3.61e-15	8.00e-11	7.06e-06	7.32e-03	9.93e-01	0.00e+00	0.00e+00	0.00e+00	0.00e+00	0.00e+00	2.35e-75
 5.90187e+21	4.35e-29	2.11e-20	4.00e-15	8.58e-11	7.44e-06	7.51e-03	9.92e-01	0.00e+00	0.00e+00	0.00e+00	0.00e+00	0.00e+00	3.47e-75
 5.97297e+21	5.04e-29	2.39e-20	4.39e-15	9.16e-11	7.81e-06	7.69e-03	9.92e-01	0.00e+00	0.00e+00	0.00e+00	0.00e+00	0.00e+00	5.00e-75
 6.06541e+21	6.11e-29	2.81e-20	4.98e-15	9.98e-11	8.32e-06	7.92e-03	9.92e-01	0.00e+00	0.00e+00	0.00e+00	0.00e+00	0.00e+00	8.05e-75
 6.16631e+21	7.56e-29	3.36e-20	5.72e-15	1.10e-10	8.93e-06	8.19e-03	9.92e-01	0.00e+00	0.00e+00	0.00e+00	0.00e+00	0.00e+00	1.36e-74
 6.25529e+21	9.12e-29	3.93e-20	6.46e-15	1.19e-10	9.49e-06	8.43e-03	9.92e-01	0.00e+00	0.00e+00	0.00e+00	0.00e+00	0.00e+00	2.15e-74
 6.33534e+21	1.08e-28	4.52e-20	7.20e-15	1.29e-10	1.00e-05	8.65e-03	9.91e-01	0.00e+00	0.00e+00	0.00e+00	0.00e+00	0.00e+00	3.24e-74
 6.42672e+21	1.30e-28	5.30e-20	8.15e-15	1.40e-10	1.07e-05	8.91e-03	9.91e-01	0.00e+00	0.00e+00	0.00e+00	0.00e+00	0.00e+00	5.15e-74
 6.52509e+21	1.60e-28	6.31e-20	9.33e-15	1.54e-10	1.14e-05	9.20e-03	9.91e-01	0.00e+00	0.00e+00	0.00e+00	0.00e+00	0.00e+00	8.54e-74
 6.60969e+21	1.91e-28	7.33e-20	1.05e-14	1.67e-10	1.21e-05	9.46e-03	9.91e-01	0.00e+00	0.00e+00	0.00e+00	0.00e+00	0.00e+00	1.31e-73
 6.68517e+21	2.24e-28	8.37e-20	1.16e-14	1.79e-10	1.27e-05	9.69e-03	9.90e-01	0.00e+00	0.00e+00	0.00e+00	0.00e+00	0.00e+00	1.92e-73
 6.77165e+21	2.68e-28	9.73e-20	1.31e-14	1.95e-10	1.35e-05	9.96e-03	9.90e-01	0.00e+00	0.00e+00	0.00e+00	0.00e+00	0.00e+00	2.97e-73
 6.88408e+21	3.38e-28	1.18e-19	1.52e-14	2.16e-10	1.45e-05	1.03e-02	9.90e-01	0.00e+00	0.00e+00	0.00e+00	0.00e+00	0.00e+00	5.20e-73
 6.99615e+21	4.28e-28	1.45e-19	1.78e-14	2.41e-10	1.57e-05	1.07e-02	9.89e-01	0.00e+00	0.00e+00	0.00e+00	0.00e+00	0.00e+00	9.19e-73
 7.08055e+21	5.10e-28	1.68e-19	2.00e-14	2.62e-10	1.66e-05	1.10e-02	9.89e-01	0.00e+00	0.00e+00	0.00e+00	0.00e+00	0.00e+00	1.40e-72
 7.16304e+21	6.03e-28	1.93e-19	2.23e-14	2.83e-10	1.75e-05	1.13e-02	9.89e-01	0.00e+00	0.00e+00	0.00e+00	0.00e+00	0.00e+00	2.09e-72
 7.27027e+21	7.50e-28	2.33e-19	2.58e-14	3.13e-10	1.88e-05	1.17e-02	9.88e-01	0.00e+00	0.00e+00	0.00e+00	0.00e+00	0.00e+00	3.55e-72
 7.38324e+21	9.47e-28	2.84e-19	3.01e-14	3.49e-10	2.02e-05	1.21e-02	9.88e-01	0.00e+00	0.00e+00	0.00e+00	0.00e+00	0.00e+00	6.20e-72
 7.47752e+21	1.15e-27	3.34e-19	3.42e-14	3.81e-10	2.15e-05	1.24e-02	9.88e-01	0.00e+00	0.00e+00	0.00e+00	0.00e+00	0.00e+00	9.81e-72
 7.55930e+21	1.35e-27	3.85e-19	3.82e-14	4.12e-10	2.27e-05	1.27e-02	9.87e-01	0.00e+00	0.00e+00	0.00e+00	0.00e+00	0.00e+00	1.45e-71
 7.65101e+21	1.62e-27	4.49e-19	4.31e-14	4.49e-10	2.40e-05	1.31e-02	9.87e-01	0.00e+00	0.00e+00	0.00e+00	0.00e+00	0.00e+00	2.25e-71
 7.77023e+21	2.05e-27	5.50e-19	5.05e-14	5.02e-10	2.59e-05	1.36e-02	9.86e-01	0.00e+00	0.00e+00	0.00e+00	0.00e+00	0.00e+00	3.94e-71
 7.89406e+21	2.63e-27	6.79e-19	5.96e-14	5.64e-10	2.80e-05	1.41e-02	9.86e-01	0.00e+00	0.00e+00	0.00e+00	0.00e+00	0.00e+00	7.10e-71
 7.99551e+21	3.20e-27	8.05e-19	6.81e-14	6.20e-10	2.99e-05	1.45e-02	9.85e-01	0.00e+00	0.00e+00	0.00e+00	0.00e+00	0.00e+00	1.14e-70
 8.09902e+21	3.90e-27	9.53e-19	7.78e-14	6.80e-10	3.18e-05	1.50e-02	9.85e-01	0.00e+00	0.00e+00	0.00e+00	0.00e+00	0.00e+00	1.82e-70
 8.23358e+21	5.02e-27	1.19e-18	9.24e-14	7.68e-10	3.45e-05	1.56e-02	9.84e-01	0.00e+00	0.00e+00	0.00e+00	0.00e+00	0.00e+00	3.33e-70
 8.36700e+21	6.47e-27	1.48e-18	1.10e-13	8.68e-10	3.74e-05	1.62e-02	9.84e-01	0.00e+00	0.00e+00	0.00e+00	0.00e+00	0.00e+00	6.10e-70
 8.46761e+21	7.79e-27	1.73e-18	1.25e-13	9.50e-10	3.97e-05	1.67e-02	9.83e-01	0.00e+00	0.00e+00	0.00e+00	0.00e+00	0.00e+00	9.49e-70
 8.56710e+21	9.30e-27	2.02e-18	1.41e-13	1.03e-09	4.21e-05	1.71e-02	9.83e-01	0.00e+00	0.00e+00	0.00e+00	0.00e+00	0.00e+00	1.45e-69
 8.69643e+21	1.17e-26	2.47e-18	1.65e-13	1.16e-09	4.53e-05	1.78e-02	9.82e-01	0.00e+00	0.00e+00	0.00e+00	0.00e+00	0.00e+00	2.51e-69
 8.83686e+21	1.49e-26	3.07e-18	1.95e-13	1.31e-09	4.91e-05	1.84e-02	9.82e-01	0.00e+00	0.00e+00	0.00e+00	0.00e+00	0.00e+00	4.54e-69
 8.95556e+21	1.83e-26	3.67e-18	2.25e-13	1.44e-09	5.25e-05	1.91e-02	9.81e-01	0.00e+00	0.00e+00	0.00e+00	0.00e+00	0.00e+00	7.41e-69
 9.05609e+21	2.17e-26	4.25e-18	2.53e-13	1.57e-09	5.55e-05	1.96e-02	9.80e-01	0.00e+00	0.00e+00	0.00e+00	0.00e+00	0.00e+00	1.11e-68
 9.16911e+21	2.61e-26	5.00e-18	2.87e-13	1.72e-09	5.90e-05	2.01e-02	9.80e-01	0.00e+00	0.00e+00	0.00e+00	0.00e+00	0.00e+00	1.73e-68
 9.31605e+21	3.30e-26	6.16e-18	3.39e-13	1.93e-09	6.37e-05	2.09e-02	9.79e-01	0.00e+00	0.00e+00	0.00e+00	0.00e+00	0.00e+00	3.05e-68
 9.46504e+21	4.18e-26	7.61e-18	4.00e-13	2.18e-09	6.89e-05	2.17e-02	9.78e-01	0.00e+00	0.00e+00	0.00e+00	0.00e+00	0.00e+00	5.43e-68
 9.58140e+21	5.01e-26	8.93e-18	4.54e-13	2.39e-09	7.31e-05	2.24e-02	9.78e-01	0.00e+00	0.00e+00	0.00e+00	0.00e+00	0.00e+00	8.38e-68
 9.69736e+21	5.95e-26	1.04e-17	5.13e-13	2.60e-09	7.75e-05	2.30e-02	9.77e-01	0.00e+00	0.00e+00	0.00e+00	0.00e+00	0.00e+00	1.27e-67
 9.84810e+21	7.42e-26	1.27e-17	6.00e-13	2.91e-09	8.34e-05	2.38e-02	9.76e-01	0.00e+00	0.00e+00	0.00e+00	0.00e+00	0.00e+00	2.17e-67
 1.00082e+22	9.36e-26	1.56e-17	7.07e-13	3.28e-09	9.02e-05	2.47e-02	9.75e-01	0.00e+00	0.00e+00	0.00e+00	0.00e+00	0.00e+00	3.83e-67
 1.01441e+22	1.13e-25	1.85e-17	8.11e-13	3.61e-09	9.61e-05	2.55e-02	9.74e-01	0.00e+00	0.00e+00	0.00e+00	0.00e+00	0.00e+00	6.10e-67
 1.02843e+22	1.37e-25	2.19e-17	9.27e-13	3.98e-09	1.02e-04	2.63e-02	9.74e-01	0.00e+00	0.00e+00	0.00e+00	0.00e+00	0.00e+00	9.67e-67
 1.04665e+22	1.74e-25	2.72e-17	1.10e-12	4.51e-09	1.11e-04	2.74e-02	9.73e-01	0.00e+00	0.00e+00	0.00e+00	0.00e+00	0.00e+00	1.75e-66
 1.06543e+22	2.23e-25	3.40e-17	1.32e-12	5.12e-09	1.21e-04	2.85e-02	9.71e-01	0.00e+00	0.00e+00	0.00e+00	0.00e+00	0.00e+00	3.19e-66
 1.08034e+22	2.70e-25	4.04e-17	1.51e-12	5.65e-09	1.29e-04	2.94e-02	9.70e-01	0.00e+00	0.00e+00	0.00e+00	0.00e+00	0.00e+00	5.07e-66
 1.09512e+22	3.23e-25	4.75e-17	1.72e-12	6.20e-09	1.37e-04	3.03e-02	9.70e-01	0.00e+00	0.00e+00	0.00e+00	4.75e-17	3.48e-21	7.88e-66
 1.11434e+22	4.06e-25	5.84e-17	2.02e-12	6.99e-09	1.48e-04	3.15e-02	9.68e-01	0.00e+00	0.00e+00	0.00e+00	5.80e-17	4.44e-19	1.39e-65
 1.13360e+22	5.10e-25	7.19e-17	2.39e-12	7.88e-09	1.60e-04	3.27e-02	9.67e-01	0.00e+00	0.00e+00	0.00e+00	7.14e-17	5.29e-19	2.44e-65
 1.14834e+22	6.04e-25	8.39e-17	2.70e-12	8.61e-09	1.70e-04	3.36e-02	9.66e-01	0.00e+00	0.00e+00	0.00e+00	8.33e-17	6.05e-19	3.69e-65
 1.16295e+22	7.09e-25	9.70e-17	3.04e-12	9.37e-09	1.80e-04	3.46e-02	9.65e-01	0.00e+00	0.00e+00	0.00e+00	9.64e-17	6.90e-19	5.50e-65
 1.18193e+22	8.73e-25	1.17e-16	3.53e-12	1.04e-08	1.93e-04	3.58e-02	9.64e-01	0.00e+00	0.00e+00	0.00e+00	1.16e-16	8.13e-19	9.16e-65
 1.20244e+22	1.09e-24	1.43e-16	4.15e-12	1.17e-08	2.09e-04	3.72e-02	9.63e-01	0.00e+00	0.00e+00	0.00e+00	1.42e-16	9.63e-19	1.58e-64
 1.22038e+22	1.31e-24	1.70e-16	4.76e-12	1.30e-08	2.23e-04	3.84e-02	9.61e-01	0.00e+00	0.00e+00	0.00e+00	1.69e-16	1.12e-18	2.52e-64
 1.23918e+22	1.59e-24	2.02e-16	5.46e-12	1.43e-08	2.38e-04	3.96e-02	9.60e-01	0.00e+00	0.00e+00	0.00e+00	2.01e-16	1.30e-18	4.02e-64
 1.26362e+22	2.01e-24	2.52e-16	6.51e-12	1.63e-08	2.59e-04	4.13e-02	9.58e-01	0.00e+00	0.00e+00	0.00e+00	2.50e-16	1.57e-18	7.32e-64
 1.28877e+22	2.57e-24	3.16e-16	7.81e-12	1.86e-08	2.82e-04	4.30e-02	9.57e-01	0.00e+00	0.00e+00	0.00e+00	3.14e-16	1.90e-18	1.35e-63
 1.30775e+22	3.07e-24	3.73e-16	8.92e-12	2.05e-08	3.00e-04	4.43e-02	9.55e-01	0.00e+00	0.00e+00	0.00e+00	3.70e-16	2.19e-18	2.11e-63
 1.32292e+22	3.52e-24	4.22e-16	9.86e-12	2.21e-08	3.15e-04	4.54e-02	9.54e-01	0.00e+00	0.00e+00	0.00e+00	4.20e-16	2.45e-18	2.98e-63
 1.34024e+22	4.11e-24	4.88e-16	1.11e-11	2.40e-08	3.33e-04	4.66e-02	9.53e-01	0.00e+00	0.00e+00	0.00e+00	4.86e-16	2.78e-18	4.41e-63
 1.36275e+22	5.02e-24	5.87e-16	1.28e-11	2.67e-08	3.58e-04	4.83e-02	9.51e-01	0.00e+00	0.00e+00	0.00e+00	5.83e-16	3.25e-18	7.24e-63
 1.38702e+22	6.20e-24	7.14e-16	1.50e-11	3.00e-08	3.86e-04	5.00e-02	9.50e-01	0.00e+00	0.00e+00	0.00e+00	7.10e-16	3.83e-18	1.23e-62
 1.40760e+22	7.37e-24	8.40e-16	1.71e-11	3.30e-08	4.10e-04	5.16e-02	9.48e-01	0.00e+00	0.00e+00	0.00e+00	8.35e-16	4.39e-18	1.92e-62
 1.42563e+22	8.57e-24	9.64e-16	1.91e-11	3.58e-08	4.33e-04	5.29e-02	9.47e-01	0.00e+00	0.00e+00	0.00e+00	9.59e-16	4.96e-18	2.79e-62
 1.44626e+22	1.01e-23	1.13e-15	2.17e-11	3.92e-08	4.60e-04	5.45e-02	9.45e-01	0.00e+00	0.00e+00	0.00e+00	1.12e-15	5.68e-18	4.25e-62
 1.47309e+22	1.25e-23	1.37e-15	2.54e-11	4.40e-08	4.96e-04	5.65e-02	9.43e-01	0.00e+00	0.00e+00	0.00e+00	1.36e-15	6.70e-18	7.22e-62
 1.50092e+22	1.55e-23	1.68e-15	2.99e-11	4.97e-08	5.36e-04	5.87e-02	9.41e-01	0.00e+00	0.00e+00	0.00e+00	1.67e-15	7.93e-18	1.25e-61
 1.52174e+22	1.83e-23	1.96e-15	3.38e-11	5.43e-08	5.68e-04	6.03e-02	9.39e-01	0.00e+00	0.00e+00	0.00e+00	1.95e-15	9.01e-18	1.89e-61
 1.53760e+22	2.04e-23	2.18e-15	3.68e-11	5.78e-08	5.92e-04	6.16e-02	9.38e-01	0.00e+00	0.00e+00	0.00e+00	2.17e-15	9.90e-18	2.53e-61
 1.55533e+22	2.32e-23	2.45e-15	4.06e-11	6.21e-08	6.20e-04	6.30e-02	9.36e-01	0.00e+00	0.00e+00	0.00e+00	2.44e-15	1.10e-17	3.50e-61
 1.57839e+22	2.73e-23	2.85e-15	4.58e-11	6.79e-08	6.58e-04	6.47e-02	9.35e-01	0.00e+00	0.00e+00	0.00e+00	2.84e-15	1.25e-17	5.28e-61
 1.60423e+22	3.29e-23	3.40e-15	5.28e-11	7.53e-08	7.04e-04	6.69e-02	9.32e-01	0.00e+00	0.00e+00	0.00e+00	3.39e-15	1.44e-17	8.46e-61
 1.62746e+22	3.87e-23	3.96e-15	5.97e-11	8.24e-08	7.46e-04	6.88e-02	9.30e-01	0.00e+00	0.00e+00	0.00e+00	3.95e-15	1.64e-17	1.28e-60
 1.64780e+22	4.43e-23	4.50e-15	6.62e-11	8.89e-08	7.84e-04	7.04e-02	9.29e-01	0.00e+00	0.00e+00	0.00e+00	4.49e-15	1.83e-17	1.81e-60
 1.67067e+22	5.14e-23	5.18e-15	7.40e-11	9.66e-08	8.28e-04	7.23e-02	9.27e-01	0.00e+00	0.00e+00	0.00e+00	5.16e-15	2.06e-17	2.65e-60
 1.70040e+22	6.20e-23	6.18e-15	8.53e-11	1.07e-07	8.86e-04	7.47e-02	9.24e-01	0.00e+00	0.00e+00	0.00e+00	6.15e-15	2.39e-17	4.28e-60
 1.73163e+22	7.63e-23	7.50e-15	9.98e-11	1.20e-07	9.55e-04	7.74e-02	9.22e-01	0.00e+00	0.00e+00	0.00e+00	7.47e-15	2.80e-17	7.22e-60
 1.75665e+22	8.89e-23	8.67e-15	1.12e-10	1.31e-07	1.01e-03	7.95e-02	9.19e-01	0.00e+00	0.00e+00	0.00e+00	8.64e-15	3.16e-17	1.07e-59
 1.77697e+22	1.02e-22	9.81e-15	1.24e-10	1.41e-07	1.06e-03	8.13e-02	9.18e-01	0.00e+00	0.00e+00	0.00e+00	9.77e-15	3.51e-17	1.49e-59
 1.79933e+22	1.16e-22	1.11e-14	1.37e-10	1.51e-07	1.11e-03	8.32e-02	9.16e-01	0.00e+00	0.00e+00	0.00e+00	1.10e-14	3.89e-17	2.07e-59
 1.82840e+22	1.37e-22	1.30e-14	1.55e-10	1.67e-07	1.18e-03	8.57e-02	9.13e-01	0.00e+00	0.00e+00	0.00e+00	1.29e-14	4.45e-17	3.19e-59
 1.85917e+22	1.64e-22	1.54e-14	1.78e-10	1.84e-07	1.26e-03	8.83e-02	9.10e-01	0.00e+00	0.00e+00	0.00e+00	1.53e-14	5.10e-17	5.04e-59
 1.88471e+22	1.89e-22	1.76e-14	1.98e-10	1.99e-07	1.33e-03	9.05e-02	9.08e-01	0.00e+00	0.00e+00	0.00e+00	1.75e-14	5.69e-17	7.27e-59
 1.91044e+22	2.17e-22	2.01e-14	2.21e-10	2.16e-07	1.40e-03	9.28e-02	9.06e-01	0.00e+00	0.00e+00	0.00e+00	2.00e-14	6.39e-17	1.04e-58
 1.94390e+22	2.62e-22	2.38e-14	2.53e-10	2.39e-07	1.49e-03	9.57e-02	9.03e-01	0.00e+00	0.00e+00	0.00e+00	2.37e-14	7.37e-17	1.66e-58
 1.97911e+22	3.16e-22	2.84e-14	2.93e-10	2.66e-07	1.60e-03	9.89e-02	8.99e-01	0.00e+00	0.00e+00	0.00e+00	2.84e-14	8.49e-17	2.69e-58
 2.00812e+22	3.70e-22	3.28e-14	3.28e-10	2.89e-07	1.69e-03	1.02e-01	8.97e-01	0.00e+00	0.00e+00	0.00e+00	3.27e-14	9.56e-17	3.96e-58
 2.03735e+22	4.28e-22	3.77e-14	3.67e-10	3.14e-07	1.79e-03	1.04e-01	8.94e-01	0.00e+00	0.00e+00	0.00e+00	3.76e-14	1.08e-16	5.77e-58
 2.07536e+22	5.20e-22	4.51e-14	4.24e-10	3.50e-07	1.91e-03	1.08e-01	8.91e-01	0.00e+00	0.00e+00	0.00e+00	4.50e-14	1.25e-16	9.39e-58
 2.11581e+22	6.33e-22	5.44e-14	4.94e-10	3.91e-07	2.06e-03	1.11e-01	8.87e-01	0.00e+00	0.00e+00	0.00e+00	5.43e-14	1.45e-16	1.56e-57
 2.15035e+22	7.46e-22	6.35e-14	5.59e-10	4.29e-07	2.19e-03	1.14e-01	8.83e-01	0.00e+00	0.00e+00	0.00e+00	6.33e-14	1.65e-16	2.38e-57
 2.18615e+22	8.84e-22	7.43e-14	6.35e-10	4.71e-07	2.32e-03	1.18e-01	8.80e-01	0.00e+00	0.00e+00	0.00e+00	7.41e-14	1.89e-16	3.65e-57
 2.23270e+22	1.10e-21	9.08e-14	7.47e-10	5.31e-07	2.51e-03	1.22e-01	8.75e-01	0.00e+00	0.00e+00	0.00e+00	9.06e-14	2.23e-16	6.29e-57
 2.27840e+22	1.36e-21	1.11e-13	8.78e-10	5.98e-07	2.71e-03	1.27e-01	8.71e-01	0.00e+00	0.00e+00	0.00e+00	1.11e-13	2.60e-16	1.08e-56
 2.31171e+22	1.59e-21	1.28e-13	9.87e-10	6.52e-07	2.87e-03	1.30e-01	8.67e-01	0.00e+00	0.00e+00	0.00e+00	1.28e-13	2.94e-16	1.59e-56
 2.34369e+22	1.81e-21	1.45e-13	1.09e-09	7.02e-07	3.01e-03	1.33e-01	8.64e-01	0.00e+00	0.00e+00	0.00e+00	1.45e-13	3.27e-16	2.24e-56
 2.38528e+22	2.17e-21	1.72e-13	1.25e-09	7.77e-07	3.21e-03	1.37e-01	8.60e-01	0.00e+00	0.00e+00	0.00e+00	1.72e-13	3.76e-16	3.52e-56
 2.43934e+22	2.71e-21	2.13e-13	1.48e-09	8.81e-07	3.49e-03	1.42e-01	8.54e-01	0.00e+00	0.00e+00	0.00e+00	2.12e-13	4.48e-16	6.22e-56
 2.49455e+22	3.42e-21	2.66e-13	1.78e-09	1.01e-06	3.79e-03	1.48e-01	8.49e-01	0.00e+00	0.00e+00	0.00e+00	2.65e-13	5.34e-16	1.13e-55
 2.53755e+22	4.07e-21	3.13e-13	2.03e-09	1.11e-06	4.04e-03	1.52e-01	8.44e-01	0.00e+00	0.00e+00	0.00e+00	3.13e-13	6.11e-16	1.75e-55
 2.57973e+22	4.79e-21	3.66e-13	2.31e-09	1.22e-06	4.29e-03	1.56e-01	8.40e-01	0.00e+00	0.00e+00	0.00e+00	3.66e-13	7.00e-16	2.66e-55
 2.63456e+22	5.94e-21	4.49e-13	2.72e-09	1.38e-06	4.64e-03	1.62e-01	8.34e-01	0.00e+00	0.00e+00	0.00e+00	4.48e-13	8.29e-16	4.55e-55
 2.68876e+22	7.33e-21	5.52e-13	3.22e-09	1.56e-06	5.02e-03	1.68e-01	8.27e-01	0.00e+00	0.00e+00	0.00e+00	5.51e-13	9.74e-16	7.81e-55
 2.72862e+22	8.49e-21	6.37e-13	3.61e-09	1.70e-06	5.30e-03	1.72e-01	8.23e-01	0.00e+00	0.00e+00	0.00e+00	6.36e-13	1.10e-15	1.14e-54
 2.76693e+22	9.75e-21	7.28e-13	4.03e-09	1.84e-06	5.58e-03	1.76e-01	8.19e-01	0.00e+00	0.00e+00	0.00e+00	7.27e-13	1.23e-15	1.62e-54
 2.81673e+22	1.17e-20	8.68e-13	4.65e-09	2.04e-06	5.97e-03	1.81e-01	8.13e-01	0.00e+00	0.00e+00	0.00e+00	8.66e-13	1.43e-15	2.56e-54
 2.87146e+22	1.42e-20	1.05e-12	5.44e-09	2.29e-06	6.42e-03	1.87e-01	8.06e-01	0.00e+00	0.00e+00	0.00e+00	1.05e-12	1.67e-15	4.22e-54
 2.92030e+22	1.68e-20	1.25e-12	6.25e-09	2.54e-06	6.85e-03	1.92e-01	8.01e-01	0.00e+00	0.00e+00	0.00e+00	1.25e-12	1.91e-15	6.53e-54
 2.96478e+22	1.96e-20	1.45e-12	7.05e-09	2.78e-06	7.25e-03	1.97e-01	7.95e-01	0.00e+00	0.00e+00	0.00e+00	1.45e-12	2.17e-15	9.60e-54
 3.01587e+22	2.31e-20	1.71e-12	8.08e-09	3.07e-06	7.73e-03	2.03e-01	7.89e-01	0.00e+00	0.00e+00	0.00e+00	1.71e-12	2.50e-15	1.47e-53
 3.08228e+22	2.86e-20	2.12e-12	9.63e-09	3.49e-06	8.39e-03	2.10e-01	7.81e-01	0.00e+00	0.00e+00	0.00e+00	2.12e-12	2.98e-15	2.54e-53
 3.15038e+22	3.55e-20	2.66e-12	1.16e-08	4.01e-06	9.14e-03	2.18e-01	7.73e-01	0.00e+00	0.00e+00	0.00e+00	2.65e-12	3.57e-15	4.49e-53
 3.20384e+22	4.19e-20	3.15e-12	1.33e-08	4.44e-06	9.75e-03	2.24e-01	7.66e-01	0.00e+00	0.00e+00	0.00e+00	3.15e-12	4.11e-15	6.91e-53
 3.25649e+22	4.88e-20	3.69e-12	1.52e-08	4.89e-06	1.04e-02	2.30e-01	7.59e-01	0.00e+00	0.00e+00	0.00e+00	3.69e-12	4.72e-15	1.03e-52
 3.32494e+22	5.95e-20	4.54e-12	1.80e-08	5.54e-06	1.12e-02	2.38e-01	7.51e-01	0.00e+00	0.00e+00	0.00e+00	4.53e-12	5.60e-15	1.72e-52
 3.39843e+22	7.32e-20	5.68e-12	2.17e-08	6.36e-06	1.22e-02	2.47e-01	7.41e-01	0.00e+00	0.00e+00	0.00e+00	5.67e-12	6.70e-15	3.00e-52
 3.46123e+22	8.73e-20	6.87e-12	2.53e-08	7.14e-06	1.31e-02	2.54e-01	7.33e-01	0.00e+00	0.00e+00	0.00e+00	6.86e-12	7.84e-15	4.76e-52
 3.52563e+22	1.02e-19	8.20e-12	2.93e-08	7.95e-06	1.40e-02	2.61e-01	7.25e-01	0.00e+00	0.00e+00	0.00e+00	8.19e-12	9.13e-15	7.39e-52
 3.60935e+22	1.26e-19	1.03e-11	3.55e-08	9.17e-06	1.53e-02	2.71e-01	7.14e-01	0.00e+00	0.00e+00	0.00e+00	1.03e-11	1.11e-14	1.30e-51
 3.68975e+22	1.53e-19	1.30e-11	4.31e-08	1.06e-05	1.67e-02	2.81e-01	7.02e-01	0.00e+00	0.00e+00	0.00e+00	1.30e-11	1.33e-14	2.25e-51
 3.74557e+22	1.75e-19	1.51e-11	4.88e-08	1.16e-05	1.77e-02	2.88e-01	6.95e-01	0.00e+00	0.00e+00	0.00e+00	1.51e-11	1.50e-14	3.25e-51
 3.79786e+22	1.96e-19	1.73e-11	5.45e-08	1.26e-05	1.87e-02	2.93e-01	6.88e-01	0.00e+00	0.00e+00	0.00e+00	1.73e-11	1.69e-14	4.47e-51
 3.86583e+22	2.28e-19	2.06e-11	6.31e-08	1.41e-05	2.00e-02	3.01e-01	6.79e-01	0.00e+00	0.00e+00	0.00e+00	2.06e-11	1.95e-14	6.76e-51
 3.95420e+22	2.73e-19	2.56e-11	7.58e-08	1.61e-05	2.17e-02	3.11e-01	6.67e-01	0.00e+00	0.00e+00	0.00e+00	2.56e-11	2.34e-14	1.13e-50
 4.04482e+22	3.30e-19	3.22e-11	9.22e-08	1.86e-05	2.37e-02	3.22e-01	6.54e-01	0.00e+00	0.00e+00	0.00e+00	3.22e-11	2.81e-14	1.93e-50
 4.11578e+22	3.81e-19	3.83e-11	1.07e-07	2.08e-05	2.53e-02	3.30e-01	6.44e-01	0.00e+00	0.00e+00	0.00e+00	3.83e-11	3.24e-14	2.90e-50
 4.18545e+22	4.33e-19	4.48e-11	1.22e-07	2.29e-05	2.69e-02	3.38e-01	6.35e-01	0.00e+00	0.00e+00	0.00e+00	4.47e-11	3.71e-14	4.17e-50
 4.27603e+22	5.12e-19	5.48e-11	1.44e-07	2.61e-05	2.91e-02	3.48e-01	6.23e-01	0.00e+00	0.00e+00	0.00e+00	5.47e-11	4.37e-14	6.64e-50
 4.37359e+22	6.07e-19	6.82e-11	1.74e-07	3.00e-05	3.17e-02	3.59e-01	6.09e-01	0.00e+00	0.00e+00	0.00e+00	6.81e-11	5.20e-14	1.09e-49
 4.45684e+22	7.02e-19	8.16e-11	2.03e-07	3.37e-05	3.39e-02	3.68e-01	5.98e-01	0.00e+00	0.00e+00	0.00e+00	8.16e-11	6.02e-14	1.65e-49
 4.53049e+22	7.95e-19	9.49e-11	2.31e-07	3.72e-05	3.60e-02	3.76e-01	5.88e-01	0.00e+00	0.00e+00	0.00e+00	9.49e-11	6.83e-14	2.32e-49
 4.61507e+22	9.07e-19	1.12e-10	2.67e-07	4.14e-05	3.84e-02	3.84e-01	5.77e-01	0.00e+00	0.00e+00	0.00e+00	1.12e-10	7.84e-14	3.38e-49
 4.72502e+22	1.08e-18	1.38e-10	3.19e-07	4.74e-05	4.16e-02	3.95e-01	5.63e-01	0.00e+00	0.00e+00	0.00e+00	1.38e-10	9.28e-14	5.40e-49
 4.84019e+22	1.28e-18	1.72e-10	3.87e-07	5.48e-05	4.53e-02	4.07e-01	5.48e-01	0.00e+00	0.00e+00	0.00e+00	1.72e-10	1.10e-13	8.82e-49
 4.93356e+22	1.48e-18	2.04e-10	4.48e-07	6.13e-05	4.84e-02	4.16e-01	5.36e-01	0.00e+00	0.00e+00	0.00e+00	2.04e-10	1.26e-13	1.30e-48
 5.02634e+22	1.68e-18	2.38e-10	5.13e-07	6.79e-05	5.14e-02	4.24e-01	5.25e-01	0.00e+00	0.00e+00	0.00e+00	2.38e-10	1.44e-13	1.84e-48
 5.14696e+22	1.99e-18	2.90e-10	6.09e-07	7.73e-05	5.55e-02	4.34e-01	5.10e-01	0.00e+00	0.00e+00	0.00e+00	2.89e-10	1.69e-13	2.84e-48
 5.27568e+22	2.37e-18	3.57e-10	7.33e-07	8.90e-05	6.02e-02	4.45e-01	4.95e-01	0.00e+00	0.00e+00	0.00e+00	3.57e-10	1.98e-13	4.53e-48
 5.38001e+22	2.74e-18	4.21e-10	8.46e-07	9.93e-05	6.41e-02	4.53e-01	4.82e-01	0.00e+00	0.00e+00	0.00e+00	4.21e-10	2.25e-13	6.55e-48
 5.46622e+22	3.07e-18	4.77e-10	9.44e-07	1.08e-04	6.73e-02	4.60e-01	4.73e-01	0.00e+00	0.00e+00	0.00e+00	4.77e-10	2.50e-13	8.69e-48
 5.56376e+22	3.46e-18	5.47e-10	1.07e-06	1.18e-04	7.10e-02	4.67e-01	4.62e-01	0.00e+00	0.00e+00	0.00e+00	5.47e-10	2.79e-13	1.18e-47
 5.69057e+22	4.04e-18	6.49e-10	1.24e-06	1.33e-04	7.57e-02	4.75e-01	4.49e-01	0.00e+00	0.00e+00	0.00e+00	6.48e-10	3.19e-13	1.73e-47
 5.82059e+22	4.77e-18	7.76e-10	1.45e-06	1.50e-04	8.12e-02	4.84e-01	4.35e-01	0.00e+00	0.00e+00	0.00e+00	7.76e-10	3.64e-13	2.56e-47
 5.92161e+22	5.41e-18	8.86e-10	1.63e-06	1.64e-04	8.54e-02	4.90e-01	4.24e-01	0.00e+00	0.00e+00	0.00e+00	8.85e-10	4.04e-13	3.45e-47
 6.01975e+22	6.06e-18	9.96e-10	1.81e-06	1.78e-04	8.94e-02	4.96e-01	4.14e-01	0.00e+00	0.00e+00	0.00e+00	9.96e-10	4.45e-13	4.48e-47
 6.14734e+22	7.00e-18	1.15e-09	2.07e-06	1.97e-04	9.45e-02	5.03e-01	4.03e-01	0.00e+00	0.00e+00	0.00e+00	1.15e-09	4.99e-13	6.25e-47
 6.28821e+22	8.20e-18	1.36e-09	2.40e-06	2.20e-04	1.01e-01	5.10e-01	3.89e-01	0.00e+00	0.00e+00	0.00e+00	1.36e-09	5.63e-13	9.03e-47
 6.41368e+22	9.48e-18	1.57e-09	2.72e-06	2.42e-04	1.06e-01	5.16e-01	3.78e-01	0.00e+00	0.00e+00	0.00e+00	1.57e-09	6.27e-13	1.25e-46
 6.52592e+22	1.07e-17	1.76e-09	3.02e-06	2.63e-04	1.11e-01	5.21e-01	3.68e-01	0.00e+00	0.00e+00	0.00e+00	1.76e-09	6.87e-13	1.64e-46
 6.65363e+22	1.22e-17	2.00e-09	3.39e-06	2.87e-04	1.16e-01	5.26e-01	3.58e-01	0.00e+00	0.00e+00	0.00e+00	2.00e-09	7.59e-13	2.18e-46
 6.81966e+22	1.44e-17	2.35e-09	3.90e-06	3.20e-04	1.24e-01	5.31e-01	3.45e-01	0.00e+00	0.00e+00	0.00e+00	2.34e-09	8.55e-13	3.13e-46
 6.99786e+22	1.73e-17	2.79e-09	4.56e-06	3.60e-04	1.32e-01	5.37e-01	3.31e-01	0.00e+00	0.00e+00	0.00e+00	2.78e-09	9.66e-13	4.63e-46
 7.14758e+22	2.00e-17	3.20e-09	5.16e-06	3.96e-04	1.39e-01	5.42e-01	3.19e-01	0.00e+00	0.00e+00	0.00e+00	3.20e-09	1.07e-12	6.40e-46
 7.29794e+22	2.30e-17	3.62e-09	5.78e-06	4.32e-04	1.45e-01	5.45e-01	3.09e-01	0.00e+00	0.00e+00	0.00e+00	3.62e-09	1.18e-12	8.55e-46
 7.49340e+22	2.73e-17	4.23e-09	6.65e-06	4.81e-04	1.54e-01	5.49e-01	2.96e-01	0.00e+00	0.00e+00	0.00e+00	4.23e-09	1.32e-12	1.23e-45
 7.70180e+22	3.30e-17	5.01e-09	7.75e-06	5.41e-04	1.63e-01	5.53e-01	2.83e-01	0.00e+00	0.00e+00	0.00e+00	5.01e-09	1.49e-12	1.82e-45
 7.87492e+22	3.85e-17	5.73e-09	8.76e-06	5.94e-04	1.71e-01	5.56e-01	2.72e-01	0.00e+00	0.00e+00	0.00e+00	5.73e-09	1.64e-12	2.51e-45
 8.04788e+22	4.42e-17	6.45e-09	9.75e-06	6.45e-04	1.79e-01	5.58e-01	2.63e-01	0.00e+00	0.00e+00	0.00e+00	6.45e-09	1.80e-12	3.33e-45
 8.27273e+22	5.26e-17	7.48e-09	1.12e-05	7.15e-04	1.89e-01	5.60e-01	2.51e-01	5.22e-17	3.09e-19	7.26e-20	7.48e-09	2.00e-12	4.74e-45
 8.51706e+22	6.40e-17	8.80e-09	1.29e-05	8.01e-04	2.00e-01	5.61e-01	2.38e-01	6.32e-17	6.95e-19	1.33e-19	8.80e-09	2.23e-12	7.01e-45
 8.72746e+22	7.51e-17	1.01e-08	1.46e-05	8.80e-04	2.09e-01	5.62e-01	2.28e-01	7.41e-17	7.91e-19	1.53e-19	1.01e-08	2.45e-12	9.77e-45
 8.94172e+22	8.69e-17	1.14e-08	1.63e-05	9.57e-04	2.18e-01	5.62e-01	2.19e-01	8.58e-17	8.95e-19	1.73e-19	1.14e-08	2.68e-12	1.31e-44
 9.22025e+22	1.05e-16	1.32e-08	1.87e-05	1.06e-03	2.30e-01	5.62e-01	2.08e-01	1.03e-16	1.04e-18	2.01e-19	1.32e-08	2.97e-12	1.89e-44
 9.49236e+22	1.25e-16	1.54e-08	2.15e-05	1.18e-03	2.42e-01	5.61e-01	1.96e-01	1.24e-16	1.20e-18	2.33e-19	1.54e-08	3.27e-12	2.75e-44
 9.68288e+22	1.42e-16	1.71e-08	2.37e-05	1.27e-03	2.50e-01	5.60e-01	1.89e-01	1.41e-16	1.33e-18	2.60e-19	1.71e-08	3.53e-12	3.59e-44
 9.85733e+22	1.57e-16	1.85e-08	2.54e-05	1.34e-03	2.57e-01	5.58e-01	1.83e-01	1.55e-16	1.44e-18	2.83e-19	1.85e-08	3.75e-12	4.41e-44
 1.00841e+23	1.80e-16	2.05e-08	2.79e-05	1.44e-03	2.66e-01	5.57e-01	1.76e-01	1.78e-16	1.61e-18	3.17e-19	2.05e-08	4.00e-12	5.69e-44
 1.03789e+23	1.98e-16	2.31e-08	3.13e-05	1.57e-03	2.77e-01	5.54e-01	1.67e-01	1.96e-16	1.72e-18	3.38e-19	2.31e-08	4.33e-12	7.80e-44
 1.06958e+23	2.34e-16	2.66e-08	3.55e-05	1.74e-03	2.90e-01	5.51e-01	1.58e-01	2.32e-16	1.95e-18	3.86e-19	2.66e-08	4.72e-12	1.12e-43
 1.09622e+23	2.69e-16	2.97e-08	3.94e-05	1.87e-03	3.00e-01	5.47e-01	1.51e-01	2.67e-16	2.18e-18	4.34e-19	2.97e-08	5.08e-12	1.51e-43
 1.12294e+23	3.06e-16	3.27e-08	4.29e-05	2.00e-03	3.09e-01	5.44e-01	1.45e-01	3.04e-16	2.42e-18	4.82e-19	3.27e-08	5.43e-12	1.94e-43
 1.15768e+23	3.65e-16	3.67e-08	4.78e-05	2.17e-03	3.21e-01	5.40e-01	1.37e-01	3.62e-16	2.78e-18	5.55e-19	3.67e-08	5.82e-12	2.64e-43
 1.19647e+23	4.41e-16	4.20e-08	5.40e-05	2.39e-03	3.34e-01	5.34e-01	1.29e-01	4.38e-16	3.23e-18	6.47e-19	4.20e-08	6.29e-12	3.78e-43
 1.23103e+23	5.14e-16	4.73e-08	6.02e-05	2.59e-03	3.46e-01	5.29e-01	1.22e-01	5.09e-16	3.63e-18	7.30e-19	4.73e-08	6.76e-12	5.22e-43
 1.26101e+23	5.98e-16	5.18e-08	6.55e-05	2.76e-03	3.56e-01	5.25e-01	1.17e-01	5.93e-16	4.11e-18	8.30e-19	5.18e-08	7.17e-12	6.73e-43
 1.29451e+23	6.79e-16	5.67e-08	7.11e-05	2.94e-03	3.65e-01	5.20e-01	1.12e-01	6.74e-16	4.53e-18	9.16e-19	5.67e-08	7.57e-12	8.62e-43
 1.33806e+23	8.37e-16	6.30e-08	7.83e-05	3.16e-03	3.77e-01	5.14e-01	1.06e-01	8.30e-16	5.36e-18	1.09e-18	6.30e-08	8.00e-12	1.16e-42
 1.39054e+23	1.04e-15	7.16e-08	8.78e-05	3.44e-03	3.90e-01	5.07e-01	9.95e-02	1.04e-15	6.37e-18	1.29e-18	7.16e-08	8.54e-12	1.67e-42
 1.44294e+23	1.22e-15	8.14e-08	9.89e-05	3.77e-03	4.05e-01	4.99e-01	9.29e-02	1.21e-15	7.11e-18	1.45e-18	8.14e-08	9.13e-12	2.40e-42
 1.48777e+23	1.45e-15	9.02e-08	1.09e-04	4.05e-03	4.16e-01	4.92e-01	8.79e-02	1.44e-15	8.11e-18	1.66e-18	9.02e-08	9.67e-12	3.24e-42
 1.53446e+23	1.65e-15	9.82e-08	1.17e-04	4.28e-03	4.26e-01	4.86e-01	8.39e-02	1.64e-15	8.92e-18	1.83e-18	9.81e-08	1.01e-11	4.16e-42
 1.59268e+23	2.28e-15	1.09e-07	1.28e-04	4.58e-03	4.37e-01	4.79e-01	7.94e-02	2.26e-15	1.17e-17	2.41e-18	1.09e-07	1.05e-11	5.64e-42
 1.65762e+23	2.78e-15	1.21e-07	1.42e-04	4.95e-03	4.50e-01	4.71e-01	7.45e-02	2.76e-15	1.35e-17	2.79e-18	1.21e-07	1.10e-11	7.78e-42
 1.72516e+23	3.46e-15	1.35e-07	1.56e-04	5.30e-03	4.62e-01	4.63e-01	7.02e-02	3.44e-15	1.60e-17	3.30e-18	1.35e-07	1.15e-11	1.07e-41
 1.79540e+23	4.09e-15	1.48e-07	1.71e-04	5.66e-03	4.73e-01	4.55e-01	6.62e-02	4.07e-15	1.79e-17	3.71e-18	1.48e-07	1.19e-11	1.44e-41
 1.86845e+23	4.75e-15	1.62e-07	1.85e-04	6.02e-03	4.84e-01	4.47e-01	6.27e-02	4.73e-15	1.97e-17	4.08e-18	1.62e-07	1.22e-11	1.90e-41
 1.94442e+23	5.95e-15	1.77e-07	2.00e-04	6.36e-03	4.93e-01	4.40e-01	5.95e-02	5.92e-15	2.32e-17	4.84e-18	1.77e-07	1.25e-11	2.49e-41
 2.02343e+23	7.39e-15	1.92e-07	2.15e-04	6.71e-03	5.03e-01	4.34e-01	5.66e-02	7.35e-15	2.72e-17	5.68e-18	1.92e-07	1.27e-11	3.20e-41
 2.10561e+23	9.11e-15	2.07e-07	2.30e-04	7.05e-03	5.11e-01	4.27e-01	5.40e-02	9.08e-15	3.16e-17	6.61e-18	2.07e-07	1.28e-11	4.06e-41
 2.19107e+23	1.11e-14	2.22e-07	2.44e-04	7.38e-03	5.19e-01	4.21e-01	5.17e-02	1.11e-14	3.64e-17	7.61e-18	2.22e-07	1.29e-11	5.06e-41
 2.27564e+23	1.40e-14	2.37e-07	2.58e-04	7.69e-03	5.27e-01	4.15e-01	4.97e-02	1.39e-14	4.31e-17	9.03e-18	2.37e-07	1.28e-11	6.23e-41
 2.35356e+23	1.78e-14	2.50e-07	2.71e-04	7.98e-03	5.33e-01	4.11e-01	4.80e-02	1.78e-14	5.21e-17	1.09e-17	2.50e-07	1.28e-11	7.44e-41
 2.42368e+23	2.03e-14	2.62e-07	2.82e-04	8.20e-03	5.38e-01	4.07e-01	4.67e-02	2.02e-14	5.67e-17	1.19e-17	2.62e-07	1.28e-11	8.68e-41
 2.48680e+23	2.21e-14	2.72e-07	2.91e-04	8.39e-03	5.42e-01	4.04e-01	4.57e-02	2.20e-14	5.93e-17	1.25e-17	2.72e-07	1.27e-11	9.77e-41
 2.54360e+23	2.42e-14	2.80e-07	2.99e-04	8.55e-03	5.45e-01	4.01e-01	4.48e-02	2.41e-14	6.25e-17	1.32e-17	2.80e-07	1.26e-11	1.08e-40
 2.59472e+23	2.66e-14	2.89e-07	3.07e-04	8.68e-03	5.48e-01	3.99e-01	4.42e-02	2.66e-14	6.66e-17	1.40e-17	2.89e-07	1.25e-11	1.19e-40
 2.64073e+23	2.87e-14	2.96e-07	3.12e-04	8.79e-03	5.50e-01	3.97e-01	4.36e-02	2.86e-14	6.97e-17	1.47e-17	2.96e-07	1.24e-11	1.27e-40
 2.68214e+23	3.06e-14	3.01e-07	3.17e-04	8.88e-03	5.52e-01	3.96e-01	4.31e-02	3.05e-14	7.23e-17	1.52e-17	3.01e-07	1.23e-11	1.34e-40
 2.71941e+23	3.29e-14	3.04e-07	3.19e-04	8.93e-03	5.53e-01	3.95e-01	4.29e-02	3.28e-14	7.58e-17	1.60e-17	3.04e-07	1.21e-11	1.40e-40
 2.75295e+23	3.52e-14	3.07e-07	3.23e-04	9.00e-03	5.54e-01	3.94e-01	4.26e-02	3.51e-14	7.94e-17	1.67e-17	3.07e-07	1.20e-11	1.46e-40
 2.78411e+23	3.88e-14	3.11e-07	3.27e-04	9.09e-03	5.56e-01	3.93e-01	4.21e-02	3.87e-14	8.58e-17	1.81e-17	3.11e-07	1.19e-11	1.52e-40
 2.81466e+23	3.93e-14	3.13e-07	3.28e-04	9.11e-03	5.56e-01	3.93e-01	4.20e-02	3.92e-14	8.53e-17	1.80e-17	3.13e-07	1.17e-11	1.55e-40
 2.84521e+23	3.99e-14	3.15e-07	3.30e-04	9.15e-03	5.57e-01	3.92e-01	4.19e-02	3.98e-14	8.49e-17	1.79e-17	3.15e-07	1.15e-11	1.57e-40
 2.87575e+23	4.09e-14	3.16e-07	3.31e-04	9.18e-03	5.57e-01	3.92e-01	4.17e-02	4.08e-14	8.52e-17	1.80e-17	3.16e-07	1.14e-11	1.60e-40
 2.90630e+23	4.19e-14	3.18e-07	3.32e-04	9.20e-03	5.58e-01	3.91e-01	4.16e-02	4.18e-14	8.56e-17	1.80e-17	3.18e-07	1.12e-11	1.62e-40
 2.93685e+23	4.29e-14	3.19e-07	3.33e-04	9.22e-03	5.58e-01	3.91e-01	4.16e-02	4.28e-14	8.60e-17	1.81e-17	3.19e-07	1.10e-11	1.64e-40
 2.96740e+23	4.38e-14	3.20e-07	3.34e-04	9.24e-03	5.58e-01	3.91e-01	4.15e-02	4.37e-14	8.61e-17	1.81e-17	3.20e-07	1.08e-11	1.65e-40
 2.99795e+23	4.52e-14	3.21e-07	3.35e-04	9.25e-03	5.58e-01	3.91e-01	4.14e-02	4.51e-14	8.71e-17	1.84e-17	3.21e-07	1.06e-11	1.67e-40
 3.02850e+23	4.63e-14	3.21e-07	3.36e-04	9.27e-03	5.59e-01	3.90e-01	4.13e-02	4.62e-14	8.75e-17	1.84e-17	3.21e-07	1.04e-11	1.69e-40
 3.04929e+23	4.79e-14	3.26e-07	3.39e-04	9.32e-03	5.60e-01	3.90e-01	4.11e-02	4.78e-14	8.95e-17	1.89e-17	3.26e-07	1.04e-11	1.77e-40
