#depth	Fe	Fe+	Fe+2	Fe+3	Fe+4	Fe+5	Fe+6	Fe+7	Fe+8	Fe+9	Fe+10	Fe+11	Fe+12	Fe+13	Fe+14	Fe+15	Fe+16	Fe+17	Fe+18	Fe+19	Fe+20	Fe+21	Fe+22	Fe+23	Fe+24	Fe+25	Fe+26
 6.17135e+19	0.00e+00	0.00e+00	0.00e+00	0.00e+00	0.00e+00	0.00e+00	0.00e+00	0.00e+00	7.55e-30	1.30e-26	1.86e-23	2.17e-20	2.58e-17	8.90e-15	1.99e-12	3.64e-10	3.02e-07	1.28e-05	2.79e-04	2.94e-03	1.68e-02	5.09e-02	1.10e-01	2.02e-01	4.96e-01	1.12e-01	8.92e-03
 1.87609e+20	0.00e+00	0.00e+00	0.00e+00	0.00e+00	0.00e+00	0.00e+00	0.00e+00	0.00e+00	4.78e-29	7.17e-26	8.88e-23	8.95e-20	9.14e-17	2.68e-14	5.16e-12	8.12e-10	6.33e-07	2.53e-05	5.08e-04	4.83e-03	2.48e-02	6.69e-02	1.28e-01	2.10e-01	4.64e-01	9.43e-02	6.72e-03
 2.93824e+20	0.00e+00	0.00e+00	0.00e+00	0.00e+00	0.00e+00	0.00e+00	0.00e+00	0.00e+00	1.96e-28	2.71e-25	2.99e-22	2.68e-19	2.43e-16	6.28e-14	1.08e-11	1.52e-09	1.14e-06	4.33e-05	8.13e-04	7.11e-03	3.34e-02	8.22e-02	1.43e-01	2.13e-01	4.34e-01	8.08e-02	5.28e-03
 3.70510e+20	0.00e+00	0.00e+00	0.00e+00	0.00e+00	0.00e+00	0.00e+00	0.00e+00	0.00e+00	5.05e-28	6.47e-25	6.60e-22	5.46e-19	4.57e-16	1.09e-13	1.74e-11	2.31e-09	1.70e-06	6.23e-05	1.11e-03	9.20e-03	4.07e-02	9.39e-02	1.53e-01	2.13e-01	4.12e-01	7.20e-02	4.43e-03
 4.23796e+20	0.00e+00	0.00e+00	0.00e+00	0.00e+00	0.00e+00	0.00e+00	0.00e+00	3.09e-31	9.93e-28	1.21e-24	1.17e-21	9.13e-19	7.22e-16	1.61e-13	2.45e-11	3.10e-09	2.24e-06	7.99e-05	1.38e-03	1.10e-02	4.64e-02	1.03e-01	1.60e-01	2.13e-01	3.95e-01	6.63e-02	3.91e-03
 4.57939e+20	0.00e+00	0.00e+00	0.00e+00	0.00e+00	0.00e+00	0.00e+00	0.00e+00	4.76e-31	1.47e-27	1.73e-24	1.62e-21	1.23e-18	9.37e-16	2.02e-13	2.99e-11	3.69e-09	2.66e-06	9.30e-05	1.58e-03	1.22e-02	5.03e-02	1.08e-01	1.64e-01	2.12e-01	3.85e-01	6.29e-02	3.61e-03
 4.93614e+20	0.00e+00	0.00e+00	0.00e+00	0.00e+00	0.00e+00	0.00e+00	0.00e+00	7.42e-31	2.22e-27	2.53e-24	2.28e-21	1.67e-18	1.23e-15	2.57e-13	3.68e-11	4.42e-09	3.16e-06	1.09e-04	1.80e-03	1.36e-02	5.45e-02	1.14e-01	1.68e-01	2.11e-01	3.74e-01	5.94e-02	3.33e-03
 5.39992e+20	0.00e+00	0.00e+00	0.00e+00	0.00e+00	0.00e+00	0.00e+00	0.00e+00	1.33e-30	3.85e-27	4.20e-24	3.62e-21	2.53e-18	1.78e-15	3.52e-13	4.85e-11	5.60e-09	3.95e-06	1.33e-04	2.14e-03	1.56e-02	6.04e-02	1.22e-01	1.73e-01	2.09e-01	3.59e-01	5.51e-02	2.98e-03
 5.91918e+20	0.00e+00	0.00e+00	0.00e+00	0.00e+00	0.00e+00	0.00e+00	0.00e+00	2.58e-30	7.13e-27	7.40e-24	6.07e-21	4.02e-18	2.69e-15	5.04e-13	6.62e-11	7.30e-09	5.04e-06	1.65e-04	2.59e-03	1.81e-02	6.75e-02	1.31e-01	1.78e-01	2.07e-01	3.42e-01	5.06e-02	2.63e-03
 6.40244e+20	0.00e+00	0.00e+00	0.00e+00	0.00e+00	0.00e+00	0.00e+00	0.00e+00	4.69e-30	1.24e-26	1.23e-23	9.66e-21	6.12e-18	3.91e-15	6.96e-13	8.75e-11	9.26e-09	6.29e-06	2.02e-04	3.06e-03	2.08e-02	7.45e-02	1.39e-01	1.83e-01	2.04e-01	3.27e-01	4.66e-02	2.34e-03
 6.85122e+20	0.00e+00	0.00e+00	0.00e+00	0.00e+00	0.00e+00	0.00e+00	0.00e+00	8.03e-30	2.04e-26	1.95e-23	1.47e-20	8.89e-18	5.44e-15	9.26e-13	1.12e-10	1.15e-08	7.68e-06	2.41e-04	3.57e-03	2.34e-02	8.13e-02	1.47e-01	1.86e-01	2.01e-01	3.13e-01	4.32e-02	2.10e-03
 7.36330e+20	0.00e+00	0.00e+00	0.00e+00	0.00e+00	0.00e+00	0.00e+00	0.00e+00	1.45e-29	3.54e-26	3.23e-23	2.32e-20	1.34e-17	7.84e-15	1.27e-12	1.48e-10	1.45e-08	9.58e-06	2.93e-04	4.21e-03	2.67e-02	8.93e-02	1.55e-01	1.89e-01	1.97e-01	2.97e-01	3.95e-02	1.85e-03
 7.93969e+20	0.00e+00	0.00e+00	0.00e+00	0.00e+00	0.00e+00	0.00e+00	0.00e+00	2.81e-29	6.66e-26	5.78e-23	3.94e-20	2.16e-17	1.20e-14	1.83e-12	2.02e-10	1.90e-08	1.22e-05	3.64e-04	5.06e-03	3.08e-02	9.89e-02	1.65e-01	1.93e-01	1.92e-01	2.79e-01	3.56e-02	1.61e-03
 8.48133e+20	0.00e+00	0.00e+00	0.00e+00	0.00e+00	0.00e+00	0.00e+00	0.00e+00	5.22e-29	1.18e-25	9.81e-23	6.37e-20	3.33e-17	1.76e-14	2.55e-12	2.69e-10	2.42e-08	1.53e-05	4.43e-04	5.97e-03	3.50e-02	1.08e-01	1.73e-01	1.95e-01	1.86e-01	2.62e-01	3.23e-02	1.40e-03
 8.98784e+20	0.00e+00	0.00e+00	0.00e+00	0.00e+00	0.00e+00	0.00e+00	0.00e+00	9.12e-29	1.98e-25	1.58e-22	9.81e-20	4.91e-17	2.48e-14	3.42e-12	3.47e-10	3.01e-08	1.87e-05	5.29e-04	6.92e-03	3.93e-02	1.17e-01	1.81e-01	1.96e-01	1.81e-01	2.47e-01	2.94e-02	1.24e-03
 9.56701e+20	0.00e+00	0.00e+00	0.00e+00	0.00e+00	0.00e+00	0.00e+00	0.00e+00	1.69e-28	3.51e-25	2.67e-22	1.58e-19	7.53e-17	3.61e-14	4.73e-12	4.60e-10	3.82e-08	2.33e-05	6.42e-04	8.14e-03	4.45e-02	1.27e-01	1.89e-01	1.97e-01	1.75e-01	2.31e-01	2.64e-02	1.07e-03
 1.01852e+21	0.00e+00	0.00e+00	0.00e+00	0.00e+00	0.00e+00	0.00e+00	0.00e+00	3.31e-28	6.58e-25	4.75e-22	2.67e-19	1.21e-16	5.49e-14	6.78e-12	6.26e-10	4.95e-08	2.94e-05	7.86e-04	9.63e-03	5.05e-02	1.39e-01	1.97e-01	1.97e-01	1.67e-01	2.14e-01	2.35e-02	9.12e-04
 1.07197e+21	0.00e+00	0.00e+00	0.00e+00	0.00e+00	0.00e+00	0.00e+00	2.22e-31	5.78e-28	1.10e-24	7.64e-22	4.12e-19	1.78e-16	7.73e-14	9.09e-12	8.06e-10	6.13e-08	3.56e-05	9.30e-04	1.11e-02	5.61e-02	1.49e-01	2.04e-01	1.97e-01	1.61e-01	1.99e-01	2.12e-02	7.95e-04
 1.12801e+21	0.00e+00	0.00e+00	0.00e+00	0.00e+00	0.00e+00	0.00e+00	4.00e-31	1.00e-27	1.84e-24	1.22e-21	6.29e-19	2.60e-16	1.08e-13	1.21e-11	1.03e-09	7.58e-08	4.33e-05	1.10e-03	1.27e-02	6.22e-02	1.59e-01	2.10e-01	1.96e-01	1.54e-01	1.85e-01	1.90e-02	6.90e-04
 1.20087e+21	0.00e+00	0.00e+00	0.00e+00	0.00e+00	0.00e+00	0.00e+00	8.57e-31	2.05e-27	3.59e-24	2.25e-21	1.10e-18	4.27e-16	1.67e-13	1.76e-11	1.42e-09	9.95e-08	5.53e-05	1.36e-03	1.51e-02	7.06e-02	1.72e-01	2.17e-01	1.93e-01	1.45e-01	1.68e-01	1.65e-02	5.71e-04
 1.27433e+21	0.00e+00	0.00e+00	0.00e+00	0.00e+00	0.00e+00	0.00e+00	1.88e-30	4.30e-27	7.14e-24	4.25e-21	1.95e-18	7.17e-16	2.65e-13	2.60e-11	1.98e-09	1.31e-07	7.03e-05	1.67e-03	1.78e-02	7.98e-02	1.86e-01	2.24e-01	1.89e-01	1.36e-01	1.51e-01	1.42e-02	4.70e-04
 1.33227e+21	0.00e+00	0.00e+00	0.00e+00	0.00e+00	0.00e+00	0.00e+00	3.39e-30	7.43e-27	1.18e-23	6.74e-21	2.97e-18	1.04e-15	3.68e-13	3.45e-11	2.52e-09	1.61e-07	8.41e-05	1.95e-03	2.02e-02	8.73e-02	1.96e-01	2.28e-01	1.86e-01	1.28e-01	1.39e-01	1.26e-02	4.04e-04
 1.39128e+21	0.00e+00	0.00e+00	0.00e+00	0.00e+00	0.00e+00	0.00e+00	5.94e-30	1.26e-26	1.92e-23	1.05e-20	4.43e-18	1.49e-15	5.03e-13	4.50e-11	3.17e-09	1.95e-07	1.00e-04	2.26e-03	2.27e-02	9.50e-02	2.06e-01	2.31e-01	1.82e-01	1.21e-01	1.28e-01	1.12e-02	3.47e-04
 1.46800e+21	0.00e+00	0.00e+00	0.00e+00	0.00e+00	0.00e+00	0.00e+00	1.23e-29	2.50e-26	3.65e-23	1.89e-20	7.55e-18	2.39e-15	7.64e-13	6.42e-11	4.28e-09	2.51e-07	1.25e-04	2.73e-03	2.64e-02	1.06e-01	2.19e-01	2.34e-01	1.76e-01	1.12e-01	1.14e-01	9.55e-03	2.83e-04
 1.54744e+21	0.00e+00	0.00e+00	0.00e+00	0.00e+00	0.00e+00	0.00e+00	2.65e-29	5.16e-26	7.17e-23	3.52e-20	1.33e-17	3.96e-15	1.19e-12	9.35e-11	5.88e-09	3.26e-07	1.57e-04	3.29e-03	3.06e-02	1.17e-01	2.31e-01	2.36e-01	1.70e-01	1.03e-01	1.01e-01	8.07e-03	2.29e-04
 1.61018e+21	0.00e+00	0.00e+00	0.00e+00	0.00e+00	0.00e+00	0.00e+00	4.77e-29	8.92e-26	1.19e-22	5.58e-20	2.01e-17	5.74e-15	1.65e-12	1.23e-10	7.43e-09	3.97e-07	1.86e-04	3.79e-03	3.42e-02	1.26e-01	2.40e-01	2.37e-01	1.64e-01	9.62e-02	9.16e-02	7.07e-03	1.94e-04
 1.67148e+21	0.00e+00	0.00e+00	0.00e+00	0.00e+00	0.00e+00	0.00e+00	8.08e-29	1.46e-25	1.87e-22	8.46e-20	2.93e-17	8.01e-15	2.20e-12	1.57e-10	9.15e-09	4.73e-07	2.17e-04	4.32e-03	3.78e-02	1.35e-01	2.48e-01	2.36e-01	1.58e-01	8.98e-02	8.33e-02	6.22e-03	1.65e-04
 1.75117e+21	0.00e+00	0.00e+00	0.00e+00	0.00e+00	0.00e+00	0.00e+00	1.62e-28	2.80e-25	3.43e-22	1.48e-19	4.84e-17	1.25e-14	3.26e-12	2.19e-10	1.21e-08	5.96e-07	2.65e-04	5.09e-03	4.29e-02	1.47e-01	2.58e-01	2.35e-01	1.51e-01	8.19e-02	7.34e-02	5.25e-03	1.33e-04
 1.83360e+21	0.00e+00	0.00e+00	0.00e+00	0.00e+00	0.00e+00	0.00e+00	3.37e-28	5.58e-25	6.51e-22	2.66e-19	8.23e-17	2.01e-14	4.94e-12	3.11e-10	1.62e-08	7.57e-07	3.23e-04	6.00e-03	4.86e-02	1.59e-01	2.68e-01	2.33e-01	1.43e-01	7.41e-02	6.41e-02	4.39e-03	1.07e-04
 1.90158e+21	0.00e+00	0.00e+00	0.00e+00	0.00e+00	0.00e+00	0.00e+00	5.99e-28	9.55e-25	1.07e-21	4.17e-19	1.24e-16	2.89e-14	6.77e-12	4.06e-10	2.02e-08	9.11e-07	3.78e-04	6.82e-03	5.36e-02	1.69e-01	2.74e-01	2.30e-01	1.36e-01	6.82e-02	5.74e-02	3.80e-03	8.91e-05
 1.97194e+21	0.00e+00	0.00e+00	0.00e+00	0.00e+00	0.00e+00	1.85e-31	1.05e-27	1.61e-24	1.73e-21	6.48e-19	1.84e-16	4.09e-14	9.16e-12	5.24e-10	2.50e-08	1.09e-06	4.42e-04	7.74e-03	5.89e-02	1.80e-01	2.80e-01	2.27e-01	1.29e-01	6.25e-02	5.12e-02	3.27e-03	7.40e-05
 2.06341e+21	0.00e+00	0.00e+00	0.00e+00	0.00e+00	0.00e+00	4.00e-31	2.17e-27	3.18e-24	3.27e-21	1.16e-18	3.10e-16	6.51e-14	1.37e-11	7.35e-10	3.32e-08	1.37e-06	5.38e-04	9.06e-03	6.62e-02	1.93e-01	2.87e-01	2.21e-01	1.21e-01	5.57e-02	4.40e-02	2.68e-03	5.81e-05
 2.15714e+21	0.00e+00	0.00e+00	0.00e+00	0.00e+00	0.00e+00	9.00e-31	4.66e-27	6.53e-24	6.36e-21	2.13e-18	5.38e-16	1.06e-13	2.10e-11	1.05e-09	4.47e-08	1.75e-06	6.54e-04	1.06e-02	7.42e-02	2.06e-01	2.92e-01	2.15e-01	1.12e-01	4.92e-02	3.75e-02	2.18e-03	4.51e-05
 2.23312e+21	0.00e+00	0.00e+00	0.00e+00	0.00e+00	0.00e+00	1.68e-30	8.39e-27	1.13e-23	1.05e-20	3.37e-18	8.12e-16	1.53e-13	2.89e-11	1.37e-09	5.57e-08	2.09e-06	7.60e-04	1.19e-02	8.09e-02	2.17e-01	2.96e-01	2.09e-01	1.05e-01	4.45e-02	3.30e-02	1.85e-03	3.69e-05
 2.29953e+21	0.00e+00	0.00e+00	0.00e+00	0.00e+00	0.00e+00	2.83e-30	1.37e-26	1.78e-23	1.59e-20	4.93e-18	1.14e-15	2.07e-13	3.75e-11	1.71e-09	6.69e-08	2.44e-06	8.63e-04	1.32e-02	8.70e-02	2.26e-01	2.98e-01	2.04e-01	9.91e-02	4.07e-02	2.95e-02	1.60e-03	3.10e-05
 2.37423e+21	0.00e+00	0.00e+00	0.00e+00	0.00e+00	0.00e+00	5.05e-30	2.36e-26	2.96e-23	2.56e-20	7.59e-18	1.68e-15	2.90e-13	5.02e-11	2.18e-09	8.17e-08	2.87e-06	9.91e-04	1.47e-02	9.39e-02	2.35e-01	2.99e-01	1.98e-01	9.29e-02	3.69e-02	2.61e-02	1.37e-03	2.55e-05
 2.47134e+21	0.00e+00	0.00e+00	0.00e+00	0.00e+00	0.00e+00	1.06e-29	4.72e-26	5.68e-23	4.69e-20	1.32e-17	2.76e-15	4.49e-13	7.33e-11	2.99e-09	1.06e-07	3.55e-06	1.18e-03	1.68e-02	1.03e-01	2.48e-01	3.00e-01	1.90e-01	8.51e-02	3.23e-02	2.21e-02	1.11e-03	1.98e-05
 2.57037e+21	0.00e+00	0.00e+00	0.00e+00	0.00e+00	0.00e+00	2.29e-29	9.78e-26	1.13e-22	8.84e-20	2.35e-17	4.65e-15	7.11e-13	1.09e-10	4.18e-09	1.39e-07	4.41e-06	1.40e-03	1.92e-02	1.13e-01	2.59e-01	3.00e-01	1.81e-01	7.76e-02	2.82e-02	1.86e-02	8.93e-04	1.52e-05
 2.65002e+21	0.00e+00	0.00e+00	0.00e+00	0.00e+00	0.00e+00	4.12e-29	1.70e-25	1.89e-22	1.42e-19	3.62e-17	6.84e-15	9.98e-13	1.46e-10	5.33e-09	1.70e-07	5.19e-06	1.60e-03	2.13e-02	1.21e-01	2.68e-01	2.99e-01	1.74e-01	7.20e-02	2.52e-02	1.63e-02	7.52e-04	1.24e-05
 2.73170e+21	0.00e+00	0.00e+00	0.00e+00	0.00e+00	0.00e+00	7.27e-29	2.90e-25	3.10e-22	2.24e-19	5.48e-17	9.90e-15	1.38e-12	1.93e-10	6.72e-09	2.06e-07	6.07e-06	1.82e-03	2.35e-02	1.30e-01	2.77e-01	2.97e-01	1.67e-01	6.66e-02	2.25e-02	1.42e-02	6.32e-04	1.00e-05
 2.83788e+21	0.00e+00	0.00e+00	0.00e+00	0.00e+00	0.00e+00	1.52e-28	5.83e-25	5.96e-22	4.12e-19	9.52e-17	1.62e-14	2.13e-12	2.80e-10	9.16e-09	2.65e-07	7.44e-06	2.14e-03	2.66e-02	1.41e-01	2.87e-01	2.94e-01	1.58e-01	6.00e-02	1.94e-02	1.18e-02	5.04e-04	7.65e-06
 2.94786e+21	0.00e+00	0.00e+00	0.00e+00	0.00e+00	0.00e+00	3.35e-28	1.22e-24	1.20e-21	7.84e-19	1.71e-16	2.75e-14	3.38e-12	4.17e-10	1.28e-08	3.47e-07	9.21e-06	2.53e-03	3.01e-02	1.53e-01	2.97e-01	2.89e-01	1.48e-01	5.37e-02	1.66e-02	9.77e-03	3.97e-04	5.76e-06
 3.03782e+21	0.00e+00	0.00e+00	0.00e+00	0.00e+00	0.00e+00	6.21e-28	2.19e-24	2.05e-21	1.28e-18	2.68e-16	4.10e-14	4.80e-12	5.63e-10	1.64e-08	4.26e-07	1.08e-05	2.87e-03	3.32e-02	1.63e-01	3.04e-01	2.85e-01	1.40e-01	4.91e-02	1.46e-02	8.38e-03	3.28e-04	4.58e-06
 3.12980e+21	0.00e+00	0.00e+00	0.00e+00	0.00e+00	0.00e+00	1.12e-27	3.80e-24	3.43e-21	2.06e-18	4.11e-16	6.00e-14	6.68e-12	7.44e-10	2.07e-08	5.15e-07	1.27e-05	3.26e-03	3.64e-02	1.73e-01	3.11e-01	2.80e-01	1.32e-01	4.47e-02	1.28e-02	7.18e-03	2.71e-04	3.64e-06
 3.23136e+21	0.00e+00	0.00e+00	0.00e+00	0.00e+00	2.54e-31	2.20e-27	7.18e-24	6.24e-21	3.59e-18	6.80e-16	9.42e-14	9.89e-12	1.04e-09	2.74e-08	6.46e-07	1.51e-05	3.73e-03	4.02e-02	1.84e-01	3.17e-01	2.73e-01	1.24e-01	4.02e-02	1.11e-02	6.03e-03	2.18e-04	2.81e-06
 3.32364e+21	0.00e+00	0.00e+00	0.00e+00	0.00e+00	4.80e-31	4.01e-27	1.26e-23	1.06e-20	5.82e-18	1.06e-15	1.39e-13	1.39e-11	1.39e-09	3.50e-08	7.86e-07	1.77e-05	4.21e-03	4.39e-02	1.94e-01	3.22e-01	2.67e-01	1.17e-01	3.65e-02	9.72e-03	5.15e-03	1.80e-04	2.23e-06
 3.40877e+21	0.00e+00	0.00e+00	0.00e+00	0.00e+00	8.44e-31	6.83e-27	2.09e-23	1.69e-20	8.94e-18	1.56e-15	1.97e-13	1.88e-11	1.80e-09	4.32e-08	9.33e-07	2.02e-05	4.68e-03	4.74e-02	2.03e-01	3.27e-01	2.61e-01	1.10e-01	3.34e-02	8.61e-03	4.46e-03	1.50e-04	1.81e-06
 3.50634e+21	0.00e+00	0.00e+00	0.00e+00	0.00e+00	1.57e-30	1.23e-26	3.63e-23	2.83e-20	1.44e-17	2.39e-15	2.89e-13	2.61e-11	2.37e-09	5.45e-08	1.13e-06	2.35e-05	5.27e-03	5.16e-02	2.14e-01	3.31e-01	2.54e-01	1.03e-01	3.02e-02	7.49e-03	3.79e-03	1.23e-04	1.42e-06
 3.63317e+21	0.00e+00	0.00e+00	0.00e+00	0.00e+00	3.50e-30	2.62e-26	7.39e-23	5.51e-20	2.67e-17	4.19e-15	4.74e-13	4.02e-11	3.41e-09	7.37e-08	1.44e-06	2.85e-05	6.10e-03	5.73e-02	2.27e-01	3.35e-01	2.44e-01	9.47e-02	2.64e-02	6.26e-03	3.06e-03	9.47e-05	1.04e-06
 3.76077e+21	0.00e+00	0.00e+00	0.00e+00	0.00e+00	8.13e-30	5.83e-26	1.57e-22	1.12e-19	5.14e-17	7.57e-15	8.04e-13	6.36e-11	5.03e-09	1.02e-07	1.86e-06	3.48e-05	7.06e-03	6.35e-02	2.41e-01	3.38e-01	2.34e-01	8.64e-02	2.29e-02	5.19e-03	2.46e-03	7.24e-05	7.61e-07
 3.86005e+21	0.00e+00	0.00e+00	0.00e+00	0.00e+00	1.52e-29	1.05e-25	2.73e-22	1.87e-19	8.21e-17	1.16e-14	1.17e-12	8.79e-11	6.60e-09	1.28e-07	2.23e-06	4.01e-05	7.86e-03	6.84e-02	2.51e-01	3.39e-01	2.26e-01	8.04e-02	2.06e-02	4.50e-03	2.09e-03	5.91e-05	5.98e-07
 3.95981e+21	0.00e+00	0.00e+00	0.00e+00	0.00e+00	2.72e-29	1.83e-25	4.60e-22	3.04e-19	1.28e-16	1.72e-14	1.66e-12	1.19e-10	8.47e-09	1.57e-07	2.64e-06	4.59e-05	8.72e-03	7.35e-02	2.61e-01	3.40e-01	2.18e-01	7.48e-02	1.85e-02	3.91e-03	1.77e-03	4.83e-05	4.71e-07
 4.08950e+21	0.00e+00	0.00e+00	0.00e+00	0.00e+00	5.87e-29	3.78e-25	9.11e-22	5.77e-19	2.32e-16	2.95e-14	2.67e-12	1.78e-10	1.19e-08	2.08e-07	3.31e-06	5.47e-05	9.95e-03	8.05e-02	2.74e-01	3.40e-01	2.07e-01	6.79e-02	1.60e-02	3.24e-03	1.43e-03	3.71e-05	3.46e-07
 4.21521e+21	0.00e+00	0.00e+00	0.00e+00	0.00e+00	1.28e-28	7.95e-25	1.84e-21	1.11e-18	4.25e-16	5.10e-14	4.35e-12	2.72e-10	1.69e-08	2.79e-07	4.18e-06	6.53e-05	1.13e-02	8.75e-02	2.86e-01	3.39e-01	1.97e-01	6.16e-02	1.39e-02	2.70e-03	1.15e-03	2.87e-05	2.55e-07
 4.30422e+21	0.00e+00	0.00e+00	0.00e+00	0.00e+00	2.18e-28	1.31e-24	2.94e-21	1.72e-18	6.31e-16	7.27e-14	5.95e-12	3.55e-10	2.11e-08	3.35e-07	4.84e-06	7.32e-05	1.23e-02	9.26e-02	2.94e-01	3.38e-01	1.90e-01	5.75e-02	1.26e-02	2.38e-03	9.96e-04	2.40e-05	2.07e-07
 4.38839e+21	0.00e+00	0.00e+00	0.00e+00	0.00e+00	3.43e-28	2.01e-24	4.39e-21	2.50e-18	8.87e-16	9.88e-14	7.79e-12	4.47e-10	2.55e-08	3.93e-07	5.50e-06	8.10e-05	1.32e-02	9.75e-02	3.01e-01	3.36e-01	1.83e-01	5.39e-02	1.15e-02	2.11e-03	8.68e-04	2.03e-05	1.70e-07
 4.49782e+21	0.00e+00	0.00e+00	0.00e+00	0.00e+00	6.40e-28	3.63e-24	7.67e-21	4.23e-18	1.44e-15	1.53e-13	1.14e-11	6.18e-10	3.32e-08	4.89e-07	6.55e-06	9.27e-05	1.46e-02	1.04e-01	3.11e-01	3.34e-01	1.75e-01	4.95e-02	1.02e-02	1.80e-03	7.26e-04	1.63e-05	1.32e-07
 4.61866e+21	0.00e+00	0.00e+00	0.00e+00	0.00e+00	1.28e-27	7.01e-24	1.43e-20	7.58e-18	2.48e-15	2.49e-13	1.76e-11	8.92e-10	4.49e-08	6.28e-07	7.99e-06	1.08e-04	1.62e-02	1.11e-01	3.21e-01	3.30e-01	1.65e-01	4.50e-02	8.90e-03	1.52e-03	5.95e-04	1.28e-05	0.00e+00
 4.71790e+21	0.00e+00	0.00e+00	0.00e+00	0.00e+00	2.28e-27	1.21e-23	2.39e-20	1.23e-17	3.85e-15	3.69e-13	2.49e-11	1.20e-09	5.74e-08	7.69e-07	9.38e-06	1.22e-04	1.77e-02	1.18e-01	3.29e-01	3.27e-01	1.58e-01	4.15e-02	7.95e-03	1.31e-03	5.05e-04	1.05e-05	0.00e+00
 4.79292e+21	0.00e+00	0.00e+00	0.00e+00	2.00e-31	3.45e-27	1.79e-23	3.46e-20	1.73e-17	5.24e-15	4.88e-13	3.17e-11	1.47e-09	6.77e-08	8.83e-07	1.05e-05	1.32e-04	1.88e-02	1.22e-01	3.34e-01	3.24e-01	1.52e-01	3.90e-02	7.31e-03	1.18e-03	4.46e-04	9.07e-06	0.00e+00
 4.87286e+21	0.00e+00	0.00e+00	0.00e+00	3.08e-31	5.19e-27	2.63e-23	4.97e-20	2.43e-17	7.16e-15	6.45e-13	4.06e-11	1.82e-09	8.03e-08	1.02e-06	1.17e-05	1.45e-04	2.00e-02	1.27e-01	3.40e-01	3.21e-01	1.47e-01	3.66e-02	6.69e-03	1.05e-03	3.93e-04	7.77e-06	0.00e+00
 4.97679e+21	0.00e+00	0.00e+00	0.00e+00	5.61e-31	9.16e-27	4.51e-23	8.28e-20	3.92e-17	1.12e-14	9.61e-13	5.74e-11	2.43e-09	1.01e-07	1.23e-06	1.36e-05	1.62e-04	2.17e-02	1.34e-01	3.47e-01	3.17e-01	1.39e-01	3.36e-02	5.95e-03	9.08e-04	3.32e-04	6.34e-06	0.00e+00
 5.08012e+21	0.00e+00	0.00e+00	0.00e+00	1.04e-30	1.64e-26	7.84e-23	1.40e-19	6.42e-17	1.76e-14	1.45e-12	8.23e-11	3.30e-09	1.30e-07	1.51e-06	1.60e-05	1.83e-04	2.35e-02	1.41e-01	3.54e-01	3.12e-01	1.32e-01	3.09e-02	5.28e-03	7.82e-04	2.80e-04	5.17e-06	0.00e+00
 5.15725e+21	0.00e+00	0.00e+00	0.00e+00	1.59e-30	2.46e-26	1.15e-22	2.01e-19	8.99e-17	2.39e-14	1.90e-12	1.05e-10	4.05e-09	1.54e-07	1.74e-06	1.79e-05	1.99e-04	2.50e-02	1.46e-01	3.59e-01	3.08e-01	1.27e-01	2.89e-02	4.84e-03	7.00e-04	2.47e-04	4.44e-06	0.00e+00
 5.23209e+21	0.00e+00	0.00e+00	0.00e+00	2.42e-30	3.64e-26	1.67e-22	2.86e-19	1.25e-16	3.23e-14	2.49e-12	1.32e-10	4.90e-09	1.78e-07	1.97e-06	1.97e-05	2.14e-04	2.64e-02	1.51e-01	3.63e-01	3.04e-01	1.22e-01	2.72e-02	4.45e-03	6.30e-04	2.19e-04	3.84e-06	0.00e+00
 5.32938e+21	0.00e+00	0.00e+00	0.00e+00	4.11e-30	6.02e-26	2.69e-22	4.49e-19	1.92e-16	4.80e-14	3.54e-12	1.80e-10	6.34e-09	2.19e-07	2.33e-06	2.26e-05	2.37e-04	2.83e-02	1.58e-01	3.69e-01	2.99e-01	1.16e-01	2.51e-02	3.99e-03	5.49e-04	1.88e-04	3.19e-06	0.00e+00
 5.43221e+21	0.00e+00	0.00e+00	0.00e+00	7.37e-30	1.05e-25	4.56e-22	7.40e-19	3.07e-16	7.42e-14	5.23e-12	2.53e-10	8.45e-09	2.75e-07	2.82e-06	2.62e-05	2.65e-04	3.04e-02	1.65e-01	3.74e-01	2.93e-01	1.10e-01	2.30e-02	3.54e-03	4.73e-04	1.59e-04	2.61e-06	0.00e+00
 5.51791e+21	0.00e+00	0.00e+00	0.00e+00	1.19e-29	1.64e-25	7.00e-22	1.11e-18	4.49e-16	1.05e-13	7.14e-12	3.32e-10	1.06e-08	3.30e-07	3.27e-06	2.94e-05	2.89e-04	3.22e-02	1.71e-01	3.78e-01	2.88e-01	1.05e-01	2.14e-02	3.21e-03	4.19e-04	1.38e-04	2.21e-06	0.00e+00
 5.60501e+21	0.00e+00	0.00e+00	0.00e+00	1.87e-29	2.53e-25	1.05e-21	1.63e-18	6.46e-16	1.47e-13	9.61e-12	4.29e-10	1.31e-08	3.89e-07	3.75e-06	3.28e-05	3.14e-04	3.42e-02	1.77e-01	3.82e-01	2.83e-01	1.00e-01	1.98e-02	2.91e-03	3.71e-04	1.21e-04	1.87e-06	0.00e+00
 5.71823e+21	0.00e+00	0.00e+00	0.00e+00	3.42e-29	4.47e-25	1.81e-21	2.73e-18	1.05e-15	2.30e-13	1.44e-11	6.09e-10	1.75e-08	4.89e-07	4.52e-06	3.80e-05	3.51e-04	3.68e-02	1.84e-01	3.87e-01	2.77e-01	9.43e-02	1.80e-02	2.56e-03	3.16e-04	1.01e-04	1.51e-06	0.00e+00
 5.82659e+21	0.00e+00	0.00e+00	0.00e+00	6.28e-29	7.97e-25	3.14e-21	4.62e-18	1.73e-15	3.64e-13	2.17e-11	8.72e-10	2.37e-08	6.20e-07	5.50e-06	4.43e-05	3.92e-04	3.95e-02	1.92e-01	3.91e-01	2.70e-01	8.86e-02	1.64e-02	2.25e-03	2.70e-04	8.44e-05	1.22e-06	0.00e+00
 5.90187e+21	0.00e+00	0.00e+00	0.00e+00	9.40e-29	1.17e-24	4.51e-21	6.52e-18	2.38e-15	4.86e-13	2.81e-11	1.09e-09	2.85e-08	7.17e-07	6.20e-06	4.87e-05	4.21e-04	4.14e-02	1.97e-01	3.93e-01	2.65e-01	8.49e-02	1.53e-02	2.06e-03	2.42e-04	7.48e-05	1.06e-06	0.00e+00
 5.97297e+21	0.00e+00	0.00e+00	0.00e+00	1.33e-28	1.61e-24	6.13e-21	8.71e-18	3.12e-15	6.23e-13	3.50e-11	1.32e-09	3.34e-08	8.14e-07	6.88e-06	5.28e-05	4.48e-04	4.32e-02	2.02e-01	3.95e-01	2.61e-01	8.16e-02	1.44e-02	1.90e-03	2.19e-04	6.69e-05	9.23e-07	0.00e+00
 6.06541e+21	0.00e+00	0.00e+00	0.00e+00	2.17e-28	2.57e-24	9.56e-21	1.33e-17	4.68e-15	9.07e-13	4.88e-11	1.76e-09	4.22e-08	9.71e-07	7.96e-06	5.92e-05	4.87e-04	4.57e-02	2.08e-01	3.98e-01	2.55e-01	7.73e-02	1.33e-02	1.71e-03	1.93e-04	5.78e-05	7.74e-07	0.00e+00
 6.16631e+21	0.00e+00	0.00e+00	0.00e+00	3.69e-28	4.26e-24	1.55e-20	2.11e-17	7.23e-15	1.36e-12	7.01e-11	2.41e-09	5.48e-08	1.19e-06	9.41e-06	6.74e-05	5.36e-04	4.85e-02	2.15e-01	4.00e-01	2.49e-01	7.29e-02	1.22e-02	1.52e-03	1.67e-04	4.92e-05	6.38e-07	0.00e+00
 6.25529e+21	0.00e+00	0.00e+00	0.00e+00	5.86e-28	6.60e-24	2.35e-20	3.15e-17	1.05e-14	1.92e-12	9.54e-11	3.15e-09	6.83e-08	1.41e-06	1.08e-05	7.52e-05	5.81e-04	5.10e-02	2.21e-01	4.02e-01	2.43e-01	6.91e-02	1.12e-02	1.37e-03	1.47e-04	4.27e-05	5.39e-07	0.00e+00
 6.33534e+21	0.00e+00	0.00e+00	0.00e+00	8.78e-28	9.69e-24	3.39e-20	4.46e-17	1.46e-14	2.59e-12	1.25e-10	3.97e-09	8.26e-08	1.63e-06	1.22e-05	8.26e-05	6.23e-04	5.34e-02	2.27e-01	4.04e-01	2.38e-01	6.59e-02	1.05e-02	1.25e-03	1.31e-04	3.76e-05	4.63e-07	0.00e+00
 6.42672e+21	0.00e+00	0.00e+00	0.00e+00	1.38e-27	1.48e-23	5.09e-20	6.57e-17	2.12e-14	3.65e-12	1.69e-10	5.16e-09	1.02e-07	1.92e-06	1.40e-05	9.17e-05	6.73e-04	5.62e-02	2.33e-01	4.05e-01	2.32e-01	6.24e-02	9.64e-03	1.13e-03	1.15e-04	3.26e-05	3.90e-07	0.00e+00
 6.52509e+21	0.00e+00	0.00e+00	0.00e+00	2.28e-27	2.39e-23	8.04e-20	1.02e-16	3.21e-14	5.36e-12	2.38e-10	6.95e-09	1.31e-07	2.32e-06	1.63e-05	1.04e-04	7.35e-04	5.93e-02	2.39e-01	4.06e-01	2.26e-01	5.87e-02	8.82e-03	1.00e-03	1.00e-04	2.79e-05	3.23e-07	0.00e+00
 6.60969e+21	0.00e+00	0.00e+00	0.00e+00	3.47e-27	3.57e-23	1.18e-19	1.47e-16	4.54e-14	7.36e-12	3.16e-10	8.89e-09	1.60e-07	2.72e-06	1.85e-05	1.14e-04	7.91e-04	6.20e-02	2.45e-01	4.07e-01	2.20e-01	5.57e-02	8.17e-03	9.10e-04	8.89e-05	2.44e-05	2.75e-07	0.00e+00
 6.68517e+21	0.00e+00	0.00e+00	0.00e+00	5.01e-27	5.05e-23	1.64e-19	2.01e-16	6.12e-14	9.69e-12	4.04e-10	1.10e-08	1.90e-07	3.09e-06	2.06e-05	1.24e-04	8.41e-04	6.45e-02	2.50e-01	4.07e-01	2.15e-01	5.32e-02	7.63e-03	8.34e-04	8.00e-05	2.17e-05	2.39e-07	0.00e+00
 6.77165e+21	0.00e+00	0.00e+00	0.00e+00	7.53e-27	7.43e-23	2.37e-19	2.87e-16	8.58e-14	1.32e-11	5.33e-10	1.39e-08	2.31e-07	3.59e-06	2.33e-05	1.37e-04	9.02e-04	6.75e-02	2.56e-01	4.08e-01	2.10e-01	5.04e-02	7.06e-03	7.54e-04	7.09e-05	1.89e-05	2.03e-07	0.00e+00
 6.88408e+21	0.00e+00	0.00e+00	1.74e-31	1.28e-26	1.22e-22	3.83e-19	4.55e-16	1.33e-13	1.99e-11	7.67e-10	1.91e-08	2.99e-07	4.36e-06	2.73e-05	1.55e-04	9.88e-04	7.14e-02	2.63e-01	4.08e-01	2.03e-01	4.70e-02	6.38e-03	6.62e-04	6.05e-05	1.59e-05	1.65e-07	0.00e+00
 6.99615e+21	0.00e+00	0.00e+00	3.10e-31	2.21e-26	2.06e-22	6.31e-19	7.35e-16	2.11e-13	3.05e-11	1.12e-09	2.66e-08	3.93e-07	5.38e-06	3.25e-05	1.77e-04	1.09e-03	7.55e-02	2.70e-01	4.07e-01	1.96e-01	4.37e-02	5.75e-03	5.80e-04	5.16e-05	1.33e-05	1.33e-07	0.00e+00
 7.08055e+21	0.00e+00	0.00e+00	4.69e-31	3.26e-26	2.99e-22	8.99e-19	1.03e-15	2.91e-13	4.09e-11	1.46e-09	3.33e-08	4.74e-07	6.21e-06	3.66e-05	1.94e-04	1.16e-03	7.86e-02	2.75e-01	4.07e-01	1.91e-01	4.14e-02	5.32e-03	5.26e-04	4.58e-05	1.16e-05	0.00e+00	0.00e+00
 7.16304e+21	0.00e+00	0.00e+00	6.85e-31	4.66e-26	4.19e-22	1.24e-18	1.41e-15	3.91e-13	5.37e-11	1.86e-09	4.10e-08	5.61e-07	7.05e-06	4.06e-05	2.10e-04	1.24e-03	8.17e-02	2.80e-01	4.06e-01	1.86e-01	3.93e-02	4.94e-03	4.78e-04	4.09e-05	1.03e-05	0.00e+00	0.00e+00
 7.27027e+21	0.00e+00	0.00e+00	1.13e-30	7.48e-26	6.56e-22	1.91e-18	2.14e-15	5.83e-13	7.79e-11	2.59e-09	5.46e-08	7.09e-07	8.42e-06	4.69e-05	2.35e-04	1.34e-03	8.59e-02	2.87e-01	4.05e-01	1.79e-01	3.67e-02	4.47e-03	4.22e-04	3.52e-05	8.69e-06	0.00e+00	0.00e+00
 7.38324e+21	0.00e+00	0.00e+00	1.94e-30	1.24e-25	1.06e-21	3.04e-18	3.35e-15	8.97e-13	1.16e-10	3.71e-09	7.45e-08	9.17e-07	1.03e-05	5.52e-05	2.67e-04	1.47e-03	9.05e-02	2.94e-01	4.03e-01	1.73e-01	3.41e-02	4.03e-03	3.70e-04	3.01e-05	7.28e-06	0.00e+00	0.00e+00
 7.47752e+21	0.00e+00	0.00e+00	2.98e-30	1.87e-25	1.57e-21	4.41e-18	4.79e-15	1.26e-12	1.59e-10	4.91e-09	9.51e-08	1.12e-06	1.20e-05	6.27e-05	2.94e-04	1.58e-03	9.44e-02	2.99e-01	4.01e-01	1.67e-01	3.20e-02	3.69e-03	3.31e-04	2.64e-05	6.29e-06	0.00e+00	0.00e+00
 7.55930e+21	0.00e+00	0.00e+00	4.27e-30	2.62e-25	2.16e-21	5.99e-18	6.45e-15	1.68e-12	2.06e-10	6.20e-09	1.16e-07	1.32e-06	1.36e-05	6.95e-05	3.19e-04	1.67e-03	9.78e-02	3.04e-01	4.00e-01	1.63e-01	3.04e-02	3.42e-03	3.02e-04	2.36e-05	5.55e-06	0.00e+00	0.00e+00
 7.65101e+21	0.00e+00	0.00e+00	6.30e-30	3.78e-25	3.05e-21	8.36e-18	8.91e-15	2.29e-12	2.75e-10	8.02e-09	1.45e-07	1.59e-06	1.56e-05	7.79e-05	3.48e-04	1.79e-03	1.02e-01	3.09e-01	3.98e-01	1.57e-01	2.86e-02	3.15e-03	2.71e-04	2.08e-05	4.83e-06	0.00e+00	0.00e+00
 7.77023e+21	0.00e+00	0.00e+00	1.04e-29	6.05e-25	4.76e-21	1.28e-17	1.35e-14	3.42e-12	4.00e-10	1.12e-08	1.94e-07	2.02e-06	1.88e-05	9.05e-05	3.91e-04	1.94e-03	1.07e-01	3.15e-01	3.95e-01	1.51e-01	2.64e-02	2.82e-03	2.37e-04	1.77e-05	4.03e-06	0.00e+00	0.00e+00
 7.89406e+21	0.00e+00	0.00e+00	1.76e-29	9.97e-25	7.66e-21	2.03e-17	2.11e-14	5.25e-12	5.96e-10	1.61e-08	2.65e-07	2.62e-06	2.30e-05	1.07e-04	4.44e-04	2.13e-03	1.13e-01	3.22e-01	3.91e-01	1.44e-01	2.43e-02	2.51e-03	2.05e-04	1.49e-05	3.33e-06	0.00e+00	0.00e+00
 7.99551e+21	0.00e+00	0.00e+00	2.67e-29	1.47e-24	1.11e-20	2.89e-17	2.98e-14	7.33e-12	8.09e-10	2.11e-08	3.37e-07	3.19e-06	2.68e-05	1.21e-04	4.90e-04	2.29e-03	1.17e-01	3.27e-01	3.88e-01	1.39e-01	2.27e-02	2.29e-03	1.82e-04	1.30e-05	2.86e-06	0.00e+00	0.00e+00
 8.09902e+21	0.00e+00	0.00e+00	3.93e-29	2.12e-24	1.57e-20	4.03e-17	4.12e-14	1.00e-11	1.08e-09	2.73e-08	4.20e-07	3.83e-06	3.08e-05	1.36e-04	5.36e-04	2.45e-03	1.22e-01	3.32e-01	3.85e-01	1.34e-01	2.12e-02	2.08e-03	1.62e-04	1.13e-05	2.46e-06	0.00e+00	0.00e+00
 8.23358e+21	0.00e+00	0.00e+00	6.49e-29	3.40e-24	2.45e-20	6.21e-17	6.28e-14	1.50e-11	1.58e-09	3.84e-08	5.65e-07	4.91e-06	3.74e-05	1.59e-04	6.05e-04	2.67e-03	1.28e-01	3.39e-01	3.80e-01	1.28e-01	1.94e-02	1.84e-03	1.39e-04	9.45e-06	2.01e-06	0.00e+00	0.00e+00
 8.36700e+21	0.00e+00	0.00e+00	1.09e-28	5.53e-24	3.89e-20	9.69e-17	9.72e-14	2.30e-11	2.34e-09	5.49e-08	7.72e-07	6.38e-06	4.60e-05	1.89e-04	6.90e-04	2.94e-03	1.35e-01	3.45e-01	3.76e-01	1.21e-01	1.77e-02	1.62e-03	1.20e-04	7.90e-06	1.65e-06	0.00e+00	0.00e+00
 8.46761e+21	0.00e+00	0.00e+00	1.56e-28	7.77e-24	5.37e-20	1.32e-16	1.32e-13	3.08e-11	3.06e-09	6.99e-08	9.53e-07	7.61e-06	5.28e-05	2.12e-04	7.53e-04	3.13e-03	1.40e-01	3.49e-01	3.72e-01	1.17e-01	1.66e-02	1.48e-03	1.07e-04	6.92e-06	1.42e-06	0.00e+00	0.00e+00
 8.56710e+21	0.00e+00	0.00e+00	2.17e-28	1.06e-23	7.19e-20	1.75e-16	1.73e-13	4.02e-11	3.90e-09	8.70e-08	1.15e-06	8.91e-06	5.98e-05	2.34e-04	8.14e-04	3.32e-03	1.45e-01	3.53e-01	3.68e-01	1.13e-01	1.55e-02	1.36e-03	9.59e-05	6.09e-06	1.24e-06	0.00e+00	0.00e+00
 8.69643e+21	0.00e+00	0.00e+00	3.34e-28	1.58e-23	1.05e-19	2.53e-16	2.49e-13	5.73e-11	5.42e-09	1.17e-07	1.49e-06	1.11e-05	7.09e-05	2.69e-04	9.07e-04	3.60e-03	1.52e-01	3.58e-01	3.63e-01	1.07e-01	1.42e-02	1.21e-03	8.32e-05	5.16e-06	1.03e-06	0.00e+00	0.00e+00
 8.83686e+21	0.00e+00	0.00e+00	5.34e-28	2.46e-23	1.60e-19	3.81e-16	3.72e-13	8.46e-11	7.79e-09	1.63e-07	1.99e-06	1.41e-05	8.61e-05	3.16e-04	1.03e-03	3.93e-03	1.59e-01	3.64e-01	3.57e-01	1.02e-01	1.30e-02	1.06e-03	7.13e-05	4.30e-06	8.41e-07	0.00e+00	0.00e+00
 8.95556e+21	0.00e+00	0.00e+00	7.86e-28	3.54e-23	2.26e-19	5.31e-16	5.17e-13	1.16e-10	1.04e-08	2.12e-07	2.51e-06	1.72e-05	1.01e-04	3.59e-04	1.13e-03	4.22e-03	1.65e-01	3.68e-01	3.51e-01	9.70e-02	1.20e-02	9.55e-04	6.26e-05	3.70e-06	7.12e-07	0.00e+00	0.00e+00
 9.05609e+21	0.00e+00	0.00e+00	1.07e-27	4.71e-23	2.96e-19	6.90e-16	6.69e-13	1.49e-10	1.31e-08	2.61e-07	3.00e-06	2.00e-05	1.14e-04	3.96e-04	1.22e-03	4.47e-03	1.71e-01	3.71e-01	3.47e-01	9.33e-02	1.12e-02	8.74e-04	5.63e-05	3.27e-06	6.20e-07	0.00e+00	0.00e+00
 9.16911e+21	0.00e+00	0.00e+00	1.48e-27	6.40e-23	3.96e-19	9.13e-16	8.82e-13	1.95e-10	1.68e-08	3.26e-07	3.65e-06	2.36e-05	1.30e-04	4.41e-04	1.33e-03	4.75e-03	1.77e-01	3.75e-01	3.42e-01	8.94e-02	1.04e-02	7.93e-04	4.99e-05	2.84e-06	5.31e-07	0.00e+00	0.00e+00
 9.31605e+21	0.00e+00	0.00e+00	2.25e-27	9.47e-23	5.74e-19	1.31e-15	1.26e-12	2.77e-10	2.33e-08	4.37e-07	4.71e-06	2.93e-05	1.54e-04	5.08e-04	1.48e-03	5.15e-03	1.85e-01	3.79e-01	3.35e-01	8.44e-02	9.47e-03	6.98e-04	4.28e-05	2.38e-06	4.36e-07	0.00e+00	0.00e+00
 9.46504e+21	0.00e+00	0.00e+00	3.49e-27	1.43e-22	8.52e-19	1.92e-15	1.84e-12	4.01e-10	3.28e-08	5.97e-07	6.20e-06	3.70e-05	1.86e-04	5.93e-04	1.67e-03	5.62e-03	1.93e-01	3.83e-01	3.28e-01	7.96e-02	8.59e-03	6.13e-04	3.66e-05	1.98e-06	3.57e-07	0.00e+00	0.00e+00
 9.58140e+21	0.00e+00	0.00e+00	4.83e-27	1.94e-22	1.14e-18	2.54e-15	2.42e-12	5.24e-10	4.18e-08	7.45e-07	7.52e-06	4.36e-05	2.13e-04	6.60e-04	1.81e-03	5.97e-03	1.99e-01	3.85e-01	3.22e-01	7.61e-02	7.96e-03	5.54e-04	3.25e-05	1.73e-06	3.06e-07	0.00e+00	0.00e+00
 9.69736e+21	0.00e+00	0.00e+00	6.47e-27	2.55e-22	1.47e-18	3.25e-15	3.10e-12	6.67e-10	5.21e-08	9.09e-07	8.93e-06	5.04e-05	2.39e-04	7.26e-04	1.95e-03	6.31e-03	2.06e-01	3.88e-01	3.16e-01	7.28e-02	7.40e-03	5.03e-04	2.89e-05	1.51e-06	2.64e-07	0.00e+00	0.00e+00
 9.84810e+21	0.00e+00	0.00e+00	9.48e-27	3.65e-22	2.06e-18	4.52e-15	4.31e-12	9.18e-10	7.01e-08	1.19e-06	1.13e-05	6.16e-05	2.81e-04	8.28e-04	2.16e-03	6.80e-03	2.14e-01	3.91e-01	3.09e-01	6.87e-02	6.73e-03	4.44e-04	2.49e-05	1.27e-06	2.18e-07	0.00e+00	0.00e+00
 1.00082e+22	0.00e+00	0.00e+00	1.44e-26	5.40e-22	3.00e-18	6.50e-15	6.18e-12	1.31e-09	9.71e-08	1.60e-06	1.47e-05	7.69e-05	3.36e-04	9.59e-04	2.41e-03	7.38e-03	2.23e-01	3.94e-01	3.01e-01	6.45e-02	6.08e-03	3.88e-04	2.12e-05	1.06e-06	1.78e-07	0.00e+00	0.00e+00
 1.01441e+22	0.00e+00	0.00e+00	2.02e-26	7.42e-22	4.05e-18	8.71e-15	8.26e-12	1.73e-09	1.26e-07	2.02e-06	1.80e-05	9.16e-05	3.88e-04	1.08e-03	2.64e-03	7.88e-03	2.31e-01	3.96e-01	2.95e-01	6.12e-02	5.58e-03	3.47e-04	1.86e-05	9.07e-07	1.50e-07	0.00e+00	0.00e+00
 1.02843e+22	0.00e+00	1.49e-31	2.77e-26	9.98e-22	5.37e-18	1.14e-14	1.08e-11	2.25e-09	1.60e-07	2.51e-06	2.17e-05	1.07e-04	4.40e-04	1.19e-03	2.86e-03	8.37e-03	2.38e-01	3.97e-01	2.88e-01	5.80e-02	5.12e-03	3.11e-04	1.62e-05	7.79e-07	1.27e-07	0.00e+00	0.00e+00
 1.04665e+22	0.00e+00	2.32e-31	4.19e-26	1.47e-21	7.74e-18	1.63e-14	1.54e-11	3.18e-09	2.20e-07	3.35e-06	2.79e-05	1.33e-04	5.25e-04	1.38e-03	3.19e-03	9.07e-03	2.48e-01	3.99e-01	2.79e-01	5.41e-02	4.59e-03	2.69e-04	1.37e-05	6.40e-07	0.00e+00	0.00e+00	0.00e+00
 1.06543e+22	0.00e+00	3.75e-31	6.53e-26	2.23e-21	1.15e-17	2.40e-14	2.26e-11	4.63e-09	3.10e-07	4.59e-06	3.68e-05	1.69e-04	6.36e-04	1.61e-03	3.59e-03	9.89e-03	2.59e-01	4.01e-01	2.70e-01	5.03e-02	4.09e-03	2.32e-04	1.15e-05	5.22e-07	0.00e+00	0.00e+00	0.00e+00
 1.08034e+22	0.00e+00	5.37e-31	9.12e-26	3.05e-21	1.55e-17	3.20e-14	3.01e-11	6.11e-09	3.98e-07	5.76e-06	4.49e-05	2.00e-04	7.31e-04	1.80e-03	3.91e-03	1.05e-02	2.67e-01	4.01e-01	2.63e-01	4.75e-02	3.74e-03	2.06e-04	9.99e-06	4.46e-07	0.00e+00	0.00e+00	0.00e+00
 1.09512e+22	0.00e+00	7.41e-31	1.23e-25	4.02e-21	2.02e-17	4.12e-14	3.87e-11	7.80e-09	4.97e-07	7.03e-06	5.34e-05	2.31e-04	8.22e-04	1.98e-03	4.20e-03	1.11e-02	2.75e-01	4.02e-01	2.56e-01	4.49e-02	3.43e-03	1.85e-04	8.76e-06	3.84e-07	0.00e+00	0.00e+00	0.00e+00
 1.11434e+22	0.00e+00	1.13e-30	1.82e-25	5.81e-21	2.86e-17	5.78e-14	5.42e-11	1.08e-08	6.71e-07	9.22e-06	6.77e-05	2.83e-04	9.69e-04	2.26e-03	4.65e-03	1.20e-02	2.85e-01	4.02e-01	2.48e-01	4.17e-02	3.06e-03	1.60e-04	7.39e-06	3.16e-07	0.00e+00	0.00e+00	0.00e+00
 1.13360e+22	0.00e+00	1.77e-30	2.75e-25	8.59e-21	4.15e-17	8.31e-14	7.78e-11	1.54e-08	9.25e-07	1.24e-05	8.75e-05	3.53e-04	1.16e-03	2.61e-03	5.19e-03	1.30e-02	2.96e-01	4.02e-01	2.39e-01	3.88e-02	2.73e-03	1.38e-04	6.23e-06	2.60e-07	0.00e+00	0.00e+00	0.00e+00
 1.14834e+22	0.00e+00	2.45e-30	3.71e-25	1.14e-20	5.41e-17	1.08e-13	1.00e-10	1.97e-08	1.15e-06	1.51e-05	1.04e-04	4.09e-04	1.31e-03	2.87e-03	5.58e-03	1.37e-02	3.03e-01	4.01e-01	2.32e-01	3.67e-02	2.51e-03	1.24e-04	5.48e-06	2.25e-07	0.00e+00	0.00e+00	0.00e+00
 1.16295e+22	0.00e+00	3.27e-30	4.85e-25	1.46e-20	6.86e-17	1.35e-13	1.26e-10	2.44e-08	1.40e-06	1.80e-05	1.21e-04	4.65e-04	1.45e-03	3.12e-03	5.95e-03	1.44e-02	3.11e-01	4.00e-01	2.26e-01	3.47e-02	2.31e-03	1.12e-04	4.85e-06	1.96e-07	0.00e+00	0.00e+00	0.00e+00
 1.18193e+22	0.00e+00	4.79e-30	6.91e-25	2.03e-20	9.39e-17	1.83e-13	1.70e-10	3.28e-08	1.83e-06	2.30e-05	1.50e-04	5.57e-04	1.68e-03	3.51e-03	6.50e-03	1.53e-02	3.21e-01	3.99e-01	2.18e-01	3.23e-02	2.08e-03	9.75e-05	4.13e-06	1.63e-07	0.00e+00	0.00e+00	0.00e+00
 1.20244e+22	0.00e+00	7.34e-30	1.03e-24	2.95e-20	1.34e-16	2.59e-13	2.40e-10	4.57e-08	2.48e-06	3.02e-05	1.90e-04	6.84e-04	1.99e-03	4.01e-03	7.19e-03	1.65e-02	3.31e-01	3.97e-01	2.09e-01	2.99e-02	1.85e-03	8.43e-05	3.48e-06	1.35e-07	0.00e+00	0.00e+00	0.00e+00
 1.22038e+22	0.00e+00	1.05e-29	1.44e-24	4.04e-20	1.81e-16	3.45e-13	3.20e-10	6.02e-08	3.18e-06	3.78e-05	2.32e-04	8.07e-04	2.27e-03	4.47e-03	7.80e-03	1.75e-02	3.40e-01	3.95e-01	2.02e-01	2.80e-02	1.68e-03	7.43e-05	3.01e-06	1.14e-07	0.00e+00	0.00e+00	0.00e+00
 1.23918e+22	0.00e+00	1.49e-29	1.97e-24	5.44e-20	2.40e-16	4.53e-13	4.19e-10	7.80e-08	4.01e-06	4.65e-05	2.77e-04	9.39e-04	2.57e-03	4.92e-03	8.39e-03	1.84e-02	3.49e-01	3.93e-01	1.95e-01	2.61e-02	1.51e-03	6.54e-05	2.59e-06	0.00e+00	0.00e+00	0.00e+00	0.00e+00
 1.26362e+22	0.00e+00	2.33e-29	3.00e-24	8.05e-20	3.48e-16	6.50e-13	5.98e-10	1.10e-07	5.48e-06	6.17e-05	3.54e-04	1.16e-03	3.04e-03	5.62e-03	9.27e-03	1.98e-02	3.60e-01	3.90e-01	1.86e-01	2.39e-02	1.33e-03	5.55e-05	2.14e-06	0.00e+00	0.00e+00	0.00e+00	0.00e+00
 1.28877e+22	0.00e+00	3.80e-29	4.71e-24	1.23e-19	5.22e-16	9.65e-13	8.85e-10	1.60e-07	7.71e-06	8.41e-05	4.64e-04	1.45e-03	3.66e-03	6.52e-03	1.03e-02	2.14e-02	3.71e-01	3.85e-01	1.77e-01	2.18e-02	1.16e-03	4.68e-05	1.75e-06	0.00e+00	0.00e+00	0.00e+00	0.00e+00
 1.30775e+22	0.00e+00	5.41e-29	6.55e-24	1.68e-19	7.02e-16	1.28e-12	1.17e-09	2.10e-07	9.79e-06	1.04e-04	5.59e-04	1.70e-03	4.17e-03	7.22e-03	1.12e-02	2.26e-02	3.79e-01	3.82e-01	1.70e-01	2.03e-02	1.05e-03	4.13e-05	1.52e-06	0.00e+00	0.00e+00	0.00e+00	0.00e+00
 1.32292e+22	0.00e+00	7.01e-29	8.33e-24	2.10e-19	8.68e-16	1.57e-12	1.43e-09	2.54e-07	1.16e-05	1.21e-04	6.35e-04	1.90e-03	4.54e-03	7.72e-03	1.17e-02	2.35e-02	3.86e-01	3.79e-01	1.65e-01	1.92e-02	9.69e-04	3.75e-05	1.35e-06	0.00e+00	0.00e+00	0.00e+00	0.00e+00
 1.34024e+22	0.00e+00	9.37e-29	1.09e-23	2.71e-19	1.10e-15	1.98e-12	1.80e-09	3.16e-07	1.41e-05	1.44e-04	7.40e-04	2.15e-03	5.03e-03	8.37e-03	1.25e-02	2.45e-02	3.93e-01	3.76e-01	1.59e-01	1.81e-02	8.85e-04	3.35e-05	1.19e-06	0.00e+00	0.00e+00	0.00e+00	0.00e+00
 1.36275e+22	0.00e+00	1.37e-28	1.54e-23	3.76e-19	1.51e-15	2.68e-12	2.42e-09	4.20e-07	1.82e-05	1.82e-04	9.03e-04	2.55e-03	5.76e-03	9.30e-03	1.35e-02	2.59e-02	4.01e-01	3.71e-01	1.52e-01	1.67e-02	7.89e-04	2.90e-05	1.01e-06	0.00e+00	0.00e+00	0.00e+00	0.00e+00
 1.38702e+22	0.00e+00	2.08e-28	2.28e-23	5.43e-19	2.14e-15	3.77e-12	3.39e-09	5.79e-07	2.43e-05	2.36e-04	1.13e-03	3.09e-03	6.73e-03	1.05e-02	1.47e-02	2.76e-02	4.10e-01	3.66e-01	1.44e-01	1.53e-02	6.96e-04	2.49e-05	8.43e-07	0.00e+00	0.00e+00	0.00e+00	0.00e+00
 1.40760e+22	0.00e+00	2.95e-28	3.16e-23	7.37e-19	2.86e-15	4.98e-12	4.47e-09	7.52e-07	3.07e-05	2.91e-04	1.36e-03	3.59e-03	7.60e-03	1.16e-02	1.58e-02	2.89e-02	4.17e-01	3.61e-01	1.38e-01	1.42e-02	6.26e-04	2.19e-05	7.27e-07	0.00e+00	0.00e+00	0.00e+00	0.00e+00
 1.42563e+22	0.00e+00	3.92e-28	4.11e-23	9.44e-19	3.62e-15	6.25e-12	5.58e-09	9.29e-07	3.69e-05	3.43e-04	1.56e-03	4.05e-03	8.36e-03	1.24e-02	1.67e-02	3.01e-02	4.23e-01	3.56e-01	1.33e-01	1.33e-02	5.72e-04	1.96e-05	6.40e-07	0.00e+00	0.00e+00	0.00e+00	0.00e+00
 1.44626e+22	0.00e+00	5.38e-28	5.51e-23	1.24e-18	4.70e-15	8.04e-12	7.15e-09	1.18e-06	4.55e-05	4.14e-04	1.84e-03	4.62e-03	9.30e-03	1.35e-02	1.77e-02	3.14e-02	4.30e-01	3.51e-01	1.27e-01	1.24e-02	5.17e-04	1.73e-05	5.54e-07	0.00e+00	0.00e+00	0.00e+00	0.00e+00
 1.47309e+22	0.00e+00	8.09e-28	8.05e-23	1.77e-18	6.60e-15	1.11e-11	9.84e-09	1.59e-06	5.97e-05	5.27e-04	2.26e-03	5.50e-03	1.07e-02	1.50e-02	1.91e-02	3.31e-02	4.37e-01	3.44e-01	1.20e-01	1.12e-02	4.53e-04	1.48e-05	4.61e-07	0.00e+00	0.00e+00	0.00e+00	0.00e+00
 1.50092e+22	0.00e+00	1.26e-27	1.22e-22	2.62e-18	9.59e-15	1.60e-11	1.40e-08	2.23e-06	8.06e-05	6.91e-04	2.86e-03	6.70e-03	1.25e-02	1.70e-02	2.09e-02	3.51e-02	4.44e-01	3.36e-01	1.13e-01	1.02e-02	3.95e-04	1.25e-05	3.80e-07	0.00e+00	0.00e+00	0.00e+00	0.00e+00
 1.52174e+22	0.00e+00	1.74e-27	1.65e-22	3.49e-18	1.26e-14	2.07e-11	1.81e-08	2.84e-06	9.99e-05	8.37e-04	3.37e-03	7.69e-03	1.40e-02	1.85e-02	2.21e-02	3.66e-02	4.49e-01	3.30e-01	1.08e-01	9.42e-03	3.55e-04	1.10e-05	3.29e-07	0.00e+00	0.00e+00	0.00e+00	0.00e+00
 1.53760e+22	0.00e+00	2.19e-27	2.03e-22	4.25e-18	1.52e-14	2.48e-11	2.15e-08	3.33e-06	1.15e-04	9.45e-04	3.74e-03	8.37e-03	1.49e-02	1.94e-02	2.30e-02	3.75e-02	4.52e-01	3.26e-01	1.05e-01	8.93e-03	3.30e-04	1.00e-05	2.97e-07	0.00e+00	0.00e+00	0.00e+00	0.00e+00
 1.55533e+22	0.00e+00	2.80e-27	2.56e-22	5.27e-18	1.86e-14	3.01e-11	2.60e-08	3.99e-06	1.34e-04	1.09e-03	4.21e-03	9.23e-03	1.61e-02	2.06e-02	2.39e-02	3.86e-02	4.56e-01	3.21e-01	1.01e-01	8.40e-03	3.04e-04	9.09e-06	2.65e-07	0.00e+00	0.00e+00	0.00e+00	0.00e+00
 1.57839e+22	0.00e+00	3.88e-27	3.46e-22	6.99e-18	2.43e-14	3.90e-11	3.34e-08	5.04e-06	1.65e-04	1.31e-03	4.93e-03	1.05e-02	1.79e-02	2.23e-02	2.53e-02	4.01e-02	4.60e-01	3.14e-01	9.57e-02	7.76e-03	2.73e-04	7.99e-06	2.28e-07	0.00e+00	0.00e+00	0.00e+00	0.00e+00
 1.60423e+22	0.00e+00	5.61e-27	4.87e-22	9.67e-18	3.32e-14	5.25e-11	4.48e-08	6.65e-06	2.12e-04	1.63e-03	5.96e-03	1.23e-02	2.03e-02	2.45e-02	2.70e-02	4.18e-02	4.63e-01	3.06e-01	9.02e-02	7.07e-03	2.41e-04	6.87e-06	1.92e-07	0.00e+00	0.00e+00	0.00e+00	0.00e+00
 1.62746e+22	0.00e+00	7.80e-27	6.62e-22	1.29e-17	4.37e-14	6.85e-11	5.80e-08	8.48e-06	2.62e-04	1.97e-03	7.01e-03	1.41e-02	2.26e-02	2.65e-02	2.85e-02	4.33e-02	4.65e-01	2.98e-01	8.55e-02	6.50e-03	2.15e-04	6.02e-06	1.65e-07	0.00e+00	0.00e+00	0.00e+00	0.00e+00
 1.64780e+22	0.00e+00	1.03e-26	8.54e-22	1.64e-17	5.48e-14	8.50e-11	7.15e-08	1.03e-05	3.10e-04	2.29e-03	7.96e-03	1.56e-02	2.45e-02	2.82e-02	2.97e-02	4.45e-02	4.67e-01	2.92e-01	8.16e-02	6.06e-03	1.96e-04	5.38e-06	1.45e-07	0.00e+00	0.00e+00	0.00e+00	0.00e+00
 1.67067e+22	0.00e+00	1.38e-26	1.12e-21	2.12e-17	7.00e-14	1.07e-10	8.95e-08	1.27e-05	3.72e-04	2.69e-03	9.11e-03	1.75e-02	2.67e-02	3.00e-02	3.10e-02	4.57e-02	4.68e-01	2.85e-01	7.76e-02	5.61e-03	1.77e-04	4.76e-06	1.26e-07	0.00e+00	0.00e+00	0.00e+00	0.00e+00
 1.70040e+22	0.00e+00	2.02e-26	1.60e-21	2.96e-17	9.59e-14	1.45e-10	1.19e-07	1.66e-05	4.72e-04	3.32e-03	1.09e-02	2.02e-02	2.99e-02	3.27e-02	3.28e-02	4.73e-02	4.69e-01	2.76e-01	7.25e-02	5.06e-03	1.55e-04	4.06e-06	0.00e+00	0.00e+00	0.00e+00	0.00e+00	0.00e+00
 1.73163e+22	0.00e+00	3.05e-26	2.35e-21	4.26e-17	1.36e-13	2.02e-10	1.66e-07	2.26e-05	6.19e-04	4.22e-03	1.34e-02	2.39e-02	3.41e-02	3.60e-02	3.50e-02	4.92e-02	4.67e-01	2.65e-01	6.71e-02	4.51e-03	1.33e-04	3.40e-06	0.00e+00	0.00e+00	0.00e+00	0.00e+00	0.00e+00
 1.75665e+22	0.00e+00	4.23e-26	3.19e-21	5.66e-17	1.78e-13	2.61e-10	2.12e-07	2.83e-05	7.54e-04	5.01e-03	1.55e-02	2.69e-02	3.73e-02	3.85e-02	3.66e-02	5.04e-02	4.65e-01	2.56e-01	6.32e-02	4.13e-03	1.18e-04	2.97e-06	0.00e+00	0.00e+00	0.00e+00	0.00e+00	0.00e+00
 1.77697e+22	0.00e+00	5.37e-26	3.98e-21	6.97e-17	2.17e-13	3.16e-10	2.55e-07	3.37e-05	8.75e-04	5.72e-03	1.73e-02	2.94e-02	4.00e-02	4.04e-02	3.77e-02	5.13e-02	4.64e-01	2.49e-01	6.00e-02	3.83e-03	1.07e-04	2.65e-06	0.00e+00	0.00e+00	0.00e+00	0.00e+00	0.00e+00
 1.79933e+22	0.00e+00	6.98e-26	5.08e-21	8.76e-17	2.69e-13	3.87e-10	3.09e-07	4.01e-05	1.02e-03	6.53e-03	1.93e-02	3.22e-02	4.27e-02	4.23e-02	3.89e-02	5.22e-02	4.62e-01	2.42e-01	5.70e-02	3.55e-03	9.76e-05	2.36e-06	0.00e+00	0.00e+00	0.00e+00	0.00e+00	0.00e+00
 1.82840e+22	0.00e+00	9.80e-26	6.95e-21	1.18e-16	3.56e-13	5.05e-10	3.99e-07	5.08e-05	1.25e-03	7.82e-03	2.24e-02	3.63e-02	4.69e-02	4.52e-02	4.05e-02	5.33e-02	4.57e-01	2.33e-01	5.30e-02	3.20e-03	8.55e-05	2.03e-06	0.00e+00	0.00e+00	0.00e+00	0.00e+00	0.00e+00
 1.85917e+22	0.00e+00	1.42e-25	9.82e-21	1.63e-16	4.84e-13	6.77e-10	5.28e-07	6.60e-05	1.57e-03	9.56e-03	2.66e-02	4.16e-02	5.20e-02	4.86e-02	4.23e-02	5.44e-02	4.50e-01	2.21e-01	4.89e-02	2.86e-03	7.40e-05	1.71e-06	0.00e+00	0.00e+00	0.00e+00	0.00e+00	0.00e+00
 1.88471e+22	0.00e+00	1.91e-25	1.30e-20	2.11e-16	6.19e-13	8.53e-10	6.58e-07	8.07e-05	1.87e-03	1.11e-02	3.01e-02	4.60e-02	5.60e-02	5.12e-02	4.35e-02	5.50e-02	4.44e-01	2.13e-01	4.57e-02	2.60e-03	6.59e-05	1.50e-06	0.00e+00	0.00e+00	0.00e+00	0.00e+00	0.00e+00
 1.91044e+22	0.00e+00	2.51e-25	1.66e-20	2.67e-16	7.71e-13	1.05e-09	8.02e-07	9.66e-05	2.18e-03	1.27e-02	3.36e-02	5.01e-02	5.96e-02	5.33e-02	4.45e-02	5.55e-02	4.39e-01	2.04e-01	4.29e-02	2.38e-03	5.88e-05	1.31e-06	0.00e+00	0.00e+00	0.00e+00	0.00e+00	0.00e+00
 1.94390e+22	0.00e+00	3.58e-25	2.31e-20	3.63e-16	1.03e-12	1.38e-09	1.04e-06	1.23e-04	2.69e-03	1.52e-02	3.90e-02	5.64e-02	6.50e-02	5.65e-02	4.59e-02	5.61e-02	4.29e-01	1.93e-01	3.92e-02	2.10e-03	5.04e-05	1.10e-06	0.00e+00	0.00e+00	0.00e+00	0.00e+00	0.00e+00
 1.97911e+22	0.00e+00	5.26e-25	3.31e-20	5.08e-16	1.42e-12	1.87e-09	1.39e-06	1.60e-04	3.38e-03	1.85e-02	4.60e-02	6.42e-02	7.15e-02	6.01e-02	4.73e-02	5.64e-02	4.15e-01	1.80e-01	3.53e-02	1.83e-03	4.25e-05	9.07e-07	0.00e+00	0.00e+00	0.00e+00	0.00e+00	0.00e+00
