#depth	O	O+	O+2	O+3	O+4	O+5	O+6	O+7	O+8	O[1]	O[2]	O[3]
 6.17135e+19	0.00e+00	0.00e+00	2.51e-26	1.29e-20	1.35e-15	5.33e-11	3.87e-06	4.15e-03	9.96e-01	0.00e+00	0.00e+00	0.00e+00
 1.87609e+20	0.00e+00	0.00e+00	4.76e-26	2.15e-20	1.96e-15	6.76e-11	4.69e-06	4.64e-03	9.95e-01	0.00e+00	0.00e+00	0.00e+00
 2.93824e+20	0.00e+00	1.37e-32	8.03e-26	3.26e-20	2.66e-15	8.23e-11	5.49e-06	5.07e-03	9.95e-01	0.00e+00	0.00e+00	0.00e+00
 3.70510e+20	0.00e+00	2.12e-32	1.16e-25	4.35e-20	3.30e-15	9.46e-11	6.13e-06	5.40e-03	9.95e-01	0.00e+00	0.00e+00	0.00e+00
 4.23796e+20	0.00e+00	2.88e-32	1.49e-25	5.33e-20	3.83e-15	1.04e-10	6.62e-06	5.64e-03	9.94e-01	0.00e+00	0.00e+00	0.00e+00
 4.57939e+20	0.00e+00	3.49e-32	1.74e-25	6.04e-20	4.21e-15	1.11e-10	6.95e-06	5.79e-03	9.94e-01	0.00e+00	0.00e+00	0.00e+00
 4.93614e+20	0.00e+00	4.25e-32	2.05e-25	6.88e-20	4.64e-15	1.18e-10	7.30e-06	5.95e-03	9.94e-01	0.00e+00	0.00e+00	0.00e+00
 5.39992e+20	0.00e+00	5.47e-32	2.54e-25	8.15e-20	5.26e-15	1.29e-10	7.79e-06	6.17e-03	9.94e-01	0.00e+00	0.00e+00	0.00e+00
 5.91918e+20	0.00e+00	7.28e-32	3.22e-25	9.86e-20	6.06e-15	1.41e-10	8.37e-06	6.41e-03	9.94e-01	0.00e+00	0.00e+00	0.00e+00
 6.40244e+20	0.00e+00	9.44e-32	4.00e-25	1.17e-19	6.91e-15	1.54e-10	8.95e-06	6.65e-03	9.93e-01	0.00e+00	0.00e+00	0.00e+00
 6.85122e+20	0.00e+00	1.20e-31	4.87e-25	1.38e-19	7.78e-15	1.67e-10	9.51e-06	6.87e-03	9.93e-01	0.00e+00	0.00e+00	0.00e+00
 7.36330e+20	0.00e+00	1.56e-31	6.09e-25	1.65e-19	8.90e-15	1.83e-10	1.02e-05	7.13e-03	9.93e-01	0.00e+00	0.00e+00	0.00e+00
 7.93969e+20	0.00e+00	2.11e-31	7.83e-25	2.01e-19	1.04e-14	2.02e-10	1.10e-05	7.43e-03	9.93e-01	0.00e+00	0.00e+00	0.00e+00
 8.48133e+20	0.00e+00	2.79e-31	9.87e-25	2.43e-19	1.19e-14	2.23e-10	1.18e-05	7.72e-03	9.92e-01	0.00e+00	0.00e+00	0.00e+00
 8.98784e+20	0.00e+00	3.59e-31	1.22e-24	2.88e-19	1.36e-14	2.43e-10	1.26e-05	7.99e-03	9.92e-01	0.00e+00	0.00e+00	0.00e+00
 9.56701e+20	0.00e+00	4.78e-31	1.55e-24	3.50e-19	1.57e-14	2.69e-10	1.36e-05	8.31e-03	9.92e-01	0.00e+00	0.00e+00	0.00e+00
 1.01852e+21	0.00e+00	6.49e-31	2.00e-24	4.30e-19	1.84e-14	2.99e-10	1.47e-05	8.66e-03	9.91e-01	0.00e+00	0.00e+00	0.00e+00
 1.07197e+21	0.00e+00	8.39e-31	2.49e-24	5.13e-19	2.11e-14	3.28e-10	1.57e-05	8.96e-03	9.91e-01	0.00e+00	0.00e+00	0.00e+00
 1.12801e+21	0.00e+00	1.09e-30	3.10e-24	6.14e-19	2.42e-14	3.61e-10	1.68e-05	9.29e-03	9.91e-01	0.00e+00	0.00e+00	0.00e+00
 1.20087e+21	0.00e+00	1.53e-30	4.13e-24	7.74e-19	2.88e-14	4.08e-10	1.83e-05	9.72e-03	9.90e-01	0.00e+00	0.00e+00	0.00e+00
 1.27433e+21	0.00e+00	2.16e-30	5.50e-24	9.78e-19	3.45e-14	4.61e-10	2.00e-05	1.02e-02	9.90e-01	0.00e+00	0.00e+00	0.00e+00
 1.33227e+21	0.00e+00	2.80e-30	6.86e-24	1.17e-18	3.96e-14	5.08e-10	2.14e-05	1.05e-02	9.89e-01	0.00e+00	0.00e+00	0.00e+00
 1.39128e+21	0.00e+00	3.63e-30	8.53e-24	1.40e-18	4.54e-14	5.59e-10	2.29e-05	1.09e-02	9.89e-01	0.00e+00	0.00e+00	0.00e+00
 1.46800e+21	0.00e+00	5.08e-30	1.13e-23	1.76e-18	5.42e-14	6.33e-10	2.50e-05	1.14e-02	9.89e-01	0.00e+00	0.00e+00	0.00e+00
 1.54744e+21	0.00e+00	7.18e-30	1.52e-23	2.24e-18	6.52e-14	7.20e-10	2.74e-05	1.19e-02	9.88e-01	0.00e+00	0.00e+00	0.00e+00
 1.61018e+21	0.00e+00	9.36e-30	1.90e-23	2.69e-18	7.52e-14	7.95e-10	2.93e-05	1.24e-02	9.88e-01	0.00e+00	0.00e+00	0.00e+00
 1.67148e+21	0.00e+00	1.20e-29	2.35e-23	3.20e-18	8.60e-14	8.74e-10	3.13e-05	1.28e-02	9.87e-01	0.00e+00	0.00e+00	0.00e+00
 1.75117e+21	0.00e+00	1.67e-29	3.09e-23	4.01e-18	1.02e-13	9.89e-10	3.41e-05	1.33e-02	9.87e-01	0.00e+00	0.00e+00	0.00e+00
 1.83360e+21	0.00e+00	2.34e-29	4.11e-23	5.07e-18	1.23e-13	1.12e-09	3.72e-05	1.39e-02	9.86e-01	0.00e+00	0.00e+00	0.00e+00
 1.90158e+21	0.00e+00	3.06e-29	5.16e-23	6.11e-18	1.42e-13	1.25e-09	3.99e-05	1.44e-02	9.86e-01	0.00e+00	0.00e+00	0.00e+00
 1.97194e+21	0.00e+00	4.01e-29	6.50e-23	7.38e-18	1.64e-13	1.38e-09	4.29e-05	1.50e-02	9.85e-01	0.00e+00	0.00e+00	0.00e+00
 2.06341e+21	0.00e+00	5.70e-29	8.75e-23	9.42e-18	1.99e-13	1.58e-09	4.70e-05	1.57e-02	9.84e-01	0.00e+00	0.00e+00	0.00e+00
 2.15714e+21	0.00e+00	8.17e-29	1.19e-22	1.21e-17	2.42e-13	1.82e-09	5.16e-05	1.64e-02	9.84e-01	0.00e+00	0.00e+00	0.00e+00
 2.23312e+21	0.00e+00	1.08e-28	1.51e-22	1.47e-17	2.82e-13	2.03e-09	5.56e-05	1.71e-02	9.83e-01	0.00e+00	0.00e+00	0.00e+00
 2.29953e+21	0.00e+00	1.38e-28	1.85e-22	1.75e-17	3.22e-13	2.23e-09	5.92e-05	1.76e-02	9.82e-01	0.00e+00	0.00e+00	0.00e+00
 2.37423e+21	0.00e+00	1.80e-28	2.32e-22	2.11e-17	3.72e-13	2.48e-09	6.35e-05	1.82e-02	9.82e-01	0.00e+00	0.00e+00	0.00e+00
 2.47134e+21	0.00e+00	2.55e-28	3.11e-22	2.68e-17	4.50e-13	2.83e-09	6.95e-05	1.91e-02	9.81e-01	0.00e+00	0.00e+00	0.00e+00
 2.57037e+21	0.00e+00	3.62e-28	4.20e-22	3.43e-17	5.45e-13	3.25e-09	7.61e-05	1.99e-02	9.80e-01	0.00e+00	0.00e+00	0.00e+00
 2.65002e+21	0.00e+00	4.76e-28	5.30e-22	4.16e-17	6.34e-13	3.62e-09	8.17e-05	2.07e-02	9.79e-01	0.00e+00	0.00e+00	0.00e+00
 2.73170e+21	0.00e+00	6.27e-28	6.69e-22	5.04e-17	7.37e-13	4.03e-09	8.78e-05	2.14e-02	9.78e-01	0.00e+00	0.00e+00	0.00e+00
 2.83788e+21	0.00e+00	8.94e-28	9.05e-22	6.47e-17	8.95e-13	4.64e-09	9.63e-05	2.24e-02	9.77e-01	0.00e+00	0.00e+00	0.00e+00
 2.94786e+21	0.00e+00	1.29e-27	1.24e-21	8.37e-17	1.10e-12	5.36e-09	1.06e-04	2.35e-02	9.76e-01	0.00e+00	0.00e+00	0.00e+00
 3.03782e+21	0.00e+00	1.73e-27	1.58e-21	1.03e-16	1.29e-12	6.02e-09	1.14e-04	2.44e-02	9.75e-01	0.00e+00	0.00e+00	0.00e+00
 3.12980e+21	0.00e+00	2.31e-27	2.03e-21	1.26e-16	1.51e-12	6.76e-09	1.23e-04	2.53e-02	9.75e-01	0.00e+00	0.00e+00	0.00e+00
 3.23136e+21	0.00e+00	3.20e-27	2.67e-21	1.59e-16	1.81e-12	7.68e-09	1.34e-04	2.64e-02	9.73e-01	0.00e+00	0.00e+00	0.00e+00
 3.32364e+21	0.00e+00	4.27e-27	3.42e-21	1.94e-16	2.12e-12	8.62e-09	1.45e-04	2.74e-02	9.72e-01	0.00e+00	0.00e+00	0.00e+00
 3.40877e+21	0.00e+00	5.55e-27	4.27e-21	2.34e-16	2.45e-12	9.57e-09	1.55e-04	2.83e-02	9.72e-01	0.00e+00	0.00e+00	0.00e+00
 3.50634e+21	0.00e+00	7.45e-27	5.50e-21	2.88e-16	2.89e-12	1.08e-08	1.67e-04	2.94e-02	9.70e-01	0.00e+00	0.00e+00	0.00e+00
 3.63317e+21	0.00e+00	1.09e-26	7.59e-21	3.76e-16	3.56e-12	1.25e-08	1.85e-04	3.09e-02	9.69e-01	0.00e+00	0.00e+00	0.00e+00
 3.76077e+21	0.00e+00	1.60e-26	1.05e-20	4.94e-16	4.41e-12	1.46e-08	2.04e-04	3.24e-02	9.67e-01	0.00e+00	0.00e+00	0.00e+00
 3.86005e+21	0.00e+00	2.14e-26	1.35e-20	6.07e-16	5.19e-12	1.64e-08	2.20e-04	3.37e-02	9.66e-01	0.00e+00	0.00e+00	0.00e+00
 3.95981e+21	0.00e+00	2.85e-26	1.72e-20	7.42e-16	6.08e-12	1.84e-08	2.37e-04	3.49e-02	9.65e-01	0.00e+00	0.00e+00	0.00e+00
 4.08950e+21	0.00e+00	4.13e-26	2.36e-20	9.65e-16	7.47e-12	2.13e-08	2.60e-04	3.66e-02	9.63e-01	0.00e+00	0.00e+00	0.00e+00
 4.21521e+21	0.00e+00	5.93e-26	3.22e-20	1.25e-15	9.13e-12	2.46e-08	2.86e-04	3.83e-02	9.61e-01	0.00e+00	0.00e+00	0.00e+00
 4.30422e+21	0.00e+00	7.61e-26	3.98e-20	1.49e-15	1.05e-11	2.72e-08	3.05e-04	3.95e-02	9.60e-01	0.00e+00	0.00e+00	0.00e+00
 4.38839e+21	7.07e-33	9.60e-26	4.85e-20	1.75e-15	1.19e-11	2.98e-08	3.24e-04	4.06e-02	9.59e-01	0.00e+00	0.00e+00	0.00e+00
 4.49782e+21	9.98e-33	1.30e-25	6.26e-20	2.17e-15	1.41e-11	3.36e-08	3.49e-04	4.22e-02	9.57e-01	0.00e+00	0.00e+00	0.00e+00
 4.61866e+21	1.46e-32	1.81e-25	8.32e-20	2.74e-15	1.70e-11	3.84e-08	3.81e-04	4.40e-02	9.56e-01	0.00e+00	0.00e+00	0.00e+00
 4.71790e+21	2.00e-32	2.37e-25	1.05e-19	3.33e-15	1.98e-11	4.29e-08	4.08e-04	4.55e-02	9.54e-01	0.00e+00	0.00e+00	0.00e+00
 4.79292e+21	2.53e-32	2.91e-25	1.25e-19	3.85e-15	2.22e-11	4.65e-08	4.30e-04	4.67e-02	9.53e-01	0.00e+00	0.00e+00	0.00e+00
 4.87286e+21	3.22e-32	3.59e-25	1.49e-19	4.46e-15	2.49e-11	5.06e-08	4.54e-04	4.79e-02	9.52e-01	0.00e+00	0.00e+00	0.00e+00
 4.97679e+21	4.43e-32	4.73e-25	1.89e-19	5.43e-15	2.91e-11	5.65e-08	4.87e-04	4.96e-02	9.50e-01	0.00e+00	0.00e+00	0.00e+00
 5.08012e+21	6.09e-32	6.24e-25	2.39e-19	6.61e-15	3.40e-11	6.31e-08	5.22e-04	5.13e-02	9.48e-01	0.00e+00	0.00e+00	0.00e+00
 5.15725e+21	7.71e-32	7.65e-25	2.85e-19	7.64e-15	3.80e-11	6.85e-08	5.50e-04	5.26e-02	9.47e-01	0.00e+00	0.00e+00	0.00e+00
 5.23209e+21	9.63e-32	9.29e-25	3.36e-19	8.77e-15	4.24e-11	7.40e-08	5.78e-04	5.38e-02	9.46e-01	0.00e+00	0.00e+00	0.00e+00
 5.32938e+21	1.29e-31	1.19e-24	4.17e-19	1.05e-14	4.88e-11	8.19e-08	6.16e-04	5.55e-02	9.44e-01	0.00e+00	0.00e+00	0.00e+00
 5.43221e+21	1.75e-31	1.56e-24	5.25e-19	1.27e-14	5.68e-11	9.12e-08	6.60e-04	5.74e-02	9.42e-01	0.00e+00	0.00e+00	0.00e+00
 5.51791e+21	2.26e-31	1.95e-24	6.34e-19	1.49e-14	6.43e-11	9.97e-08	6.98e-04	5.89e-02	9.40e-01	0.00e+00	0.00e+00	0.00e+00
 5.60501e+21	2.92e-31	2.44e-24	7.66e-19	1.74e-14	7.28e-11	1.09e-07	7.38e-04	6.06e-02	9.39e-01	0.00e+00	0.00e+00	0.00e+00
 5.71823e+21	4.07e-31	3.25e-24	9.80e-19	2.14e-14	8.56e-11	1.22e-07	7.94e-04	6.27e-02	9.36e-01	0.00e+00	0.00e+00	0.00e+00
 5.82659e+21	5.62e-31	4.30e-24	1.24e-18	2.61e-14	1.00e-10	1.37e-07	8.52e-04	6.49e-02	9.34e-01	0.00e+00	0.00e+00	0.00e+00
 5.90187e+21	7.00e-31	5.20e-24	1.46e-18	2.99e-14	1.11e-10	1.48e-07	8.94e-04	6.64e-02	9.33e-01	0.00e+00	0.00e+00	0.00e+00
 5.97297e+21	8.58e-31	6.21e-24	1.70e-18	3.39e-14	1.23e-10	1.58e-07	9.35e-04	6.78e-02	9.31e-01	0.00e+00	0.00e+00	0.00e+00
 6.06541e+21	1.12e-30	7.83e-24	2.08e-18	4.00e-14	1.40e-10	1.74e-07	9.91e-04	6.97e-02	9.29e-01	0.00e+00	0.00e+00	0.00e+00
 6.16631e+21	1.50e-30	1.01e-23	2.58e-18	4.80e-14	1.62e-10	1.93e-07	1.06e-03	7.19e-02	9.27e-01	0.00e+00	0.00e+00	0.00e+00
 6.25529e+21	1.94e-30	1.26e-23	3.12e-18	5.62e-14	1.83e-10	2.11e-07	1.12e-03	7.38e-02	9.25e-01	0.00e+00	0.00e+00	0.00e+00
 6.33534e+21	2.44e-30	1.54e-23	3.69e-18	6.48e-14	2.05e-10	2.28e-07	1.17e-03	7.56e-02	9.23e-01	0.00e+00	0.00e+00	0.00e+00
 6.42672e+21	3.16e-30	1.92e-23	4.48e-18	7.61e-14	2.32e-10	2.49e-07	1.24e-03	7.76e-02	9.21e-01	0.00e+00	0.00e+00	0.00e+00
 6.52509e+21	4.18e-30	2.46e-23	5.52e-18	9.06e-14	2.67e-10	2.75e-07	1.32e-03	7.99e-02	9.19e-01	0.00e+00	0.00e+00	0.00e+00
 6.60969e+21	5.31e-30	3.02e-23	6.59e-18	1.05e-13	3.00e-10	2.99e-07	1.39e-03	8.19e-02	9.17e-01	0.00e+00	0.00e+00	0.00e+00
 6.68517e+21	6.56e-30	3.63e-23	7.70e-18	1.20e-13	3.33e-10	3.22e-07	1.46e-03	8.37e-02	9.15e-01	0.00e+00	0.00e+00	0.00e+00
 6.77165e+21	8.34e-30	4.48e-23	9.21e-18	1.39e-13	3.74e-10	3.50e-07	1.53e-03	8.58e-02	9.13e-01	0.00e+00	0.00e+00	0.00e+00
 6.88408e+21	1.14e-29	5.86e-23	1.16e-17	1.69e-13	4.36e-10	3.90e-07	1.64e-03	8.86e-02	9.10e-01	0.00e+00	0.00e+00	0.00e+00
 6.99615e+21	1.56e-29	7.70e-23	1.47e-17	2.05e-13	5.09e-10	4.36e-07	1.76e-03	9.15e-02	9.07e-01	0.00e+00	0.00e+00	0.00e+00
 7.08055e+21	1.97e-29	9.42e-23	1.74e-17	2.37e-13	5.70e-10	4.72e-07	1.85e-03	9.37e-02	9.04e-01	0.00e+00	0.00e+00	0.00e+00
 7.16304e+21	2.45e-29	1.14e-22	2.05e-17	2.72e-13	6.36e-10	5.10e-07	1.94e-03	9.59e-02	9.02e-01	0.00e+00	0.00e+00	0.00e+00
 7.27027e+21	3.28e-29	1.47e-22	2.55e-17	3.26e-13	7.34e-10	5.65e-07	2.07e-03	9.88e-02	8.99e-01	0.00e+00	0.00e+00	0.00e+00
 7.38324e+21	4.46e-29	1.92e-22	3.20e-17	3.95e-13	8.53e-10	6.29e-07	2.21e-03	1.02e-01	8.96e-01	0.00e+00	0.00e+00	0.00e+00
 7.47752e+21	5.73e-29	2.39e-22	3.86e-17	4.62e-13	9.66e-10	6.87e-07	2.34e-03	1.05e-01	8.93e-01	0.00e+00	0.00e+00	0.00e+00
 7.55930e+21	7.11e-29	2.88e-22	4.53e-17	5.29e-13	1.07e-09	7.41e-07	2.45e-03	1.07e-01	8.91e-01	0.00e+00	0.00e+00	0.00e+00
 7.65101e+21	9.02e-29	3.54e-22	5.41e-17	6.14e-13	1.21e-09	8.06e-07	2.58e-03	1.10e-01	8.88e-01	0.00e+00	0.00e+00	0.00e+00
 7.77023e+21	1.23e-28	4.62e-22	6.80e-17	7.44e-13	1.41e-09	8.98e-07	2.76e-03	1.13e-01	8.84e-01	0.00e+00	0.00e+00	0.00e+00
 7.89406e+21	1.69e-28	6.11e-22	8.63e-17	9.10e-13	1.65e-09	1.01e-06	2.96e-03	1.17e-01	8.80e-01	0.00e+00	0.00e+00	0.00e+00
 7.99551e+21	2.19e-28	7.63e-22	1.05e-16	1.07e-12	1.88e-09	1.10e-06	3.13e-03	1.20e-01	8.77e-01	0.00e+00	0.00e+00	0.00e+00
 8.09902e+21	2.82e-28	9.52e-22	1.26e-16	1.25e-12	2.13e-09	1.21e-06	3.32e-03	1.23e-01	8.74e-01	0.00e+00	0.00e+00	0.00e+00
 8.23358e+21	3.93e-28	1.27e-21	1.62e-16	1.54e-12	2.51e-09	1.36e-06	3.57e-03	1.27e-01	8.69e-01	0.00e+00	0.00e+00	0.00e+00
 8.36700e+21	5.45e-28	1.69e-21	2.06e-16	1.90e-12	2.96e-09	1.52e-06	3.83e-03	1.32e-01	8.65e-01	0.00e+00	0.00e+00	0.00e+00
 8.46761e+21	6.93e-28	2.08e-21	2.47e-16	2.20e-12	3.33e-09	1.66e-06	4.04e-03	1.35e-01	8.61e-01	0.00e+00	0.00e+00	0.00e+00
 8.56710e+21	8.71e-28	2.53e-21	2.93e-16	2.55e-12	3.74e-09	1.80e-06	4.26e-03	1.38e-01	8.58e-01	0.00e+00	0.00e+00	0.00e+00
 8.69643e+21	1.17e-27	3.28e-21	3.65e-16	3.07e-12	4.34e-09	2.00e-06	4.55e-03	1.42e-01	8.53e-01	0.00e+00	0.00e+00	0.00e+00
 8.83686e+21	1.61e-27	4.33e-21	4.64e-16	3.76e-12	5.10e-09	2.25e-06	4.88e-03	1.47e-01	8.48e-01	0.00e+00	0.00e+00	0.00e+00
 8.95556e+21	2.10e-27	5.45e-21	5.65e-16	4.44e-12	5.83e-09	2.47e-06	5.18e-03	1.51e-01	8.44e-01	0.00e+00	0.00e+00	0.00e+00
 9.05609e+21	2.61e-27	6.58e-21	6.65e-16	5.10e-12	6.50e-09	2.67e-06	5.44e-03	1.54e-01	8.40e-01	0.00e+00	0.00e+00	0.00e+00
 9.16911e+21	3.32e-27	8.10e-21	7.95e-16	5.93e-12	7.34e-09	2.92e-06	5.74e-03	1.58e-01	8.36e-01	0.00e+00	0.00e+00	0.00e+00
 9.31605e+21	4.50e-27	1.06e-20	1.00e-15	7.20e-12	8.57e-09	3.26e-06	6.15e-03	1.63e-01	8.31e-01	0.00e+00	0.00e+00	0.00e+00
 9.46504e+21	6.13e-27	1.38e-20	1.26e-15	8.75e-12	1.00e-08	3.64e-06	6.59e-03	1.68e-01	8.25e-01	0.00e+00	0.00e+00	0.00e+00
 9.58140e+21	7.74e-27	1.69e-20	1.50e-15	1.02e-11	1.13e-08	3.97e-06	6.94e-03	1.72e-01	8.21e-01	0.00e+00	0.00e+00	0.00e+00
 9.69736e+21	9.67e-27	2.05e-20	1.77e-15	1.17e-11	1.26e-08	4.30e-06	7.30e-03	1.76e-01	8.17e-01	0.00e+00	0.00e+00	0.00e+00
 9.84810e+21	1.29e-26	2.63e-20	2.20e-15	1.40e-11	1.46e-08	4.78e-06	7.79e-03	1.81e-01	8.11e-01	0.00e+00	0.00e+00	0.00e+00
 1.00082e+22	1.74e-26	3.43e-20	2.76e-15	1.70e-11	1.71e-08	5.34e-06	8.34e-03	1.87e-01	8.05e-01	0.00e+00	0.00e+00	0.00e+00
 1.01441e+22	2.23e-26	4.25e-20	3.32e-15	1.99e-11	1.94e-08	5.85e-06	8.83e-03	1.91e-01	8.00e-01	0.00e+00	0.00e+00	0.00e+00
 1.02843e+22	2.86e-26	5.27e-20	4.00e-15	2.33e-11	2.20e-08	6.40e-06	9.33e-03	1.96e-01	7.94e-01	0.00e+00	0.00e+00	0.00e+00
 1.04665e+22	3.91e-26	6.92e-20	5.06e-15	2.85e-11	2.58e-08	7.19e-06	1.00e-02	2.02e-01	7.88e-01	0.00e+00	0.00e+00	0.00e+00
 1.06543e+22	5.38e-26	9.15e-20	6.44e-15	3.50e-11	3.05e-08	8.10e-06	1.08e-02	2.09e-01	7.80e-01	0.00e+00	0.00e+00	0.00e+00
 1.08034e+22	6.88e-26	1.13e-19	7.75e-15	4.10e-11	3.46e-08	8.87e-06	1.14e-02	2.14e-01	7.75e-01	0.00e+00	0.00e+00	0.00e+00
 1.09512e+22	8.69e-26	1.39e-19	9.24e-15	4.76e-11	3.90e-08	9.67e-06	1.20e-02	2.19e-01	7.69e-01	0.00e+00	0.00e+00	0.00e+00
 1.11434e+22	1.17e-25	1.80e-19	1.16e-14	5.76e-11	4.55e-08	1.08e-05	1.29e-02	2.25e-01	7.62e-01	0.00e+00	0.00e+00	0.00e+00
 1.13360e+22	1.58e-25	2.34e-19	1.45e-14	6.98e-11	5.32e-08	1.21e-05	1.38e-02	2.32e-01	7.54e-01	0.00e+00	0.00e+00	0.00e+00
 1.14834e+22	1.97e-25	2.83e-19	1.71e-14	8.04e-11	5.96e-08	1.31e-05	1.45e-02	2.37e-01	7.49e-01	0.00e+00	0.00e+00	0.00e+00
 1.16295e+22	2.42e-25	3.40e-19	2.00e-14	9.20e-11	6.64e-08	1.42e-05	1.52e-02	2.42e-01	7.43e-01	0.00e+00	0.00e+00	0.00e+00
 1.18193e+22	3.17e-25	4.30e-19	2.46e-14	1.09e-10	7.64e-08	1.57e-05	1.61e-02	2.48e-01	7.36e-01	0.00e+00	0.00e+00	0.00e+00
 1.20244e+22	4.23e-25	5.52e-19	3.05e-14	1.32e-10	8.87e-08	1.75e-05	1.72e-02	2.55e-01	7.28e-01	0.00e+00	0.00e+00	0.00e+00
 1.22038e+22	5.40e-25	6.83e-19	3.67e-14	1.54e-10	1.01e-07	1.91e-05	1.82e-02	2.61e-01	7.21e-01	0.00e+00	0.00e+00	0.00e+00
 1.23918e+22	6.90e-25	8.46e-19	4.42e-14	1.80e-10	1.14e-07	2.10e-05	1.93e-02	2.67e-01	7.14e-01	0.00e+00	0.00e+00	0.00e+00
 1.26362e+22	9.44e-25	1.11e-18	5.60e-14	2.21e-10	1.35e-07	2.36e-05	2.07e-02	2.75e-01	7.05e-01	0.00e+00	0.00e+00	0.00e+00
 1.28877e+22	1.30e-24	1.47e-18	7.14e-14	2.72e-10	1.59e-07	2.66e-05	2.22e-02	2.83e-01	6.95e-01	0.00e+00	0.00e+00	0.00e+00
 1.30775e+22	1.64e-24	1.81e-18	8.53e-14	3.16e-10	1.80e-07	2.91e-05	2.34e-02	2.89e-01	6.88e-01	0.00e+00	0.00e+00	0.00e+00
 1.32292e+22	1.97e-24	2.11e-18	9.77e-14	3.54e-10	1.98e-07	3.11e-05	2.44e-02	2.94e-01	6.82e-01	0.00e+00	0.00e+00	0.00e+00
 1.34024e+22	2.41e-24	2.53e-18	1.14e-13	4.05e-10	2.20e-07	3.36e-05	2.56e-02	2.99e-01	6.75e-01	0.00e+00	0.00e+00	0.00e+00
 1.36275e+22	3.13e-24	3.17e-18	1.39e-13	4.78e-10	2.52e-07	3.70e-05	2.71e-02	3.06e-01	6.67e-01	0.00e+00	0.00e+00	0.00e+00
 1.38702e+22	4.12e-24	4.03e-18	1.71e-13	5.72e-10	2.91e-07	4.11e-05	2.88e-02	3.13e-01	6.58e-01	0.00e+00	0.00e+00	0.00e+00
 1.40760e+22	5.18e-24	4.92e-18	2.04e-13	6.63e-10	3.28e-07	4.48e-05	3.03e-02	3.19e-01	6.50e-01	0.00e+00	0.00e+00	0.00e+00
 1.42563e+22	6.30e-24	5.83e-18	2.36e-13	7.52e-10	3.63e-07	4.82e-05	3.17e-02	3.25e-01	6.43e-01	0.00e+00	0.00e+00	0.00e+00
 1.44626e+22	7.84e-24	7.06e-18	2.79e-13	8.66e-10	4.07e-07	5.23e-05	3.33e-02	3.31e-01	6.36e-01	0.00e+00	0.00e+00	0.00e+00
 1.47309e+22	1.03e-23	8.98e-18	3.43e-13	1.03e-09	4.70e-07	5.80e-05	3.54e-02	3.38e-01	6.26e-01	0.00e+00	0.00e+00	0.00e+00
 1.50092e+22	1.37e-23	1.15e-17	4.26e-13	1.24e-09	5.46e-07	6.46e-05	3.77e-02	3.46e-01	6.16e-01	0.00e+00	0.00e+00	0.00e+00
 1.52174e+22	1.70e-23	1.39e-17	5.01e-13	1.43e-09	6.11e-07	7.00e-05	3.95e-02	3.52e-01	6.08e-01	0.00e+00	0.00e+00	0.00e+00
 1.53760e+22	1.97e-23	1.58e-17	5.61e-13	1.57e-09	6.60e-07	7.40e-05	4.08e-02	3.57e-01	6.03e-01	0.00e+00	0.00e+00	0.00e+00
 1.55533e+22	2.33e-23	1.83e-17	6.37e-13	1.75e-09	7.20e-07	7.88e-05	4.23e-02	3.61e-01	5.96e-01	0.00e+00	0.00e+00	0.00e+00
 1.57839e+22	2.88e-23	2.20e-17	7.48e-13	2.01e-09	8.04e-07	8.53e-05	4.43e-02	3.67e-01	5.88e-01	0.00e+00	0.00e+00	0.00e+00
 1.60423e+22	3.68e-23	2.73e-17	8.99e-13	2.35e-09	9.13e-07	9.35e-05	4.68e-02	3.74e-01	5.79e-01	0.00e+00	0.00e+00	0.00e+00
 1.62746e+22	4.55e-23	3.28e-17	1.06e-12	2.69e-09	1.02e-06	1.01e-04	4.90e-02	3.80e-01	5.71e-01	0.00e+00	0.00e+00	0.00e+00
 1.64780e+22	5.43e-23	3.83e-17	1.21e-12	3.02e-09	1.12e-06	1.08e-04	5.09e-02	3.85e-01	5.64e-01	0.00e+00	0.00e+00	0.00e+00
 1.67067e+22	6.61e-23	4.55e-17	1.40e-12	3.42e-09	1.24e-06	1.16e-04	5.31e-02	3.91e-01	5.56e-01	0.00e+00	0.00e+00	0.00e+00
 1.70040e+22	8.45e-23	5.64e-17	1.69e-12	4.01e-09	1.41e-06	1.27e-04	5.59e-02	3.98e-01	5.46e-01	0.00e+00	0.00e+00	0.00e+00
 1.73163e+22	1.10e-22	7.12e-17	2.07e-12	4.77e-09	1.62e-06	1.41e-04	5.92e-02	4.05e-01	5.36e-01	0.00e+00	0.00e+00	0.00e+00
 1.75665e+22	1.35e-22	8.50e-17	2.41e-12	5.43e-09	1.80e-06	1.52e-04	6.18e-02	4.11e-01	5.27e-01	0.00e+00	0.00e+00	0.00e+00
 1.77697e+22	1.60e-22	9.83e-17	2.73e-12	6.04e-09	1.96e-06	1.61e-04	6.41e-02	4.15e-01	5.20e-01	0.00e+00	0.00e+00	0.00e+00
 1.79933e+22	1.89e-22	1.14e-16	3.10e-12	6.73e-09	2.14e-06	1.72e-04	6.64e-02	4.20e-01	5.14e-01	0.00e+00	0.00e+00	0.00e+00
 1.82840e+22	2.36e-22	1.38e-16	3.67e-12	7.75e-09	2.39e-06	1.86e-04	6.95e-02	4.26e-01	5.04e-01	0.00e+00	0.00e+00	0.00e+00
 1.85917e+22	2.98e-22	1.69e-16	4.38e-12	9.00e-09	2.70e-06	2.03e-04	7.30e-02	4.32e-01	4.95e-01	0.00e+00	0.00e+00	0.00e+00
 1.88471e+22	3.59e-22	1.99e-16	5.04e-12	1.01e-08	2.97e-06	2.17e-04	7.58e-02	4.37e-01	4.87e-01	0.00e+00	0.00e+00	0.00e+00
 1.91044e+22	4.31e-22	2.34e-16	5.78e-12	1.14e-08	3.26e-06	2.32e-04	7.88e-02	4.42e-01	4.79e-01	0.00e+00	0.00e+00	0.00e+00
 1.94390e+22	5.45e-22	2.87e-16	6.90e-12	1.32e-08	3.68e-06	2.53e-04	8.27e-02	4.48e-01	4.69e-01	0.00e+00	0.00e+00	0.00e+00
 1.97911e+22	6.97e-22	3.55e-16	8.31e-12	1.55e-08	4.17e-06	2.77e-04	8.69e-02	4.54e-01	4.59e-01	0.00e+00	0.00e+00	0.00e+00
 2.00812e+22	8.48e-22	4.22e-16	9.63e-12	1.75e-08	4.61e-06	2.97e-04	9.04e-02	4.59e-01	4.50e-01	0.00e+00	0.00e+00	0.00e+00
 2.03735e+22	1.03e-21	4.98e-16	1.11e-11	1.98e-08	5.08e-06	3.18e-04	9.40e-02	4.63e-01	4.42e-01	0.00e+00	0.00e+00	0.00e+00
 2.07536e+22	1.31e-21	6.18e-16	1.34e-11	2.31e-08	5.76e-06	3.47e-04	9.87e-02	4.69e-01	4.32e-01	0.00e+00	0.00e+00	0.00e+00
 2.11581e+22	1.70e-21	7.73e-16	1.62e-11	2.72e-08	6.56e-06	3.81e-04	1.04e-01	4.75e-01	4.21e-01	0.00e+00	0.00e+00	0.00e+00
 2.15035e+22	2.10e-21	9.31e-16	1.91e-11	3.12e-08	7.31e-06	4.11e-04	1.08e-01	4.80e-01	4.12e-01	0.00e+00	0.00e+00	0.00e+00
 2.18615e+22	2.61e-21	1.12e-15	2.24e-11	3.57e-08	8.14e-06	4.44e-04	1.13e-01	4.84e-01	4.02e-01	0.00e+00	0.00e+00	0.00e+00
 2.23270e+22	3.43e-21	1.42e-15	2.75e-11	4.24e-08	9.34e-06	4.89e-04	1.19e-01	4.90e-01	3.90e-01	0.00e+00	0.00e+00	0.00e+00
 2.27840e+22	4.49e-21	1.80e-15	3.37e-11	5.04e-08	1.07e-05	5.39e-04	1.25e-01	4.95e-01	3.79e-01	0.00e+00	0.00e+00	0.00e+00
 2.31171e+22	5.45e-21	2.13e-15	3.90e-11	5.70e-08	1.18e-05	5.78e-04	1.30e-01	4.99e-01	3.70e-01	0.00e+00	0.00e+00	0.00e+00
 2.34369e+22	6.47e-21	2.48e-15	4.44e-11	6.34e-08	1.29e-05	6.13e-04	1.34e-01	5.02e-01	3.63e-01	0.00e+00	0.00e+00	0.00e+00
 2.38528e+22	8.13e-21	3.02e-15	5.26e-11	7.32e-08	1.45e-05	6.64e-04	1.40e-01	5.06e-01	3.53e-01	0.00e+00	0.00e+00	0.00e+00
 2.43934e+22	1.08e-20	3.86e-15	6.51e-11	8.75e-08	1.67e-05	7.33e-04	1.48e-01	5.10e-01	3.41e-01	0.00e+00	0.00e+00	0.00e+00
 2.49455e+22	1.45e-20	4.99e-15	8.12e-11	1.05e-07	1.94e-05	8.14e-04	1.56e-01	5.15e-01	3.28e-01	0.00e+00	0.00e+00	0.00e+00
 2.53755e+22	1.80e-20	6.04e-15	9.58e-11	1.21e-07	2.16e-05	8.79e-04	1.62e-01	5.18e-01	3.19e-01	0.00e+00	0.00e+00	0.00e+00
 2.57973e+22	2.22e-20	7.23e-15	1.12e-10	1.38e-07	2.40e-05	9.45e-04	1.69e-01	5.20e-01	3.10e-01	0.00e+00	0.00e+00	0.00e+00
 2.63456e+22	2.88e-20	9.10e-15	1.36e-10	1.63e-07	2.74e-05	1.04e-03	1.77e-01	5.23e-01	2.99e-01	0.00e+00	0.00e+00	0.00e+00
 2.68876e+22	3.76e-20	1.15e-14	1.66e-10	1.93e-07	3.14e-05	1.14e-03	1.86e-01	5.25e-01	2.88e-01	0.00e+00	0.00e+00	0.00e+00
 2.72862e+22	4.52e-20	1.35e-14	1.91e-10	2.17e-07	3.44e-05	1.22e-03	1.92e-01	5.27e-01	2.80e-01	0.00e+00	0.00e+00	0.00e+00
 2.76693e+22	5.37e-20	1.56e-14	2.18e-10	2.42e-07	3.75e-05	1.29e-03	1.98e-01	5.28e-01	2.73e-01	0.00e+00	0.00e+00	0.00e+00
 2.81673e+22	6.69e-20	1.89e-14	2.57e-10	2.78e-07	4.20e-05	1.40e-03	2.06e-01	5.29e-01	2.63e-01	0.00e+00	0.00e+00	0.00e+00
 2.87146e+22	8.51e-20	2.33e-14	3.08e-10	3.25e-07	4.76e-05	1.52e-03	2.15e-01	5.30e-01	2.53e-01	0.00e+00	0.00e+00	0.00e+00
 2.92030e+22	1.05e-19	2.80e-14	3.61e-10	3.71e-07	5.30e-05	1.64e-03	2.23e-01	5.31e-01	2.45e-01	0.00e+00	0.00e+00	0.00e+00
 2.96478e+22	1.26e-19	3.29e-14	4.15e-10	4.18e-07	5.83e-05	1.75e-03	2.30e-01	5.31e-01	2.37e-01	0.00e+00	0.00e+00	0.00e+00
 3.01587e+22	1.55e-19	3.93e-14	4.85e-10	4.76e-07	6.47e-05	1.88e-03	2.39e-01	5.31e-01	2.29e-01	0.00e+00	0.00e+00	0.00e+00
 3.08228e+22	2.01e-19	4.93e-14	5.90e-10	5.63e-07	7.40e-05	2.07e-03	2.50e-01	5.30e-01	2.18e-01	0.00e+00	0.00e+00	0.00e+00
 3.15038e+22	2.62e-19	6.22e-14	7.23e-10	6.70e-07	8.53e-05	2.28e-03	2.61e-01	5.29e-01	2.07e-01	0.00e+00	0.00e+00	0.00e+00
 3.20384e+22	3.20e-19	7.41e-14	8.43e-10	7.64e-07	9.48e-05	2.45e-03	2.71e-01	5.28e-01	1.99e-01	0.00e+00	0.00e+00	0.00e+00
 3.25649e+22	3.86e-19	8.72e-14	9.72e-10	8.62e-07	1.04e-04	2.62e-03	2.79e-01	5.26e-01	1.92e-01	0.00e+00	0.00e+00	0.00e+00
 3.32494e+22	4.89e-19	1.07e-13	1.17e-09	1.01e-06	1.19e-04	2.86e-03	2.91e-01	5.24e-01	1.83e-01	0.00e+00	0.00e+00	0.00e+00
 3.39843e+22	6.30e-19	1.34e-13	1.42e-09	1.19e-06	1.36e-04	3.15e-03	3.04e-01	5.20e-01	1.73e-01	0.00e+00	0.00e+00	0.00e+00
 3.46123e+22	7.76e-19	1.61e-13	1.67e-09	1.37e-06	1.53e-04	3.42e-03	3.15e-01	5.17e-01	1.64e-01	0.00e+00	0.00e+00	0.00e+00
 3.52563e+22	9.48e-19	1.92e-13	1.95e-09	1.56e-06	1.70e-04	3.68e-03	3.25e-01	5.14e-01	1.57e-01	0.00e+00	0.00e+00	0.00e+00
 3.60935e+22	1.22e-18	2.39e-13	2.37e-09	1.86e-06	1.95e-04	4.05e-03	3.39e-01	5.09e-01	1.48e-01	0.00e+00	0.00e+00	0.00e+00
 3.68975e+22	1.55e-18	2.96e-13	2.87e-09	2.19e-06	2.24e-04	4.46e-03	3.54e-01	5.03e-01	1.39e-01	0.00e+00	0.00e+00	0.00e+00
 3.74557e+22	1.83e-18	3.41e-13	3.25e-09	2.45e-06	2.46e-04	4.75e-03	3.63e-01	4.99e-01	1.33e-01	0.00e+00	0.00e+00	0.00e+00
 3.79786e+22	2.10e-18	3.86e-13	3.63e-09	2.69e-06	2.66e-04	5.01e-03	3.72e-01	4.95e-01	1.28e-01	0.00e+00	0.00e+00	0.00e+00
 3.86583e+22	2.51e-18	4.51e-13	4.18e-09	3.05e-06	2.94e-04	5.38e-03	3.83e-01	4.90e-01	1.21e-01	0.00e+00	0.00e+00	0.00e+00
 3.95420e+22	3.13e-18	5.49e-13	4.99e-09	3.56e-06	3.35e-04	5.89e-03	3.97e-01	4.83e-01	1.14e-01	0.00e+00	0.00e+00	0.00e+00
 4.04482e+22	3.91e-18	6.69e-13	5.98e-09	4.19e-06	3.83e-04	6.48e-03	4.12e-01	4.75e-01	1.06e-01	0.00e+00	0.00e+00	0.00e+00
 4.11578e+22	4.63e-18	7.78e-13	6.85e-09	4.73e-06	4.24e-04	6.95e-03	4.24e-01	4.68e-01	1.00e-01	0.00e+00	0.00e+00	0.00e+00
 4.18545e+22	5.38e-18	8.90e-13	7.74e-09	5.27e-06	4.63e-04	7.39e-03	4.34e-01	4.62e-01	9.54e-02	0.00e+00	0.00e+00	0.00e+00
 4.27603e+22	6.51e-18	1.05e-12	9.05e-09	6.06e-06	5.21e-04	8.03e-03	4.48e-01	4.54e-01	8.93e-02	0.00e+00	0.00e+00	0.00e+00
 4.37359e+22	7.94e-18	1.26e-12	1.07e-08	7.04e-06	5.91e-04	8.77e-03	4.63e-01	4.45e-01	8.29e-02	0.00e+00	0.00e+00	0.00e+00
 4.45684e+22	9.35e-18	1.46e-12	1.23e-08	7.96e-06	6.55e-04	9.44e-03	4.75e-01	4.37e-01	7.79e-02	0.00e+00	0.00e+00	0.00e+00
 4.53049e+22	1.07e-17	1.65e-12	1.37e-08	8.82e-06	7.14e-04	1.00e-02	4.86e-01	4.30e-01	7.38e-02	0.00e+00	0.00e+00	0.00e+00
 4.61507e+22	1.24e-17	1.89e-12	1.55e-08	9.87e-06	7.84e-04	1.07e-02	4.97e-01	4.22e-01	6.95e-02	0.00e+00	0.00e+00	0.00e+00
 4.72502e+22	1.49e-17	2.22e-12	1.82e-08	1.14e-05	8.83e-04	1.17e-02	5.12e-01	4.12e-01	6.44e-02	0.00e+00	0.00e+00	0.00e+00
 4.84019e+22	1.79e-17	2.63e-12	2.13e-08	1.32e-05	1.00e-03	1.27e-02	5.27e-01	4.00e-01	5.92e-02	0.00e+00	0.00e+00	0.00e+00
 4.93356e+22	2.07e-17	3.01e-12	2.42e-08	1.48e-05	1.10e-03	1.36e-02	5.38e-01	3.92e-01	5.54e-02	0.00e+00	0.00e+00	0.00e+00
 5.02634e+22	2.36e-17	3.39e-12	2.71e-08	1.65e-05	1.20e-03	1.45e-02	5.49e-01	3.83e-01	5.20e-02	2.36e-17	5.53e-24	5.72e-24
 5.14696e+22	2.77e-17	3.94e-12	3.13e-08	1.88e-05	1.34e-03	1.57e-02	5.62e-01	3.73e-01	4.80e-02	2.77e-17	5.52e-23	6.56e-23
 5.27568e+22	3.28e-17	4.61e-12	3.65e-08	2.17e-05	1.51e-03	1.71e-02	5.76e-01	3.61e-01	4.40e-02	3.28e-17	6.21e-23	7.38e-23
 5.38001e+22	3.75e-17	5.23e-12	4.11e-08	2.42e-05	1.65e-03	1.83e-02	5.87e-01	3.52e-01	4.10e-02	3.75e-17	6.86e-23	8.14e-23
 5.46622e+22	4.16e-17	5.75e-12	4.51e-08	2.63e-05	1.77e-03	1.92e-02	5.96e-01	3.45e-01	3.88e-02	4.16e-17	7.44e-23	8.83e-23
 5.56376e+22	4.64e-17	6.37e-12	4.98e-08	2.89e-05	1.91e-03	2.03e-02	6.05e-01	3.37e-01	3.65e-02	4.64e-17	8.07e-23	9.58e-23
 5.69057e+22	5.33e-17	7.25e-12	5.65e-08	3.25e-05	2.10e-03	2.17e-02	6.16e-01	3.27e-01	3.38e-02	5.33e-17	8.92e-23	1.06e-22
 5.82059e+22	6.10e-17	8.26e-12	6.43e-08	3.67e-05	2.32e-03	2.33e-02	6.27e-01	3.16e-01	3.11e-02	6.10e-17	9.74e-23	1.16e-22
 5.92161e+22	6.80e-17	9.14e-12	7.10e-08	4.02e-05	2.50e-03	2.46e-02	6.35e-01	3.09e-01	2.92e-02	6.80e-17	1.05e-22	1.25e-22
 6.01975e+22	7.44e-17	9.97e-12	7.73e-08	4.36e-05	2.67e-03	2.58e-02	6.42e-01	3.02e-01	2.76e-02	7.44e-17	1.13e-22	1.34e-22
 6.14734e+22	8.38e-17	1.12e-11	8.63e-08	4.83e-05	2.89e-03	2.74e-02	6.51e-01	2.93e-01	2.57e-02	8.38e-17	1.23e-22	1.46e-22
 6.28821e+22	9.52e-17	1.26e-11	9.76e-08	5.42e-05	3.17e-03	2.92e-02	6.61e-01	2.83e-01	2.37e-02	9.52e-17	1.34e-22	1.58e-22
 6.41368e+22	1.07e-16	1.41e-11	1.09e-07	6.00e-05	3.43e-03	3.09e-02	6.69e-01	2.75e-01	2.20e-02	1.07e-16	1.44e-22	1.71e-22
 6.52592e+22	1.18e-16	1.55e-11	1.19e-07	6.52e-05	3.67e-03	3.24e-02	6.75e-01	2.68e-01	2.07e-02	1.18e-16	1.55e-22	1.83e-22
 6.65363e+22	1.30e-16	1.70e-11	1.31e-07	7.14e-05	3.94e-03	3.41e-02	6.82e-01	2.60e-01	1.94e-02	1.30e-16	1.66e-22	1.97e-22
 6.81966e+22	1.47e-16	1.92e-11	1.48e-07	8.00e-05	4.30e-03	3.64e-02	6.90e-01	2.51e-01	1.78e-02	1.47e-16	1.81e-22	2.14e-22
 6.99786e+22	1.69e-16	2.20e-11	1.69e-07	9.06e-05	4.73e-03	3.90e-02	6.99e-01	2.41e-01	1.62e-02	1.69e-16	1.97e-22	2.33e-22
 7.14758e+22	1.89e-16	2.46e-11	1.89e-07	1.00e-04	5.11e-03	4.12e-02	7.06e-01	2.33e-01	1.50e-02	1.89e-16	2.13e-22	2.51e-22
 7.29794e+22	2.10e-16	2.72e-11	2.09e-07	1.10e-04	5.48e-03	4.33e-02	7.11e-01	2.26e-01	1.40e-02	2.10e-16	2.29e-22	2.71e-22
 7.49340e+22	2.38e-16	3.08e-11	2.36e-07	1.23e-04	5.97e-03	4.61e-02	7.18e-01	2.17e-01	1.28e-02	2.38e-16	2.49e-22	2.94e-22
 7.70180e+22	2.73e-16	3.53e-11	2.71e-07	1.40e-04	6.57e-03	4.94e-02	7.25e-01	2.07e-01	1.16e-02	2.73e-16	2.70e-22	3.19e-22
 7.87492e+22	3.07e-16	3.96e-11	3.03e-07	1.55e-04	7.08e-03	5.21e-02	7.30e-01	2.00e-01	1.07e-02	3.07e-16	2.91e-22	3.44e-22
 8.04788e+22	3.40e-16	4.37e-11	3.35e-07	1.70e-04	7.57e-03	5.47e-02	7.34e-01	1.93e-01	9.96e-03	3.40e-16	3.13e-22	3.70e-22
 8.27273e+22	3.85e-16	4.96e-11	3.79e-07	1.90e-04	8.22e-03	5.80e-02	7.39e-01	1.85e-01	9.08e-03	3.85e-16	3.39e-22	4.01e-22
 8.51706e+22	4.43e-16	5.70e-11	4.35e-07	2.15e-04	9.01e-03	6.19e-02	7.44e-01	1.76e-01	8.20e-03	4.43e-16	3.68e-22	4.35e-22
 8.72746e+22	5.00e-16	6.43e-11	4.90e-07	2.39e-04	9.72e-03	6.53e-02	7.48e-01	1.69e-01	7.52e-03	5.00e-16	3.98e-22	4.70e-22
 8.94172e+22	5.57e-16	7.17e-11	5.45e-07	2.63e-04	1.04e-02	6.85e-02	7.51e-01	1.63e-01	6.95e-03	5.57e-16	4.29e-22	5.07e-22
 9.22025e+22	6.36e-16	8.20e-11	6.21e-07	2.96e-04	1.13e-02	7.26e-02	7.54e-01	1.55e-01	6.29e-03	6.36e-16	4.65e-22	5.50e-22
 9.49236e+22	7.32e-16	9.45e-11	7.15e-07	3.35e-04	1.23e-02	7.72e-02	7.57e-01	1.48e-01	5.66e-03	7.32e-16	5.03e-22	5.95e-22
 9.68288e+22	8.10e-16	1.04e-10	7.87e-07	3.64e-04	1.31e-02	8.03e-02	7.58e-01	1.43e-01	5.28e-03	8.10e-16	5.39e-22	6.37e-22
 9.85733e+22	8.77e-16	1.13e-10	8.48e-07	3.89e-04	1.37e-02	8.28e-02	7.59e-01	1.39e-01	4.99e-03	8.77e-16	5.71e-22	6.76e-22
 1.00841e+23	9.63e-16	1.24e-10	9.32e-07	4.22e-04	1.45e-02	8.62e-02	7.60e-01	1.34e-01	4.64e-03	9.63e-16	6.04e-22	7.15e-22
 1.03789e+23	1.08e-15	1.40e-10	1.05e-06	4.68e-04	1.55e-02	9.05e-02	7.61e-01	1.28e-01	4.25e-03	1.08e-15	6.47e-22	7.66e-22
 1.06958e+23	1.24e-15	1.61e-10	1.20e-06	5.25e-04	1.68e-02	9.55e-02	7.62e-01	1.22e-01	3.84e-03	1.24e-15	7.00e-22	8.28e-22
 1.09622e+23	1.40e-15	1.81e-10	1.34e-06	5.76e-04	1.79e-02	9.96e-02	7.61e-01	1.17e-01	3.53e-03	1.40e-15	7.53e-22	8.91e-22
 1.12294e+23	1.54e-15	2.00e-10	1.47e-06	6.25e-04	1.89e-02	1.03e-01	7.61e-01	1.13e-01	3.29e-03	1.54e-15	8.04e-22	9.52e-22
 1.15768e+23	1.74e-15	2.27e-10	1.66e-06	6.90e-04	2.01e-02	1.08e-01	7.60e-01	1.08e-01	3.00e-03	1.74e-15	8.61e-22	1.02e-21
 1.19647e+23	2.00e-15	2.61e-10	1.90e-06	7.73e-04	2.17e-02	1.14e-01	7.59e-01	1.02e-01	2.71e-03	2.00e-15	9.32e-22	1.10e-21
 1.23103e+23	2.27e-15	2.98e-10	2.14e-06	8.55e-04	2.32e-02	1.19e-01	7.57e-01	9.74e-02	2.47e-03	2.27e-15	1.01e-21	1.19e-21
 1.26101e+23	2.52e-15	3.30e-10	2.36e-06	9.27e-04	2.44e-02	1.23e-01	7.56e-01	9.37e-02	2.29e-03	2.52e-15	1.07e-21	1.27e-21
 1.29451e+23	2.78e-15	3.66e-10	2.60e-06	1.00e-03	2.57e-02	1.27e-01	7.54e-01	9.02e-02	2.13e-03	2.78e-15	1.14e-21	1.35e-21
 1.33806e+23	3.14e-15	4.14e-10	2.91e-06	1.10e-03	2.73e-02	1.32e-01	7.51e-01	8.62e-02	1.95e-03	3.14e-15	1.22e-21	1.44e-21
 1.39054e+23	3.66e-15	4.82e-10	3.35e-06	1.23e-03	2.94e-02	1.38e-01	7.48e-01	8.16e-02	1.76e-03	3.66e-15	1.33e-21	1.57e-21
 1.44294e+23	4.24e-15	5.62e-10	3.85e-06	1.38e-03	3.16e-02	1.45e-01	7.43e-01	7.70e-02	1.58e-03	4.24e-15	1.44e-21	1.70e-21
 1.48777e+23	4.81e-15	6.38e-10	4.32e-06	1.51e-03	3.34e-02	1.51e-01	7.39e-01	7.34e-02	1.44e-03	4.81e-15	1.55e-21	1.83e-21
 1.53446e+23	5.37e-15	7.11e-10	4.76e-06	1.63e-03	3.51e-02	1.55e-01	7.36e-01	7.06e-02	1.34e-03	5.37e-15	1.65e-21	1.96e-21
 1.59268e+23	6.12e-15	8.10e-10	5.35e-06	1.79e-03	3.71e-02	1.61e-01	7.32e-01	6.74e-02	1.23e-03	6.12e-15	1.77e-21	2.10e-21
 1.65762e+23	7.01e-15	9.32e-10	6.08e-06	1.97e-03	3.95e-02	1.67e-01	7.26e-01	6.38e-02	1.11e-03	7.01e-15	1.88e-21	2.23e-21
 1.72516e+23	8.06e-15	1.07e-09	6.87e-06	2.17e-03	4.19e-02	1.73e-01	7.21e-01	6.07e-02	1.01e-03	8.06e-15	2.02e-21	2.40e-21
 1.79540e+23	9.18e-15	1.22e-09	7.70e-06	2.37e-03	4.42e-02	1.79e-01	7.15e-01	5.78e-02	9.28e-04	9.18e-15	2.15e-21	2.55e-21
 1.86845e+23	1.04e-14	1.38e-09	8.57e-06	2.57e-03	4.65e-02	1.85e-01	7.10e-01	5.52e-02	8.53e-04	1.04e-14	2.27e-21	2.69e-21
 1.94442e+23	1.17e-14	1.56e-09	9.50e-06	2.78e-03	4.88e-02	1.90e-01	7.05e-01	5.29e-02	7.89e-04	1.17e-14	2.40e-21	2.84e-21
 2.02343e+23	1.31e-14	1.74e-09	1.05e-05	2.99e-03	5.10e-02	1.95e-01	6.99e-01	5.07e-02	7.32e-04	1.31e-14	2.51e-21	2.97e-21
 2.10561e+23	1.46e-14	1.94e-09	1.15e-05	3.20e-03	5.31e-02	2.00e-01	6.94e-01	4.88e-02	6.82e-04	1.46e-14	2.60e-21	3.08e-21
 2.19107e+23	1.62e-14	2.14e-09	1.24e-05	3.40e-03	5.52e-02	2.04e-01	6.89e-01	4.71e-02	6.40e-04	1.62e-14	2.68e-21	3.18e-21
 2.27564e+23	1.77e-14	2.34e-09	1.34e-05	3.60e-03	5.71e-02	2.08e-01	6.85e-01	4.54e-02	6.01e-04	1.77e-14	2.75e-21	3.25e-21
 2.35356e+23	1.92e-14	2.53e-09	1.43e-05	3.77e-03	5.87e-02	2.12e-01	6.81e-01	4.41e-02	5.71e-04	1.92e-14	2.80e-21	3.31e-21
 2.42368e+23	2.06e-14	2.71e-09	1.51e-05	3.93e-03	6.02e-02	2.15e-01	6.77e-01	4.31e-02	5.48e-04	2.06e-14	2.86e-21	3.38e-21
 2.48680e+23	2.18e-14	2.85e-09	1.58e-05	4.05e-03	6.13e-02	2.17e-01	6.75e-01	4.23e-02	5.31e-04	2.18e-14	2.88e-21	3.41e-21
 2.54360e+23	2.28e-14	2.98e-09	1.63e-05	4.15e-03	6.22e-02	2.19e-01	6.72e-01	4.17e-02	5.16e-04	2.28e-14	2.89e-21	3.42e-21
 2.59472e+23	2.38e-14	3.10e-09	1.68e-05	4.25e-03	6.31e-02	2.20e-01	6.71e-01	4.12e-02	5.05e-04	2.38e-14	2.92e-21	3.45e-21
 2.64073e+23	2.46e-14	3.20e-09	1.73e-05	4.32e-03	6.37e-02	2.22e-01	6.69e-01	4.07e-02	4.95e-04	2.46e-14	2.92e-21	3.45e-21
 2.68214e+23	2.52e-14	3.28e-09	1.76e-05	4.39e-03	6.43e-02	2.23e-01	6.68e-01	4.04e-02	4.88e-04	2.52e-14	2.91e-21	3.44e-21
 2.71941e+23	2.57e-14	3.33e-09	1.78e-05	4.42e-03	6.46e-02	2.23e-01	6.67e-01	4.02e-02	4.84e-04	2.57e-14	2.89e-21	3.42e-21
 2.75295e+23	2.61e-14	3.39e-09	1.80e-05	4.47e-03	6.50e-02	2.24e-01	6.66e-01	3.99e-02	4.79e-04	2.61e-14	2.88e-21	3.40e-21
 2.78411e+23	2.66e-14	3.46e-09	1.83e-05	4.52e-03	6.55e-02	2.25e-01	6.65e-01	3.96e-02	4.71e-04	2.66e-14	2.87e-21	3.39e-21
 2.81466e+23	2.69e-14	3.48e-09	1.84e-05	4.54e-03	6.57e-02	2.25e-01	6.64e-01	3.95e-02	4.70e-04	2.69e-14	2.84e-21	3.35e-21
 2.84521e+23	2.71e-14	3.51e-09	1.86e-05	4.56e-03	6.58e-02	2.26e-01	6.64e-01	3.94e-02	4.67e-04	2.71e-14	2.80e-21	3.31e-21
 2.87575e+23	2.73e-14	3.54e-09	1.87e-05	4.58e-03	6.60e-02	2.26e-01	6.64e-01	3.93e-02	4.65e-04	2.73e-14	2.76e-21	3.27e-21
 2.90630e+23	2.75e-14	3.56e-09	1.88e-05	4.60e-03	6.62e-02	2.26e-01	6.63e-01	3.92e-02	4.63e-04	2.75e-14	2.73e-21	3.22e-21
 2.93685e+23	2.77e-14	3.58e-09	1.88e-05	4.61e-03	6.63e-02	2.26e-01	6.63e-01	3.92e-02	4.63e-04	2.77e-14	2.69e-21	3.18e-21
 2.96740e+23	2.77e-14	3.59e-09	1.89e-05	4.61e-03	6.63e-02	2.27e-01	6.63e-01	3.91e-02	4.61e-04	2.77e-14	2.64e-21	3.12e-21
 2.99795e+23	2.78e-14	3.61e-09	1.89e-05	4.62e-03	6.64e-02	2.27e-01	6.63e-01	3.91e-02	4.60e-04	2.78e-14	2.60e-21	3.07e-21
 3.02850e+23	2.79e-14	3.62e-09	1.90e-05	4.63e-03	6.65e-02	2.27e-01	6.62e-01	3.90e-02	4.59e-04	2.79e-14	2.56e-21	3.02e-21
 3.04929e+23	2.85e-14	3.68e-09	1.92e-05	4.67e-03	6.69e-02	2.27e-01	6.62e-01	3.89e-02	4.56e-04	2.85e-14	2.58e-21	3.04e-21
