#depth	H	H+	H2
 3.45294e+19	5.98e-08	1.00e+00	6.25e-31
 1.32153e+20	6.60e-08	1.00e+00	7.66e-31
 2.47976e+20	7.42e-08	1.00e+00	9.51e-31
 3.39900e+20	8.11e-08	1.00e+00	1.13e-30
 3.96468e+20	8.53e-08	1.00e+00	1.24e-30
 4.27949e+20	8.77e-08	1.00e+00	1.32e-30
 4.60400e+20	9.07e-08	1.00e+00	1.41e-30
 5.02586e+20	9.46e-08	1.00e+00	1.53e-30
 5.57429e+20	1.00e-07	1.00e+00	1.72e-30
 6.12022e+20	1.05e-07	1.00e+00	1.89e-30
 6.54326e+20	1.09e-07	1.00e+00	2.04e-30
 6.97353e+20	1.14e-07	1.00e+00	2.23e-30
 7.53289e+20	1.21e-07	1.00e+00	2.49e-30
 8.11716e+20	1.28e-07	1.00e+00	2.77e-30
 8.60313e+20	1.33e-07	1.00e+00	3.02e-30
 9.10419e+20	1.40e-07	1.00e+00	3.33e-30
 9.75557e+20	1.49e-07	1.00e+00	3.77e-30
 1.04218e+21	1.58e-07	1.00e+00	4.22e-30
 1.09569e+21	1.65e-07	1.00e+00	4.62e-30
 1.15022e+21	1.73e-07	1.00e+00	5.12e-30
 1.22110e+21	1.85e-07	1.00e+00	5.82e-30
 1.29421e+21	1.96e-07	1.00e+00	6.55e-30
 1.35357e+21	2.05e-07	1.00e+00	7.20e-30
 1.41406e+21	2.16e-07	1.00e+00	8.01e-30
 1.49270e+21	2.30e-07	1.00e+00	9.17e-30
 1.57349e+21	2.45e-07	1.00e+00	1.04e-29
 1.63889e+21	2.57e-07	1.00e+00	1.14e-29
 1.70572e+21	2.70e-07	1.00e+00	1.28e-29
 1.79259e+21	2.88e-07	1.00e+00	1.47e-29
 1.87890e+21	3.05e-07	1.00e+00	1.66e-29
 1.94103e+21	3.17e-07	1.00e+00	1.80e-29
 1.99832e+21	3.30e-07	1.00e+00	1.97e-29
 2.07281e+21	3.47e-07	1.00e+00	2.20e-29
 2.15174e+21	3.65e-07	1.00e+00	2.44e-29
 2.21972e+21	3.80e-07	1.00e+00	2.67e-29
 2.29139e+21	3.98e-07	1.00e+00	2.96e-29
 2.38457e+21	4.21e-07	1.00e+00	3.35e-29
 2.47898e+21	4.44e-07	1.00e+00	3.75e-29
 2.55484e+21	4.63e-07	1.00e+00	4.11e-29
 2.63333e+21	4.84e-07	1.00e+00	4.55e-29
 2.73536e+21	5.13e-07	1.00e+00	5.15e-29
 2.84043e+21	5.41e-07	1.00e+00	5.79e-29
 2.92644e+21	5.65e-07	1.00e+00	6.35e-29
 3.01527e+21	5.92e-07	1.00e+00	7.06e-29
 3.13075e+21	6.28e-07	1.00e+00	8.04e-29
 3.24832e+21	6.63e-07	1.00e+00	9.04e-29
 3.34319e+21	6.92e-07	1.00e+00	9.92e-29
 3.44109e+21	7.25e-07	1.00e+00	1.10e-28
 3.56837e+21	7.70e-07	1.00e+00	1.26e-28
 3.69904e+21	8.14e-07	1.00e+00	1.42e-28
 3.80671e+21	8.51e-07	1.00e+00	1.57e-28
 3.91927e+21	8.94e-07	1.00e+00	1.76e-28
 4.06560e+21	9.52e-07	1.00e+00	2.03e-28
 4.20182e+21	1.00e-06	1.00e+00	2.29e-28
 4.29586e+21	1.04e-06	1.00e+00	2.48e-28
 4.38910e+21	1.08e-06	1.00e+00	2.76e-28
 4.51031e+21	1.13e-06	1.00e+00	3.08e-28
 4.64222e+21	1.19e-06	1.00e+00	3.50e-28
 4.76177e+21	1.24e-06	1.00e+00	3.91e-28
 4.89093e+21	1.30e-06	1.00e+00	4.47e-28
 5.03511e+21	1.37e-06	1.00e+00	5.15e-28
 5.16707e+21	1.44e-06	1.00e+00	5.82e-28
 5.28780e+21	1.50e-06	1.00e+00	6.58e-28
 5.42567e+21	1.57e-06	1.00e+00	7.68e-28
 5.60491e+21	1.67e-06	1.00e+00	9.32e-28
 5.78327e+21	1.77e-06	1.00e+00	1.12e-27
 5.91981e+21	1.85e-06	1.00e+00	1.29e-27
 6.05665e+21	1.93e-06	1.00e+00	1.53e-27
 6.23453e+21	2.04e-06	1.00e+00	1.89e-27
 6.42291e+21	2.16e-06	1.00e+00	2.35e-27
 6.58453e+21	2.26e-06	1.00e+00	2.81e-27
 6.75425e+21	2.37e-06	1.00e+00	3.52e-27
 6.97489e+21	2.53e-06	1.00e+00	4.62e-27
 7.20059e+21	2.69e-06	1.00e+00	6.06e-27
 7.38457e+21	2.82e-06	1.00e+00	7.44e-27
 7.57541e+21	2.96e-06	1.00e+00	9.56e-27
 7.77646e+21	3.12e-06	1.00e+00	1.21e-26
 7.94717e+21	3.25e-06	1.00e+00	1.41e-26
 8.12552e+21	3.40e-06	1.00e+00	1.77e-26
 8.35737e+21	3.59e-06	1.00e+00	2.35e-26
 8.59414e+21	3.79e-06	1.00e+00	3.01e-26
 8.78834e+21	3.95e-06	1.00e+00	3.54e-26
 8.99183e+21	4.14e-06	1.00e+00	4.50e-26
 9.25637e+21	4.39e-06	1.00e+00	5.97e-26
 9.50833e+21	4.62e-06	1.00e+00	7.46e-26
 9.69630e+21	4.79e-06	1.00e+00	8.68e-26
 9.89301e+21	5.00e-06	1.00e+00	1.07e-25
 1.01487e+22	5.26e-06	1.00e+00	1.35e-25
 1.04098e+22	5.52e-06	1.00e+00	1.69e-25
 1.06302e+22	5.75e-06	1.00e+00	1.98e-25
 1.08693e+22	6.02e-06	1.00e+00	2.49e-25
 1.11331e+22	6.30e-06	1.00e+00	2.99e-25
 1.13780e+22	6.58e-06	1.00e+00	3.73e-25
 1.16453e+22	6.90e-06	1.00e+00	4.63e-25
 1.19386e+22	7.23e-06	1.00e+00	5.61e-25
 1.22014e+22	7.55e-06	1.00e+00	6.83e-25
 1.24423e+22	7.85e-06	1.00e+00	8.30e-25
 1.27186e+22	8.21e-06	1.00e+00	1.02e-24
 1.30251e+22	8.59e-06	1.00e+00	1.22e-24
 1.33046e+22	8.96e-06	1.00e+00	1.49e-24
 1.35609e+22	9.32e-06	1.00e+00	1.79e-24
 1.38533e+22	9.71e-06	1.00e+00	2.12e-24
 1.41711e+22	1.02e-05	1.00e+00	2.68e-24
 1.44539e+22	1.06e-05	1.00e+00	3.20e-24
 1.47537e+22	1.10e-05	1.00e+00	3.77e-24
 1.50776e+22	1.15e-05	1.00e+00	4.66e-24
 1.53645e+22	1.20e-05	1.00e+00	5.65e-24
 1.56687e+22	1.25e-05	1.00e+00	6.59e-24
 1.59942e+22	1.31e-05	1.00e+00	8.12e-24
 1.62765e+22	1.35e-05	1.00e+00	9.59e-24
 1.65297e+22	1.40e-05	1.00e+00	1.12e-23
 1.68161e+22	1.45e-05	1.00e+00	1.31e-23
 1.71110e+22	1.51e-05	1.00e+00	1.64e-23
 1.73468e+22	1.55e-05	1.00e+00	1.84e-23
 1.75521e+22	1.60e-05	1.00e+00	2.08e-23
 1.77881e+22	1.64e-05	1.00e+00	2.38e-23
 1.80417e+22	1.70e-05	1.00e+00	2.86e-23
 1.82556e+22	1.75e-05	1.00e+00	3.30e-23
 1.84171e+22	1.79e-05	1.00e+00	3.60e-23
 1.85471e+22	1.82e-05	1.00e+00	3.93e-23
 1.86900e+22	1.85e-05	1.00e+00	4.24e-23
 1.88495e+22	1.90e-05	1.00e+00	4.76e-23
 1.89916e+22	1.94e-05	1.00e+00	5.24e-23
 1.91078e+22	1.97e-05	1.00e+00	5.57e-23
 1.92123e+22	2.00e-05	1.00e+00	6.12e-23
 1.93307e+22	2.04e-05	1.00e+00	6.62e-23
 1.94545e+22	2.08e-05	1.00e+00	7.30e-23
 1.95532e+22	2.11e-05	1.00e+00	7.77e-23
 1.96312e+22	2.14e-05	1.00e+00	8.13e-23
 1.97143e+22	2.17e-05	1.00e+00	8.74e-23
 1.98061e+22	2.20e-05	1.00e+00	9.36e-23
 1.98870e+22	2.24e-05	1.00e+00	1.02e-22
 1.99532e+22	2.26e-05	1.00e+00	1.07e-22
 2.00136e+22	2.29e-05	1.00e+00	1.10e-22
 2.00829e+22	2.32e-05	1.00e+00	1.18e-22
 2.01564e+22	2.36e-05	1.00e+00	1.25e-22
 2.02165e+22	2.39e-05	1.00e+00	1.36e-22
 2.02644e+22	2.42e-05	1.00e+00	1.39e-22
 2.03153e+22	2.46e-05	1.00e+00	1.48e-22
 2.03723e+22	2.49e-05	1.00e+00	1.60e-22
 2.04237e+22	2.53e-05	1.00e+00	1.67e-22
 2.04668e+22	2.57e-05	1.00e+00	1.75e-22
 2.05128e+22	2.61e-05	1.00e+00	1.88e-22
 2.05639e+22	2.66e-05	1.00e+00	2.00e-22
 2.06099e+22	2.71e-05	1.00e+00	2.15e-22
 2.06493e+22	2.76e-05	1.00e+00	2.32e-22
 2.06922e+22	2.81e-05	1.00e+00	2.49e-22
 2.07406e+22	2.87e-05	1.00e+00	2.70e-22
 2.07860e+22	2.94e-05	1.00e+00	2.99e-22
 2.08270e+22	3.00e-05	1.00e+00	3.25e-22
 2.08722e+22	3.08e-05	1.00e+00	3.59e-22
 2.09224e+22	3.17e-05	1.00e+00	4.02e-22
 2.09685e+22	3.25e-05	1.00e+00	4.48e-22
 2.10181e+22	3.34e-05	1.00e+00	5.04e-22
 2.10738e+22	3.44e-05	1.00e+00	5.73e-22
 2.11276e+22	3.54e-05	1.00e+00	6.51e-22
 2.11873e+22	3.65e-05	1.00e+00	7.41e-22
 2.12605e+22	3.79e-05	1.00e+00	8.73e-22
 2.13382e+22	3.93e-05	1.00e+00	1.02e-21
 2.14154e+22	4.06e-05	1.00e+00	1.19e-21
 2.14969e+22	4.20e-05	1.00e+00	1.38e-21
 2.15866e+22	4.35e-05	1.00e+00	1.60e-21
 2.16849e+22	4.52e-05	1.00e+00	1.87e-21
 2.17914e+22	4.69e-05	1.00e+00	2.19e-21
 2.19071e+22	4.87e-05	1.00e+00	2.45e-21
 2.20348e+22	5.06e-05	1.00e+00	2.99e-21
 2.21760e+22	5.27e-05	1.00e+00	3.52e-21
 2.23339e+22	5.51e-05	1.00e+00	4.10e-21
 2.25133e+22	5.77e-05	1.00e+00	4.88e-21
 2.27173e+22	6.07e-05	1.00e+00	5.94e-21
 2.29505e+22	6.40e-05	1.00e+00	7.33e-21
 2.32208e+22	6.80e-05	1.00e+00	9.27e-21
 2.35405e+22	7.27e-05	1.00e+00	1.16e-20
 2.39308e+22	7.87e-05	1.00e+00	1.51e-20
 2.44255e+22	8.67e-05	1.00e+00	2.08e-20
 2.49787e+22	9.62e-05	1.00e+00	2.83e-20
 2.55203e+22	1.06e-04	1.00e+00	3.86e-20
 2.61345e+22	1.19e-04	1.00e+00	4.66e-20
 2.69329e+22	1.39e-04	1.00e+00	6.58e-20
 2.77777e+22	1.64e-04	1.00e+00	1.40e-19
 2.84983e+22	1.91e-04	1.00e+00	3.61e-19
 2.90626e+22	2.16e-04	1.00e+00	1.49e-18
 2.95180e+22	2.40e-04	1.00e+00	5.47e-18
 3.00199e+22	2.71e-04	1.00e+00	1.21e-17
 3.06724e+22	3.21e-04	1.00e+00	2.21e-17
 3.13111e+22	3.84e-04	1.00e+00	3.77e-17
 3.17607e+22	4.41e-04	1.00e+00	5.48e-17
 3.21015e+22	4.94e-04	1.00e+00	7.29e-17
 3.24721e+22	5.62e-04	9.99e-01	1.00e-16
 3.29538e+22	6.72e-04	9.99e-01	1.52e-16
 3.34260e+22	8.19e-04	9.99e-01	2.35e-16
 3.37545e+22	9.56e-04	9.99e-01	3.24e-16
 3.39940e+22	1.08e-03	9.99e-01	4.21e-16
 3.42489e+22	1.23e-03	9.99e-01	5.49e-16
 3.45803e+22	1.48e-03	9.99e-01	7.97e-16
 3.49081e+22	1.84e-03	9.98e-01	1.22e-15
 3.51366e+22	2.20e-03	9.98e-01	1.71e-15
 3.52958e+22	2.50e-03	9.97e-01	2.19e-15
 3.54597e+22	2.87e-03	9.97e-01	2.86e-15
 3.56728e+22	3.47e-03	9.97e-01	4.11e-15
 3.58761e+22	4.33e-03	9.96e-01	6.20e-15
 3.59797e+22	5.00e-03	9.95e-01	8.13e-15
 3.60090e+22	5.18e-03	9.95e-01	8.68e-15
 3.60287e+22	5.30e-03	9.95e-01	9.07e-15
 3.60543e+22	5.47e-03	9.95e-01	9.62e-15
 3.60876e+22	5.69e-03	9.94e-01	1.04e-14
 3.61309e+22	6.00e-03	9.94e-01	1.15e-14
 3.61872e+22	6.45e-03	9.94e-01	1.33e-14
 3.62439e+22	7.01e-03	9.93e-01	1.57e-14
 3.62859e+22	7.46e-03	9.93e-01	1.76e-14
 3.63179e+22	7.83e-03	9.92e-01	1.92e-14
 3.63523e+22	8.24e-03	9.92e-01	2.14e-14
 3.63971e+22	8.83e-03	9.91e-01	2.45e-14
 3.64426e+22	9.55e-03	9.90e-01	2.85e-14
 3.64767e+22	1.02e-02	9.90e-01	3.24e-14
 3.65028e+22	1.07e-02	9.89e-01	3.57e-14
 3.65310e+22	1.12e-02	9.89e-01	3.94e-14
 3.65675e+22	1.20e-02	9.88e-01	4.52e-14
 3.66048e+22	1.29e-02	9.87e-01	5.24e-14
 3.66328e+22	1.38e-02	9.86e-01	5.96e-14
 3.66542e+22	1.44e-02	9.86e-01	6.58e-14
 3.66772e+22	1.52e-02	9.85e-01	7.28e-14
 3.67071e+22	1.62e-02	9.84e-01	8.36e-14
 3.67379e+22	1.75e-02	9.82e-01	9.84e-14
 3.67614e+22	1.87e-02	9.81e-01	1.12e-13
 3.67794e+22	1.96e-02	9.80e-01	1.24e-13
 3.67987e+22	2.06e-02	9.79e-01	1.38e-13
 3.68239e+22	2.21e-02	9.78e-01	1.60e-13
 3.68499e+22	2.41e-02	9.76e-01	1.92e-13
 3.68699e+22	2.58e-02	9.74e-01	2.20e-13
 3.68855e+22	2.72e-02	9.73e-01	2.47e-13
 3.69023e+22	2.88e-02	9.71e-01	2.80e-13
 3.69240e+22	3.12e-02	9.69e-01	3.32e-13
 3.69469e+22	3.44e-02	9.66e-01	4.10e-13
 3.69650e+22	3.75e-02	9.63e-01	4.91e-13
 3.69789e+22	3.99e-02	9.60e-01	5.60e-13
 3.69936e+22	4.28e-02	9.57e-01	6.52e-13
 3.70127e+22	4.71e-02	9.53e-01	8.04e-13
 3.70320e+22	5.32e-02	9.47e-01	1.04e-12
 3.70458e+22	5.86e-02	9.41e-01	1.29e-12
 3.70557e+22	6.25e-02	9.38e-01	1.48e-12
 3.70662e+22	6.70e-02	9.33e-01	1.74e-12
 3.70797e+22	7.40e-02	9.26e-01	2.16e-12
 3.70938e+22	8.39e-02	9.16e-01	2.83e-12
 3.71043e+22	9.32e-02	9.07e-01	3.55e-12
 3.71121e+22	1.01e-01	8.99e-01	4.23e-12
 3.71200e+22	1.09e-01	8.91e-01	4.99e-12
 3.71304e+22	1.21e-01	8.79e-01	6.37e-12
 3.71410e+22	1.39e-01	8.61e-01	8.61e-12
 3.71487e+22	1.56e-01	8.44e-01	1.10e-11
 3.71541e+22	1.67e-01	8.33e-01	1.29e-11
 3.71597e+22	1.80e-01	8.20e-01	1.53e-11
 3.71669e+22	1.99e-01	8.01e-01	1.92e-11
 3.71745e+22	2.26e-01	7.74e-01	2.53e-11
 3.71806e+22	2.52e-01	7.48e-01	3.23e-11
 3.71852e+22	2.72e-01	7.28e-01	3.87e-11
 3.71899e+22	2.93e-01	7.07e-01	4.60e-11
 3.71960e+22	3.24e-01	6.76e-01	5.81e-11
 3.72021e+22	3.65e-01	6.35e-01	7.59e-11
 3.72065e+22	3.97e-01	6.03e-01	9.22e-11
 3.72098e+22	4.19e-01	5.81e-01	1.05e-10
 3.72130e+22	4.42e-01	5.58e-01	1.20e-10
 3.72167e+22	4.70e-01	5.30e-01	1.39e-10
 3.72202e+22	5.01e-01	4.99e-01	1.62e-10
 3.72228e+22	5.25e-01	4.75e-01	1.81e-10
 3.72250e+22	5.42e-01	4.58e-01	1.96e-10
 3.72269e+22	5.58e-01	4.42e-01	2.10e-10
 3.72283e+22	5.69e-01	4.31e-01	2.23e-10
 3.72297e+22	5.80e-01	4.20e-01	2.34e-10
 3.72312e+22	5.92e-01	4.08e-01	2.48e-10
 3.72329e+22	6.08e-01	3.92e-01	2.64e-10
 3.72343e+22	6.21e-01	3.79e-01	2.78e-10
 3.72356e+22	6.32e-01	3.68e-01	2.91e-10
 3.72368e+22	6.42e-01	3.58e-01	3.03e-10
 3.72383e+22	6.55e-01	3.45e-01	3.19e-10
 3.72397e+22	6.69e-01	3.31e-01	3.35e-10
 3.72411e+22	6.81e-01	3.19e-01	3.50e-10
 3.72422e+22	6.90e-01	3.10e-01	3.63e-10
 3.72434e+22	7.00e-01	3.00e-01	3.78e-10
 3.72448e+22	7.12e-01	2.88e-01	3.93e-10
 3.72461e+22	7.24e-01	2.76e-01	4.09e-10
 3.72473e+22	7.34e-01	2.66e-01	4.21e-10
 3.72484e+22	7.42e-01	2.58e-01	4.35e-10
 3.72497e+22	7.52e-01	2.48e-01	4.50e-10
 3.72510e+22	7.63e-01	2.37e-01	4.63e-10
 3.72522e+22	7.73e-01	2.27e-01	4.77e-10
 3.72533e+22	7.81e-01	2.19e-01	4.88e-10
 3.72544e+22	7.89e-01	2.11e-01	5.01e-10
 3.72556e+22	7.98e-01	2.02e-01	5.13e-10
 3.72568e+22	8.07e-01	1.93e-01	5.24e-10
 3.72579e+22	8.15e-01	1.85e-01	5.33e-10
 3.72590e+22	8.22e-01	1.78e-01	5.42e-10
 3.72601e+22	8.29e-01	1.71e-01	5.51e-10
 3.72612e+22	8.37e-01	1.63e-01	5.58e-10
 3.72624e+22	8.44e-01	1.56e-01	5.64e-10
 3.72634e+22	8.50e-01	1.50e-01	5.68e-10
 3.72644e+22	8.55e-01	1.45e-01	5.71e-10
 3.72654e+22	8.61e-01	1.39e-01	5.74e-10
 3.72665e+22	8.67e-01	1.33e-01	5.74e-10
 3.72675e+22	8.73e-01	1.27e-01	5.74e-10
 3.72685e+22	8.78e-01	1.22e-01	5.73e-10
 3.72694e+22	8.82e-01	1.18e-01	5.72e-10
 3.72704e+22	8.87e-01	1.13e-01	5.69e-10
 3.72714e+22	8.92e-01	1.08e-01	5.65e-10
 3.72723e+22	8.96e-01	1.04e-01	5.60e-10
 3.72732e+22	9.00e-01	1.00e-01	5.55e-10
 3.72741e+22	9.04e-01	9.65e-02	5.50e-10
 3.72751e+22	9.07e-01	9.27e-02	5.41e-10
 3.72759e+22	9.11e-01	8.92e-02	5.32e-10
 3.72768e+22	9.14e-01	8.62e-02	5.23e-10
 3.72775e+22	9.16e-01	8.35e-02	5.14e-10
 3.72783e+22	9.19e-01	8.11e-02	5.06e-10
 3.72789e+22	9.21e-01	7.89e-02	4.98e-10
 3.72796e+22	9.23e-01	7.68e-02	4.90e-10
 3.72802e+22	9.25e-01	7.49e-02	4.82e-10
 3.72808e+22	9.27e-01	7.29e-02	4.74e-10
 3.72815e+22	9.29e-01	7.11e-02	4.64e-10
 3.72820e+22	9.31e-01	6.93e-02	4.54e-10
 3.72826e+22	9.32e-01	6.78e-02	4.45e-10
 3.72831e+22	9.34e-01	6.64e-02	4.36e-10
 3.72836e+22	9.35e-01	6.49e-02	4.27e-10
 3.72841e+22	9.36e-01	6.36e-02	4.19e-10
 3.72846e+22	9.38e-01	6.23e-02	4.10e-10
 3.72851e+22	9.39e-01	6.10e-02	4.02e-10
 3.72855e+22	9.40e-01	5.99e-02	3.94e-10
 3.72859e+22	9.41e-01	5.89e-02	3.86e-10
 3.72863e+22	9.42e-01	5.79e-02	3.79e-10
 3.72867e+22	9.43e-01	5.70e-02	3.72e-10
 3.72871e+22	9.44e-01	5.61e-02	3.65e-10
 3.72874e+22	9.45e-01	5.53e-02	3.58e-10
 3.72878e+22	9.46e-01	5.43e-02	3.51e-10
 3.72882e+22	9.47e-01	5.34e-02	3.43e-10
 3.72886e+22	9.47e-01	5.27e-02	3.36e-10
 3.72889e+22	9.48e-01	5.18e-02	3.29e-10
 3.72893e+22	9.49e-01	5.10e-02	3.22e-10
 3.72897e+22	9.50e-01	5.02e-02	3.15e-10
 3.72900e+22	9.51e-01	4.95e-02	3.08e-10
 3.72904e+22	9.51e-01	4.87e-02	3.01e-10
 3.72908e+22	9.52e-01	4.80e-02	2.94e-10
 3.72912e+22	9.53e-01	4.74e-02	2.88e-10
 3.72915e+22	9.53e-01	4.68e-02	2.82e-10
 3.72919e+22	9.54e-01	4.62e-02	2.76e-10
 3.72923e+22	9.54e-01	4.56e-02	2.70e-10
 3.72927e+22	9.55e-01	4.51e-02	2.64e-10
 3.72930e+22	9.55e-01	4.45e-02	2.59e-10
 3.72934e+22	9.56e-01	4.40e-02	2.53e-10
 3.72938e+22	9.57e-01	4.35e-02	2.48e-10
 3.72942e+22	9.57e-01	4.30e-02	2.42e-10
 3.72945e+22	9.58e-01	4.25e-02	2.37e-10
 3.72949e+22	9.58e-01	4.20e-02	2.32e-10
 3.72953e+22	9.58e-01	4.16e-02	2.27e-10
 3.72956e+22	9.59e-01	4.11e-02	2.22e-10
 3.72960e+22	9.59e-01	4.07e-02	2.18e-10
 3.72964e+22	9.60e-01	4.02e-02	2.13e-10
 3.72968e+22	9.60e-01	3.98e-02	2.08e-10
 3.72971e+22	9.61e-01	3.94e-02	2.04e-10
 3.72975e+22	9.61e-01	3.90e-02	2.00e-10
 3.72979e+22	9.61e-01	3.86e-02	1.95e-10
 3.72983e+22	9.62e-01	3.82e-02	1.91e-10
 3.72988e+22	9.62e-01	3.77e-02	1.86e-10
 3.72992e+22	9.63e-01	3.73e-02	1.81e-10
 3.72996e+22	9.63e-01	3.70e-02	1.78e-10
 3.73000e+22	9.63e-01	3.67e-02	1.74e-10
 3.73005e+22	9.64e-01	3.63e-02	1.69e-10
 3.73010e+22	9.64e-01	3.59e-02	1.65e-10
 3.73015e+22	9.65e-01	3.54e-02	1.60e-10
 3.73020e+22	9.65e-01	3.50e-02	1.55e-10
 3.73025e+22	9.65e-01	3.48e-02	1.53e-10
 3.73030e+22	9.65e-01	3.46e-02	1.49e-10
 3.73035e+22	9.66e-01	3.42e-02	1.45e-10
 3.73041e+22	9.66e-01	3.38e-02	1.41e-10
 3.73047e+22	9.66e-01	3.35e-02	1.38e-10
 3.73054e+22	9.67e-01	3.32e-02	1.34e-10
 3.73062e+22	9.67e-01	3.28e-02	1.30e-10
 3.73070e+22	9.68e-01	3.25e-02	1.27e-10
 3.73079e+22	9.68e-01	3.21e-02	1.23e-10
 3.73089e+22	9.68e-01	3.18e-02	1.19e-10
 3.73099e+22	9.69e-01	3.14e-02	1.16e-10
 3.73111e+22	9.69e-01	3.11e-02	1.12e-10
 3.73123e+22	9.69e-01	3.07e-02	1.09e-10
 3.73134e+22	9.69e-01	3.06e-02	1.06e-10
 3.73147e+22	9.70e-01	3.03e-02	1.03e-10
 3.73163e+22	9.70e-01	2.99e-02	9.98e-11
 3.73180e+22	9.70e-01	2.96e-02	9.72e-11
 3.73199e+22	9.71e-01	2.94e-02	9.45e-11
 3.73224e+22	9.71e-01	2.90e-02	9.16e-11
 3.73251e+22	9.71e-01	2.88e-02	8.97e-11
 3.73280e+22	9.71e-01	2.86e-02	8.74e-11
 3.73312e+22	9.72e-01	2.84e-02	8.63e-11
 3.73344e+22	9.72e-01	2.84e-02	8.49e-11
 3.73379e+22	9.72e-01	2.82e-02	8.44e-11
 3.73414e+22	9.72e-01	2.82e-02	8.36e-11
 3.73454e+22	9.72e-01	2.81e-02	8.28e-11
 3.73505e+22	9.72e-01	2.79e-02	8.21e-11
 3.73573e+22	9.72e-01	2.78e-02	8.14e-11
 3.73660e+22	9.72e-01	2.76e-02	8.08e-11
 3.73774e+22	9.73e-01	2.75e-02	8.01e-11
 3.73922e+22	9.73e-01	2.74e-02	7.99e-11
 3.74114e+22	9.73e-01	2.73e-02	7.94e-11
 3.74364e+22	9.73e-01	2.71e-02	7.89e-11
 3.74689e+22	9.73e-01	2.69e-02	7.84e-11
 3.75112e+22	9.73e-01	2.67e-02	7.78e-11
 3.75661e+22	9.74e-01	2.65e-02	7.71e-11
 3.76375e+22	9.74e-01	2.62e-02	7.62e-11
 3.77304e+22	9.74e-01	2.58e-02	7.53e-11
 3.78306e+22	9.74e-01	2.55e-02	7.46e-11
 3.79404e+22	9.75e-01	2.52e-02	7.38e-11
 3.80590e+22	9.75e-01	2.48e-02	7.30e-11
 3.81669e+22	9.75e-01	2.45e-02	7.24e-11
 3.82851e+22	9.76e-01	2.41e-02	7.15e-11
 3.84127e+22	9.76e-01	2.37e-02	7.07e-11
 3.85289e+22	9.77e-01	2.34e-02	7.01e-11
 3.86561e+22	9.77e-01	2.30e-02	6.92e-11
 3.87935e+22	9.77e-01	2.27e-02	6.85e-11
 3.89186e+22	9.78e-01	2.24e-02	6.79e-11
 3.90556e+22	9.78e-01	2.20e-02	6.71e-11
 3.92035e+22	9.78e-01	2.16e-02	6.64e-11
 3.93381e+22	9.79e-01	2.14e-02	6.58e-11
 3.94856e+22	9.79e-01	2.10e-02	6.50e-11
 3.96448e+22	9.79e-01	2.06e-02	6.44e-11
 3.97898e+22	9.80e-01	2.03e-02	6.37e-11
 3.99216e+22	9.80e-01	2.01e-02	6.34e-11
 4.00661e+22	9.80e-01	1.97e-02	6.27e-11
 4.02221e+22	9.81e-01	1.94e-02	6.22e-11
 4.03931e+22	9.81e-01	1.91e-02	6.15e-11
 4.05776e+22	9.81e-01	1.88e-02	6.09e-11
 4.07455e+22	9.82e-01	1.85e-02	6.05e-11
 4.08983e+22	9.82e-01	1.82e-02	6.00e-11
 4.10658e+22	9.82e-01	1.79e-02	5.95e-11
 4.12466e+22	9.82e-01	1.76e-02	5.90e-11
 4.14111e+22	9.83e-01	1.74e-02	5.87e-11
 4.15914e+22	9.83e-01	1.70e-02	5.81e-11
 4.17860e+22	9.83e-01	1.68e-02	5.77e-11
 4.19631e+22	9.83e-01	1.65e-02	5.73e-11
 4.21572e+22	9.84e-01	1.62e-02	5.69e-11
 4.23667e+22	9.84e-01	1.59e-02	5.65e-11
 4.25574e+22	9.84e-01	1.57e-02	5.61e-11
 4.27309e+22	9.85e-01	1.55e-02	5.58e-11
 4.29210e+22	9.85e-01	1.52e-02	5.54e-11
 4.31262e+22	9.85e-01	1.50e-02	5.51e-11
 4.33511e+22	9.85e-01	1.47e-02	5.47e-11
 4.35939e+22	9.86e-01	1.44e-02	5.43e-11
 4.38149e+22	9.86e-01	1.42e-02	5.41e-11
 4.40570e+22	9.86e-01	1.39e-02	5.38e-11
 4.43184e+22	9.86e-01	1.37e-02	5.35e-11
 4.45563e+22	9.87e-01	1.34e-02	5.32e-11
 4.47728e+22	9.87e-01	1.32e-02	5.30e-11
 4.50100e+22	9.87e-01	1.30e-02	5.28e-11
 4.53183e+22	9.87e-01	1.27e-02	5.25e-11
 4.56512e+22	9.88e-01	1.25e-02	5.23e-11
 4.59541e+22	9.88e-01	1.22e-02	5.21e-11
 4.62298e+22	9.88e-01	1.20e-02	5.19e-11
 4.64807e+22	9.88e-01	1.18e-02	5.18e-11
 4.67556e+22	9.88e-01	1.16e-02	5.16e-11
 4.70523e+22	9.89e-01	1.14e-02	5.14e-11
 4.73775e+22	9.89e-01	1.12e-02	5.13e-11
 4.78003e+22	9.89e-01	1.09e-02	5.11e-11
 4.82709e+22	9.89e-01	1.06e-02	5.10e-11
 4.87390e+22	9.90e-01	1.03e-02	5.08e-11
 4.92223e+22	9.90e-01	1.00e-02	5.07e-11
 4.97226e+22	9.90e-01	9.76e-03	5.06e-11
 5.02357e+22	9.91e-01	9.50e-03	5.06e-11
 5.07619e+22	9.91e-01	9.24e-03	5.05e-11
 5.13047e+22	9.91e-01	8.99e-03	5.05e-11
 5.18657e+22	9.91e-01	8.75e-03	5.05e-11
 5.24439e+22	9.91e-01	8.51e-03	5.05e-11
 5.30387e+22	9.92e-01	8.27e-03	5.05e-11
 5.36512e+22	9.92e-01	8.04e-03	5.06e-11
 5.42830e+22	9.92e-01	7.82e-03	5.06e-11
 5.49352e+22	9.92e-01	7.60e-03	5.07e-11
 5.56062e+22	9.93e-01	7.39e-03	5.08e-11
 5.62957e+22	9.93e-01	7.18e-03	5.09e-11
 5.70049e+22	9.93e-01	6.97e-03	5.10e-11
 5.77358e+22	9.93e-01	6.78e-03	5.12e-11
 5.84908e+22	9.93e-01	6.58e-03	5.13e-11
 5.92702e+22	9.94e-01	6.39e-03	5.15e-11
 6.00738e+22	9.94e-01	6.21e-03	5.17e-11
 6.09018e+22	9.94e-01	6.03e-03	5.19e-11
 6.17537e+22	9.94e-01	5.85e-03	5.21e-11
 6.26328e+22	9.94e-01	5.68e-03	5.24e-11
 6.35563e+22	9.94e-01	5.51e-03	5.27e-11
 6.45290e+22	9.95e-01	5.35e-03	5.32e-11
 6.55364e+22	9.95e-01	5.18e-03	5.37e-11
 6.65739e+22	9.95e-01	5.02e-03	5.44e-11
 6.76446e+22	9.95e-01	4.87e-03	5.50e-11
 6.87547e+22	9.95e-01	4.72e-03	5.57e-11
 6.99095e+22	9.95e-01	4.57e-03	5.64e-11
 7.11096e+22	9.96e-01	4.43e-03	5.71e-11
 7.23611e+22	9.96e-01	4.29e-03	5.79e-11
 7.36711e+22	9.96e-01	4.15e-03	5.87e-11
 7.50497e+22	9.96e-01	4.01e-03	5.96e-11
 7.65084e+22	9.96e-01	3.87e-03	6.05e-11
 7.80138e+22	9.96e-01	3.74e-03	6.14e-11
 7.95698e+22	9.96e-01	3.62e-03	6.24e-11
 8.12263e+22	9.97e-01	3.49e-03	6.35e-11
 8.29872e+22	9.97e-01	3.37e-03	6.49e-11
 8.48413e+22	9.97e-01	3.25e-03	6.63e-11
 8.67829e+22	9.97e-01	3.13e-03	6.78e-11
 8.88332e+22	9.97e-01	3.02e-03	6.95e-11
 9.10171e+22	9.97e-01	2.91e-03	7.12e-11
 9.33386e+22	9.97e-01	2.80e-03	7.30e-11
 9.57964e+22	9.97e-01	2.69e-03	7.49e-11
 9.84019e+22	9.97e-01	2.58e-03	7.69e-11
 1.01178e+23	9.98e-01	2.48e-03	7.90e-11
 1.04152e+23	9.98e-01	2.38e-03	8.13e-11
 1.07367e+23	9.98e-01	2.28e-03	8.38e-11
 1.10816e+23	9.98e-01	2.19e-03	8.63e-11
 1.14451e+23	9.98e-01	2.09e-03	8.90e-11
 1.18250e+23	9.98e-01	2.01e-03	9.18e-11
 1.22260e+23	9.98e-01	1.92e-03	9.46e-11
 1.26565e+23	9.98e-01	1.84e-03	9.76e-11
 1.31200e+23	9.98e-01	1.76e-03	1.01e-10
 1.36124e+23	9.98e-01	1.69e-03	1.04e-10
 1.41235e+23	9.98e-01	1.62e-03	1.07e-10
 1.46481e+23	9.98e-01	1.55e-03	1.10e-10
 1.51900e+23	9.99e-01	1.50e-03	1.13e-10
 1.57538e+23	9.99e-01	1.44e-03	1.17e-10
 1.63399e+23	9.99e-01	1.39e-03	1.20e-10
 1.69469e+23	9.99e-01	1.34e-03	1.23e-10
 1.75739e+23	9.99e-01	1.30e-03	1.26e-10
 1.82218e+23	9.99e-01	1.26e-03	1.28e-10
 1.88930e+23	9.99e-01	1.22e-03	1.31e-10
 1.95883e+23	9.99e-01	1.19e-03	1.34e-10
 2.03070e+23	9.99e-01	1.16e-03	1.36e-10
 2.10484e+23	9.99e-01	1.13e-03	1.39e-10
 2.18151e+23	9.99e-01	1.11e-03	1.41e-10
 2.26083e+23	9.99e-01	1.09e-03	1.43e-10
 2.33882e+23	9.99e-01	1.06e-03	1.45e-10
 2.41042e+23	9.99e-01	1.05e-03	1.47e-10
 2.47486e+23	9.99e-01	1.04e-03	1.48e-10
 2.53286e+23	9.99e-01	1.03e-03	1.50e-10
 2.58505e+23	9.99e-01	1.02e-03	1.51e-10
 2.63203e+23	9.99e-01	1.01e-03	1.52e-10
 2.67431e+23	9.99e-01	1.01e-03	1.52e-10
 2.71236e+23	9.99e-01	1.01e-03	1.53e-10
 2.74660e+23	9.99e-01	1.01e-03	1.54e-10
 2.77810e+23	9.99e-01	1.00e-03	1.54e-10
 2.80865e+23	9.99e-01	1.00e-03	1.55e-10
 2.83920e+23	9.99e-01	1.00e-03	1.55e-10
 2.86975e+23	9.99e-01	1.00e-03	1.56e-10
 2.90029e+23	9.99e-01	1.00e-03	1.56e-10
 2.93084e+23	9.99e-01	1.00e-03	1.56e-10
 2.96139e+23	9.99e-01	1.00e-03	1.57e-10
 2.99194e+23	9.99e-01	1.00e-03	1.57e-10
 3.02249e+23	9.99e-01	1.00e-03	1.57e-10
 3.04629e+23	9.99e-01	1.00e-03	1.58e-10
