#depth	N	N+	N+2	N+3	N+4	N+5	N+6	N+7
 3.45294e+19	4.00e-19	1.08e-13	1.36e-09	1.16e-06	1.08e-04	5.98e-02	4.12e-01	5.29e-01
 1.32153e+20	6.57e-19	1.67e-13	1.97e-09	1.58e-06	1.34e-04	6.74e-02	4.28e-01	5.04e-01
 2.47976e+20	1.15e-18	2.74e-13	2.98e-09	2.23e-06	1.72e-04	7.67e-02	4.47e-01	4.77e-01
 3.39900e+20	1.77e-18	3.98e-13	4.08e-09	2.90e-06	2.07e-04	8.46e-02	4.60e-01	4.55e-01
 3.96468e+20	2.26e-18	4.94e-13	4.89e-09	3.36e-06	2.30e-04	8.94e-02	4.68e-01	4.43e-01
 4.27949e+20	2.58e-18	5.55e-13	5.38e-09	3.64e-06	2.44e-04	9.22e-02	4.72e-01	4.36e-01
 4.60400e+20	3.00e-18	6.33e-13	6.02e-09	4.00e-06	2.61e-04	9.56e-02	4.76e-01	4.28e-01
 5.02586e+20	3.61e-18	7.48e-13	6.94e-09	4.51e-06	2.85e-04	1.00e-01	4.82e-01	4.18e-01
 5.57429e+20	4.60e-18	9.26e-13	8.32e-09	5.26e-06	3.19e-04	1.06e-01	4.89e-01	4.04e-01
 6.12022e+20	5.76e-18	1.13e-12	9.88e-09	6.08e-06	3.54e-04	1.12e-01	4.95e-01	3.92e-01
 6.54326e+20	6.82e-18	1.32e-12	1.12e-08	6.76e-06	3.82e-04	1.17e-01	5.00e-01	3.83e-01
 6.97353e+20	8.11e-18	1.54e-12	1.28e-08	7.58e-06	4.15e-04	1.22e-01	5.05e-01	3.73e-01
 7.53289e+20	1.01e-17	1.87e-12	1.52e-08	8.77e-06	4.63e-04	1.29e-01	5.11e-01	3.60e-01
 8.11716e+20	1.26e-17	2.28e-12	1.80e-08	1.01e-05	5.14e-04	1.36e-01	5.16e-01	3.47e-01
 8.60313e+20	1.50e-17	2.67e-12	2.06e-08	1.14e-05	5.60e-04	1.42e-01	5.20e-01	3.37e-01
 9.10419e+20	1.80e-17	3.14e-12	2.37e-08	1.28e-05	6.12e-04	1.49e-01	5.24e-01	3.26e-01
 9.75557e+20	2.25e-17	3.85e-12	2.84e-08	1.50e-05	6.88e-04	1.58e-01	5.29e-01	3.13e-01
 1.04218e+21	2.81e-17	4.70e-12	3.37e-08	1.75e-05	7.69e-04	1.67e-01	5.33e-01	3.00e-01
 1.09569e+21	3.32e-17	5.48e-12	3.85e-08	1.96e-05	8.36e-04	1.74e-01	5.36e-01	2.89e-01
 1.15022e+21	3.93e-17	6.39e-12	4.41e-08	2.21e-05	9.15e-04	1.82e-01	5.38e-01	2.79e-01
 1.22110e+21	4.86e-17	7.77e-12	5.24e-08	2.57e-05	1.03e-03	1.93e-01	5.41e-01	2.66e-01
 1.29421e+21	5.98e-17	9.40e-12	6.20e-08	2.98e-05	1.14e-03	2.03e-01	5.43e-01	2.53e-01
 1.35357e+21	7.03e-17	1.09e-11	7.06e-08	3.34e-05	1.25e-03	2.12e-01	5.44e-01	2.43e-01
 1.41406e+21	8.24e-17	1.26e-11	8.05e-08	3.75e-05	1.36e-03	2.21e-01	5.44e-01	2.33e-01
 1.49270e+21	1.01e-16	1.52e-11	9.51e-08	4.35e-05	1.52e-03	2.33e-01	5.45e-01	2.20e-01
 1.57349e+21	1.22e-16	1.82e-11	1.12e-07	5.02e-05	1.70e-03	2.45e-01	5.44e-01	2.09e-01
 1.63889e+21	3.77e-17	2.10e-11	1.27e-07	5.60e-05	1.84e-03	2.55e-01	5.43e-01	2.00e-01
 1.70572e+21	4.27e-17	2.41e-11	1.44e-07	6.28e-05	2.01e-03	2.65e-01	5.42e-01	1.91e-01
 1.79259e+21	5.00e-17	2.87e-11	1.68e-07	7.24e-05	2.24e-03	2.79e-01	5.40e-01	1.79e-01
 1.87890e+21	5.84e-17	3.40e-11	1.96e-07	8.27e-05	2.47e-03	2.92e-01	5.37e-01	1.69e-01
 1.94103e+21	2.70e-16	3.82e-11	2.17e-07	9.04e-05	2.64e-03	3.01e-01	5.34e-01	1.62e-01
 1.99832e+21	3.01e-16	4.22e-11	2.38e-07	9.84e-05	2.82e-03	3.09e-01	5.32e-01	1.56e-01
 2.07281e+21	3.45e-16	4.81e-11	2.69e-07	1.10e-04	3.07e-03	3.21e-01	5.28e-01	1.48e-01
 2.15174e+21	3.98e-16	5.51e-11	3.04e-07	1.22e-04	3.33e-03	3.33e-01	5.24e-01	1.40e-01
 2.21972e+21	4.49e-16	6.16e-11	3.36e-07	1.34e-04	3.56e-03	3.42e-01	5.20e-01	1.34e-01
 2.29139e+21	5.06e-16	6.90e-11	3.74e-07	1.47e-04	3.82e-03	3.53e-01	5.16e-01	1.27e-01
 2.38457e+21	5.88e-16	7.97e-11	4.27e-07	1.65e-04	4.19e-03	3.67e-01	5.10e-01	1.19e-01
 2.47898e+21	6.84e-16	9.19e-11	4.86e-07	1.85e-04	4.56e-03	3.80e-01	5.03e-01	1.12e-01
 2.55484e+21	7.49e-16	1.03e-10	5.38e-07	2.02e-04	4.87e-03	3.90e-01	4.98e-01	1.07e-01
 2.63333e+21	8.38e-16	1.15e-10	5.95e-07	2.21e-04	5.22e-03	4.01e-01	4.92e-01	1.01e-01
 2.73536e+21	9.68e-16	1.32e-10	6.78e-07	2.48e-04	5.70e-03	4.15e-01	4.85e-01	9.43e-02
 2.84043e+21	1.12e-15	1.52e-10	7.72e-07	2.77e-04	6.20e-03	4.29e-01	4.77e-01	8.81e-02
 2.92644e+21	1.27e-15	1.70e-10	8.56e-07	3.02e-04	6.62e-03	4.40e-01	4.70e-01	8.33e-02
 3.01527e+21	1.42e-15	1.89e-10	9.48e-07	3.31e-04	7.09e-03	4.51e-01	4.63e-01	7.85e-02
 3.13075e+21	1.64e-15	2.18e-10	1.08e-06	3.70e-04	7.74e-03	4.66e-01	4.53e-01	7.27e-02
 3.24832e+21	1.90e-15	2.50e-10	1.23e-06	4.13e-04	8.41e-03	4.80e-01	4.44e-01	6.75e-02
 3.34319e+21	2.13e-15	2.80e-10	1.36e-06	4.50e-04	8.96e-03	4.91e-01	4.36e-01	6.36e-02
 3.44109e+21	2.38e-15	3.11e-10	1.51e-06	4.91e-04	9.57e-03	5.02e-01	4.28e-01	5.96e-02
 3.56837e+21	2.74e-15	3.57e-10	1.72e-06	5.48e-04	1.04e-02	5.17e-01	4.17e-01	5.49e-02
 3.69904e+21	3.17e-15	4.10e-10	1.96e-06	6.11e-04	1.13e-02	5.31e-01	4.07e-01	5.06e-02
 3.80671e+21	3.57e-15	4.59e-10	2.18e-06	6.65e-04	1.20e-02	5.42e-01	3.98e-01	4.74e-02
 3.91927e+21	3.99e-15	5.11e-10	2.42e-06	7.26e-04	1.29e-02	5.53e-01	3.89e-01	4.41e-02
 4.06560e+21	4.60e-15	5.88e-10	2.77e-06	8.12e-04	1.40e-02	5.68e-01	3.77e-01	4.03e-02
 4.20182e+21	5.28e-15	6.69e-10	3.13e-06	8.96e-04	1.51e-02	5.81e-01	3.66e-01	3.71e-02
 4.29586e+21	5.82e-15	7.33e-10	3.40e-06	9.57e-04	1.58e-02	5.89e-01	3.59e-01	3.51e-02
 4.38910e+21	6.25e-15	7.90e-10	3.68e-06	1.02e-03	1.66e-02	5.97e-01	3.52e-01	3.31e-02
 4.51031e+21	7.00e-15	8.80e-10	4.08e-06	1.11e-03	1.77e-02	6.08e-01	3.43e-01	3.08e-02
 4.64222e+21	7.85e-15	9.83e-10	4.55e-06	1.21e-03	1.88e-02	6.19e-01	3.33e-01	2.84e-02
 4.76177e+21	8.71e-15	1.09e-09	5.01e-06	1.30e-03	1.99e-02	6.28e-01	3.24e-01	2.65e-02
 4.89093e+21	9.65e-15	1.20e-09	5.55e-06	1.41e-03	2.12e-02	6.38e-01	3.15e-01	2.45e-02
 5.03511e+21	1.08e-14	1.35e-09	6.21e-06	1.54e-03	2.26e-02	6.49e-01	3.05e-01	2.26e-02
 5.16707e+21	1.21e-14	1.49e-09	6.87e-06	1.66e-03	2.39e-02	6.58e-01	2.96e-01	2.09e-02
 5.28780e+21	1.33e-14	1.64e-09	7.51e-06	1.78e-03	2.51e-02	6.66e-01	2.88e-01	1.95e-02
 5.42567e+21	1.47e-14	1.81e-09	8.31e-06	1.92e-03	2.66e-02	6.75e-01	2.79e-01	1.80e-02
 5.60491e+21	1.69e-14	2.07e-09	9.45e-06	2.12e-03	2.86e-02	6.86e-01	2.67e-01	1.63e-02
 5.78327e+21	1.93e-14	2.35e-09	1.07e-05	2.32e-03	3.06e-02	6.96e-01	2.57e-01	1.47e-02
 5.91981e+21	2.14e-14	2.60e-09	1.18e-05	2.48e-03	3.21e-02	7.03e-01	2.49e-01	1.37e-02
 6.05665e+21	2.35e-14	2.85e-09	1.29e-05	2.66e-03	3.37e-02	7.10e-01	2.41e-01	1.27e-02
 6.23453e+21	2.66e-14	3.21e-09	1.45e-05	2.89e-03	3.59e-02	7.19e-01	2.31e-01	1.15e-02
 6.42291e+21	3.03e-14	3.64e-09	1.64e-05	3.16e-03	3.82e-02	7.27e-01	2.21e-01	1.04e-02
 6.58453e+21	3.39e-14	4.05e-09	1.82e-05	3.39e-03	4.02e-02	7.34e-01	2.13e-01	9.52e-03
 6.75425e+21	3.78e-14	4.51e-09	2.02e-05	3.66e-03	4.24e-02	7.40e-01	2.05e-01	8.69e-03
 6.97489e+21	4.37e-14	5.19e-09	2.32e-05	4.02e-03	4.54e-02	7.48e-01	1.95e-01	7.73e-03
 7.20059e+21	5.06e-14	5.97e-09	2.66e-05	4.41e-03	4.85e-02	7.56e-01	1.85e-01	6.88e-03
 7.38457e+21	5.71e-14	6.69e-09	2.96e-05	4.74e-03	5.10e-02	7.61e-01	1.77e-01	6.27e-03
 7.57541e+21	6.42e-14	7.49e-09	3.31e-05	5.11e-03	5.37e-02	7.66e-01	1.70e-01	5.69e-03
 7.77646e+21	7.28e-14	8.43e-09	3.71e-05	5.52e-03	5.66e-02	7.71e-01	1.62e-01	5.15e-03
 7.94717e+21	8.14e-14	9.36e-09	4.08e-05	5.88e-03	5.91e-02	7.74e-01	1.56e-01	4.73e-03
 8.12552e+21	9.07e-14	1.04e-08	4.52e-05	6.28e-03	6.18e-02	7.78e-01	1.50e-01	4.34e-03
 8.35737e+21	1.04e-13	1.18e-08	5.14e-05	6.84e-03	6.55e-02	7.82e-01	1.42e-01	3.87e-03
 8.59414e+21	1.20e-13	1.35e-08	5.84e-05	7.42e-03	6.92e-02	7.85e-01	1.35e-01	3.46e-03
 8.78834e+21	1.36e-13	1.51e-08	6.47e-05	7.92e-03	7.23e-02	7.88e-01	1.29e-01	3.16e-03
 8.99183e+21	1.53e-13	1.69e-08	7.23e-05	8.50e-03	7.57e-02	7.90e-01	1.23e-01	2.87e-03
 9.25637e+21	1.79e-13	1.95e-08	8.32e-05	9.29e-03	8.02e-02	7.92e-01	1.16e-01	2.53e-03
 9.50833e+21	2.08e-13	2.24e-08	9.45e-05	1.01e-02	8.44e-02	7.93e-01	1.10e-01	2.26e-03
 9.69630e+21	2.33e-13	2.49e-08	1.04e-04	1.07e-02	8.76e-02	7.94e-01	1.06e-01	2.08e-03
 9.89301e+21	2.59e-13	2.74e-08	1.15e-04	1.14e-02	9.13e-02	7.94e-01	1.01e-01	1.90e-03
 1.01487e+22	3.03e-13	3.16e-08	1.31e-04	1.23e-02	9.60e-02	7.94e-01	9.56e-02	1.70e-03
 1.04098e+22	3.52e-13	3.62e-08	1.49e-04	1.34e-02	1.01e-01	7.94e-01	9.04e-02	1.51e-03
 1.06302e+22	4.03e-13	4.09e-08	1.66e-04	1.43e-02	1.05e-01	7.93e-01	8.62e-02	1.38e-03
 1.08693e+22	4.59e-13	4.60e-08	1.87e-04	1.54e-02	1.10e-01	7.92e-01	8.18e-02	1.24e-03
 1.11331e+22	5.41e-13	5.33e-08	2.12e-04	1.66e-02	1.15e-01	7.90e-01	7.74e-02	1.11e-03
 1.13780e+22	6.14e-13	5.98e-08	2.39e-04	1.78e-02	1.20e-01	7.88e-01	7.34e-02	1.00e-03
 1.16453e+22	7.20e-13	6.90e-08	2.72e-04	1.93e-02	1.26e-01	7.84e-01	6.93e-02	8.92e-04
 1.19386e+22	8.66e-13	8.10e-08	3.13e-04	2.10e-02	1.32e-01	7.81e-01	6.52e-02	7.92e-04
 1.22014e+22	1.01e-12	9.25e-08	3.54e-04	2.27e-02	1.38e-01	7.77e-01	6.17e-02	7.11e-04
 1.24423e+22	1.14e-12	1.04e-07	3.98e-04	2.43e-02	1.43e-01	7.73e-01	5.86e-02	6.44e-04
 1.27186e+22	1.35e-12	1.20e-07	4.56e-04	2.64e-02	1.50e-01	7.67e-01	5.53e-02	5.75e-04
 1.30251e+22	1.63e-12	1.42e-07	5.27e-04	2.89e-02	1.57e-01	7.61e-01	5.18e-02	5.09e-04
 1.33046e+22	1.92e-12	1.64e-07	6.02e-04	3.13e-02	1.64e-01	7.55e-01	4.88e-02	4.55e-04
 1.35609e+22	2.20e-12	1.85e-07	6.83e-04	3.38e-02	1.71e-01	7.48e-01	4.62e-02	4.10e-04
 1.38533e+22	2.67e-12	2.19e-07	7.89e-04	3.69e-02	1.79e-01	7.40e-01	4.34e-02	3.65e-04
 1.41711e+22	3.21e-12	2.58e-07	9.23e-04	4.06e-02	1.87e-01	7.30e-01	4.05e-02	3.21e-04
 1.44539e+22	3.80e-12	3.00e-07	1.06e-03	4.42e-02	1.95e-01	7.21e-01	3.80e-02	2.87e-04
 1.47537e+22	4.64e-12	3.57e-07	1.24e-03	4.85e-02	2.04e-01	7.10e-01	3.56e-02	2.55e-04
 1.50776e+22	5.64e-12	4.26e-07	1.46e-03	5.37e-02	2.14e-01	6.97e-01	3.31e-02	2.23e-04
 1.53645e+22	6.79e-12	5.01e-07	1.70e-03	5.88e-02	2.23e-01	6.85e-01	3.10e-02	1.99e-04
 1.56687e+22	8.40e-12	6.04e-07	2.00e-03	6.50e-02	2.33e-01	6.71e-01	2.88e-02	1.76e-04
 1.59942e+22	1.04e-11	7.34e-07	2.40e-03	7.27e-02	2.44e-01	6.54e-01	2.66e-02	1.53e-04
 1.62765e+22	1.27e-11	8.73e-07	2.82e-03	8.02e-02	2.54e-01	6.38e-01	2.48e-02	1.36e-04
 1.65297e+22	1.52e-11	1.03e-06	3.27e-03	8.78e-02	2.63e-01	6.23e-01	2.32e-02	1.22e-04
 1.68161e+22	1.89e-11	1.25e-06	3.87e-03	9.74e-02	2.73e-01	6.04e-01	2.15e-02	1.08e-04
 1.71110e+22	2.38e-11	1.53e-06	4.66e-03	1.09e-01	2.84e-01	5.83e-01	1.97e-02	9.45e-05
 1.73468e+22	2.87e-11	1.81e-06	5.43e-03	1.20e-01	2.92e-01	5.64e-01	1.84e-02	8.49e-05
 1.75521e+22	3.41e-11	2.11e-06	6.22e-03	1.30e-01	2.99e-01	5.47e-01	1.72e-02	7.69e-05
 1.77881e+22	4.14e-11	2.51e-06	7.29e-03	1.44e-01	3.07e-01	5.26e-01	1.60e-02	6.86e-05
 1.80417e+22	5.27e-11	3.11e-06	8.76e-03	1.61e-01	3.15e-01	5.00e-01	1.46e-02	6.01e-05
 1.82556e+22	6.40e-11	3.71e-06	1.03e-02	1.78e-01	3.22e-01	4.77e-01	1.34e-02	5.36e-05
 1.84171e+22	7.47e-11	4.26e-06	1.16e-02	1.92e-01	3.26e-01	4.58e-01	1.26e-02	4.88e-05
 1.85471e+22	8.51e-11	4.79e-06	1.29e-02	2.05e-01	3.29e-01	4.42e-01	1.19e-02	4.52e-05
 1.86900e+22	9.79e-11	5.45e-06	1.44e-02	2.19e-01	3.31e-01	4.24e-01	1.11e-02	4.13e-05
 1.88495e+22	1.16e-10	6.34e-06	1.64e-02	2.38e-01	3.33e-01	4.02e-01	1.03e-02	3.72e-05
 1.89916e+22	1.36e-10	7.31e-06	1.86e-02	2.57e-01	3.34e-01	3.81e-01	9.50e-03	3.37e-05
 1.91078e+22	1.57e-10	8.30e-06	2.06e-02	2.74e-01	3.33e-01	3.63e-01	8.89e-03	3.10e-05
 1.92123e+22	1.77e-10	9.28e-06	2.26e-02	2.91e-01	3.32e-01	3.46e-01	8.32e-03	2.85e-05
 1.93307e+22	2.04e-10	1.05e-05	2.52e-02	3.12e-01	3.30e-01	3.26e-01	7.68e-03	2.58e-05
 1.94545e+22	2.37e-10	1.21e-05	2.83e-02	3.35e-01	3.26e-01	3.04e-01	7.01e-03	2.31e-05
 1.95532e+22	2.69e-10	1.35e-05	3.11e-02	3.56e-01	3.21e-01	2.85e-01	6.48e-03	2.10e-05
 1.96312e+22	2.95e-10	1.47e-05	3.36e-02	3.74e-01	3.16e-01	2.70e-01	6.05e-03	1.94e-05
 1.97143e+22	3.32e-10	1.63e-05	3.63e-02	3.94e-01	3.10e-01	2.54e-01	5.62e-03	1.78e-05
 1.98061e+22	3.75e-10	1.82e-05	3.98e-02	4.18e-01	3.02e-01	2.36e-01	5.13e-03	1.60e-05
 1.98870e+22	4.17e-10	2.01e-05	4.32e-02	4.40e-01	2.93e-01	2.18e-01	4.68e-03	1.44e-05
 1.99532e+22	4.53e-10	2.17e-05	4.62e-02	4.60e-01	2.85e-01	2.04e-01	4.33e-03	1.32e-05
 2.00136e+22	4.96e-10	2.35e-05	4.90e-02	4.79e-01	2.76e-01	1.92e-01	4.03e-03	1.22e-05
 2.00829e+22	5.45e-10	2.56e-05	5.25e-02	5.01e-01	2.66e-01	1.77e-01	3.68e-03	1.10e-05
 2.01564e+22	6.02e-10	2.80e-05	5.64e-02	5.25e-01	2.53e-01	1.62e-01	3.31e-03	9.77e-06
 2.02165e+22	6.53e-10	3.02e-05	5.99e-02	5.47e-01	2.41e-01	1.49e-01	3.02e-03	8.82e-06
 2.02644e+22	6.94e-10	3.20e-05	6.29e-02	5.64e-01	2.31e-01	1.39e-01	2.78e-03	8.06e-06
 2.03153e+22	7.43e-10	3.40e-05	6.61e-02	5.83e-01	2.20e-01	1.29e-01	2.56e-03	7.34e-06
 2.03723e+22	8.00e-10	3.64e-05	6.97e-02	6.03e-01	2.07e-01	1.18e-01	2.32e-03	6.59e-06
 2.04237e+22	8.56e-10	3.87e-05	7.30e-02	6.22e-01	1.94e-01	1.09e-01	2.11e-03	5.96e-06
 2.04668e+22	9.03e-10	4.06e-05	7.58e-02	6.38e-01	1.83e-01	1.01e-01	1.95e-03	5.47e-06
 2.05128e+22	9.55e-10	4.27e-05	7.86e-02	6.54e-01	1.72e-01	9.40e-02	1.79e-03	5.01e-06
 2.05639e+22	1.01e-09	4.51e-05	8.19e-02	6.71e-01	1.59e-01	8.64e-02	1.63e-03	4.52e-06
 2.06099e+22	1.07e-09	4.73e-05	8.49e-02	6.86e-01	1.47e-01	8.01e-02	1.50e-03	4.12e-06
 2.06493e+22	1.12e-09	4.92e-05	8.75e-02	6.98e-01	1.38e-01	7.51e-02	1.39e-03	3.79e-06
 2.06922e+22	1.17e-09	5.12e-05	9.01e-02	7.10e-01	1.28e-01	7.04e-02	1.29e-03	3.49e-06
 2.07406e+22	1.23e-09	5.35e-05	9.30e-02	7.23e-01	1.17e-01	6.57e-02	1.19e-03	3.18e-06
 2.07860e+22	1.29e-09	5.57e-05	9.57e-02	7.34e-01	1.08e-01	6.17e-02	1.10e-03	2.92e-06
 2.08270e+22	1.35e-09	5.77e-05	9.81e-02	7.42e-01	1.00e-01	5.86e-02	1.03e-03	2.70e-06
 2.08722e+22	1.42e-09	6.00e-05	1.01e-01	7.50e-01	9.23e-02	5.56e-02	9.63e-04	2.49e-06
 2.09224e+22	1.50e-09	6.25e-05	1.03e-01	7.58e-01	8.46e-02	5.27e-02	8.97e-04	2.28e-06
 2.09685e+22	1.58e-09	6.48e-05	1.06e-01	7.64e-01	7.84e-02	5.04e-02	8.43e-04	2.11e-06
 2.10181e+22	1.67e-09	6.75e-05	1.09e-01	7.70e-01	7.24e-02	4.81e-02	7.90e-04	1.95e-06
 2.10738e+22	1.78e-09	7.04e-05	1.11e-01	7.75e-01	6.67e-02	4.60e-02	7.38e-04	1.78e-06
 2.11276e+22	1.89e-09	7.33e-05	1.14e-01	7.79e-01	6.20e-02	4.42e-02	6.94e-04	1.64e-06
 2.11873e+22	2.03e-09	7.67e-05	1.17e-01	7.82e-01	5.74e-02	4.23e-02	6.49e-04	1.50e-06
 2.12605e+22	2.20e-09	8.07e-05	1.21e-01	7.86e-01	5.27e-02	4.04e-02	6.01e-04	1.35e-06
 2.13382e+22	2.38e-09	8.50e-05	1.24e-01	7.88e-01	4.86e-02	3.86e-02	5.57e-04	1.21e-06
 2.14154e+22	2.57e-09	8.91e-05	1.27e-01	7.90e-01	4.52e-02	3.70e-02	5.19e-04	1.10e-06
 2.14969e+22	2.78e-09	9.35e-05	1.31e-01	7.91e-01	4.21e-02	3.55e-02	4.83e-04	9.94e-07
 2.15866e+22	3.01e-09	9.83e-05	1.34e-01	7.92e-01	3.92e-02	3.41e-02	4.48e-04	8.94e-07
 2.16849e+22	3.27e-09	1.03e-04	1.38e-01	7.93e-01	3.66e-02	3.26e-02	4.14e-04	8.01e-07
 2.17914e+22	3.56e-09	1.09e-04	1.42e-01	7.93e-01	3.41e-02	3.12e-02	3.82e-04	7.15e-07
 2.19071e+22	3.89e-09	1.15e-04	1.45e-01	7.92e-01	3.19e-02	2.98e-02	3.52e-04	6.36e-07
 2.20348e+22	4.26e-09	1.21e-04	1.50e-01	7.92e-01	2.97e-02	2.84e-02	3.23e-04	5.62e-07
 2.21760e+22	4.68e-09	1.29e-04	1.54e-01	7.91e-01	2.77e-02	2.70e-02	2.94e-04	4.94e-07
 2.23339e+22	5.16e-09	1.36e-04	1.59e-01	7.89e-01	2.58e-02	2.56e-02	2.67e-04	4.30e-07
 2.25133e+22	5.73e-09	1.45e-04	1.64e-01	7.87e-01	2.40e-02	2.41e-02	2.40e-04	3.71e-07
 2.27173e+22	6.41e-09	1.56e-04	1.70e-01	7.85e-01	2.22e-02	2.27e-02	2.14e-04	3.16e-07
 2.29505e+22	7.22e-09	1.67e-04	1.77e-01	7.81e-01	2.05e-02	2.12e-02	1.89e-04	2.65e-07
 2.32208e+22	8.23e-09	1.81e-04	1.84e-01	7.77e-01	1.88e-02	1.96e-02	1.65e-04	2.19e-07
 2.35405e+22	9.51e-09	1.98e-04	1.93e-01	7.72e-01	1.71e-02	1.80e-02	1.41e-04	1.76e-07
 2.39308e+22	1.12e-08	2.19e-04	2.03e-01	7.65e-01	1.54e-02	1.63e-02	1.18e-04	1.37e-07
 2.44255e+22	1.37e-08	2.46e-04	2.16e-01	7.56e-01	1.36e-02	1.44e-02	9.47e-05	0.00e+00
 2.49787e+22	1.69e-08	2.80e-04	2.31e-01	7.44e-01	1.20e-02	1.27e-02	7.51e-05	0.00e+00
 2.55203e+22	2.06e-08	3.15e-04	2.46e-01	7.32e-01	1.07e-02	1.12e-02	6.04e-05	0.00e+00
 2.61345e+22	2.57e-08	3.59e-04	2.63e-01	7.17e-01	9.42e-03	9.78e-03	4.75e-05	0.00e+00
 2.69329e+22	3.40e-08	4.23e-04	2.87e-01	6.96e-01	8.06e-03	8.23e-03	3.52e-05	0.00e+00
 2.77777e+22	4.57e-08	5.04e-04	3.13e-01	6.72e-01	6.91e-03	6.86e-03	2.58e-05	0.00e+00
 2.84983e+22	5.93e-08	5.85e-04	3.37e-01	6.50e-01	6.10e-03	5.88e-03	1.98e-05	0.00e+00
 2.90626e+22	7.31e-08	6.58e-04	3.57e-01	6.32e-01	5.56e-03	5.21e-03	1.61e-05	0.00e+00
 2.95180e+22	8.68e-08	7.25e-04	3.73e-01	6.16e-01	5.15e-03	4.71e-03	1.37e-05	0.00e+00
 3.00199e+22	1.05e-07	8.05e-04	3.92e-01	5.98e-01	4.74e-03	4.21e-03	1.14e-05	0.00e+00
 3.06724e+22	1.36e-07	9.27e-04	4.18e-01	5.73e-01	4.25e-03	3.62e-03	8.89e-06	0.00e+00
 3.13111e+22	1.81e-07	1.08e-03	4.45e-01	5.47e-01	3.85e-03	3.09e-03	6.91e-06	0.00e+00
 3.17607e+22	2.25e-07	1.21e-03	4.65e-01	5.28e-01	3.59e-03	2.75e-03	5.73e-06	0.00e+00
 3.21015e+22	2.67e-07	1.33e-03	4.80e-01	5.12e-01	3.40e-03	2.50e-03	4.94e-06	0.00e+00
 3.24721e+22	3.25e-07	1.47e-03	4.99e-01	4.94e-01	3.21e-03	2.24e-03	4.16e-06	0.00e+00
 3.29538e+22	4.27e-07	1.70e-03	5.23e-01	4.70e-01	2.97e-03	1.92e-03	3.27e-06	0.00e+00
 3.34260e+22	5.83e-07	2.00e-03	5.50e-01	4.44e-01	2.75e-03	1.62e-03	2.51e-06	0.00e+00
 3.37545e+22	7.48e-07	2.29e-03	5.69e-01	4.24e-01	2.61e-03	1.42e-03	2.04e-06	0.00e+00
 3.39940e+22	9.13e-07	2.54e-03	5.85e-01	4.09e-01	2.50e-03	1.27e-03	1.72e-06	0.00e+00
 3.42489e+22	1.14e-06	2.86e-03	6.02e-01	3.91e-01	2.39e-03	1.12e-03	1.41e-06	0.00e+00
 3.45803e+22	1.56e-06	3.40e-03	6.27e-01	3.66e-01	2.24e-03	9.28e-04	1.06e-06	0.00e+00
 3.49081e+22	2.28e-06	4.21e-03	6.54e-01	3.39e-01	2.09e-03	7.41e-04	7.50e-07	0.00e+00
 3.51366e+22	3.13e-06	5.05e-03	6.76e-01	3.17e-01	1.98e-03	6.13e-04	5.59e-07	0.00e+00
 3.52958e+22	4.00e-06	5.82e-03	6.92e-01	3.00e-01	1.89e-03	5.28e-04	4.44e-07	0.00e+00
 3.54597e+22	5.20e-06	6.80e-03	7.10e-01	2.81e-01	1.81e-03	4.46e-04	3.43e-07	0.00e+00
 3.56728e+22	7.59e-06	8.54e-03	7.35e-01	2.54e-01	1.68e-03	3.47e-04	2.34e-07	0.00e+00
 3.58761e+22	1.20e-05	1.13e-02	7.62e-01	2.25e-01	1.54e-03	2.56e-04	1.47e-07	0.00e+00
 3.59797e+22	1.62e-05	1.36e-02	7.78e-01	2.07e-01	1.45e-03	2.09e-04	0.00e+00	0.00e+00
 3.60090e+22	1.76e-05	1.44e-02	7.82e-01	2.02e-01	1.43e-03	1.98e-04	0.00e+00	0.00e+00
 3.60287e+22	1.86e-05	1.49e-02	7.85e-01	1.99e-01	1.41e-03	1.91e-04	0.00e+00	0.00e+00
 3.60543e+22	1.99e-05	1.55e-02	7.89e-01	1.94e-01	1.39e-03	1.82e-04	0.00e+00	0.00e+00
 3.60876e+22	2.18e-05	1.64e-02	7.93e-01	1.89e-01	1.37e-03	1.70e-04	0.00e+00	0.00e+00
 3.61309e+22	2.47e-05	1.78e-02	8.00e-01	1.81e-01	1.33e-03	1.56e-04	0.00e+00	0.00e+00
 3.61872e+22	2.92e-05	1.97e-02	8.08e-01	1.71e-01	1.28e-03	1.38e-04	0.00e+00	0.00e+00
 3.62439e+22	3.54e-05	2.23e-02	8.16e-01	1.61e-01	1.23e-03	1.20e-04	0.00e+00	0.00e+00
 3.62859e+22	4.11e-05	2.45e-02	8.22e-01	1.52e-01	1.19e-03	1.08e-04	0.00e+00	0.00e+00
 3.63179e+22	4.61e-05	2.64e-02	8.26e-01	1.46e-01	1.16e-03	9.91e-05	0.00e+00	0.00e+00
 3.63523e+22	5.23e-05	2.86e-02	8.30e-01	1.40e-01	1.13e-03	9.02e-05	0.00e+00	0.00e+00
 3.63971e+22	6.19e-05	3.18e-02	8.36e-01	1.31e-01	1.08e-03	7.93e-05	0.00e+00	0.00e+00
 3.64426e+22	7.49e-05	3.60e-02	8.41e-01	1.22e-01	1.03e-03	6.86e-05	0.00e+00	0.00e+00
 3.64767e+22	8.75e-05	3.97e-02	8.44e-01	1.15e-01	9.93e-04	6.09e-05	0.00e+00	0.00e+00
 3.65028e+22	9.86e-05	4.28e-02	8.47e-01	1.09e-01	9.64e-04	5.56e-05	0.00e+00	0.00e+00
 3.65310e+22	1.12e-04	4.64e-02	8.49e-01	1.04e-01	9.33e-04	5.03e-05	0.00e+00	0.00e+00
 3.65675e+22	1.33e-04	5.18e-02	8.51e-01	9.64e-02	8.91e-04	4.38e-05	0.00e+00	0.00e+00
 3.66048e+22	1.61e-04	5.87e-02	8.52e-01	8.86e-02	8.44e-04	3.74e-05	0.00e+00	0.00e+00
 3.66328e+22	1.90e-04	6.50e-02	8.51e-01	8.26e-02	8.06e-04	3.29e-05	0.00e+00	0.00e+00
 3.66542e+22	2.14e-04	7.02e-02	8.51e-01	7.82e-02	7.79e-04	2.98e-05	0.00e+00	0.00e+00
 3.66772e+22	2.44e-04	7.61e-02	8.49e-01	7.36e-02	7.50e-04	2.67e-05	0.00e+00	0.00e+00
 3.67071e+22	2.90e-04	8.49e-02	8.46e-01	6.77e-02	7.11e-04	2.30e-05	0.00e+00	0.00e+00
 3.67379e+22	3.55e-04	9.64e-02	8.41e-01	6.13e-02	6.66e-04	1.93e-05	0.00e+00	0.00e+00
 3.67614e+22	4.20e-04	1.07e-01	8.36e-01	5.63e-02	6.30e-04	1.67e-05	0.00e+00	0.00e+00
 3.67794e+22	4.77e-04	1.16e-01	8.30e-01	5.27e-02	6.04e-04	1.49e-05	0.00e+00	0.00e+00
 3.67987e+22	5.46e-04	1.26e-01	8.24e-01	4.90e-02	5.76e-04	1.32e-05	0.00e+00	0.00e+00
 3.68239e+22	6.55e-04	1.41e-01	8.14e-01	4.42e-02	5.39e-04	1.11e-05	0.00e+00	0.00e+00
 3.68499e+22	8.13e-04	1.61e-01	7.99e-01	3.91e-02	4.96e-04	9.04e-06	0.00e+00	0.00e+00
 3.68699e+22	9.71e-04	1.79e-01	7.84e-01	3.51e-02	4.61e-04	7.60e-06	0.00e+00	0.00e+00
 3.68855e+22	1.12e-03	1.95e-01	7.72e-01	3.22e-02	4.35e-04	6.61e-06	0.00e+00	0.00e+00
 3.69023e+22	1.29e-03	2.12e-01	7.57e-01	2.93e-02	4.08e-04	5.68e-06	0.00e+00	0.00e+00
 3.69240e+22	1.57e-03	2.38e-01	7.34e-01	2.55e-02	3.71e-04	4.58e-06	0.00e+00	0.00e+00
 3.69469e+22	2.00e-03	2.73e-01	7.03e-01	2.15e-02	3.28e-04	3.50e-06	0.00e+00	0.00e+00
 3.69650e+22	2.45e-03	3.07e-01	6.72e-01	1.83e-02	2.93e-04	2.75e-06	0.00e+00	0.00e+00
 3.69789e+22	2.86e-03	3.34e-01	6.46e-01	1.61e-02	2.68e-04	2.28e-06	0.00e+00	0.00e+00
 3.69936e+22	3.36e-03	3.65e-01	6.18e-01	1.40e-02	2.42e-04	1.85e-06	0.00e+00	0.00e+00
 3.70127e+22	4.18e-03	4.09e-01	5.75e-01	1.14e-02	2.08e-04	1.36e-06	0.00e+00	0.00e+00
 3.70320e+22	5.40e-03	4.65e-01	5.21e-01	8.74e-03	1.70e-04	9.29e-07	0.00e+00	0.00e+00
 3.70458e+22	6.59e-03	5.11e-01	4.75e-01	7.01e-03	1.43e-04	6.78e-07	0.00e+00	0.00e+00
 3.70557e+22	7.54e-03	5.44e-01	4.42e-01	5.95e-03	1.26e-04	5.40e-07	0.00e+00	0.00e+00
 3.70662e+22	8.67e-03	5.78e-01	4.08e-01	4.97e-03	1.09e-04	4.21e-07	0.00e+00	0.00e+00
 3.70797e+22	1.05e-02	6.24e-01	3.62e-01	3.81e-03	8.89e-05	2.93e-07	0.00e+00	0.00e+00
 3.70938e+22	1.30e-02	6.77e-01	3.07e-01	2.73e-03	6.77e-05	1.85e-07	0.00e+00	0.00e+00
 3.71043e+22	1.55e-02	7.19e-01	2.64e-01	2.04e-03	5.30e-05	1.25e-07	0.00e+00	0.00e+00
 3.71121e+22	1.77e-02	7.47e-01	2.33e-01	1.63e-03	4.38e-05	0.00e+00	0.00e+00	0.00e+00
 3.71200e+22	2.00e-02	7.73e-01	2.06e-01	1.29e-03	3.62e-05	0.00e+00	0.00e+00	0.00e+00
 3.71304e+22	2.37e-02	8.05e-01	1.71e-01	9.29e-04	2.72e-05	0.00e+00	0.00e+00	0.00e+00
 3.71410e+22	2.89e-02	8.37e-01	1.34e-01	6.20e-04	1.88e-05	0.00e+00	0.00e+00	0.00e+00
 3.71487e+22	3.40e-02	8.57e-01	1.08e-01	4.46e-04	1.38e-05	0.00e+00	0.00e+00	0.00e+00
 3.71541e+22	3.79e-02	8.68e-01	9.33e-02	3.58e-04	1.11e-05	0.00e+00	0.00e+00	0.00e+00
 3.71597e+22	4.23e-02	8.78e-01	7.99e-02	2.87e-04	8.93e-06	0.00e+00	0.00e+00	0.00e+00
 3.71669e+22	4.91e-02	8.87e-01	6.41e-02	2.13e-04	6.54e-06	0.00e+00	0.00e+00	0.00e+00
 3.71745e+22	5.87e-02	8.93e-01	4.86e-02	1.52e-04	4.41e-06	0.00e+00	0.00e+00	0.00e+00
 3.71806e+22	6.89e-02	8.93e-01	3.77e-02	1.16e-04	3.11e-06	0.00e+00	0.00e+00	0.00e+00
 3.71852e+22	7.79e-02	8.91e-01	3.09e-02	9.56e-05	2.38e-06	0.00e+00	0.00e+00	0.00e+00
 3.71899e+22	8.79e-02	8.87e-01	2.53e-02	8.04e-05	1.82e-06	0.00e+00	0.00e+00	0.00e+00
 3.71960e+22	1.03e-01	8.77e-01	1.92e-02	6.48e-05	1.26e-06	0.00e+00	0.00e+00	0.00e+00
 3.72021e+22	1.25e-01	8.61e-01	1.37e-02	5.18e-05	8.10e-07	0.00e+00	0.00e+00	0.00e+00
 3.72065e+22	1.45e-01	8.44e-01	1.05e-02	4.47e-05	5.78e-07	0.00e+00	0.00e+00	0.00e+00
 3.72098e+22	1.61e-01	8.30e-01	8.67e-03	4.07e-05	4.54e-07	0.00e+00	0.00e+00	0.00e+00
 3.72130e+22	1.79e-01	8.14e-01	7.15e-03	3.72e-05	3.58e-07	0.00e+00	0.00e+00	0.00e+00
 3.72167e+22	2.02e-01	7.93e-01	5.65e-03	3.36e-05	2.68e-07	0.00e+00	0.00e+00	0.00e+00
 3.72202e+22	2.28e-01	7.67e-01	4.41e-03	3.03e-05	1.98e-07	0.00e+00	0.00e+00	0.00e+00
 3.72228e+22	2.51e-01	7.45e-01	3.61e-03	2.80e-05	1.56e-07	0.00e+00	0.00e+00	0.00e+00
 3.72250e+22	2.70e-01	7.27e-01	3.08e-03	2.65e-05	1.30e-07	0.00e+00	0.00e+00	0.00e+00
 3.72269e+22	2.87e-01	7.10e-01	2.67e-03	2.52e-05	0.00e+00	0.00e+00	0.00e+00	0.00e+00
 3.72283e+22	3.01e-01	6.96e-01	2.39e-03	2.43e-05	0.00e+00	0.00e+00	0.00e+00	0.00e+00
 3.72297e+22	3.15e-01	6.83e-01	2.16e-03	2.35e-05	0.00e+00	0.00e+00	0.00e+00	0.00e+00
 3.72312e+22	3.31e-01	6.68e-01	1.92e-03	2.25e-05	0.00e+00	0.00e+00	0.00e+00	0.00e+00
 3.72329e+22	3.50e-01	6.49e-01	1.67e-03	2.14e-05	0.00e+00	0.00e+00	0.00e+00	0.00e+00
 3.72343e+22	3.67e-01	6.32e-01	1.48e-03	2.05e-05	0.00e+00	0.00e+00	0.00e+00	0.00e+00
 3.72356e+22	3.82e-01	6.17e-01	1.33e-03	1.98e-05	0.00e+00	0.00e+00	0.00e+00	0.00e+00
 3.72368e+22	3.97e-01	6.02e-01	1.19e-03	1.91e-05	0.00e+00	0.00e+00	0.00e+00	0.00e+00
 3.72383e+22	4.15e-01	5.84e-01	1.06e-03	1.83e-05	0.00e+00	0.00e+00	0.00e+00	0.00e+00
 3.72397e+22	4.35e-01	5.64e-01	9.26e-04	1.74e-05	0.00e+00	0.00e+00	0.00e+00	0.00e+00
 3.72411e+22	4.53e-01	5.46e-01	8.22e-04	1.67e-05	0.00e+00	0.00e+00	0.00e+00	0.00e+00
 3.72422e+22	4.69e-01	5.31e-01	7.42e-04	1.61e-05	0.00e+00	0.00e+00	0.00e+00	0.00e+00
 3.72434e+22	4.85e-01	5.14e-01	6.66e-04	1.55e-05	0.00e+00	0.00e+00	0.00e+00	0.00e+00
 3.72448e+22	5.05e-01	4.95e-01	5.88e-04	1.48e-05	0.00e+00	0.00e+00	0.00e+00	0.00e+00
 3.72461e+22	5.24e-01	4.75e-01	5.19e-04	1.41e-05	0.00e+00	0.00e+00	0.00e+00	0.00e+00
 3.72473e+22	5.41e-01	4.59e-01	4.66e-04	1.35e-05	0.00e+00	0.00e+00	0.00e+00	0.00e+00
 3.72484e+22	5.57e-01	4.43e-01	4.21e-04	1.30e-05	0.00e+00	0.00e+00	0.00e+00	0.00e+00
 3.72497e+22	5.75e-01	4.25e-01	3.76e-04	1.24e-05	0.00e+00	0.00e+00	0.00e+00	0.00e+00
 3.72510e+22	5.93e-01	4.06e-01	3.35e-04	1.18e-05	0.00e+00	0.00e+00	0.00e+00	0.00e+00
 3.72522e+22	6.11e-01	3.88e-01	3.00e-04	1.13e-05	0.00e+00	0.00e+00	0.00e+00	0.00e+00
 3.72533e+22	6.27e-01	3.73e-01	2.73e-04	1.08e-05	0.00e+00	0.00e+00	0.00e+00	0.00e+00
 3.72544e+22	6.42e-01	3.57e-01	2.48e-04	1.04e-05	0.00e+00	0.00e+00	0.00e+00	0.00e+00
 3.72556e+22	6.59e-01	3.40e-01	2.24e-04	9.93e-06	0.00e+00	0.00e+00	0.00e+00	0.00e+00
 3.72568e+22	6.77e-01	3.23e-01	2.03e-04	9.45e-06	0.00e+00	0.00e+00	0.00e+00	0.00e+00
 3.72579e+22	6.92e-01	3.08e-01	1.85e-04	9.03e-06	0.00e+00	0.00e+00	0.00e+00	0.00e+00
 3.72590e+22	7.06e-01	2.94e-01	1.71e-04	8.67e-06	0.00e+00	0.00e+00	0.00e+00	0.00e+00
 3.72601e+22	7.20e-01	2.80e-01	1.58e-04	8.30e-06	0.00e+00	0.00e+00	0.00e+00	0.00e+00
 3.72612e+22	7.35e-01	2.65e-01	1.46e-04	7.91e-06	0.00e+00	0.00e+00	0.00e+00	0.00e+00
 3.72624e+22	7.49e-01	2.50e-01	1.35e-04	7.55e-06	0.00e+00	0.00e+00	0.00e+00	0.00e+00
 3.72634e+22	7.62e-01	2.38e-01	1.27e-04	7.25e-06	0.00e+00	0.00e+00	0.00e+00	0.00e+00
 3.72644e+22	7.73e-01	2.27e-01	1.20e-04	6.97e-06	0.00e+00	0.00e+00	0.00e+00	0.00e+00
 3.72654e+22	7.85e-01	2.15e-01	1.14e-04	6.68e-06	0.00e+00	0.00e+00	0.00e+00	0.00e+00
 3.72665e+22	7.97e-01	2.03e-01	1.08e-04	6.40e-06	0.00e+00	0.00e+00	0.00e+00	0.00e+00
 3.72675e+22	8.08e-01	1.92e-01	1.03e-04	6.13e-06	0.00e+00	0.00e+00	0.00e+00	0.00e+00
 3.72685e+22	8.17e-01	1.83e-01	9.88e-05	5.91e-06	0.00e+00	0.00e+00	0.00e+00	0.00e+00
 3.72694e+22	8.26e-01	1.73e-01	9.53e-05	5.71e-06	0.00e+00	0.00e+00	0.00e+00	0.00e+00
 3.72704e+22	8.36e-01	1.64e-01	9.20e-05	5.49e-06	0.00e+00	0.00e+00	0.00e+00	0.00e+00
 3.72714e+22	8.45e-01	1.55e-01	8.91e-05	5.28e-06	0.00e+00	0.00e+00	0.00e+00	0.00e+00
 3.72723e+22	8.53e-01	1.47e-01	8.67e-05	5.10e-06	0.00e+00	0.00e+00	0.00e+00	0.00e+00
 3.72732e+22	8.61e-01	1.39e-01	8.48e-05	4.94e-06	0.00e+00	0.00e+00	0.00e+00	0.00e+00
 3.72741e+22	8.68e-01	1.32e-01	8.30e-05	4.79e-06	0.00e+00	0.00e+00	0.00e+00	0.00e+00
 3.72751e+22	8.75e-01	1.25e-01	8.14e-05	4.64e-06	0.00e+00	0.00e+00	0.00e+00	0.00e+00
 3.72759e+22	8.81e-01	1.19e-01	8.01e-05	4.51e-06	0.00e+00	0.00e+00	0.00e+00	0.00e+00
 3.72768e+22	8.87e-01	1.13e-01	7.90e-05	4.40e-06	0.00e+00	0.00e+00	0.00e+00	0.00e+00
 3.72775e+22	8.92e-01	1.08e-01	7.81e-05	4.31e-06	0.00e+00	0.00e+00	0.00e+00	0.00e+00
 3.72783e+22	8.96e-01	1.04e-01	7.74e-05	4.24e-06	0.00e+00	0.00e+00	0.00e+00	0.00e+00
 3.72789e+22	9.00e-01	9.99e-02	7.68e-05	4.18e-06	0.00e+00	0.00e+00	0.00e+00	0.00e+00
 3.72796e+22	9.04e-01	9.63e-02	7.62e-05	4.12e-06	0.00e+00	0.00e+00	0.00e+00	0.00e+00
 3.72802e+22	9.07e-01	9.30e-02	7.58e-05	4.08e-06	0.00e+00	0.00e+00	0.00e+00	0.00e+00
 3.72808e+22	9.10e-01	8.98e-02	7.54e-05	4.04e-06	0.00e+00	0.00e+00	0.00e+00	0.00e+00
 3.72815e+22	9.13e-01	8.69e-02	7.50e-05	4.00e-06	0.00e+00	0.00e+00	0.00e+00	0.00e+00
 3.72820e+22	9.16e-01	8.43e-02	7.47e-05	3.98e-06	0.00e+00	0.00e+00	0.00e+00	0.00e+00
 3.72826e+22	9.18e-01	8.21e-02	7.44e-05	3.96e-06	0.00e+00	0.00e+00	0.00e+00	0.00e+00
 3.72831e+22	9.20e-01	8.00e-02	7.42e-05	3.96e-06	0.00e+00	0.00e+00	0.00e+00	0.00e+00
 3.72836e+22	9.22e-01	7.81e-02	7.40e-05	3.95e-06	0.00e+00	0.00e+00	0.00e+00	0.00e+00
 3.72841e+22	9.24e-01	7.63e-02	7.39e-05	3.96e-06	0.00e+00	0.00e+00	0.00e+00	0.00e+00
 3.72846e+22	9.25e-01	7.47e-02	7.37e-05	3.97e-06	0.00e+00	0.00e+00	0.00e+00	0.00e+00
 3.72851e+22	9.27e-01	7.33e-02	7.36e-05	3.99e-06	0.00e+00	0.00e+00	0.00e+00	0.00e+00
 3.72855e+22	9.28e-01	7.20e-02	7.35e-05	4.01e-06	0.00e+00	0.00e+00	0.00e+00	0.00e+00
 3.72859e+22	9.29e-01	7.09e-02	7.34e-05	4.03e-06	0.00e+00	0.00e+00	0.00e+00	0.00e+00
 3.72863e+22	9.30e-01	7.00e-02	7.34e-05	4.07e-06	0.00e+00	0.00e+00	0.00e+00	0.00e+00
 3.72867e+22	9.31e-01	6.92e-02	7.33e-05	4.10e-06	0.00e+00	0.00e+00	0.00e+00	0.00e+00
 3.72871e+22	9.32e-01	6.84e-02	7.33e-05	4.14e-06	0.00e+00	0.00e+00	0.00e+00	0.00e+00
 3.72874e+22	9.32e-01	6.76e-02	7.33e-05	4.19e-06	0.00e+00	0.00e+00	0.00e+00	0.00e+00
 3.72878e+22	9.33e-01	6.70e-02	7.32e-05	4.23e-06	0.00e+00	0.00e+00	0.00e+00	0.00e+00
 3.72882e+22	9.34e-01	6.64e-02	7.32e-05	4.29e-06	0.00e+00	0.00e+00	0.00e+00	0.00e+00
 3.72886e+22	9.34e-01	6.58e-02	7.32e-05	4.34e-06	0.00e+00	0.00e+00	0.00e+00	0.00e+00
 3.72889e+22	9.35e-01	6.53e-02	7.32e-05	4.40e-06	0.00e+00	0.00e+00	0.00e+00	0.00e+00
 3.72893e+22	9.35e-01	6.48e-02	7.32e-05	4.46e-06	0.00e+00	0.00e+00	0.00e+00	0.00e+00
 3.72897e+22	9.35e-01	6.44e-02	7.32e-05	4.53e-06	0.00e+00	0.00e+00	0.00e+00	0.00e+00
 3.72900e+22	9.36e-01	6.41e-02	7.32e-05	4.60e-06	0.00e+00	0.00e+00	0.00e+00	0.00e+00
 3.72904e+22	9.36e-01	6.37e-02	7.32e-05	4.67e-06	0.00e+00	0.00e+00	0.00e+00	0.00e+00
 3.72908e+22	9.37e-01	6.34e-02	7.32e-05	4.73e-06	0.00e+00	0.00e+00	0.00e+00	0.00e+00
 3.72912e+22	9.37e-01	6.31e-02	7.32e-05	4.78e-06	0.00e+00	0.00e+00	0.00e+00	0.00e+00
 3.72915e+22	9.37e-01	6.29e-02	7.32e-05	4.84e-06	0.00e+00	0.00e+00	0.00e+00	0.00e+00
 3.72919e+22	9.37e-01	6.26e-02	7.32e-05	4.90e-06	0.00e+00	0.00e+00	0.00e+00	0.00e+00
 3.72923e+22	9.38e-01	6.24e-02	7.32e-05	4.96e-06	0.00e+00	0.00e+00	0.00e+00	0.00e+00
 3.72927e+22	9.38e-01	6.22e-02	7.32e-05	5.03e-06	0.00e+00	0.00e+00	0.00e+00	0.00e+00
 3.72930e+22	9.38e-01	6.20e-02	7.32e-05	5.09e-06	0.00e+00	0.00e+00	0.00e+00	0.00e+00
 3.72934e+22	9.38e-01	6.18e-02	7.33e-05	5.16e-06	0.00e+00	0.00e+00	0.00e+00	0.00e+00
 3.72938e+22	9.38e-01	6.17e-02	7.33e-05	5.22e-06	0.00e+00	0.00e+00	0.00e+00	0.00e+00
 3.72942e+22	9.38e-01	6.15e-02	7.33e-05	5.29e-06	0.00e+00	0.00e+00	0.00e+00	0.00e+00
 3.72945e+22	9.39e-01	6.14e-02	7.33e-05	5.36e-06	0.00e+00	0.00e+00	0.00e+00	0.00e+00
 3.72949e+22	9.39e-01	6.13e-02	7.33e-05	5.42e-06	0.00e+00	0.00e+00	0.00e+00	0.00e+00
 3.72953e+22	9.39e-01	6.12e-02	7.33e-05	5.49e-06	0.00e+00	0.00e+00	0.00e+00	0.00e+00
 3.72956e+22	9.39e-01	6.11e-02	7.35e-05	5.56e-06	0.00e+00	0.00e+00	0.00e+00	0.00e+00
 3.72960e+22	9.39e-01	6.10e-02	7.37e-05	5.64e-06	0.00e+00	0.00e+00	0.00e+00	0.00e+00
 3.72964e+22	9.39e-01	6.09e-02	7.39e-05	5.72e-06	0.00e+00	0.00e+00	0.00e+00	0.00e+00
 3.72968e+22	9.39e-01	6.09e-02	7.41e-05	5.80e-06	0.00e+00	0.00e+00	0.00e+00	0.00e+00
 3.72971e+22	9.39e-01	6.08e-02	7.43e-05	5.88e-06	0.00e+00	0.00e+00	0.00e+00	0.00e+00
 3.72975e+22	9.39e-01	6.08e-02	7.45e-05	5.96e-06	0.00e+00	0.00e+00	0.00e+00	0.00e+00
 3.72979e+22	9.39e-01	6.07e-02	7.47e-05	6.03e-06	0.00e+00	0.00e+00	0.00e+00	0.00e+00
 3.72983e+22	9.39e-01	6.07e-02	7.49e-05	6.13e-06	0.00e+00	0.00e+00	0.00e+00	0.00e+00
 3.72988e+22	9.39e-01	6.06e-02	7.52e-05	6.22e-06	0.00e+00	0.00e+00	0.00e+00	0.00e+00
 3.72992e+22	9.39e-01	6.07e-02	7.54e-05	6.34e-06	0.00e+00	0.00e+00	0.00e+00	0.00e+00
 3.72996e+22	9.39e-01	6.06e-02	7.55e-05	6.37e-06	0.00e+00	0.00e+00	0.00e+00	0.00e+00
 3.73000e+22	9.39e-01	6.06e-02	7.58e-05	6.47e-06	0.00e+00	0.00e+00	0.00e+00	0.00e+00
 3.73005e+22	9.39e-01	6.05e-02	7.60e-05	6.55e-06	0.00e+00	0.00e+00	0.00e+00	0.00e+00
 3.73010e+22	9.39e-01	6.05e-02	7.62e-05	6.66e-06	0.00e+00	0.00e+00	0.00e+00	0.00e+00
 3.73015e+22	9.39e-01	6.04e-02	7.64e-05	6.75e-06	0.00e+00	0.00e+00	0.00e+00	0.00e+00
 3.73020e+22	9.39e-01	6.05e-02	7.67e-05	6.87e-06	0.00e+00	0.00e+00	0.00e+00	0.00e+00
 3.73025e+22	9.40e-01	6.04e-02	7.68e-05	6.91e-06	0.00e+00	0.00e+00	0.00e+00	0.00e+00
 3.73030e+22	9.40e-01	6.04e-02	7.70e-05	7.00e-06	0.00e+00	0.00e+00	0.00e+00	0.00e+00
 3.73035e+22	9.40e-01	6.03e-02	7.72e-05	7.08e-06	0.00e+00	0.00e+00	0.00e+00	0.00e+00
 3.73041e+22	9.40e-01	6.03e-02	7.75e-05	7.19e-06	0.00e+00	0.00e+00	0.00e+00	0.00e+00
 3.73047e+22	9.40e-01	6.03e-02	7.76e-05	7.25e-06	0.00e+00	0.00e+00	0.00e+00	0.00e+00
 3.73054e+22	9.40e-01	6.02e-02	7.79e-05	7.36e-06	0.00e+00	0.00e+00	0.00e+00	0.00e+00
 3.73062e+22	9.40e-01	6.01e-02	7.80e-05	7.43e-06	0.00e+00	0.00e+00	0.00e+00	0.00e+00
 3.73070e+22	9.40e-01	6.01e-02	7.83e-05	7.53e-06	0.00e+00	0.00e+00	0.00e+00	0.00e+00
 3.73079e+22	9.40e-01	6.00e-02	7.85e-05	7.61e-06	0.00e+00	0.00e+00	0.00e+00	0.00e+00
 3.73089e+22	9.40e-01	6.00e-02	7.87e-05	7.72e-06	0.00e+00	0.00e+00	0.00e+00	0.00e+00
 3.73099e+22	9.40e-01	5.99e-02	7.89e-05	7.80e-06	0.00e+00	0.00e+00	0.00e+00	0.00e+00
 3.73111e+22	9.40e-01	5.99e-02	7.91e-05	7.91e-06	0.00e+00	0.00e+00	0.00e+00	0.00e+00
 3.73123e+22	9.40e-01	5.98e-02	7.93e-05	8.00e-06	0.00e+00	0.00e+00	0.00e+00	0.00e+00
 3.73134e+22	9.40e-01	5.98e-02	7.95e-05	8.08e-06	0.00e+00	0.00e+00	0.00e+00	0.00e+00
 3.73147e+22	9.40e-01	5.97e-02	7.97e-05	8.16e-06	0.00e+00	0.00e+00	0.00e+00	0.00e+00
 3.73163e+22	9.40e-01	5.97e-02	7.99e-05	8.28e-06	0.00e+00	0.00e+00	0.00e+00	0.00e+00
 3.73180e+22	9.40e-01	5.96e-02	8.01e-05	8.35e-06	0.00e+00	0.00e+00	0.00e+00	0.00e+00
 3.73199e+22	9.40e-01	5.96e-02	8.03e-05	8.44e-06	0.00e+00	0.00e+00	0.00e+00	0.00e+00
 3.73224e+22	9.40e-01	5.95e-02	8.05e-05	8.55e-06	0.00e+00	0.00e+00	0.00e+00	0.00e+00
 3.73251e+22	9.41e-01	5.94e-02	8.06e-05	8.59e-06	0.00e+00	0.00e+00	0.00e+00	0.00e+00
 3.73280e+22	9.41e-01	5.94e-02	8.08e-05	8.70e-06	0.00e+00	0.00e+00	0.00e+00	0.00e+00
 3.73312e+22	9.41e-01	5.93e-02	8.08e-05	8.70e-06	0.00e+00	0.00e+00	0.00e+00	0.00e+00
 3.73344e+22	9.41e-01	5.93e-02	8.09e-05	8.77e-06	0.00e+00	0.00e+00	0.00e+00	0.00e+00
 3.73379e+22	9.41e-01	5.92e-02	8.09e-05	8.75e-06	0.00e+00	0.00e+00	0.00e+00	0.00e+00
 3.73414e+22	9.41e-01	5.92e-02	8.09e-05	8.80e-06	0.00e+00	0.00e+00	0.00e+00	0.00e+00
 3.73454e+22	9.41e-01	5.91e-02	8.10e-05	8.83e-06	0.00e+00	0.00e+00	0.00e+00	0.00e+00
 3.73505e+22	9.41e-01	5.90e-02	8.10e-05	8.86e-06	0.00e+00	0.00e+00	0.00e+00	0.00e+00
 3.73573e+22	9.41e-01	5.89e-02	8.10e-05	8.89e-06	0.00e+00	0.00e+00	0.00e+00	0.00e+00
 3.73660e+22	9.41e-01	5.87e-02	8.10e-05	8.92e-06	0.00e+00	0.00e+00	0.00e+00	0.00e+00
 3.73774e+22	9.41e-01	5.86e-02	8.10e-05	8.93e-06	0.00e+00	0.00e+00	0.00e+00	0.00e+00
 3.73922e+22	9.42e-01	5.83e-02	8.09e-05	8.91e-06	0.00e+00	0.00e+00	0.00e+00	0.00e+00
 3.74114e+22	9.42e-01	5.81e-02	8.07e-05	8.91e-06	0.00e+00	0.00e+00	0.00e+00	0.00e+00
 3.74364e+22	9.42e-01	5.78e-02	8.05e-05	8.89e-06	0.00e+00	0.00e+00	0.00e+00	0.00e+00
 3.74689e+22	9.42e-01	5.74e-02	8.01e-05	8.85e-06	0.00e+00	0.00e+00	0.00e+00	0.00e+00
 3.75112e+22	9.43e-01	5.70e-02	7.97e-05	8.80e-06	0.00e+00	0.00e+00	0.00e+00	0.00e+00
 3.75661e+22	9.43e-01	5.65e-02	7.91e-05	8.72e-06	0.00e+00	0.00e+00	0.00e+00	0.00e+00
 3.76375e+22	9.44e-01	5.58e-02	7.83e-05	8.61e-06	0.00e+00	0.00e+00	0.00e+00	0.00e+00
 3.77304e+22	9.45e-01	5.50e-02	7.72e-05	8.47e-06	0.00e+00	0.00e+00	0.00e+00	0.00e+00
 3.78306e+22	9.46e-01	5.43e-02	7.61e-05	8.30e-06	0.00e+00	0.00e+00	0.00e+00	0.00e+00
 3.79404e+22	9.47e-01	5.34e-02	7.48e-05	8.13e-06	0.00e+00	0.00e+00	0.00e+00	0.00e+00
 3.80590e+22	9.47e-01	5.26e-02	7.35e-05	7.94e-06	0.00e+00	0.00e+00	0.00e+00	0.00e+00
 3.81669e+22	9.48e-01	5.18e-02	7.23e-05	7.77e-06	0.00e+00	0.00e+00	0.00e+00	0.00e+00
 3.82851e+22	9.49e-01	5.09e-02	7.11e-05	7.60e-06	0.00e+00	0.00e+00	0.00e+00	0.00e+00
 3.84127e+22	9.50e-01	5.00e-02	6.97e-05	7.41e-06	0.00e+00	0.00e+00	0.00e+00	0.00e+00
 3.85289e+22	9.51e-01	4.92e-02	6.85e-05	7.23e-06	0.00e+00	0.00e+00	0.00e+00	0.00e+00
 3.86561e+22	9.52e-01	4.83e-02	6.73e-05	7.05e-06	0.00e+00	0.00e+00	0.00e+00	0.00e+00
 3.87935e+22	9.53e-01	4.74e-02	6.59e-05	6.86e-06	0.00e+00	0.00e+00	0.00e+00	0.00e+00
 3.89186e+22	9.53e-01	4.66e-02	6.47e-05	6.67e-06	0.00e+00	0.00e+00	0.00e+00	0.00e+00
 3.90556e+22	9.54e-01	4.57e-02	6.34e-05	6.49e-06	0.00e+00	0.00e+00	0.00e+00	0.00e+00
 3.92035e+22	9.55e-01	4.48e-02	6.21e-05	6.29e-06	0.00e+00	0.00e+00	0.00e+00	0.00e+00
 3.93381e+22	9.56e-01	4.40e-02	6.08e-05	6.11e-06	0.00e+00	0.00e+00	0.00e+00	0.00e+00
 3.94856e+22	9.57e-01	4.30e-02	5.96e-05	5.93e-06	0.00e+00	0.00e+00	0.00e+00	0.00e+00
 3.96448e+22	9.58e-01	4.21e-02	5.82e-05	5.73e-06	0.00e+00	0.00e+00	0.00e+00	0.00e+00
 3.97898e+22	9.59e-01	4.13e-02	5.70e-05	5.57e-06	0.00e+00	0.00e+00	0.00e+00	0.00e+00
 3.99216e+22	9.59e-01	4.06e-02	5.59e-05	5.40e-06	0.00e+00	0.00e+00	0.00e+00	0.00e+00
 4.00661e+22	9.60e-01	3.97e-02	5.48e-05	5.24e-06	0.00e+00	0.00e+00	0.00e+00	0.00e+00
 4.02221e+22	9.61e-01	3.89e-02	5.36e-05	5.06e-06	0.00e+00	0.00e+00	0.00e+00	0.00e+00
 4.03931e+22	9.62e-01	3.80e-02	5.23e-05	4.88e-06	0.00e+00	0.00e+00	0.00e+00	0.00e+00
 4.05776e+22	9.63e-01	3.70e-02	5.09e-05	4.69e-06	0.00e+00	0.00e+00	0.00e+00	0.00e+00
 4.07455e+22	9.64e-01	3.62e-02	4.97e-05	4.52e-06	0.00e+00	0.00e+00	0.00e+00	0.00e+00
 4.08983e+22	9.64e-01	3.55e-02	4.87e-05	4.37e-06	0.00e+00	0.00e+00	0.00e+00	0.00e+00
 4.10658e+22	9.65e-01	3.47e-02	4.76e-05	4.22e-06	0.00e+00	0.00e+00	0.00e+00	0.00e+00
 4.12466e+22	9.66e-01	3.38e-02	4.64e-05	4.05e-06	0.00e+00	0.00e+00	0.00e+00	0.00e+00
 4.14111e+22	9.67e-01	3.31e-02	4.53e-05	3.91e-06	0.00e+00	0.00e+00	0.00e+00	0.00e+00
 4.15914e+22	9.68e-01	3.23e-02	4.42e-05	3.76e-06	0.00e+00	0.00e+00	0.00e+00	0.00e+00
 4.17860e+22	9.68e-01	3.15e-02	4.31e-05	3.60e-06	0.00e+00	0.00e+00	0.00e+00	0.00e+00
 4.19631e+22	9.69e-01	3.08e-02	4.20e-05	3.47e-06	0.00e+00	0.00e+00	0.00e+00	0.00e+00
 4.21572e+22	9.70e-01	3.00e-02	4.09e-05	3.32e-06	0.00e+00	0.00e+00	0.00e+00	0.00e+00
 4.23667e+22	9.71e-01	2.92e-02	3.98e-05	3.18e-06	0.00e+00	0.00e+00	0.00e+00	0.00e+00
 4.25574e+22	9.71e-01	2.85e-02	3.88e-05	3.05e-06	0.00e+00	0.00e+00	0.00e+00	0.00e+00
 4.27309e+22	9.72e-01	2.78e-02	3.79e-05	2.93e-06	0.00e+00	0.00e+00	0.00e+00	0.00e+00
 4.29210e+22	9.73e-01	2.72e-02	3.70e-05	2.82e-06	0.00e+00	0.00e+00	0.00e+00	0.00e+00
 4.31262e+22	9.73e-01	2.65e-02	3.60e-05	2.69e-06	0.00e+00	0.00e+00	0.00e+00	0.00e+00
 4.33511e+22	9.74e-01	2.57e-02	3.50e-05	2.57e-06	0.00e+00	0.00e+00	0.00e+00	0.00e+00
 4.35939e+22	9.75e-01	2.49e-02	3.39e-05	2.44e-06	0.00e+00	0.00e+00	0.00e+00	0.00e+00
 4.38149e+22	9.76e-01	2.43e-02	3.30e-05	2.33e-06	0.00e+00	0.00e+00	0.00e+00	0.00e+00
 4.40570e+22	9.76e-01	2.35e-02	3.19e-05	2.21e-06	0.00e+00	0.00e+00	0.00e+00	0.00e+00
 4.43184e+22	9.77e-01	2.28e-02	3.09e-05	2.09e-06	0.00e+00	0.00e+00	0.00e+00	0.00e+00
 4.45563e+22	9.78e-01	2.22e-02	3.00e-05	1.99e-06	0.00e+00	0.00e+00	0.00e+00	0.00e+00
 4.47728e+22	9.78e-01	2.16e-02	2.92e-05	1.90e-06	0.00e+00	0.00e+00	0.00e+00	0.00e+00
 4.50100e+22	9.79e-01	2.10e-02	2.84e-05	1.81e-06	0.00e+00	0.00e+00	0.00e+00	0.00e+00
 4.53183e+22	9.80e-01	2.02e-02	2.73e-05	1.70e-06	0.00e+00	0.00e+00	0.00e+00	0.00e+00
 4.56512e+22	9.81e-01	1.95e-02	2.63e-05	1.59e-06	0.00e+00	0.00e+00	0.00e+00	0.00e+00
 4.59541e+22	9.81e-01	1.88e-02	2.53e-05	1.49e-06	0.00e+00	0.00e+00	0.00e+00	0.00e+00
 4.62298e+22	9.82e-01	1.82e-02	2.45e-05	1.41e-06	0.00e+00	0.00e+00	0.00e+00	0.00e+00
 4.64807e+22	9.82e-01	1.77e-02	2.38e-05	1.34e-06	0.00e+00	0.00e+00	0.00e+00	0.00e+00
 4.67556e+22	9.83e-01	1.72e-02	2.31e-05	1.27e-06	0.00e+00	0.00e+00	0.00e+00	0.00e+00
 4.70523e+22	9.83e-01	1.66e-02	2.23e-05	1.20e-06	0.00e+00	0.00e+00	0.00e+00	0.00e+00
 4.73775e+22	9.84e-01	1.60e-02	2.15e-05	1.13e-06	0.00e+00	0.00e+00	0.00e+00	0.00e+00
 4.78003e+22	9.85e-01	1.53e-02	2.05e-05	1.04e-06	0.00e+00	0.00e+00	0.00e+00	0.00e+00
 4.82709e+22	9.85e-01	1.46e-02	1.95e-05	9.51e-07	0.00e+00	0.00e+00	0.00e+00	0.00e+00
 4.87390e+22	9.86e-01	1.39e-02	1.86e-05	8.72e-07	0.00e+00	0.00e+00	0.00e+00	0.00e+00
 4.92223e+22	9.87e-01	1.32e-02	1.76e-05	7.99e-07	0.00e+00	0.00e+00	0.00e+00	0.00e+00
 4.97226e+22	9.87e-01	1.26e-02	1.68e-05	7.31e-07	0.00e+00	0.00e+00	0.00e+00	0.00e+00
 5.02357e+22	9.88e-01	1.20e-02	1.59e-05	6.68e-07	0.00e+00	0.00e+00	0.00e+00	0.00e+00
 5.07619e+22	9.89e-01	1.14e-02	1.51e-05	6.10e-07	0.00e+00	0.00e+00	0.00e+00	0.00e+00
 5.13047e+22	9.89e-01	1.09e-02	1.44e-05	5.57e-07	0.00e+00	0.00e+00	0.00e+00	0.00e+00
 5.18657e+22	9.90e-01	1.03e-02	1.36e-05	5.08e-07	0.00e+00	0.00e+00	0.00e+00	0.00e+00
 5.24439e+22	9.90e-01	9.81e-03	1.29e-05	4.63e-07	0.00e+00	0.00e+00	0.00e+00	0.00e+00
 5.30387e+22	9.91e-01	9.33e-03	1.22e-05	4.22e-07	0.00e+00	0.00e+00	0.00e+00	0.00e+00
 5.36512e+22	9.91e-01	8.86e-03	1.16e-05	3.84e-07	0.00e+00	0.00e+00	0.00e+00	0.00e+00
 5.42830e+22	9.92e-01	8.42e-03	1.10e-05	3.50e-07	0.00e+00	0.00e+00	0.00e+00	0.00e+00
 5.49352e+22	9.92e-01	7.99e-03	1.04e-05	3.18e-07	0.00e+00	0.00e+00	0.00e+00	0.00e+00
