#depth	Mg	Mg+	Mg+2	Mg+3	Mg+4	Mg+5	Mg+6	Mg+7	Mg+8	Mg+9	Mg+10	Mg+11	Mg+12
 3.45294e+19	4.22e-27	6.04e-20	2.28e-14	2.87e-10	4.65e-07	9.96e-05	5.42e-03	5.80e-02	1.75e-01	2.05e-01	5.16e-01	3.89e-02	7.99e-04
 1.32153e+20	5.72e-27	9.22e-20	3.49e-14	4.32e-10	6.69e-07	1.32e-04	6.61e-03	6.73e-02	1.92e-01	2.11e-01	4.88e-01	3.38e-02	6.37e-04
 2.47976e+20	8.89e-27	1.49e-19	5.56e-14	6.78e-10	1.00e-06	1.79e-04	8.22e-03	7.89e-02	2.12e-01	2.16e-01	4.56e-01	2.86e-02	4.90e-04
 3.39900e+20	1.26e-26	2.16e-19	7.92e-14	9.52e-10	1.35e-06	2.26e-04	9.68e-03	8.85e-02	2.26e-01	2.19e-01	4.30e-01	2.50e-02	3.98e-04
 3.96468e+20	1.58e-26	2.71e-19	9.77e-14	1.16e-09	1.61e-06	2.58e-04	1.06e-02	9.45e-02	2.35e-01	2.21e-01	4.16e-01	2.31e-02	3.53e-04
 4.27949e+20	1.77e-26	3.05e-19	1.09e-13	1.29e-09	1.77e-06	2.77e-04	1.12e-02	9.79e-02	2.39e-01	2.21e-01	4.07e-01	2.21e-02	3.30e-04
 4.60400e+20	1.96e-26	3.42e-19	1.22e-13	1.44e-09	1.95e-06	2.99e-04	1.18e-02	1.02e-01	2.45e-01	2.22e-01	3.98e-01	2.11e-02	3.05e-04
 5.02586e+20	2.27e-26	3.96e-19	1.41e-13	1.66e-09	2.21e-06	3.30e-04	1.27e-02	1.07e-01	2.51e-01	2.23e-01	3.86e-01	1.97e-02	2.76e-04
 5.57429e+20	2.70e-26	4.74e-19	1.67e-13	1.97e-09	2.59e-06	3.73e-04	1.38e-02	1.13e-01	2.60e-01	2.24e-01	3.71e-01	1.81e-02	2.42e-04
 6.12022e+20	3.24e-26	5.72e-19	1.99e-13	2.33e-09	3.01e-06	4.19e-04	1.50e-02	1.20e-01	2.68e-01	2.24e-01	3.56e-01	1.66e-02	2.14e-04
 6.54326e+20	3.74e-26	6.61e-19	2.27e-13	2.65e-09	3.37e-06	4.58e-04	1.60e-02	1.25e-01	2.73e-01	2.24e-01	3.45e-01	1.56e-02	1.95e-04
 6.97353e+20	4.26e-26	7.56e-19	2.57e-13	3.01e-09	3.78e-06	5.01e-04	1.70e-02	1.30e-01	2.79e-01	2.24e-01	3.34e-01	1.46e-02	1.76e-04
 7.53289e+20	5.07e-26	9.02e-19	3.02e-13	3.53e-09	4.37e-06	5.61e-04	1.84e-02	1.37e-01	2.87e-01	2.24e-01	3.19e-01	1.33e-02	1.54e-04
 8.11716e+20	6.12e-26	1.09e-18	3.57e-13	4.16e-09	5.06e-06	6.29e-04	2.00e-02	1.45e-01	2.94e-01	2.23e-01	3.05e-01	1.22e-02	1.34e-04
 8.60313e+20	7.15e-26	1.27e-18	4.10e-13	4.75e-09	5.70e-06	6.90e-04	2.13e-02	1.51e-01	3.00e-01	2.22e-01	2.93e-01	1.13e-02	1.20e-04
 9.10419e+20	8.37e-26	1.49e-18	4.70e-13	5.44e-09	6.44e-06	7.60e-04	2.28e-02	1.57e-01	3.06e-01	2.21e-01	2.81e-01	1.04e-02	1.07e-04
 9.75557e+20	1.03e-25	1.83e-18	5.61e-13	6.47e-09	7.53e-06	8.59e-04	2.48e-02	1.66e-01	3.14e-01	2.19e-01	2.66e-01	9.39e-03	9.16e-05
 1.04218e+21	1.29e-25	2.27e-18	6.74e-13	7.71e-09	8.79e-06	9.69e-04	2.70e-02	1.74e-01	3.20e-01	2.17e-01	2.51e-01	8.45e-03	7.86e-05
 1.09569e+21	1.54e-25	2.70e-18	7.80e-13	8.86e-09	9.92e-06	1.06e-03	2.88e-02	1.81e-01	3.25e-01	2.15e-01	2.40e-01	7.79e-03	6.98e-05
 1.15022e+21	1.85e-25	3.21e-18	9.03e-13	1.02e-08	1.12e-05	1.17e-03	3.07e-02	1.88e-01	3.30e-01	2.13e-01	2.29e-01	7.13e-03	6.15e-05
 1.22110e+21	2.36e-25	4.05e-18	1.09e-12	1.22e-08	1.31e-05	1.33e-03	3.33e-02	1.97e-01	3.36e-01	2.10e-01	2.15e-01	6.36e-03	5.22e-05
 1.29421e+21	3.05e-25	5.16e-18	1.34e-12	1.47e-08	1.54e-05	1.50e-03	3.62e-02	2.07e-01	3.41e-01	2.07e-01	2.02e-01	5.68e-03	4.43e-05
 1.35357e+21	3.76e-25	6.29e-18	1.57e-12	1.70e-08	1.74e-05	1.65e-03	3.86e-02	2.14e-01	3.45e-01	2.04e-01	1.92e-01	5.19e-03	3.90e-05
 1.41406e+21	4.67e-25	7.69e-18	1.85e-12	1.97e-08	1.98e-05	1.82e-03	4.12e-02	2.21e-01	3.48e-01	2.01e-01	1.82e-01	4.72e-03	3.40e-05
 1.49270e+21	6.23e-25	1.00e-17	2.30e-12	2.40e-08	2.34e-05	2.07e-03	4.48e-02	2.31e-01	3.52e-01	1.97e-01	1.69e-01	4.17e-03	2.85e-05
 1.57349e+21	8.40e-25	1.32e-17	2.88e-12	2.92e-08	2.75e-05	2.34e-03	4.86e-02	2.41e-01	3.55e-01	1.92e-01	1.58e-01	3.68e-03	2.40e-05
 1.63889e+21	1.06e-24	1.64e-17	3.44e-12	3.42e-08	3.13e-05	2.58e-03	5.18e-02	2.48e-01	3.57e-01	1.88e-01	1.49e-01	3.34e-03	2.09e-05
 1.70572e+21	1.36e-24	2.06e-17	4.14e-12	4.02e-08	3.58e-05	2.85e-03	5.52e-02	2.56e-01	3.59e-01	1.84e-01	1.40e-01	3.02e-03	1.81e-05
 1.79259e+21	1.88e-24	2.78e-17	5.28e-12	4.96e-08	4.25e-05	3.25e-03	6.00e-02	2.66e-01	3.60e-01	1.79e-01	1.29e-01	2.64e-03	1.50e-05
 1.87890e+21	2.58e-24	3.71e-17	6.68e-12	6.07e-08	4.99e-05	3.67e-03	6.48e-02	2.75e-01	3.61e-01	1.73e-01	1.20e-01	2.32e-03	1.26e-05
 1.94103e+21	3.21e-24	4.54e-17	7.87e-12	6.98e-08	5.59e-05	3.98e-03	6.83e-02	2.82e-01	3.61e-01	1.70e-01	1.13e-01	2.13e-03	1.12e-05
 1.99832e+21	3.96e-24	5.50e-17	9.21e-12	7.98e-08	6.21e-05	4.31e-03	7.18e-02	2.88e-01	3.61e-01	1.66e-01	1.07e-01	1.95e-03	9.91e-06
 2.07281e+21	5.19e-24	7.06e-17	1.13e-11	9.49e-08	7.13e-05	4.78e-03	7.66e-02	2.95e-01	3.60e-01	1.61e-01	1.00e-01	1.75e-03	8.50e-06
 2.15174e+21	6.86e-24	9.13e-17	1.39e-11	1.13e-07	8.20e-05	5.30e-03	8.16e-02	3.03e-01	3.59e-01	1.56e-01	9.34e-02	1.56e-03	7.27e-06
 2.21972e+21	8.68e-24	1.13e-16	1.66e-11	1.31e-07	9.21e-05	5.77e-03	8.61e-02	3.09e-01	3.57e-01	1.52e-01	8.78e-02	1.41e-03	6.37e-06
 2.29139e+21	1.12e-23	1.43e-16	2.01e-11	1.54e-07	1.04e-04	6.32e-03	9.10e-02	3.16e-01	3.56e-01	1.47e-01	8.22e-02	1.27e-03	5.52e-06
 2.38457e+21	1.54e-23	1.92e-16	2.57e-11	1.89e-07	1.22e-04	7.10e-03	9.77e-02	3.24e-01	3.53e-01	1.41e-01	7.54e-02	1.11e-03	4.60e-06
 2.47898e+21	2.11e-23	2.57e-16	3.26e-11	2.30e-07	1.42e-04	7.94e-03	1.05e-01	3.32e-01	3.50e-01	1.36e-01	6.92e-02	9.74e-04	3.85e-06
 2.55484e+21	2.70e-23	3.22e-16	3.92e-11	2.68e-07	1.60e-04	8.65e-03	1.10e-01	3.38e-01	3.47e-01	1.31e-01	6.47e-02	8.78e-04	3.34e-06
 2.63333e+21	3.50e-23	4.09e-16	4.77e-11	3.15e-07	1.82e-04	9.47e-03	1.16e-01	3.44e-01	3.43e-01	1.26e-01	6.01e-02	7.85e-04	2.88e-06
 2.73536e+21	4.89e-23	5.55e-16	6.13e-11	3.88e-07	2.13e-04	1.06e-02	1.24e-01	3.51e-01	3.38e-01	1.20e-01	5.47e-02	6.80e-04	2.38e-06
 2.84043e+21	6.82e-23	7.50e-16	7.85e-11	4.75e-07	2.48e-04	1.19e-02	1.33e-01	3.58e-01	3.33e-01	1.14e-01	4.98e-02	5.89e-04	1.96e-06
 2.92644e+21	8.85e-23	9.50e-16	9.54e-11	5.57e-07	2.81e-04	1.29e-02	1.40e-01	3.63e-01	3.28e-01	1.10e-01	4.61e-02	5.25e-04	1.69e-06
 3.01527e+21	1.17e-22	1.22e-15	1.17e-10	6.60e-07	3.19e-04	1.42e-02	1.47e-01	3.68e-01	3.23e-01	1.05e-01	4.25e-02	4.65e-04	1.43e-06
 3.13075e+21	1.66e-22	1.68e-15	1.53e-10	8.18e-07	3.75e-04	1.59e-02	1.57e-01	3.73e-01	3.16e-01	9.86e-02	3.82e-02	3.97e-04	1.16e-06
 3.24832e+21	2.33e-22	2.29e-15	1.96e-10	1.01e-06	4.38e-04	1.78e-02	1.67e-01	3.78e-01	3.09e-01	9.28e-02	3.43e-02	3.40e-04	9.49e-07
 3.34319e+21	3.03e-22	2.90e-15	2.39e-10	1.18e-06	4.95e-04	1.94e-02	1.75e-01	3.82e-01	3.03e-01	8.83e-02	3.16e-02	3.01e-04	8.08e-07
 3.44109e+21	4.01e-22	3.73e-15	2.95e-10	1.40e-06	5.61e-04	2.12e-02	1.84e-01	3.85e-01	2.96e-01	8.37e-02	2.89e-02	2.64e-04	6.81e-07
 3.56837e+21	5.71e-22	5.15e-15	3.84e-10	1.73e-06	6.59e-04	2.37e-02	1.96e-01	3.89e-01	2.87e-01	7.81e-02	2.57e-02	2.23e-04	5.47e-07
 3.69904e+21	8.05e-22	7.04e-15	4.96e-10	2.13e-06	7.70e-04	2.64e-02	2.07e-01	3.92e-01	2.78e-01	7.27e-02	2.29e-02	1.89e-04	4.40e-07
 3.80671e+21	1.06e-21	9.02e-15	6.08e-10	2.51e-06	8.70e-04	2.87e-02	2.17e-01	3.93e-01	2.71e-01	6.85e-02	2.08e-02	1.65e-04	3.69e-07
 3.91927e+21	1.42e-21	1.17e-14	7.56e-10	2.99e-06	9.91e-04	3.14e-02	2.27e-01	3.95e-01	2.63e-01	6.42e-02	1.88e-02	1.42e-04	3.06e-07
 4.06560e+21	2.07e-21	1.64e-14	9.95e-10	3.73e-06	1.17e-03	3.52e-02	2.41e-01	3.95e-01	2.52e-01	5.90e-02	1.64e-02	1.18e-04	2.40e-07
 4.20182e+21	2.87e-21	2.19e-14	1.26e-09	4.52e-06	1.34e-03	3.87e-02	2.53e-01	3.95e-01	2.43e-01	5.46e-02	1.46e-02	9.99e-05	1.94e-07
 4.29586e+21	3.54e-21	2.66e-14	1.48e-09	5.12e-06	1.48e-03	4.13e-02	2.61e-01	3.95e-01	2.36e-01	5.18e-02	1.35e-02	8.93e-05	1.68e-07
 4.38910e+21	4.52e-21	3.26e-14	1.75e-09	5.86e-06	1.63e-03	4.42e-02	2.69e-01	3.94e-01	2.30e-01	4.90e-02	1.23e-02	7.92e-05	1.44e-07
 4.51031e+21	6.00e-21	4.18e-14	2.15e-09	6.91e-06	1.84e-03	4.79e-02	2.80e-01	3.92e-01	2.21e-01	4.56e-02	1.11e-02	6.82e-05	0.00e+00
 4.64222e+21	8.20e-21	5.46e-14	2.67e-09	8.22e-06	2.09e-03	5.22e-02	2.91e-01	3.90e-01	2.12e-01	4.21e-02	9.87e-03	5.81e-05	0.00e+00
 4.76177e+21	1.07e-20	6.88e-14	3.23e-09	9.56e-06	2.33e-03	5.62e-02	3.01e-01	3.88e-01	2.04e-01	3.93e-02	8.89e-03	5.03e-05	0.00e+00
 4.89093e+21	1.45e-20	8.85e-14	3.97e-09	1.13e-05	2.63e-03	6.09e-02	3.12e-01	3.84e-01	1.96e-01	3.63e-02	7.93e-03	4.30e-05	0.00e+00
 5.03511e+21	2.01e-20	1.16e-13	4.95e-09	1.34e-05	2.99e-03	6.63e-02	3.24e-01	3.80e-01	1.86e-01	3.33e-02	6.98e-03	3.62e-05	0.00e+00
 5.16707e+21	2.66e-20	1.47e-13	6.02e-09	1.57e-05	3.35e-03	7.13e-02	3.34e-01	3.76e-01	1.78e-01	3.07e-02	6.23e-03	3.10e-05	0.00e+00
 5.28780e+21	3.46e-20	1.83e-13	7.18e-09	1.80e-05	3.70e-03	7.62e-02	3.44e-01	3.71e-01	1.71e-01	2.85e-02	5.61e-03	2.69e-05	0.00e+00
 5.42567e+21	4.73e-20	2.34e-13	8.78e-09	2.12e-05	4.16e-03	8.21e-02	3.54e-01	3.66e-01	1.63e-01	2.62e-02	4.97e-03	2.28e-05	0.00e+00
 5.60491e+21	7.00e-20	3.20e-13	1.13e-08	2.59e-05	4.80e-03	9.02e-02	3.67e-01	3.58e-01	1.52e-01	2.34e-02	4.25e-03	1.85e-05	0.00e+00
 5.78327e+21	1.02e-19	4.29e-13	1.44e-08	3.12e-05	5.50e-03	9.83e-02	3.79e-01	3.50e-01	1.42e-01	2.09e-02	3.65e-03	1.51e-05	0.00e+00
 5.91981e+21	1.34e-19	5.33e-13	1.71e-08	3.58e-05	6.07e-03	1.05e-01	3.87e-01	3.44e-01	1.35e-01	1.93e-02	3.26e-03	1.30e-05	0.00e+00
 6.05665e+21	1.81e-19	6.64e-13	2.05e-08	4.13e-05	6.72e-03	1.12e-01	3.96e-01	3.37e-01	1.28e-01	1.77e-02	2.90e-03	1.11e-05	0.00e+00
 6.23453e+21	2.64e-19	8.79e-13	2.58e-08	4.94e-05	7.63e-03	1.21e-01	4.06e-01	3.28e-01	1.20e-01	1.58e-02	2.48e-03	9.04e-06	0.00e+00
 6.42291e+21	3.87e-19	1.17e-12	3.24e-08	5.90e-05	8.67e-03	1.31e-01	4.16e-01	3.18e-01	1.11e-01	1.40e-02	2.12e-03	7.34e-06	0.00e+00
 6.58453e+21	5.27e-19	1.48e-12	3.92e-08	6.85e-05	9.63e-03	1.39e-01	4.23e-01	3.09e-01	1.04e-01	1.26e-02	1.85e-03	6.15e-06	0.00e+00
 6.75425e+21	7.52e-19	1.89e-12	4.79e-08	8.01e-05	1.07e-02	1.49e-01	4.31e-01	2.99e-01	9.72e-02	1.13e-02	1.61e-03	5.10e-06	0.00e+00
 6.97489e+21	1.16e-18	2.58e-12	6.18e-08	9.75e-05	1.23e-02	1.62e-01	4.39e-01	2.87e-01	8.86e-02	9.83e-03	1.34e-03	4.01e-06	0.00e+00
 7.20059e+21	1.77e-18	3.50e-12	7.88e-08	1.18e-04	1.41e-02	1.75e-01	4.46e-01	2.74e-01	8.06e-02	8.51e-03	1.11e-03	3.15e-06	0.00e+00
 7.38457e+21	2.45e-18	4.44e-12	9.55e-08	1.37e-04	1.56e-02	1.86e-01	4.51e-01	2.64e-01	7.47e-02	7.58e-03	9.57e-04	2.60e-06	0.00e+00
 7.57541e+21	3.51e-18	5.68e-12	1.17e-07	1.60e-04	1.74e-02	1.98e-01	4.55e-01	2.53e-01	6.87e-02	6.70e-03	8.19e-04	2.12e-06	0.00e+00
 7.77646e+21	4.98e-18	7.30e-12	1.43e-07	1.87e-04	1.94e-02	2.10e-01	4.59e-01	2.42e-01	6.30e-02	5.89e-03	6.96e-04	1.72e-06	0.00e+00
 7.94717e+21	6.40e-18	8.95e-12	1.68e-07	2.12e-04	2.11e-02	2.21e-01	4.61e-01	2.33e-01	5.86e-02	5.29e-03	6.09e-04	1.45e-06	0.00e+00
 8.12552e+21	8.79e-18	1.11e-11	2.00e-07	2.42e-04	2.32e-02	2.32e-01	4.62e-01	2.23e-01	5.41e-02	4.71e-03	5.27e-04	1.21e-06	0.00e+00
 8.35737e+21	1.30e-17	1.46e-11	2.50e-07	2.87e-04	2.60e-02	2.47e-01	4.63e-01	2.10e-01	4.87e-02	4.05e-03	4.38e-04	9.51e-07	0.00e+00
 8.59414e+21	1.87e-17	1.91e-11	3.10e-07	3.38e-04	2.91e-02	2.62e-01	4.62e-01	1.98e-01	4.38e-02	3.48e-03	3.64e-04	7.52e-07	0.00e+00
 8.78834e+21	2.42e-17	2.35e-11	3.67e-07	3.85e-04	3.17e-02	2.75e-01	4.61e-01	1.89e-01	4.02e-02	3.08e-03	3.13e-04	6.22e-07	0.00e+00
 8.99183e+21	3.33e-17	2.94e-11	4.39e-07	4.42e-04	3.48e-02	2.88e-01	4.59e-01	1.79e-01	3.66e-02	2.70e-03	2.67e-04	5.08e-07	0.00e+00
 9.25637e+21	4.93e-17	3.90e-11	5.52e-07	5.25e-04	3.90e-02	3.05e-01	4.55e-01	1.66e-01	3.23e-02	2.27e-03	2.17e-04	3.92e-07	0.00e+00
 9.50833e+21	6.87e-17	5.04e-11	6.76e-07	6.13e-04	4.32e-02	3.20e-01	4.50e-01	1.55e-01	2.88e-02	1.94e-03	1.80e-04	3.09e-07	0.00e+00
 9.69630e+21	8.64e-17	6.04e-11	7.83e-07	6.86e-04	4.65e-02	3.31e-01	4.46e-01	1.47e-01	2.64e-02	1.72e-03	1.56e-04	2.59e-07	0.00e+00
 9.89301e+21	1.14e-16	7.39e-11	9.22e-07	7.75e-04	5.03e-02	3.44e-01	4.41e-01	1.39e-01	2.40e-02	1.51e-03	1.34e-04	2.14e-07	0.00e+00
 1.01487e+22	1.59e-16	9.48e-11	1.13e-06	9.01e-04	5.54e-02	3.59e-01	4.33e-01	1.29e-01	2.13e-02	1.29e-03	1.11e-04	1.69e-07	0.00e+00
 1.04098e+22	2.19e-16	1.21e-10	1.37e-06	1.04e-03	6.09e-02	3.74e-01	4.25e-01	1.19e-01	1.88e-02	1.09e-03	9.12e-05	1.32e-07	0.00e+00
 1.06302e+22	2.81e-16	1.48e-10	1.60e-06	1.18e-03	6.58e-02	3.86e-01	4.17e-01	1.12e-01	1.70e-02	9.50e-04	7.77e-05	0.00e+00	0.00e+00
 1.08693e+22	3.81e-16	1.85e-10	1.92e-06	1.35e-03	7.16e-02	4.00e-01	4.08e-01	1.03e-01	1.51e-02	8.13e-04	6.49e-05	0.00e+00	0.00e+00
 1.11331e+22	5.08e-16	2.33e-10	2.31e-06	1.55e-03	7.80e-02	4.13e-01	3.98e-01	9.54e-02	1.33e-02	6.90e-04	5.37e-05	0.00e+00	0.00e+00
 1.13780e+22	6.90e-16	2.89e-10	2.75e-06	1.76e-03	8.45e-02	4.25e-01	3.88e-01	8.81e-02	1.18e-02	5.90e-04	4.49e-05	0.00e+00	0.00e+00
 1.16453e+22	9.34e-16	3.66e-10	3.32e-06	2.03e-03	9.20e-02	4.38e-01	3.76e-01	8.07e-02	1.04e-02	4.98e-04	3.69e-05	0.00e+00	0.00e+00
 1.19386e+22	1.27e-15	4.68e-10	4.04e-06	2.34e-03	1.00e-01	4.51e-01	3.63e-01	7.34e-02	9.00e-03	4.15e-04	3.00e-05	0.00e+00	0.00e+00
 1.22014e+22	1.70e-15	5.82e-10	4.81e-06	2.66e-03	1.08e-01	4.62e-01	3.51e-01	6.72e-02	7.91e-03	3.52e-04	2.49e-05	0.00e+00	0.00e+00
 1.24423e+22	2.24e-15	7.10e-10	5.64e-06	2.99e-03	1.16e-01	4.71e-01	3.40e-01	6.19e-02	7.02e-03	3.03e-04	2.10e-05	0.00e+00	0.00e+00
 1.27186e+22	3.02e-15	8.96e-10	6.79e-06	3.42e-03	1.26e-01	4.81e-01	3.27e-01	5.62e-02	6.11e-03	2.54e-04	1.72e-05	0.00e+00	0.00e+00
 1.30251e+22	4.13e-15	1.15e-09	8.25e-06	3.94e-03	1.36e-01	4.91e-01	3.13e-01	5.06e-02	5.25e-03	2.10e-04	1.39e-05	0.00e+00	0.00e+00
 1.33046e+22	5.54e-15	1.43e-09	9.86e-06	4.48e-03	1.46e-01	4.99e-01	2.99e-01	4.59e-02	4.56e-03	1.77e-04	1.14e-05	0.00e+00	0.00e+00
 1.35609e+22	7.35e-15	1.76e-09	1.16e-05	5.04e-03	1.56e-01	5.05e-01	2.87e-01	4.18e-02	4.01e-03	1.50e-04	9.56e-06	0.00e+00	0.00e+00
 1.38533e+22	9.87e-15	2.23e-09	1.40e-05	5.75e-03	1.68e-01	5.12e-01	2.73e-01	3.76e-02	3.46e-03	1.26e-04	7.81e-06	0.00e+00	0.00e+00
 1.41711e+22	1.40e-14	2.89e-09	1.72e-05	6.64e-03	1.81e-01	5.17e-01	2.58e-01	3.34e-02	2.93e-03	1.03e-04	6.25e-06	0.00e+00	0.00e+00
 1.44539e+22	1.88e-14	3.61e-09	2.05e-05	7.51e-03	1.94e-01	5.21e-01	2.45e-01	3.00e-02	2.54e-03	8.63e-05	5.15e-06	0.00e+00	0.00e+00
 1.47537e+22	2.56e-14	4.59e-09	2.48e-05	8.56e-03	2.07e-01	5.24e-01	2.32e-01	2.68e-02	2.18e-03	7.17e-05	4.19e-06	0.00e+00	0.00e+00
 1.50776e+22	3.68e-14	6.00e-09	3.05e-05	9.87e-03	2.23e-01	5.25e-01	2.17e-01	2.36e-02	1.84e-03	5.84e-05	3.34e-06	0.00e+00	0.00e+00
 1.53645e+22	5.02e-14	7.57e-09	3.66e-05	1.12e-02	2.36e-01	5.25e-01	2.05e-01	2.11e-02	1.58e-03	4.89e-05	2.74e-06	0.00e+00	0.00e+00
 1.56687e+22	6.96e-14	9.73e-09	4.46e-05	1.27e-02	2.52e-01	5.24e-01	1.92e-01	1.86e-02	1.35e-03	4.05e-05	2.23e-06	0.00e+00	0.00e+00
 1.59942e+22	1.02e-13	1.29e-08	5.55e-05	1.47e-02	2.69e-01	5.21e-01	1.78e-01	1.63e-02	1.13e-03	3.29e-05	1.77e-06	0.00e+00	0.00e+00
 1.62765e+22	1.42e-13	1.64e-08	6.70e-05	1.66e-02	2.84e-01	5.17e-01	1.66e-01	1.45e-02	9.70e-04	2.75e-05	1.46e-06	0.00e+00	0.00e+00
 1.65297e+22	1.93e-13	2.06e-08	7.96e-05	1.85e-02	2.98e-01	5.13e-01	1.57e-01	1.30e-02	8.44e-04	2.34e-05	1.22e-06	0.00e+00	0.00e+00
 1.68161e+22	2.72e-13	2.66e-08	9.70e-05	2.09e-02	3.14e-01	5.07e-01	1.46e-01	1.15e-02	7.22e-04	1.95e-05	9.99e-07	0.00e+00	0.00e+00
 1.71110e+22	4.05e-13	3.53e-08	1.20e-04	2.39e-02	3.31e-01	4.99e-01	1.35e-01	1.00e-02	6.10e-04	1.61e-05	8.08e-07	0.00e+00	0.00e+00
 1.73468e+22	5.60e-13	4.43e-08	1.43e-04	2.65e-02	3.45e-01	4.92e-01	1.26e-01	9.00e-03	5.35e-04	1.38e-05	6.84e-07	0.00e+00	0.00e+00
 1.75521e+22	7.50e-13	5.44e-08	1.68e-04	2.90e-02	3.57e-01	4.86e-01	1.19e-01	8.17e-03	4.75e-04	1.21e-05	5.90e-07	0.00e+00	0.00e+00
 1.77881e+22	1.04e-12	6.93e-08	2.02e-04	3.23e-02	3.72e-01	4.77e-01	1.11e-01	7.30e-03	4.14e-04	1.03e-05	4.97e-07	0.00e+00	0.00e+00
 1.80417e+22	1.59e-12	9.19e-08	2.50e-04	3.64e-02	3.88e-01	4.66e-01	1.03e-01	6.44e-03	3.56e-04	8.67e-06	4.12e-07	0.00e+00	0.00e+00
 1.82556e+22	2.26e-12	1.17e-07	3.00e-04	4.03e-02	4.01e-01	4.57e-01	9.59e-02	5.78e-03	3.13e-04	7.49e-06	3.52e-07	0.00e+00	0.00e+00
 1.84171e+22	3.02e-12	1.42e-07	3.48e-04	4.36e-02	4.11e-01	4.49e-01	9.09e-02	5.31e-03	2.83e-04	6.69e-06	3.11e-07	0.00e+00	0.00e+00
 1.85471e+22	3.84e-12	1.68e-07	3.94e-04	4.65e-02	4.19e-01	4.42e-01	8.69e-02	4.96e-03	2.60e-04	6.10e-06	2.81e-07	0.00e+00	0.00e+00
 1.86900e+22	4.97e-12	2.02e-07	4.53e-04	5.00e-02	4.28e-01	4.34e-01	8.24e-02	4.58e-03	2.37e-04	5.49e-06	2.51e-07	0.00e+00	0.00e+00
 1.88495e+22	6.85e-12	2.50e-07	5.33e-04	5.44e-02	4.38e-01	4.25e-01	7.76e-02	4.18e-03	2.14e-04	4.88e-06	2.21e-07	0.00e+00	0.00e+00
 1.89916e+22	9.36e-12	3.07e-07	6.23e-04	5.88e-02	4.47e-01	4.16e-01	7.34e-02	3.85e-03	1.94e-04	4.38e-06	1.97e-07	0.00e+00	0.00e+00
 1.91078e+22	1.26e-11	3.65e-07	7.10e-04	6.26e-02	4.55e-01	4.08e-01	7.02e-02	3.61e-03	1.80e-04	4.02e-06	1.80e-07	0.00e+00	0.00e+00
 1.92123e+22	1.63e-11	4.31e-07	8.07e-04	6.66e-02	4.61e-01	4.01e-01	6.71e-02	3.37e-03	1.67e-04	3.70e-06	1.64e-07	0.00e+00	0.00e+00
 1.93307e+22	2.19e-11	5.24e-07	9.37e-04	7.15e-02	4.69e-01	3.92e-01	6.35e-02	3.12e-03	1.52e-04	3.35e-06	1.48e-07	0.00e+00	0.00e+00
 1.94545e+22	3.08e-11	6.50e-07	1.11e-03	7.72e-02	4.77e-01	3.82e-01	6.00e-02	2.87e-03	1.39e-04	3.02e-06	1.32e-07	0.00e+00	0.00e+00
 1.95532e+22	4.15e-11	7.79e-07	1.27e-03	8.23e-02	4.82e-01	3.74e-01	5.72e-02	2.69e-03	1.29e-04	2.79e-06	0.00e+00	0.00e+00	0.00e+00
 1.96312e+22	5.19e-11	9.08e-07	1.44e-03	8.69e-02	4.87e-01	3.67e-01	5.49e-02	2.53e-03	1.21e-04	2.59e-06	0.00e+00	0.00e+00	0.00e+00
 1.97143e+22	6.95e-11	1.07e-06	1.63e-03	9.19e-02	4.92e-01	3.59e-01	5.26e-02	2.39e-03	1.13e-04	2.41e-06	0.00e+00	0.00e+00	0.00e+00
 1.98061e+22	9.57e-11	1.30e-06	1.91e-03	9.84e-02	4.97e-01	3.50e-01	4.98e-02	2.22e-03	1.04e-04	2.21e-06	0.00e+00	0.00e+00	0.00e+00
 1.98870e+22	1.30e-10	1.57e-06	2.22e-03	1.05e-01	5.02e-01	3.42e-01	4.74e-02	2.07e-03	9.66e-05	2.03e-06	0.00e+00	0.00e+00	0.00e+00
 1.99532e+22	1.66e-10	1.84e-06	2.53e-03	1.11e-01	5.05e-01	3.34e-01	4.54e-02	1.95e-03	9.07e-05	1.90e-06	0.00e+00	0.00e+00	0.00e+00
 2.00136e+22	2.19e-10	2.13e-06	2.85e-03	1.16e-01	5.08e-01	3.27e-01	4.36e-02	1.86e-03	8.58e-05	1.79e-06	0.00e+00	0.00e+00	0.00e+00
 2.00829e+22	2.96e-10	2.56e-06	3.31e-03	1.24e-01	5.11e-01	3.19e-01	4.15e-02	1.74e-03	7.98e-05	1.66e-06	0.00e+00	0.00e+00	0.00e+00
 2.01564e+22	4.20e-10	3.14e-06	3.93e-03	1.33e-01	5.14e-01	3.09e-01	3.92e-02	1.61e-03	7.37e-05	1.52e-06	0.00e+00	0.00e+00	0.00e+00
 2.02165e+22	5.76e-10	3.77e-06	4.59e-03	1.41e-01	5.15e-01	3.00e-01	3.72e-02	1.51e-03	6.87e-05	1.41e-06	0.00e+00	0.00e+00	0.00e+00
 2.02644e+22	7.28e-10	4.40e-06	5.24e-03	1.49e-01	5.16e-01	2.93e-01	3.55e-02	1.42e-03	6.46e-05	1.32e-06	0.00e+00	0.00e+00	0.00e+00
 2.03153e+22	9.67e-10	5.21e-06	6.04e-03	1.57e-01	5.17e-01	2.84e-01	3.38e-02	1.33e-03	6.03e-05	1.23e-06	0.00e+00	0.00e+00	0.00e+00
 2.03723e+22	1.35e-09	6.33e-06	7.16e-03	1.68e-01	5.17e-01	2.74e-01	3.18e-02	1.24e-03	5.58e-05	1.13e-06	0.00e+00	0.00e+00	0.00e+00
 2.04237e+22	1.87e-09	7.64e-06	8.45e-03	1.79e-01	5.17e-01	2.65e-01	3.00e-02	1.15e-03	5.17e-05	1.05e-06	0.00e+00	0.00e+00	0.00e+00
 2.04668e+22	2.49e-09	9.03e-06	9.78e-03	1.89e-01	5.15e-01	2.56e-01	2.85e-02	1.08e-03	4.84e-05	9.76e-07	0.00e+00	0.00e+00	0.00e+00
 2.05128e+22	3.44e-09	1.08e-05	1.15e-02	2.01e-01	5.13e-01	2.47e-01	2.68e-02	1.00e-03	4.49e-05	9.04e-07	0.00e+00	0.00e+00	0.00e+00
 2.05639e+22	4.93e-09	1.33e-05	1.38e-02	2.16e-01	5.09e-01	2.35e-01	2.49e-02	9.15e-04	4.09e-05	8.21e-07	0.00e+00	0.00e+00	0.00e+00
 2.06099e+22	6.91e-09	1.63e-05	1.66e-02	2.30e-01	5.05e-01	2.24e-01	2.31e-02	8.36e-04	3.73e-05	7.48e-07	0.00e+00	0.00e+00	0.00e+00
 2.06493e+22	9.16e-09	1.96e-05	1.95e-02	2.45e-01	5.00e-01	2.14e-01	2.15e-02	7.66e-04	3.42e-05	6.82e-07	0.00e+00	0.00e+00	0.00e+00
 2.06922e+22	1.28e-08	2.38e-05	2.33e-02	2.61e-01	4.93e-01	2.03e-01	1.97e-02	6.94e-04	3.09e-05	6.16e-07	0.00e+00	0.00e+00	0.00e+00
 2.07406e+22	1.84e-08	2.98e-05	2.85e-02	2.81e-01	4.83e-01	1.89e-01	1.78e-02	6.15e-04	2.74e-05	5.44e-07	0.00e+00	0.00e+00	0.00e+00
 2.07860e+22	2.60e-08	3.70e-05	3.46e-02	3.01e-01	4.72e-01	1.76e-01	1.60e-02	5.43e-04	2.41e-05	4.79e-07	0.00e+00	0.00e+00	0.00e+00
 2.08270e+22	3.54e-08	4.50e-05	4.13e-02	3.19e-01	4.60e-01	1.64e-01	1.45e-02	4.80e-04	2.13e-05	4.22e-07	0.00e+00	0.00e+00	0.00e+00
 2.08722e+22	4.90e-08	5.56e-05	4.99e-02	3.41e-01	4.46e-01	1.50e-01	1.28e-02	4.15e-04	1.84e-05	3.64e-07	0.00e+00	0.00e+00	0.00e+00
 2.09224e+22	6.95e-08	7.00e-05	6.13e-02	3.64e-01	4.27e-01	1.36e-01	1.10e-02	3.50e-04	1.55e-05	3.05e-07	0.00e+00	0.00e+00	0.00e+00
 2.09685e+22	9.44e-08	8.59e-05	7.35e-02	3.85e-01	4.09e-01	1.23e-01	9.53e-03	2.96e-04	1.31e-05	2.57e-07	0.00e+00	0.00e+00	0.00e+00
 2.10181e+22	1.28e-07	1.06e-04	8.84e-02	4.07e-01	3.87e-01	1.09e-01	8.08e-03	2.45e-04	1.08e-05	2.11e-07	0.00e+00	0.00e+00	0.00e+00
 2.10738e+22	1.75e-07	1.32e-04	1.07e-01	4.29e-01	3.62e-01	9.46e-02	6.66e-03	1.96e-04	8.58e-06	1.68e-07	0.00e+00	0.00e+00	0.00e+00
 2.11276e+22	2.31e-07	1.61e-04	1.27e-01	4.48e-01	3.37e-01	8.21e-02	5.48e-03	1.57e-04	6.85e-06	1.34e-07	0.00e+00	0.00e+00	0.00e+00
 2.11873e+22	3.03e-07	1.97e-04	1.51e-01	4.64e-01	3.10e-01	6.97e-02	4.39e-03	1.22e-04	5.29e-06	0.00e+00	0.00e+00	0.00e+00	0.00e+00
 2.12605e+22	4.05e-07	2.46e-04	1.83e-01	4.79e-01	2.78e-01	5.68e-02	3.33e-03	8.97e-05	3.84e-06	0.00e+00	0.00e+00	0.00e+00	0.00e+00
 2.13382e+22	5.26e-07	3.02e-04	2.17e-01	4.89e-01	2.46e-01	4.55e-02	2.48e-03	6.47e-05	2.74e-06	0.00e+00	0.00e+00	0.00e+00	0.00e+00
 2.14154e+22	6.55e-07	3.62e-04	2.52e-01	4.93e-01	2.17e-01	3.65e-02	1.86e-03	4.69e-05	1.96e-06	0.00e+00	0.00e+00	0.00e+00	0.00e+00
 2.14969e+22	7.95e-07	4.28e-04	2.88e-01	4.91e-01	1.90e-01	2.90e-02	1.37e-03	3.36e-05	1.39e-06	0.00e+00	0.00e+00	0.00e+00	0.00e+00
 2.15866e+22	9.51e-07	5.02e-04	3.28e-01	4.84e-01	1.64e-01	2.26e-02	9.94e-04	2.36e-05	9.60e-07	0.00e+00	0.00e+00	0.00e+00	0.00e+00
 2.16849e+22	1.12e-06	5.85e-04	3.69e-01	4.73e-01	1.40e-01	1.73e-02	7.05e-04	1.62e-05	6.49e-07	0.00e+00	0.00e+00	0.00e+00	0.00e+00
 2.17914e+22	1.29e-06	6.76e-04	4.11e-01	4.57e-01	1.18e-01	1.32e-02	4.94e-04	1.10e-05	4.33e-07	0.00e+00	0.00e+00	0.00e+00	0.00e+00
 2.19071e+22	1.46e-06	7.73e-04	4.54e-01	4.36e-01	9.82e-02	9.86e-03	3.42e-04	7.42e-06	2.85e-07	0.00e+00	0.00e+00	0.00e+00	0.00e+00
 2.20348e+22	1.63e-06	8.79e-04	4.98e-01	4.13e-01	8.09e-02	7.30e-03	2.34e-04	4.92e-06	1.85e-07	0.00e+00	0.00e+00	0.00e+00	0.00e+00
 2.21760e+22	1.79e-06	9.93e-04	5.42e-01	3.86e-01	6.59e-02	5.34e-03	1.58e-04	3.23e-06	1.18e-07	0.00e+00	0.00e+00	0.00e+00	0.00e+00
 2.23339e+22	1.94e-06	1.12e-03	5.85e-01	3.57e-01	5.29e-02	3.86e-03	1.05e-04	2.10e-06	0.00e+00	0.00e+00	0.00e+00	0.00e+00	0.00e+00
 2.25133e+22	2.09e-06	1.25e-03	6.28e-01	3.26e-01	4.17e-02	2.75e-03	6.88e-05	1.34e-06	0.00e+00	0.00e+00	0.00e+00	0.00e+00	0.00e+00
 2.27173e+22	2.22e-06	1.39e-03	6.70e-01	2.94e-01	3.25e-02	1.94e-03	4.47e-05	8.50e-07	0.00e+00	0.00e+00	0.00e+00	0.00e+00	0.00e+00
 2.29505e+22	2.36e-06	1.55e-03	7.11e-01	2.61e-01	2.49e-02	1.36e-03	2.87e-05	5.35e-07	0.00e+00	0.00e+00	0.00e+00	0.00e+00	0.00e+00
 2.32208e+22	2.49e-06	1.72e-03	7.50e-01	2.29e-01	1.88e-02	9.42e-04	1.83e-05	3.35e-07	0.00e+00	0.00e+00	0.00e+00	0.00e+00	0.00e+00
 2.35405e+22	2.63e-06	1.91e-03	7.87e-01	1.96e-01	1.39e-02	6.49e-04	1.16e-05	2.08e-07	0.00e+00	0.00e+00	0.00e+00	0.00e+00	0.00e+00
 2.39308e+22	2.80e-06	2.14e-03	8.22e-01	1.65e-01	1.01e-02	4.41e-04	7.17e-06	1.27e-07	0.00e+00	0.00e+00	0.00e+00	0.00e+00	0.00e+00
 2.44255e+22	3.04e-06	2.40e-03	8.56e-01	1.34e-01	7.18e-03	2.94e-04	4.33e-06	0.00e+00	0.00e+00	0.00e+00	0.00e+00	0.00e+00	0.00e+00
 2.49787e+22	3.36e-06	2.69e-03	8.84e-01	1.08e-01	5.27e-03	2.01e-04	2.74e-06	0.00e+00	0.00e+00	0.00e+00	0.00e+00	0.00e+00	0.00e+00
 2.55203e+22	3.75e-06	2.96e-03	9.03e-01	8.93e-02	4.13e-03	1.47e-04	1.91e-06	0.00e+00	0.00e+00	0.00e+00	0.00e+00	0.00e+00	0.00e+00
 2.61345e+22	4.27e-06	3.27e-03	9.20e-01	7.29e-02	3.32e-03	1.08e-04	1.36e-06	0.00e+00	0.00e+00	0.00e+00	0.00e+00	0.00e+00	0.00e+00
 2.69329e+22	5.20e-06	3.70e-03	9.36e-01	5.72e-02	2.67e-03	7.64e-05	9.64e-07	0.00e+00	0.00e+00	0.00e+00	0.00e+00	0.00e+00	0.00e+00
 2.77777e+22	6.57e-06	4.19e-03	9.48e-01	4.53e-02	2.26e-03	5.51e-05	7.28e-07	0.00e+00	0.00e+00	0.00e+00	0.00e+00	0.00e+00	0.00e+00
 2.84983e+22	8.12e-06	4.63e-03	9.56e-01	3.76e-02	2.02e-03	4.28e-05	6.02e-07	0.00e+00	0.00e+00	0.00e+00	0.00e+00	0.00e+00	0.00e+00
 2.90626e+22	9.75e-06	5.05e-03	9.60e-01	3.28e-02	1.87e-03	3.55e-05	5.30e-07	0.00e+00	0.00e+00	0.00e+00	0.00e+00	0.00e+00	0.00e+00
 2.95180e+22	1.14e-05	5.41e-03	9.63e-01	2.94e-02	1.78e-03	3.07e-05	4.84e-07	0.00e+00	0.00e+00	0.00e+00	0.00e+00	0.00e+00	0.00e+00
 3.00199e+22	1.36e-05	5.87e-03	9.66e-01	2.61e-02	1.68e-03	2.62e-05	4.42e-07	0.00e+00	0.00e+00	0.00e+00	0.00e+00	0.00e+00	0.00e+00
 3.06724e+22	1.74e-05	6.57e-03	9.70e-01	2.23e-02	1.58e-03	2.13e-05	3.97e-07	0.00e+00	0.00e+00	0.00e+00	0.00e+00	0.00e+00	0.00e+00
 3.13111e+22	2.25e-05	7.42e-03	9.72e-01	1.91e-02	1.49e-03	1.74e-05	3.59e-07	0.00e+00	0.00e+00	0.00e+00	0.00e+00	0.00e+00	0.00e+00
 3.17607e+22	2.72e-05	8.12e-03	9.73e-01	1.70e-02	1.42e-03	1.50e-05	3.35e-07	0.00e+00	0.00e+00	0.00e+00	0.00e+00	0.00e+00	0.00e+00
 3.21015e+22	3.17e-05	8.72e-03	9.74e-01	1.55e-02	1.38e-03	1.34e-05	3.19e-07	0.00e+00	0.00e+00	0.00e+00	0.00e+00	0.00e+00	0.00e+00
 3.24721e+22	3.73e-05	9.49e-03	9.75e-01	1.39e-02	1.33e-03	1.17e-05	3.00e-07	0.00e+00	0.00e+00	0.00e+00	0.00e+00	0.00e+00	0.00e+00
 3.29538e+22	4.69e-05	1.07e-02	9.76e-01	1.20e-02	1.26e-03	9.73e-06	2.77e-07	0.00e+00	0.00e+00	0.00e+00	0.00e+00	0.00e+00	0.00e+00
 3.34260e+22	5.98e-05	1.22e-02	9.76e-01	1.02e-02	1.18e-03	7.96e-06	2.54e-07	0.00e+00	0.00e+00	0.00e+00	0.00e+00	0.00e+00	0.00e+00
 3.37545e+22	7.17e-05	1.35e-02	9.76e-01	8.92e-03	1.13e-03	6.81e-06	2.37e-07	0.00e+00	0.00e+00	0.00e+00	0.00e+00	0.00e+00	0.00e+00
 3.39940e+22	8.16e-05	1.46e-02	9.76e-01	8.05e-03	1.08e-03	6.01e-06	2.23e-07	0.00e+00	0.00e+00	0.00e+00	0.00e+00	0.00e+00	0.00e+00
 3.42489e+22	9.48e-05	1.59e-02	9.76e-01	7.15e-03	1.03e-03	5.21e-06	2.09e-07	0.00e+00	0.00e+00	0.00e+00	0.00e+00	0.00e+00	0.00e+00
 3.45803e+22	1.16e-04	1.79e-02	9.75e-01	6.01e-03	9.58e-04	4.23e-06	1.88e-07	0.00e+00	0.00e+00	0.00e+00	0.00e+00	0.00e+00	0.00e+00
 3.49081e+22	1.44e-04	2.07e-02	9.73e-01	4.90e-03	8.71e-04	3.30e-06	1.65e-07	0.00e+00	0.00e+00	0.00e+00	0.00e+00	0.00e+00	0.00e+00
 3.51366e+22	1.72e-04	2.31e-02	9.72e-01	4.16e-03	8.01e-04	2.68e-06	1.46e-07	0.00e+00	0.00e+00	0.00e+00	0.00e+00	0.00e+00	0.00e+00
 3.52958e+22	1.94e-04	2.50e-02	9.70e-01	3.68e-03	7.49e-04	2.29e-06	1.33e-07	0.00e+00	0.00e+00	0.00e+00	0.00e+00	0.00e+00	0.00e+00
 3.54597e+22	2.21e-04	2.73e-02	9.69e-01	3.21e-03	6.94e-04	1.92e-06	0.00e+00	0.00e+00	0.00e+00	0.00e+00	0.00e+00	0.00e+00	0.00e+00
 3.56728e+22	2.65e-04	3.09e-02	9.66e-01	2.65e-03	6.19e-04	1.49e-06	0.00e+00	0.00e+00	0.00e+00	0.00e+00	0.00e+00	0.00e+00	0.00e+00
 3.58761e+22	3.25e-04	3.57e-02	9.61e-01	2.11e-03	5.35e-04	1.09e-06	0.00e+00	0.00e+00	0.00e+00	0.00e+00	0.00e+00	0.00e+00	0.00e+00
 3.59797e+22	3.66e-04	3.89e-02	9.58e-01	1.83e-03	4.85e-04	8.90e-07	0.00e+00	0.00e+00	0.00e+00	0.00e+00	0.00e+00	0.00e+00	0.00e+00
 3.60090e+22	3.75e-04	3.94e-02	9.58e-01	1.77e-03	4.72e-04	8.44e-07	0.00e+00	0.00e+00	0.00e+00	0.00e+00	0.00e+00	0.00e+00	0.00e+00
 3.60287e+22	3.82e-04	3.99e-02	9.57e-01	1.73e-03	4.64e-04	8.16e-07	0.00e+00	0.00e+00	0.00e+00	0.00e+00	0.00e+00	0.00e+00	0.00e+00
 3.60543e+22	3.92e-04	4.08e-02	9.57e-01	1.67e-03	4.54e-04	7.80e-07	0.00e+00	0.00e+00	0.00e+00	0.00e+00	0.00e+00	0.00e+00	0.00e+00
 3.60876e+22	4.06e-04	4.20e-02	9.56e-01	1.61e-03	4.40e-04	7.34e-07	0.00e+00	0.00e+00	0.00e+00	0.00e+00	0.00e+00	0.00e+00	0.00e+00
 3.61309e+22	4.26e-04	4.35e-02	9.54e-01	1.52e-03	4.23e-04	6.76e-07	0.00e+00	0.00e+00	0.00e+00	0.00e+00	0.00e+00	0.00e+00	0.00e+00
 3.61872e+22	4.54e-04	4.58e-02	9.52e-01	1.41e-03	4.00e-04	6.03e-07	0.00e+00	0.00e+00	0.00e+00	0.00e+00	0.00e+00	0.00e+00	0.00e+00
 3.62439e+22	4.85e-04	4.85e-02	9.49e-01	1.29e-03	3.75e-04	5.30e-07	0.00e+00	0.00e+00	0.00e+00	0.00e+00	0.00e+00	0.00e+00	0.00e+00
 3.62859e+22	5.12e-04	5.05e-02	9.47e-01	1.21e-03	3.56e-04	4.79e-07	0.00e+00	0.00e+00	0.00e+00	0.00e+00	0.00e+00	0.00e+00	0.00e+00
 3.63179e+22	5.32e-04	5.21e-02	9.46e-01	1.15e-03	3.43e-04	4.43e-07	0.00e+00	0.00e+00	0.00e+00	0.00e+00	0.00e+00	0.00e+00	0.00e+00
 3.63523e+22	5.54e-04	5.40e-02	9.44e-01	1.09e-03	3.28e-04	4.08e-07	0.00e+00	0.00e+00	0.00e+00	0.00e+00	0.00e+00	0.00e+00	0.00e+00
 3.63971e+22	5.86e-04	5.68e-02	9.41e-01	1.02e-03	3.10e-04	3.63e-07	0.00e+00	0.00e+00	0.00e+00	0.00e+00	0.00e+00	0.00e+00	0.00e+00
 3.64426e+22	6.25e-04	6.00e-02	9.38e-01	9.37e-04	2.90e-04	3.19e-07	0.00e+00	0.00e+00	0.00e+00	0.00e+00	0.00e+00	0.00e+00	0.00e+00
 3.64767e+22	6.55e-04	6.26e-02	9.36e-01	8.78e-04	2.75e-04	2.87e-07	0.00e+00	0.00e+00	0.00e+00	0.00e+00	0.00e+00	0.00e+00	0.00e+00
 3.65028e+22	6.78e-04	6.46e-02	9.34e-01	8.36e-04	2.64e-04	2.65e-07	0.00e+00	0.00e+00	0.00e+00	0.00e+00	0.00e+00	0.00e+00	0.00e+00
 3.65310e+22	7.05e-04	6.70e-02	9.31e-01	7.94e-04	2.53e-04	2.43e-07	0.00e+00	0.00e+00	0.00e+00	0.00e+00	0.00e+00	0.00e+00	0.00e+00
 3.65675e+22	7.44e-04	7.05e-02	9.28e-01	7.40e-04	2.38e-04	2.16e-07	0.00e+00	0.00e+00	0.00e+00	0.00e+00	0.00e+00	0.00e+00	0.00e+00
 3.66048e+22	7.92e-04	7.46e-02	9.24e-01	6.82e-04	2.22e-04	1.89e-07	0.00e+00	0.00e+00	0.00e+00	0.00e+00	0.00e+00	0.00e+00	0.00e+00
 3.66328e+22	8.28e-04	7.79e-02	9.20e-01	6.40e-04	2.10e-04	1.69e-07	0.00e+00	0.00e+00	0.00e+00	0.00e+00	0.00e+00	0.00e+00	0.00e+00
 3.66542e+22	8.55e-04	8.05e-02	9.18e-01	6.10e-04	2.01e-04	1.56e-07	0.00e+00	0.00e+00	0.00e+00	0.00e+00	0.00e+00	0.00e+00	0.00e+00
 3.66772e+22	8.87e-04	8.34e-02	9.15e-01	5.79e-04	1.93e-04	1.43e-07	0.00e+00	0.00e+00	0.00e+00	0.00e+00	0.00e+00	0.00e+00	0.00e+00
 3.67071e+22	9.34e-04	8.79e-02	9.10e-01	5.40e-04	1.81e-04	1.27e-07	0.00e+00	0.00e+00	0.00e+00	0.00e+00	0.00e+00	0.00e+00	0.00e+00
 3.67379e+22	9.91e-04	9.33e-02	9.05e-01	4.98e-04	1.68e-04	0.00e+00	0.00e+00	0.00e+00	0.00e+00	0.00e+00	0.00e+00	0.00e+00	0.00e+00
 3.67614e+22	1.04e-03	9.77e-02	9.01e-01	4.66e-04	1.58e-04	0.00e+00	0.00e+00	0.00e+00	0.00e+00	0.00e+00	0.00e+00	0.00e+00	0.00e+00
 3.67794e+22	1.07e-03	1.01e-01	8.97e-01	4.43e-04	1.51e-04	0.00e+00	0.00e+00	0.00e+00	0.00e+00	0.00e+00	0.00e+00	0.00e+00	0.00e+00
 3.67987e+22	1.11e-03	1.05e-01	8.93e-01	4.20e-04	1.44e-04	0.00e+00	0.00e+00	0.00e+00	0.00e+00	0.00e+00	0.00e+00	0.00e+00	0.00e+00
 3.68239e+22	1.17e-03	1.11e-01	8.87e-01	3.91e-04	1.35e-04	0.00e+00	0.00e+00	0.00e+00	0.00e+00	0.00e+00	0.00e+00	0.00e+00	0.00e+00
 3.68499e+22	1.24e-03	1.18e-01	8.80e-01	3.58e-04	1.24e-04	0.00e+00	0.00e+00	0.00e+00	0.00e+00	0.00e+00	0.00e+00	0.00e+00	0.00e+00
 3.68699e+22	1.29e-03	1.24e-01	8.74e-01	3.33e-04	1.16e-04	0.00e+00	0.00e+00	0.00e+00	0.00e+00	0.00e+00	0.00e+00	0.00e+00	0.00e+00
 3.68855e+22	1.34e-03	1.29e-01	8.69e-01	3.15e-04	1.10e-04	0.00e+00	0.00e+00	0.00e+00	0.00e+00	0.00e+00	0.00e+00	0.00e+00	0.00e+00
 3.69023e+22	1.39e-03	1.35e-01	8.63e-01	2.98e-04	1.04e-04	0.00e+00	0.00e+00	0.00e+00	0.00e+00	0.00e+00	0.00e+00	0.00e+00	0.00e+00
 3.69240e+22	1.46e-03	1.44e-01	8.55e-01	2.74e-04	9.65e-05	0.00e+00	0.00e+00	0.00e+00	0.00e+00	0.00e+00	0.00e+00	0.00e+00	0.00e+00
 3.69469e+22	1.56e-03	1.55e-01	8.43e-01	2.48e-04	8.75e-05	0.00e+00	0.00e+00	0.00e+00	0.00e+00	0.00e+00	0.00e+00	0.00e+00	0.00e+00
 3.69650e+22	1.64e-03	1.64e-01	8.34e-01	2.27e-04	8.03e-05	0.00e+00	0.00e+00	0.00e+00	0.00e+00	0.00e+00	0.00e+00	0.00e+00	0.00e+00
 3.69789e+22	1.70e-03	1.71e-01	8.27e-01	2.12e-04	7.53e-05	0.00e+00	0.00e+00	0.00e+00	0.00e+00	0.00e+00	0.00e+00	0.00e+00	0.00e+00
 3.69936e+22	1.76e-03	1.80e-01	8.18e-01	1.98e-04	7.03e-05	0.00e+00	0.00e+00	0.00e+00	0.00e+00	0.00e+00	0.00e+00	0.00e+00	0.00e+00
 3.70127e+22	1.87e-03	1.94e-01	8.04e-01	1.79e-04	6.36e-05	0.00e+00	0.00e+00	0.00e+00	0.00e+00	0.00e+00	0.00e+00	0.00e+00	0.00e+00
 3.70320e+22	2.01e-03	2.11e-01	7.87e-01	1.57e-04	5.60e-05	0.00e+00	0.00e+00	0.00e+00	0.00e+00	0.00e+00	0.00e+00	0.00e+00	0.00e+00
 3.70458e+22	2.10e-03	2.24e-01	7.73e-01	1.43e-04	5.07e-05	0.00e+00	0.00e+00	0.00e+00	0.00e+00	0.00e+00	0.00e+00	0.00e+00	0.00e+00
 3.70557e+22	2.15e-03	2.33e-01	7.64e-01	1.33e-04	4.74e-05	0.00e+00	0.00e+00	0.00e+00	0.00e+00	0.00e+00	0.00e+00	0.00e+00	0.00e+00
 3.70662e+22	2.22e-03	2.45e-01	7.53e-01	1.24e-04	4.41e-05	0.00e+00	0.00e+00	0.00e+00	0.00e+00	0.00e+00	0.00e+00	0.00e+00	0.00e+00
 3.70797e+22	2.34e-03	2.62e-01	7.35e-01	1.12e-04	3.96e-05	0.00e+00	0.00e+00	0.00e+00	0.00e+00	0.00e+00	0.00e+00	0.00e+00	0.00e+00
 3.70938e+22	2.47e-03	2.84e-01	7.14e-01	9.79e-05	3.46e-05	0.00e+00	0.00e+00	0.00e+00	0.00e+00	0.00e+00	0.00e+00	0.00e+00	0.00e+00
 3.71043e+22	2.57e-03	3.01e-01	6.96e-01	8.76e-05	3.08e-05	0.00e+00	0.00e+00	0.00e+00	0.00e+00	0.00e+00	0.00e+00	0.00e+00	0.00e+00
 3.71121e+22	2.63e-03	3.15e-01	6.83e-01	8.08e-05	2.84e-05	0.00e+00	0.00e+00	0.00e+00	0.00e+00	0.00e+00	0.00e+00	0.00e+00	0.00e+00
 3.71200e+22	2.69e-03	3.29e-01	6.68e-01	7.47e-05	2.61e-05	0.00e+00	0.00e+00	0.00e+00	0.00e+00	0.00e+00	0.00e+00	0.00e+00	0.00e+00
 3.71304e+22	2.79e-03	3.51e-01	6.46e-01	6.65e-05	2.31e-05	0.00e+00	0.00e+00	0.00e+00	0.00e+00	0.00e+00	0.00e+00	0.00e+00	0.00e+00
 3.71410e+22	2.90e-03	3.79e-01	6.18e-01	5.74e-05	1.98e-05	0.00e+00	0.00e+00	0.00e+00	0.00e+00	0.00e+00	0.00e+00	0.00e+00	0.00e+00
 3.71487e+22	2.97e-03	4.01e-01	5.96e-01	5.10e-05	1.75e-05	0.00e+00	0.00e+00	0.00e+00	0.00e+00	0.00e+00	0.00e+00	0.00e+00	0.00e+00
 3.71541e+22	2.99e-03	4.14e-01	5.83e-01	4.74e-05	1.61e-05	0.00e+00	0.00e+00	0.00e+00	0.00e+00	0.00e+00	0.00e+00	0.00e+00	0.00e+00
 3.71597e+22	3.00e-03	4.30e-01	5.67e-01	4.39e-05	1.49e-05	0.00e+00	0.00e+00	0.00e+00	0.00e+00	0.00e+00	0.00e+00	0.00e+00	0.00e+00
 3.71669e+22	3.04e-03	4.54e-01	5.43e-01	3.93e-05	1.32e-05	0.00e+00	0.00e+00	0.00e+00	0.00e+00	0.00e+00	0.00e+00	0.00e+00	0.00e+00
 3.71745e+22	3.07e-03	4.83e-01	5.14e-01	3.44e-05	1.14e-05	0.00e+00	0.00e+00	0.00e+00	0.00e+00	0.00e+00	0.00e+00	0.00e+00	0.00e+00
 3.71806e+22	3.04e-03	5.07e-01	4.90e-01	3.07e-05	1.01e-05	0.00e+00	0.00e+00	0.00e+00	0.00e+00	0.00e+00	0.00e+00	0.00e+00	0.00e+00
 3.71852e+22	3.00e-03	5.24e-01	4.73e-01	2.83e-05	9.22e-06	0.00e+00	0.00e+00	0.00e+00	0.00e+00	0.00e+00	0.00e+00	0.00e+00	0.00e+00
 3.71899e+22	2.94e-03	5.42e-01	4.55e-01	2.62e-05	8.46e-06	0.00e+00	0.00e+00	0.00e+00	0.00e+00	0.00e+00	0.00e+00	0.00e+00	0.00e+00
 3.71960e+22	2.87e-03	5.68e-01	4.30e-01	2.35e-05	7.50e-06	0.00e+00	0.00e+00	0.00e+00	0.00e+00	0.00e+00	0.00e+00	0.00e+00	0.00e+00
 3.72021e+22	2.76e-03	5.97e-01	4.00e-01	2.07e-05	6.51e-06	0.00e+00	0.00e+00	0.00e+00	0.00e+00	0.00e+00	0.00e+00	0.00e+00	0.00e+00
 3.72065e+22	2.62e-03	6.16e-01	3.81e-01	1.90e-05	5.91e-06	0.00e+00	0.00e+00	0.00e+00	0.00e+00	0.00e+00	0.00e+00	0.00e+00	0.00e+00
 3.72098e+22	2.51e-03	6.29e-01	3.68e-01	1.80e-05	5.54e-06	0.00e+00	0.00e+00	0.00e+00	0.00e+00	0.00e+00	0.00e+00	0.00e+00	0.00e+00
 3.72130e+22	2.40e-03	6.43e-01	3.55e-01	1.71e-05	5.21e-06	0.00e+00	0.00e+00	0.00e+00	0.00e+00	0.00e+00	0.00e+00	0.00e+00	0.00e+00
 3.72167e+22	2.26e-03	6.60e-01	3.38e-01	1.60e-05	4.83e-06	0.00e+00	0.00e+00	0.00e+00	0.00e+00	0.00e+00	0.00e+00	0.00e+00	0.00e+00
 3.72202e+22	2.12e-03	6.76e-01	3.21e-01	1.50e-05	4.48e-06	0.00e+00	0.00e+00	0.00e+00	0.00e+00	0.00e+00	0.00e+00	0.00e+00	0.00e+00
 3.72228e+22	1.99e-03	6.88e-01	3.10e-01	1.43e-05	4.24e-06	0.00e+00	0.00e+00	0.00e+00	0.00e+00	0.00e+00	0.00e+00	0.00e+00	0.00e+00
 3.72250e+22	1.89e-03	6.95e-01	3.03e-01	1.38e-05	4.09e-06	0.00e+00	0.00e+00	0.00e+00	0.00e+00	0.00e+00	0.00e+00	0.00e+00	0.00e+00
 3.72269e+22	1.80e-03	7.03e-01	2.95e-01	1.35e-05	3.95e-06	0.00e+00	0.00e+00	0.00e+00	0.00e+00	0.00e+00	0.00e+00	0.00e+00	0.00e+00
 3.72283e+22	1.72e-03	7.08e-01	2.90e-01	1.32e-05	3.86e-06	0.00e+00	0.00e+00	0.00e+00	0.00e+00	0.00e+00	0.00e+00	0.00e+00	0.00e+00
 3.72297e+22	1.66e-03	7.13e-01	2.85e-01	1.30e-05	3.78e-06	0.00e+00	0.00e+00	0.00e+00	0.00e+00	0.00e+00	0.00e+00	0.00e+00	0.00e+00
 3.72312e+22	1.57e-03	7.20e-01	2.79e-01	1.27e-05	3.68e-06	0.00e+00	0.00e+00	0.00e+00	0.00e+00	0.00e+00	0.00e+00	0.00e+00	0.00e+00
 3.72329e+22	1.49e-03	7.27e-01	2.72e-01	1.24e-05	3.57e-06	0.00e+00	0.00e+00	0.00e+00	0.00e+00	0.00e+00	0.00e+00	0.00e+00	0.00e+00
 3.72343e+22	1.42e-03	7.32e-01	2.67e-01	1.21e-05	3.48e-06	0.00e+00	0.00e+00	0.00e+00	0.00e+00	0.00e+00	0.00e+00	0.00e+00	0.00e+00
 3.72356e+22	1.35e-03	7.36e-01	2.63e-01	1.20e-05	3.41e-06	0.00e+00	0.00e+00	0.00e+00	0.00e+00	0.00e+00	0.00e+00	0.00e+00	0.00e+00
 3.72368e+22	1.29e-03	7.40e-01	2.59e-01	1.18e-05	3.35e-06	0.00e+00	0.00e+00	0.00e+00	0.00e+00	0.00e+00	0.00e+00	0.00e+00	0.00e+00
 3.72383e+22	1.21e-03	7.45e-01	2.54e-01	1.16e-05	3.28e-06	0.00e+00	0.00e+00	0.00e+00	0.00e+00	0.00e+00	0.00e+00	0.00e+00	0.00e+00
 3.72397e+22	1.14e-03	7.50e-01	2.49e-01	1.14e-05	3.20e-06	0.00e+00	0.00e+00	0.00e+00	0.00e+00	0.00e+00	0.00e+00	0.00e+00	0.00e+00
 3.72411e+22	1.07e-03	7.54e-01	2.45e-01	1.12e-05	3.14e-06	0.00e+00	0.00e+00	0.00e+00	0.00e+00	0.00e+00	0.00e+00	0.00e+00	0.00e+00
 3.72422e+22	1.01e-03	7.57e-01	2.42e-01	1.11e-05	3.09e-06	0.00e+00	0.00e+00	0.00e+00	0.00e+00	0.00e+00	0.00e+00	0.00e+00	0.00e+00
 3.72434e+22	9.49e-04	7.61e-01	2.38e-01	1.09e-05	3.05e-06	0.00e+00	0.00e+00	0.00e+00	0.00e+00	0.00e+00	0.00e+00	0.00e+00	0.00e+00
 3.72448e+22	8.83e-04	7.65e-01	2.34e-01	1.08e-05	2.99e-06	0.00e+00	0.00e+00	0.00e+00	0.00e+00	0.00e+00	0.00e+00	0.00e+00	0.00e+00
 3.72461e+22	8.20e-04	7.68e-01	2.31e-01	1.06e-05	2.94e-06	0.00e+00	0.00e+00	0.00e+00	0.00e+00	0.00e+00	0.00e+00	0.00e+00	0.00e+00
 3.72473e+22	7.66e-04	7.71e-01	2.29e-01	1.05e-05	2.90e-06	0.00e+00	0.00e+00	0.00e+00	0.00e+00	0.00e+00	0.00e+00	0.00e+00	0.00e+00
 3.72484e+22	7.12e-04	7.73e-01	2.26e-01	1.04e-05	2.86e-06	0.00e+00	0.00e+00	0.00e+00	0.00e+00	0.00e+00	0.00e+00	0.00e+00	0.00e+00
 3.72497e+22	6.56e-04	7.76e-01	2.23e-01	1.03e-05	2.83e-06	0.00e+00	0.00e+00	0.00e+00	0.00e+00	0.00e+00	0.00e+00	0.00e+00	0.00e+00
 3.72510e+22	6.04e-04	7.79e-01	2.21e-01	1.02e-05	2.79e-06	0.00e+00	0.00e+00	0.00e+00	0.00e+00	0.00e+00	0.00e+00	0.00e+00	0.00e+00
 3.72522e+22	5.52e-04	7.81e-01	2.19e-01	1.02e-05	2.75e-06	0.00e+00	0.00e+00	0.00e+00	0.00e+00	0.00e+00	0.00e+00	0.00e+00	0.00e+00
 3.72533e+22	5.08e-04	7.83e-01	2.17e-01	1.01e-05	2.73e-06	0.00e+00	0.00e+00	0.00e+00	0.00e+00	0.00e+00	0.00e+00	0.00e+00	0.00e+00
 3.72544e+22	4.64e-04	7.84e-01	2.15e-01	1.00e-05	2.70e-06	0.00e+00	0.00e+00	0.00e+00	0.00e+00	0.00e+00	0.00e+00	0.00e+00	0.00e+00
 3.72556e+22	4.19e-04	7.86e-01	2.13e-01	9.99e-06	2.67e-06	0.00e+00	0.00e+00	0.00e+00	0.00e+00	0.00e+00	0.00e+00	0.00e+00	0.00e+00
 3.72568e+22	3.77e-04	7.88e-01	2.12e-01	9.94e-06	2.65e-06	0.00e+00	0.00e+00	0.00e+00	0.00e+00	0.00e+00	0.00e+00	0.00e+00	0.00e+00
 3.72579e+22	3.40e-04	7.89e-01	2.10e-01	9.90e-06	2.63e-06	0.00e+00	0.00e+00	0.00e+00	0.00e+00	0.00e+00	0.00e+00	0.00e+00	0.00e+00
 3.72590e+22	3.06e-04	7.91e-01	2.09e-01	9.88e-06	2.61e-06	0.00e+00	0.00e+00	0.00e+00	0.00e+00	0.00e+00	0.00e+00	0.00e+00	0.00e+00
 3.72601e+22	2.72e-04	7.92e-01	2.08e-01	9.87e-06	2.59e-06	0.00e+00	0.00e+00	0.00e+00	0.00e+00	0.00e+00	0.00e+00	0.00e+00	0.00e+00
 3.72612e+22	2.40e-04	7.93e-01	2.07e-01	9.85e-06	2.57e-06	0.00e+00	0.00e+00	0.00e+00	0.00e+00	0.00e+00	0.00e+00	0.00e+00	0.00e+00
 3.72624e+22	2.12e-04	7.94e-01	2.06e-01	9.84e-06	2.56e-06	0.00e+00	0.00e+00	0.00e+00	0.00e+00	0.00e+00	0.00e+00	0.00e+00	0.00e+00
 3.72634e+22	1.88e-04	7.94e-01	2.06e-01	9.85e-06	2.54e-06	0.00e+00	0.00e+00	0.00e+00	0.00e+00	0.00e+00	0.00e+00	0.00e+00	0.00e+00
 3.72644e+22	1.68e-04	7.95e-01	2.05e-01	9.86e-06	2.53e-06	0.00e+00	0.00e+00	0.00e+00	0.00e+00	0.00e+00	0.00e+00	0.00e+00	0.00e+00
 3.72654e+22	1.47e-04	7.95e-01	2.04e-01	9.87e-06	2.52e-06	0.00e+00	0.00e+00	0.00e+00	0.00e+00	0.00e+00	0.00e+00	0.00e+00	0.00e+00
 3.72665e+22	1.29e-04	7.96e-01	2.04e-01	9.89e-06	2.50e-06	0.00e+00	0.00e+00	0.00e+00	0.00e+00	0.00e+00	0.00e+00	0.00e+00	0.00e+00
 3.72675e+22	1.13e-04	7.96e-01	2.04e-01	9.91e-06	2.49e-06	0.00e+00	0.00e+00	0.00e+00	0.00e+00	0.00e+00	0.00e+00	0.00e+00	0.00e+00
 3.72685e+22	1.00e-04	7.96e-01	2.04e-01	9.94e-06	2.48e-06	0.00e+00	0.00e+00	0.00e+00	0.00e+00	0.00e+00	0.00e+00	0.00e+00	0.00e+00
 3.72694e+22	8.87e-05	7.97e-01	2.03e-01	9.98e-06	2.47e-06	0.00e+00	0.00e+00	0.00e+00	0.00e+00	0.00e+00	0.00e+00	0.00e+00	0.00e+00
 3.72704e+22	7.81e-05	7.97e-01	2.03e-01	1.00e-05	2.46e-06	0.00e+00	0.00e+00	0.00e+00	0.00e+00	0.00e+00	0.00e+00	0.00e+00	0.00e+00
 3.72714e+22	6.90e-05	7.97e-01	2.03e-01	1.01e-05	2.45e-06	0.00e+00	0.00e+00	0.00e+00	0.00e+00	0.00e+00	0.00e+00	0.00e+00	0.00e+00
 3.72723e+22	6.16e-05	7.97e-01	2.03e-01	1.01e-05	2.44e-06	0.00e+00	0.00e+00	0.00e+00	0.00e+00	0.00e+00	0.00e+00	0.00e+00	0.00e+00
 3.72732e+22	5.57e-05	7.97e-01	2.02e-01	1.01e-05	2.43e-06	0.00e+00	0.00e+00	0.00e+00	0.00e+00	0.00e+00	0.00e+00	0.00e+00	0.00e+00
 3.72741e+22	5.05e-05	7.98e-01	2.02e-01	1.02e-05	2.41e-06	0.00e+00	0.00e+00	0.00e+00	0.00e+00	0.00e+00	0.00e+00	0.00e+00	0.00e+00
