#depth	O	O+	O+2	O+3	O+4	O+5	O+6	O+7	O+8	O[1]	O[2]	O[3]
 3.45294e+19	3.55e-20	1.05e-14	2.43e-10	2.36e-07	3.51e-05	1.39e-03	2.23e-01	5.35e-01	2.41e-01	0.00e+00	0.00e+00	0.00e+00
 1.32153e+20	6.05e-20	1.68e-14	3.69e-10	3.42e-07	4.77e-05	1.71e-03	2.43e-01	5.35e-01	2.20e-01	0.00e+00	0.00e+00	0.00e+00
 2.47976e+20	1.11e-19	2.86e-14	5.89e-10	5.16e-07	6.70e-05	2.16e-03	2.68e-01	5.32e-01	1.98e-01	0.00e+00	0.00e+00	0.00e+00
 3.39900e+20	1.74e-19	4.27e-14	8.35e-10	7.02e-07	8.64e-05	2.56e-03	2.87e-01	5.29e-01	1.81e-01	0.00e+00	0.00e+00	0.00e+00
 3.96468e+20	2.26e-19	5.38e-14	1.02e-09	8.37e-07	9.98e-05	2.82e-03	2.99e-01	5.26e-01	1.72e-01	0.00e+00	0.00e+00	0.00e+00
 4.27949e+20	2.60e-19	6.09e-14	1.14e-09	9.20e-07	1.08e-04	2.98e-03	3.05e-01	5.24e-01	1.67e-01	0.00e+00	0.00e+00	0.00e+00
 4.60400e+20	3.04e-19	6.98e-14	1.28e-09	1.02e-06	1.18e-04	3.16e-03	3.13e-01	5.22e-01	1.62e-01	0.00e+00	0.00e+00	0.00e+00
 5.02586e+20	3.68e-19	8.28e-14	1.49e-09	1.17e-06	1.32e-04	3.42e-03	3.22e-01	5.19e-01	1.55e-01	0.00e+00	0.00e+00	0.00e+00
 5.57429e+20	4.69e-19	1.03e-13	1.80e-09	1.39e-06	1.52e-04	3.77e-03	3.35e-01	5.15e-01	1.46e-01	0.00e+00	0.00e+00	0.00e+00
 6.12022e+20	5.90e-19	1.26e-13	2.16e-09	1.63e-06	1.74e-04	4.14e-03	3.47e-01	5.10e-01	1.38e-01	0.00e+00	0.00e+00	0.00e+00
 6.54326e+20	7.01e-19	1.47e-13	2.47e-09	1.84e-06	1.92e-04	4.43e-03	3.56e-01	5.06e-01	1.33e-01	0.00e+00	0.00e+00	0.00e+00
 6.97353e+20	8.31e-19	1.71e-13	2.83e-09	2.08e-06	2.14e-04	4.76e-03	3.66e-01	5.02e-01	1.27e-01	0.00e+00	0.00e+00	0.00e+00
 7.53289e+20	1.03e-18	2.08e-13	3.36e-09	2.43e-06	2.44e-04	5.22e-03	3.79e-01	4.96e-01	1.19e-01	0.00e+00	0.00e+00	0.00e+00
 8.11716e+20	1.28e-18	2.52e-13	3.99e-09	2.84e-06	2.79e-04	5.71e-03	3.92e-01	4.90e-01	1.12e-01	0.00e+00	0.00e+00	0.00e+00
 8.60313e+20	1.52e-18	2.94e-13	4.57e-09	3.22e-06	3.09e-04	6.14e-03	4.03e-01	4.84e-01	1.07e-01	0.00e+00	0.00e+00	0.00e+00
 9.10419e+20	1.80e-18	3.44e-13	5.25e-09	3.66e-06	3.45e-04	6.63e-03	4.14e-01	4.78e-01	1.01e-01	0.00e+00	0.00e+00	0.00e+00
 9.75557e+20	2.23e-18	4.17e-13	6.25e-09	4.30e-06	3.96e-04	7.31e-03	4.29e-01	4.69e-01	9.42e-02	0.00e+00	0.00e+00	0.00e+00
 1.04218e+21	2.75e-18	5.04e-13	7.42e-09	5.03e-06	4.53e-04	8.02e-03	4.43e-01	4.61e-01	8.78e-02	0.00e+00	0.00e+00	0.00e+00
 1.09569e+21	3.24e-18	5.84e-13	8.46e-09	5.67e-06	5.01e-04	8.61e-03	4.54e-01	4.54e-01	8.31e-02	0.00e+00	0.00e+00	0.00e+00
 1.15022e+21	3.78e-18	6.73e-13	9.63e-09	6.41e-06	5.57e-04	9.27e-03	4.65e-01	4.46e-01	7.83e-02	0.00e+00	0.00e+00	0.00e+00
 1.22110e+21	4.58e-18	8.04e-13	1.13e-08	7.48e-06	6.36e-04	1.02e-02	4.80e-01	4.36e-01	7.24e-02	0.00e+00	0.00e+00	0.00e+00
 1.29421e+21	5.55e-18	9.59e-13	1.33e-08	8.70e-06	7.23e-04	1.11e-02	4.95e-01	4.26e-01	6.70e-02	0.00e+00	0.00e+00	0.00e+00
 1.35357e+21	6.45e-18	1.10e-12	1.51e-08	9.78e-06	7.98e-04	1.19e-02	5.06e-01	4.18e-01	6.30e-02	0.00e+00	0.00e+00	0.00e+00
 1.41406e+21	7.43e-18	1.26e-12	1.71e-08	1.10e-05	8.82e-04	1.28e-02	5.18e-01	4.10e-01	5.91e-02	0.00e+00	0.00e+00	0.00e+00
 1.49270e+21	8.85e-18	1.48e-12	1.99e-08	1.28e-05	1.00e-03	1.41e-02	5.32e-01	3.98e-01	5.42e-02	0.00e+00	0.00e+00	0.00e+00
 1.57349e+21	1.06e-17	1.75e-12	2.32e-08	1.47e-05	1.13e-03	1.53e-02	5.46e-01	3.87e-01	4.99e-02	0.00e+00	0.00e+00	0.00e+00
 1.63889e+21	1.21e-17	1.99e-12	2.62e-08	1.65e-05	1.24e-03	1.64e-02	5.57e-01	3.78e-01	4.67e-02	0.00e+00	0.00e+00	0.00e+00
 1.70572e+21	1.38e-17	2.24e-12	2.94e-08	1.84e-05	1.37e-03	1.75e-02	5.68e-01	3.69e-01	4.36e-02	0.00e+00	0.00e+00	0.00e+00
 1.79259e+21	1.61e-17	2.61e-12	3.40e-08	2.12e-05	1.54e-03	1.91e-02	5.82e-01	3.57e-01	3.98e-02	0.00e+00	0.00e+00	0.00e+00
 1.87890e+21	1.89e-17	3.04e-12	3.91e-08	2.43e-05	1.72e-03	2.07e-02	5.95e-01	3.46e-01	3.65e-02	0.00e+00	0.00e+00	0.00e+00
 1.94103e+21	2.12e-17	3.38e-12	4.32e-08	2.66e-05	1.85e-03	2.18e-02	6.04e-01	3.38e-01	3.44e-02	0.00e+00	0.00e+00	0.00e+00
 1.99832e+21	2.32e-17	3.69e-12	4.71e-08	2.90e-05	1.98e-03	2.29e-02	6.12e-01	3.31e-01	3.25e-02	2.32e-17	7.66e-22	8.82e-22
 2.07281e+21	2.60e-17	4.13e-12	5.26e-08	3.22e-05	2.17e-03	2.44e-02	6.22e-01	3.21e-01	3.01e-02	2.60e-17	5.95e-21	7.14e-21
 2.15174e+21	2.94e-17	4.66e-12	5.90e-08	3.60e-05	2.37e-03	2.60e-02	6.32e-01	3.12e-01	2.79e-02	2.94e-17	6.52e-21	7.83e-21
 2.21972e+21	3.27e-17	5.16e-12	6.50e-08	3.94e-05	2.55e-03	2.74e-02	6.40e-01	3.04e-01	2.62e-02	3.27e-17	7.08e-21	8.50e-21
 2.29139e+21	3.62e-17	5.70e-12	7.16e-08	4.33e-05	2.75e-03	2.89e-02	6.48e-01	2.95e-01	2.44e-02	3.61e-17	7.67e-21	9.22e-21
 2.38457e+21	4.10e-17	6.46e-12	8.10e-08	4.88e-05	3.03e-03	3.10e-02	6.59e-01	2.85e-01	2.23e-02	4.10e-17	8.43e-21	1.01e-20
 2.47898e+21	4.68e-17	7.35e-12	9.18e-08	5.49e-05	3.32e-03	3.30e-02	6.68e-01	2.75e-01	2.05e-02	4.68e-17	9.27e-21	1.12e-20
 2.55484e+21	5.22e-17	8.16e-12	1.01e-07	6.01e-05	3.56e-03	3.47e-02	6.76e-01	2.67e-01	1.92e-02	5.21e-17	1.01e-20	1.21e-20
 2.63333e+21	5.73e-17	8.98e-12	1.11e-07	6.59e-05	3.82e-03	3.66e-02	6.83e-01	2.59e-01	1.78e-02	5.73e-17	1.08e-20	1.31e-20
 2.73536e+21	6.48e-17	1.02e-11	1.26e-07	7.42e-05	4.19e-03	3.91e-02	6.92e-01	2.48e-01	1.62e-02	6.47e-17	1.19e-20	1.43e-20
 2.84043e+21	7.38e-17	1.16e-11	1.43e-07	8.34e-05	4.58e-03	4.16e-02	7.00e-01	2.39e-01	1.48e-02	7.38e-17	1.30e-20	1.57e-20
 2.92644e+21	8.23e-17	1.29e-11	1.58e-07	9.15e-05	4.91e-03	4.37e-02	7.07e-01	2.31e-01	1.37e-02	8.23e-17	1.41e-20	1.71e-20
 3.01527e+21	9.06e-17	1.42e-11	1.75e-07	1.01e-04	5.28e-03	4.60e-02	7.13e-01	2.23e-01	1.27e-02	9.06e-17	1.52e-20	1.84e-20
 3.13075e+21	1.03e-16	1.61e-11	1.99e-07	1.13e-04	5.78e-03	4.91e-02	7.20e-01	2.13e-01	1.15e-02	1.03e-16	1.67e-20	2.02e-20
 3.24832e+21	1.17e-16	1.84e-11	2.26e-07	1.28e-04	6.30e-03	5.22e-02	7.27e-01	2.04e-01	1.04e-02	1.17e-16	1.83e-20	2.21e-20
 3.34319e+21	1.31e-16	2.05e-11	2.51e-07	1.40e-04	6.74e-03	5.47e-02	7.32e-01	1.97e-01	9.63e-03	1.31e-16	1.98e-20	2.40e-20
 3.44109e+21	1.44e-16	2.27e-11	2.78e-07	1.54e-04	7.23e-03	5.75e-02	7.37e-01	1.89e-01	8.87e-03	1.44e-16	2.13e-20	2.59e-20
 3.56837e+21	1.63e-16	2.59e-11	3.17e-07	1.74e-04	7.89e-03	6.11e-02	7.43e-01	1.80e-01	7.98e-03	1.63e-16	2.34e-20	2.84e-20
 3.69904e+21	1.86e-16	2.96e-11	3.62e-07	1.95e-04	8.58e-03	6.49e-02	7.48e-01	1.71e-01	7.19e-03	1.86e-16	2.56e-20	3.11e-20
 3.80671e+21	2.08e-16	3.31e-11	4.03e-07	2.15e-04	9.18e-03	6.80e-02	7.51e-01	1.65e-01	6.62e-03	2.08e-16	2.79e-20	3.39e-20
 3.91927e+21	2.30e-16	3.69e-11	4.49e-07	2.37e-04	9.85e-03	7.14e-02	7.55e-01	1.58e-01	6.05e-03	2.30e-16	3.01e-20	3.66e-20
 4.06560e+21	2.63e-16	4.24e-11	5.17e-07	2.69e-04	1.08e-02	7.60e-02	7.58e-01	1.49e-01	5.39e-03	2.63e-16	3.32e-20	4.04e-20
 4.20182e+21	2.99e-16	4.84e-11	5.89e-07	3.01e-04	1.16e-02	8.01e-02	7.61e-01	1.42e-01	4.86e-03	2.99e-16	3.62e-20	4.40e-20
 4.29586e+21	3.29e-16	5.33e-11	6.43e-07	3.24e-04	1.22e-02	8.30e-02	7.63e-01	1.37e-01	4.54e-03	3.29e-16	3.91e-20	4.77e-20
 4.38910e+21	3.51e-16	5.74e-11	6.99e-07	3.49e-04	1.29e-02	8.61e-02	7.64e-01	1.32e-01	4.22e-03	3.51e-16	4.11e-20	5.00e-20
 4.51031e+21	3.92e-16	6.44e-11	7.82e-07	3.84e-04	1.37e-02	9.01e-02	7.65e-01	1.27e-01	3.86e-03	3.92e-16	4.47e-20	5.45e-20
 4.64222e+21	4.38e-16	7.23e-11	8.80e-07	4.25e-04	1.47e-02	9.45e-02	7.66e-01	1.21e-01	3.50e-03	4.38e-16	4.83e-20	5.88e-20
 4.76177e+21	4.86e-16	8.06e-11	9.79e-07	4.65e-04	1.56e-02	9.85e-02	7.67e-01	1.15e-01	3.21e-03	4.86e-16	5.23e-20	6.37e-20
 4.89093e+21	5.38e-16	9.02e-11	1.10e-06	5.12e-04	1.67e-02	1.03e-01	7.67e-01	1.10e-01	2.92e-03	5.38e-16	5.67e-20	6.90e-20
 5.03511e+21	6.05e-16	1.02e-10	1.24e-06	5.68e-04	1.79e-02	1.08e-01	7.66e-01	1.04e-01	2.64e-03	6.05e-16	6.18e-20	7.52e-20
 5.16707e+21	6.78e-16	1.15e-10	1.39e-06	6.24e-04	1.91e-02	1.13e-01	7.66e-01	9.96e-02	2.41e-03	6.78e-16	6.75e-20	8.20e-20
 5.28780e+21	7.51e-16	1.28e-10	1.54e-06	6.78e-04	2.01e-02	1.17e-01	7.65e-01	9.54e-02	2.21e-03	7.51e-16	7.32e-20	8.89e-20
 5.42567e+21	8.40e-16	1.45e-10	1.73e-06	7.46e-04	2.15e-02	1.22e-01	7.63e-01	9.07e-02	2.01e-03	8.39e-16	8.01e-20	9.72e-20
 5.60491e+21	9.73e-16	1.70e-10	2.01e-06	8.42e-04	2.32e-02	1.29e-01	7.61e-01	8.50e-02	1.77e-03	9.73e-16	9.00e-20	1.09e-19
 5.78327e+21	1.13e-15	1.98e-10	2.33e-06	9.45e-04	2.50e-02	1.35e-01	7.57e-01	7.99e-02	1.57e-03	1.13e-15	1.01e-19	1.22e-19
 5.91981e+21	1.27e-15	2.23e-10	2.60e-06	1.03e-03	2.65e-02	1.40e-01	7.55e-01	7.62e-02	1.44e-03	1.27e-15	1.11e-19	1.34e-19
 6.05665e+21	1.41e-15	2.51e-10	2.90e-06	1.12e-03	2.80e-02	1.45e-01	7.52e-01	7.26e-02	1.31e-03	1.41e-15	1.21e-19	1.47e-19
 6.23453e+21	1.63e-15	2.93e-10	3.34e-06	1.25e-03	3.01e-02	1.52e-01	7.47e-01	6.81e-02	1.17e-03	1.63e-15	1.36e-19	1.65e-19
 6.42291e+21	1.90e-15	3.43e-10	3.87e-06	1.40e-03	3.23e-02	1.60e-01	7.42e-01	6.38e-02	1.03e-03	1.90e-15	1.54e-19	1.85e-19
 6.58453e+21	2.17e-15	3.95e-10	4.38e-06	1.54e-03	3.43e-02	1.66e-01	7.37e-01	6.04e-02	9.34e-04	2.17e-15	1.72e-19	2.07e-19
 6.75425e+21	2.49e-15	4.55e-10	4.99e-06	1.70e-03	3.66e-02	1.73e-01	7.31e-01	5.69e-02	8.38e-04	2.48e-15	1.93e-19	2.32e-19
 6.97489e+21	2.97e-15	5.49e-10	5.90e-06	1.93e-03	3.96e-02	1.81e-01	7.24e-01	5.27e-02	7.29e-04	2.97e-15	2.24e-19	2.69e-19
 7.20059e+21	3.56e-15	6.61e-10	6.97e-06	2.18e-03	4.28e-02	1.90e-01	7.15e-01	4.89e-02	6.35e-04	3.56e-15	2.58e-19	3.10e-19
 7.38457e+21	4.13e-15	7.70e-10	7.97e-06	2.41e-03	4.55e-02	1.97e-01	7.08e-01	4.60e-02	5.69e-04	4.13e-15	2.94e-19	3.52e-19
 7.57541e+21	4.80e-15	9.00e-10	9.17e-06	2.67e-03	4.85e-02	2.05e-01	7.00e-01	4.31e-02	5.06e-04	4.80e-15	3.35e-19	4.01e-19
 7.77646e+21	5.63e-15	1.06e-09	1.06e-05	2.96e-03	5.18e-02	2.13e-01	6.91e-01	4.03e-02	4.50e-04	5.63e-15	3.82e-19	4.57e-19
 7.94717e+21	6.50e-15	1.22e-09	1.19e-05	3.22e-03	5.46e-02	2.20e-01	6.84e-01	3.81e-02	4.07e-04	6.49e-15	4.32e-19	5.17e-19
 8.12552e+21	7.45e-15	1.41e-09	1.35e-05	3.53e-03	5.78e-02	2.27e-01	6.75e-01	3.58e-02	3.66e-04	7.45e-15	4.88e-19	5.83e-19
 8.35737e+21	8.94e-15	1.69e-09	1.59e-05	3.96e-03	6.21e-02	2.37e-01	6.64e-01	3.32e-02	3.20e-04	8.94e-15	5.72e-19	6.82e-19
 8.59414e+21	1.07e-14	2.03e-09	1.87e-05	4.44e-03	6.67e-02	2.46e-01	6.52e-01	3.07e-02	2.80e-04	1.07e-14	6.67e-19	7.95e-19
 8.78834e+21	1.26e-14	2.38e-09	2.13e-05	4.85e-03	7.05e-02	2.53e-01	6.42e-01	2.88e-02	2.51e-04	1.26e-14	7.69e-19	9.16e-19
 8.99183e+21	1.47e-14	2.77e-09	2.44e-05	5.35e-03	7.48e-02	2.61e-01	6.31e-01	2.69e-02	2.23e-04	1.47e-14	8.84e-19	1.05e-18
 9.25637e+21	1.81e-14	3.40e-09	2.92e-05	6.05e-03	8.07e-02	2.72e-01	6.17e-01	2.46e-02	1.92e-04	1.81e-14	1.06e-18	1.26e-18
 9.50833e+21	2.20e-14	4.10e-09	3.43e-05	6.75e-03	8.64e-02	2.81e-01	6.03e-01	2.27e-02	1.68e-04	2.20e-14	1.25e-18	1.48e-18
 9.69630e+21	2.55e-14	4.73e-09	3.86e-05	7.32e-03	9.08e-02	2.88e-01	5.93e-01	2.14e-02	1.52e-04	2.55e-14	1.43e-18	1.70e-18
 9.89301e+21	2.94e-14	5.45e-09	4.39e-05	7.99e-03	9.58e-02	2.95e-01	5.81e-01	2.00e-02	1.36e-04	2.94e-14	1.63e-18	1.93e-18
 1.01487e+22	3.61e-14	6.61e-09	5.18e-05	8.94e-03	1.02e-01	3.04e-01	5.66e-01	1.84e-02	1.18e-04	3.61e-14	1.95e-18	2.31e-18
 1.04098e+22	4.38e-14	7.95e-09	6.08e-05	9.96e-03	1.09e-01	3.13e-01	5.50e-01	1.69e-02	1.03e-04	4.38e-14	2.31e-18	2.74e-18
 1.06302e+22	5.21e-14	9.36e-09	6.96e-05	1.09e-02	1.16e-01	3.20e-01	5.37e-01	1.57e-02	9.16e-05	5.21e-14	2.71e-18	3.21e-18
 1.08693e+22	6.19e-14	1.10e-08	8.10e-05	1.20e-02	1.23e-01	3.28e-01	5.22e-01	1.45e-02	8.03e-05	6.19e-14	3.17e-18	3.75e-18
 1.11331e+22	7.64e-14	1.34e-08	9.49e-05	1.34e-02	1.31e-01	3.36e-01	5.06e-01	1.33e-02	7.00e-05	7.64e-14	3.83e-18	4.53e-18
 1.13780e+22	8.99e-14	1.56e-08	1.10e-04	1.47e-02	1.39e-01	3.44e-01	4.91e-01	1.22e-02	6.14e-05	8.99e-14	4.43e-18	5.23e-18
 1.16453e+22	1.11e-13	1.90e-08	1.30e-04	1.64e-02	1.48e-01	3.51e-01	4.73e-01	1.11e-02	5.32e-05	1.11e-13	5.37e-18	6.34e-18
 1.19386e+22	1.39e-13	2.34e-08	1.54e-04	1.84e-02	1.58e-01	3.58e-01	4.55e-01	1.01e-02	4.58e-05	1.39e-13	6.62e-18	7.80e-18
 1.22014e+22	1.68e-13	2.78e-08	1.80e-04	2.03e-02	1.67e-01	3.65e-01	4.38e-01	9.26e-03	3.99e-05	1.68e-13	7.87e-18	9.26e-18
 1.24423e+22	1.98e-13	3.22e-08	2.07e-04	2.22e-02	1.76e-01	3.70e-01	4.23e-01	8.51e-03	3.51e-05	1.98e-13	9.11e-18	1.07e-17
 1.27186e+22	2.44e-13	3.91e-08	2.45e-04	2.47e-02	1.87e-01	3.75e-01	4.05e-01	7.71e-03	3.03e-05	2.44e-13	1.11e-17	1.30e-17
 1.30251e+22	3.10e-13	4.85e-08	2.93e-04	2.77e-02	1.99e-01	3.80e-01	3.85e-01	6.94e-03	2.58e-05	3.10e-13	1.38e-17	1.62e-17
 1.33046e+22	3.79e-13	5.82e-08	3.44e-04	3.06e-02	2.11e-01	3.84e-01	3.67e-01	6.28e-03	2.23e-05	3.79e-13	1.66e-17	1.95e-17
 1.35609e+22	4.48e-13	6.78e-08	4.01e-04	3.37e-02	2.22e-01	3.87e-01	3.51e-01	5.71e-03	1.94e-05	4.47e-13	1.94e-17	2.27e-17
 1.38533e+22	5.67e-13	8.39e-08	4.77e-04	3.75e-02	2.35e-01	3.90e-01	3.32e-01	5.13e-03	1.66e-05	5.67e-13	2.42e-17	2.84e-17
 1.41711e+22	7.10e-13	1.03e-07	5.77e-04	4.21e-02	2.50e-01	3.91e-01	3.12e-01	4.55e-03	1.40e-05	7.10e-13	2.98e-17	3.49e-17
 1.44539e+22	8.71e-13	1.24e-07	6.82e-04	4.66e-02	2.63e-01	3.91e-01	2.95e-01	4.08e-03	1.20e-05	8.71e-13	3.60e-17	4.22e-17
 1.47537e+22	1.11e-12	1.54e-07	8.18e-04	5.19e-02	2.77e-01	3.90e-01	2.76e-01	3.63e-03	1.02e-05	1.11e-12	4.54e-17	5.31e-17
 1.50776e+22	1.41e-12	1.91e-07	9.99e-04	5.84e-02	2.93e-01	3.88e-01	2.56e-01	3.18e-03	8.45e-06	1.41e-12	5.66e-17	6.62e-17
 1.53645e+22	1.75e-12	2.32e-07	1.19e-03	6.47e-02	3.07e-01	3.85e-01	2.39e-01	2.83e-03	7.20e-06	1.75e-12	6.96e-17	8.13e-17
 1.56687e+22	2.26e-12	2.92e-07	1.45e-03	7.23e-02	3.22e-01	3.80e-01	2.22e-01	2.49e-03	6.05e-06	2.26e-12	8.87e-17	1.04e-16
 1.59942e+22	2.93e-12	3.69e-07	1.79e-03	8.16e-02	3.38e-01	3.73e-01	2.03e-01	2.15e-03	4.98e-06	2.93e-12	1.13e-16	1.32e-16
 1.62765e+22	3.70e-12	4.55e-07	2.16e-03	9.05e-02	3.52e-01	3.66e-01	1.87e-01	1.90e-03	4.20e-06	3.70e-12	1.41e-16	1.65e-16
 1.65297e+22	4.60e-12	5.55e-07	2.58e-03	9.95e-02	3.64e-01	3.59e-01	1.74e-01	1.68e-03	3.60e-06	4.60e-12	1.74e-16	2.03e-16
 1.68161e+22	5.95e-12	7.01e-07	3.15e-03	1.11e-01	3.77e-01	3.49e-01	1.59e-01	1.47e-03	3.02e-06	5.95e-12	2.23e-16	2.61e-16
 1.71110e+22	7.86e-12	9.01e-07	3.94e-03	1.24e-01	3.90e-01	3.37e-01	1.43e-01	1.27e-03	2.49e-06	7.86e-12	2.91e-16	3.39e-16
 1.73468e+22	9.84e-12	1.11e-06	4.72e-03	1.36e-01	4.00e-01	3.26e-01	1.32e-01	1.12e-03	2.13e-06	9.84e-12	3.61e-16	4.22e-16
 1.75521e+22	1.21e-11	1.34e-06	5.58e-03	1.48e-01	4.07e-01	3.16e-01	1.22e-01	1.00e-03	1.85e-06	1.21e-11	4.43e-16	5.17e-16
 1.77881e+22	1.55e-11	1.67e-06	6.78e-03	1.63e-01	4.15e-01	3.03e-01	1.11e-01	8.79e-04	1.57e-06	1.55e-11	5.59e-16	6.53e-16
 1.80417e+22	2.09e-11	2.19e-06	8.52e-03	1.81e-01	4.22e-01	2.88e-01	9.93e-02	7.55e-04	1.30e-06	2.09e-11	7.49e-16	8.73e-16
 1.82556e+22	2.67e-11	2.74e-06	1.04e-02	1.99e-01	4.26e-01	2.74e-01	9.00e-02	6.61e-04	1.11e-06	2.67e-11	9.49e-16	1.11e-15
 1.84171e+22	3.26e-11	3.30e-06	1.23e-02	2.14e-01	4.28e-01	2.63e-01	8.30e-02	5.95e-04	9.73e-07	3.26e-11	1.15e-15	1.35e-15
 1.85471e+22	3.87e-11	3.86e-06	1.40e-02	2.27e-01	4.28e-01	2.53e-01	7.75e-02	5.44e-04	8.74e-07	3.87e-11	1.36e-15	1.59e-15
 1.86900e+22	4.67e-11	4.59e-06	1.64e-02	2.42e-01	4.28e-01	2.42e-01	7.16e-02	4.91e-04	7.72e-07	4.67e-11	1.64e-15	1.91e-15
 1.88495e+22	5.87e-11	5.67e-06	1.96e-02	2.60e-01	4.26e-01	2.29e-01	6.51e-02	4.35e-04	6.70e-07	5.87e-11	2.05e-15	2.39e-15
 1.89916e+22	7.30e-11	6.94e-06	2.33e-02	2.79e-01	4.22e-01	2.16e-01	5.94e-02	3.89e-04	5.87e-07	7.30e-11	2.54e-15	2.96e-15
 1.91078e+22	8.93e-11	8.33e-06	2.71e-02	2.95e-01	4.17e-01	2.05e-01	5.48e-02	3.52e-04	5.24e-07	8.93e-11	3.09e-15	3.61e-15
 1.92123e+22	1.07e-10	9.84e-06	3.12e-02	3.11e-01	4.11e-01	1.95e-01	5.07e-02	3.20e-04	4.69e-07	1.07e-10	3.69e-15	4.30e-15
 1.93307e+22	1.32e-10	1.19e-05	3.67e-02	3.30e-01	4.03e-01	1.83e-01	4.61e-02	2.86e-04	4.12e-07	1.32e-10	4.53e-15	5.28e-15
 1.94545e+22	1.65e-10	1.48e-05	4.42e-02	3.52e-01	3.93e-01	1.70e-01	4.14e-02	2.51e-04	3.56e-07	1.65e-10	5.67e-15	6.61e-15
 1.95532e+22	2.02e-10	1.78e-05	5.17e-02	3.70e-01	3.82e-01	1.59e-01	3.77e-02	2.26e-04	3.16e-07	2.02e-10	6.90e-15	8.05e-15
 1.96312e+22	2.35e-10	2.05e-05	5.88e-02	3.85e-01	3.72e-01	1.49e-01	3.47e-02	2.05e-04	2.84e-07	2.35e-10	7.99e-15	9.33e-15
 1.97143e+22	2.83e-10	2.44e-05	6.76e-02	4.01e-01	3.60e-01	1.39e-01	3.17e-02	1.85e-04	2.54e-07	2.83e-10	9.64e-15	1.13e-14
 1.98061e+22	3.48e-10	2.96e-05	7.97e-02	4.20e-01	3.44e-01	1.28e-01	2.84e-02	1.63e-04	2.20e-07	3.48e-10	1.18e-14	1.38e-14
 1.98870e+22	4.21e-10	3.54e-05	9.30e-02	4.37e-01	3.28e-01	1.17e-01	2.54e-02	1.44e-04	1.92e-07	4.21e-10	1.42e-14	1.66e-14
 1.99532e+22	4.91e-10	4.10e-05	1.06e-01	4.50e-01	3.13e-01	1.08e-01	2.30e-02	1.29e-04	1.71e-07	4.91e-10	1.66e-14	1.94e-14
 2.00136e+22	5.77e-10	4.75e-05	1.20e-01	4.61e-01	2.98e-01	9.98e-02	2.09e-02	1.16e-04	1.53e-07	5.77e-10	1.94e-14	2.27e-14
 2.00829e+22	6.90e-10	5.62e-05	1.38e-01	4.73e-01	2.80e-01	9.03e-02	1.85e-02	1.02e-04	1.33e-07	6.90e-10	2.32e-14	2.71e-14
 2.01564e+22	8.38e-10	6.76e-05	1.61e-01	4.84e-01	2.58e-01	8.00e-02	1.60e-02	8.70e-05	0.00e+00	8.38e-10	2.81e-14	3.28e-14
 2.02165e+22	9.90e-10	7.91e-05	1.85e-01	4.91e-01	2.39e-01	7.14e-02	1.40e-02	7.54e-05	0.00e+00	9.90e-10	3.31e-14	3.87e-14
 2.02644e+22	1.13e-09	8.94e-05	2.06e-01	4.95e-01	2.22e-01	6.46e-02	1.25e-02	6.64e-05	0.00e+00	1.13e-09	3.76e-14	4.40e-14
 2.03153e+22	1.30e-09	1.02e-04	2.30e-01	4.97e-01	2.04e-01	5.76e-02	1.09e-02	5.77e-05	0.00e+00	1.30e-09	4.33e-14	5.06e-14
 2.03723e+22	1.52e-09	1.19e-04	2.61e-01	4.96e-01	1.83e-01	5.00e-02	9.30e-03	4.87e-05	0.00e+00	1.52e-09	5.07e-14	5.93e-14
 2.04237e+22	1.76e-09	1.36e-04	2.94e-01	4.91e-01	1.64e-01	4.34e-02	7.92e-03	4.11e-05	0.00e+00	1.76e-09	5.86e-14	6.86e-14
 2.04668e+22	1.99e-09	1.53e-04	3.23e-01	4.84e-01	1.48e-01	3.82e-02	6.84e-03	3.53e-05	0.00e+00	1.99e-09	6.61e-14	7.74e-14
 2.05128e+22	2.26e-09	1.72e-04	3.56e-01	4.73e-01	1.31e-01	3.31e-02	5.82e-03	2.98e-05	0.00e+00	2.26e-09	7.50e-14	8.78e-14
 2.05639e+22	2.59e-09	1.95e-04	3.96e-01	4.58e-01	1.14e-01	2.78e-02	4.78e-03	2.43e-05	0.00e+00	2.59e-09	8.57e-14	1.00e-13
 2.06099e+22	2.92e-09	2.18e-04	4.34e-01	4.40e-01	9.81e-02	2.35e-02	3.95e-03	1.99e-05	0.00e+00	2.92e-09	9.64e-14	1.13e-13
 2.06493e+22	3.22e-09	2.39e-04	4.68e-01	4.23e-01	8.57e-02	2.02e-02	3.32e-03	1.66e-05	0.00e+00	3.22e-09	1.06e-13	1.25e-13
 2.06922e+22	3.57e-09	2.62e-04	5.03e-01	4.02e-01	7.39e-02	1.72e-02	2.75e-03	1.36e-05	0.00e+00	3.57e-09	1.18e-13	1.38e-13
 2.07406e+22	3.97e-09	2.89e-04	5.44e-01	3.77e-01	6.20e-02	1.42e-02	2.20e-03	1.08e-05	0.00e+00	3.97e-09	1.31e-13	1.54e-13
 2.07860e+22	4.37e-09	3.14e-04	5.81e-01	3.53e-01	5.23e-02	1.19e-02	1.78e-03	8.61e-06	0.00e+00	4.37e-09	1.44e-13	1.69e-13
 2.08270e+22	4.75e-09	3.37e-04	6.13e-01	3.30e-01	4.48e-02	1.01e-02	1.47e-03	7.02e-06	0.00e+00	4.75e-09	1.56e-13	1.83e-13
 2.08722e+22	5.17e-09	3.63e-04	6.46e-01	3.06e-01	3.80e-02	8.54e-03	1.19e-03	5.63e-06	0.00e+00	5.17e-09	1.69e-13	1.99e-13
 2.09224e+22	5.64e-09	3.89e-04	6.79e-01	2.81e-01	3.18e-02	7.13e-03	9.51e-04	4.43e-06	0.00e+00	5.63e-09	1.84e-13	2.17e-13
 2.09685e+22	6.06e-09	4.12e-04	7.07e-01	2.59e-01	2.72e-02	6.10e-03	7.81e-04	3.58e-06	0.00e+00	6.06e-09	1.98e-13	2.33e-13
 2.10181e+22	6.54e-09	4.37e-04	7.33e-01	2.37e-01	2.33e-02	5.21e-03	6.37e-04	2.87e-06	0.00e+00	6.54e-09	2.13e-13	2.51e-13
 2.10738e+22	7.05e-09	4.62e-04	7.59e-01	2.15e-01	1.99e-02	4.43e-03	5.16e-04	2.28e-06	0.00e+00	7.05e-09	2.29e-13	2.71e-13
 2.11276e+22	7.54e-09	4.85e-04	7.81e-01	1.97e-01	1.74e-02	3.84e-03	4.28e-04	1.85e-06	0.00e+00	7.54e-09	2.45e-13	2.90e-13
 2.11873e+22	8.10e-09	5.09e-04	8.01e-01	1.79e-01	1.52e-02	3.32e-03	3.53e-04	1.49e-06	0.00e+00	8.10e-09	2.62e-13	3.11e-13
 2.12605e+22	8.76e-09	5.36e-04	8.23e-01	1.61e-01	1.33e-02	2.82e-03	2.85e-04	1.18e-06	0.00e+00	8.76e-09	2.83e-13	3.36e-13
 2.13382e+22	9.43e-09	5.62e-04	8.41e-01	1.45e-01	1.17e-02	2.43e-03	2.35e-04	9.40e-07	0.00e+00	9.43e-09	3.04e-13	3.61e-13
 2.14154e+22	1.01e-08	5.86e-04	8.55e-01	1.31e-01	1.06e-02	2.13e-03	1.97e-04	7.70e-07	0.00e+00	1.01e-08	3.24e-13	3.85e-13
 2.14969e+22	1.08e-08	6.09e-04	8.68e-01	1.20e-01	9.68e-03	1.88e-03	1.68e-04	6.37e-07	0.00e+00	1.08e-08	3.45e-13	4.11e-13
 2.15866e+22	1.15e-08	6.33e-04	8.80e-01	1.09e-01	8.89e-03	1.65e-03	1.43e-04	5.28e-07	0.00e+00	1.15e-08	3.68e-13	4.38e-13
 2.16849e+22	1.23e-08	6.58e-04	8.91e-01	9.86e-02	8.22e-03	1.46e-03	1.23e-04	4.40e-07	0.00e+00	1.23e-08	3.93e-13	4.68e-13
 2.17914e+22	1.31e-08	6.83e-04	9.01e-01	8.96e-02	7.65e-03	1.29e-03	1.06e-04	3.69e-07	0.00e+00	1.31e-08	4.19e-13	4.99e-13
 2.19071e+22	1.41e-08	7.09e-04	9.09e-01	8.15e-02	7.15e-03	1.14e-03	9.24e-05	3.10e-07	0.00e+00	1.41e-08	4.47e-13	5.33e-13
 2.20348e+22	1.51e-08	7.35e-04	9.17e-01	7.41e-02	6.71e-03	1.00e-03	8.06e-05	2.61e-07	0.00e+00	1.51e-08	4.77e-13	5.69e-13
 2.21760e+22	1.62e-08	7.63e-04	9.25e-01	6.73e-02	6.31e-03	8.85e-04	7.05e-05	2.21e-07	0.00e+00	1.62e-08	5.06e-13	6.06e-13
 2.23339e+22	1.74e-08	7.92e-04	9.32e-01	6.09e-02	5.94e-03	7.76e-04	6.18e-05	1.86e-07	0.00e+00	1.74e-08	5.39e-13	6.46e-13
 2.25133e+22	1.88e-08	8.24e-04	9.38e-01	5.50e-02	5.59e-03	6.77e-04	5.40e-05	1.56e-07	0.00e+00	1.88e-08	5.77e-13	6.92e-13
 2.27173e+22	2.04e-08	8.58e-04	9.44e-01	4.95e-02	5.25e-03	5.87e-04	4.71e-05	1.31e-07	0.00e+00	2.04e-08	6.19e-13	7.44e-13
 2.29505e+22	2.23e-08	8.96e-04	9.49e-01	4.43e-02	4.93e-03	5.04e-04	4.09e-05	0.00e+00	0.00e+00	2.23e-08	6.69e-13	8.05e-13
 2.32208e+22	2.46e-08	9.37e-04	9.55e-01	3.95e-02	4.60e-03	4.29e-04	3.53e-05	0.00e+00	0.00e+00	2.46e-08	7.28e-13	8.77e-13
 2.35405e+22	2.74e-08	9.84e-04	9.59e-01	3.49e-02	4.28e-03	3.59e-04	3.02e-05	0.00e+00	0.00e+00	2.74e-08	8.01e-13	9.65e-13
 2.39308e+22	3.09e-08	1.04e-03	9.64e-01	3.05e-02	3.94e-03	2.94e-04	2.53e-05	0.00e+00	0.00e+00	3.09e-08	8.94e-13	1.08e-12
 2.44255e+22	3.59e-08	1.11e-03	9.69e-01	2.61e-02	3.57e-03	2.32e-04	2.07e-05	0.00e+00	0.00e+00	3.59e-08	1.02e-12	1.23e-12
 2.49787e+22	4.20e-08	1.18e-03	9.73e-01	2.26e-02	3.23e-03	1.84e-04	1.69e-05	0.00e+00	0.00e+00	4.20e-08	1.18e-12	1.43e-12
 2.55203e+22	4.89e-08	1.25e-03	9.76e-01	1.98e-02	2.95e-03	1.48e-04	1.40e-05	0.00e+00	0.00e+00	4.88e-08	1.36e-12	1.64e-12
 2.61345e+22	5.80e-08	1.33e-03	9.79e-01	1.72e-02	2.67e-03	1.17e-04	1.15e-05	0.00e+00	0.00e+00	5.80e-08	1.60e-12	1.93e-12
 2.69329e+22	7.23e-08	1.44e-03	9.82e-01	1.44e-02	2.36e-03	8.72e-05	8.97e-06	0.00e+00	0.00e+00	7.23e-08	1.97e-12	2.37e-12
 2.77777e+22	9.26e-08	1.56e-03	9.84e-01	1.23e-02	2.09e-03	6.58e-05	7.07e-06	0.00e+00	0.00e+00	9.26e-08	2.49e-12	3.01e-12
 2.84983e+22	1.16e-07	1.67e-03	9.86e-01	1.09e-02	1.90e-03	5.24e-05	5.83e-06	0.00e+00	0.00e+00	1.16e-07	3.10e-12	3.74e-12
 2.90626e+22	1.40e-07	1.77e-03	9.86e-01	9.92e-03	1.77e-03	4.42e-05	5.05e-06	0.00e+00	0.00e+00	1.40e-07	3.74e-12	4.50e-12
 2.95180e+22	1.65e-07	1.86e-03	9.87e-01	9.21e-03	1.67e-03	3.84e-05	4.50e-06	0.00e+00	0.00e+00	1.65e-07	4.39e-12	5.28e-12
 3.00199e+22	1.98e-07	1.95e-03	9.88e-01	8.40e-03	1.57e-03	3.26e-05	3.96e-06	0.00e+00	0.00e+00	1.98e-07	5.27e-12	6.34e-12
 3.06724e+22	2.57e-07	2.09e-03	9.89e-01	7.47e-03	1.45e-03	2.64e-05	3.36e-06	0.00e+00	0.00e+00	2.57e-07	6.82e-12	8.19e-12
 3.13111e+22	3.45e-07	2.26e-03	9.90e-01	6.75e-03	1.35e-03	2.17e-05	2.88e-06	0.00e+00	0.00e+00	3.45e-07	9.16e-12	1.10e-11
 3.17607e+22	4.38e-07	2.41e-03	9.90e-01	6.32e-03	1.28e-03	1.90e-05	2.58e-06	0.00e+00	0.00e+00	4.38e-07	1.16e-11	1.39e-11
 3.21015e+22	5.30e-07	2.54e-03	9.90e-01	5.98e-03	1.24e-03	1.70e-05	2.37e-06	0.00e+00	0.00e+00	5.30e-07	1.41e-11	1.68e-11
 3.24721e+22	6.60e-07	2.69e-03	9.91e-01	5.57e-03	1.19e-03	1.49e-05	2.15e-06	0.00e+00	0.00e+00	6.60e-07	1.76e-11	2.10e-11
 3.29538e+22	9.02e-07	2.91e-03	9.91e-01	5.07e-03	1.13e-03	1.25e-05	1.88e-06	0.00e+00	0.00e+00	9.02e-07	2.41e-11	2.87e-11
 3.34260e+22	1.30e-06	3.23e-03	9.91e-01	4.64e-03	1.08e-03	1.04e-05	1.64e-06	0.00e+00	0.00e+00	1.30e-06	3.48e-11	4.14e-11
 3.37545e+22	1.75e-06	3.52e-03	9.91e-01	4.35e-03	1.04e-03	9.15e-06	1.49e-06	0.00e+00	0.00e+00	1.75e-06	4.69e-11	5.57e-11
 3.39940e+22	2.21e-06	3.78e-03	9.91e-01	4.13e-03	1.02e-03	8.22e-06	1.37e-06	0.00e+00	0.00e+00	2.21e-06	5.94e-11	7.04e-11
 3.42489e+22	2.85e-06	4.08e-03	9.91e-01	3.87e-03	9.95e-04	7.25e-06	1.25e-06	0.00e+00	0.00e+00	2.85e-06	7.68e-11	9.10e-11
 3.45803e+22	4.11e-06	4.58e-03	9.91e-01	3.51e-03	9.63e-04	6.06e-06	1.10e-06	0.00e+00	0.00e+00	4.11e-06	1.10e-10	1.30e-10
 3.49081e+22	6.42e-06	5.35e-03	9.91e-01	3.16e-03	9.34e-04	4.93e-06	9.40e-07	0.00e+00	0.00e+00	6.42e-06	1.72e-10	2.03e-10
 3.51366e+22	9.31e-06	6.14e-03	9.90e-01	2.90e-03	9.16e-04	4.16e-06	8.31e-07	0.00e+00	0.00e+00	9.31e-06	2.48e-10	2.93e-10
 3.52958e+22	1.23e-05	6.84e-03	9.90e-01	2.71e-03	9.03e-04	3.66e-06	7.55e-07	0.00e+00	0.00e+00	1.23e-05	3.28e-10	3.86e-10
 3.54597e+22	1.65e-05	7.68e-03	9.89e-01	2.50e-03	8.88e-04	3.16e-06	6.78e-07	0.00e+00	0.00e+00	1.65e-05	4.39e-10	5.17e-10
 3.56728e+22	2.51e-05	9.15e-03	9.88e-01	2.22e-03	8.69e-04	2.55e-06	5.80e-07	0.00e+00	0.00e+00	2.51e-05	6.67e-10	7.83e-10
 3.58761e+22	4.17e-05	1.15e-02	9.86e-01	1.93e-03	8.52e-04	1.98e-06	4.84e-07	0.00e+00	0.00e+00	4.17e-05	1.11e-09	1.30e-09
 3.59797e+22	5.84e-05	1.35e-02	9.84e-01	1.76e-03	8.42e-04	1.68e-06	4.29e-07	0.00e+00	0.00e+00	5.84e-05	1.56e-09	1.81e-09
 3.60090e+22	6.40e-05	1.41e-02	9.83e-01	1.73e-03	8.40e-04	1.61e-06	4.16e-07	0.00e+00	0.00e+00	6.40e-05	1.71e-09	1.99e-09
 3.60287e+22	6.76e-05	1.44e-02	9.83e-01	1.70e-03	8.37e-04	1.57e-06	4.07e-07	0.00e+00	0.00e+00	6.76e-05	1.81e-09	2.10e-09
 3.60543e+22	7.27e-05	1.50e-02	9.82e-01	1.67e-03	8.34e-04	1.51e-06	3.96e-07	0.00e+00	0.00e+00	7.27e-05	1.94e-09	2.25e-09
 3.60876e+22	8.01e-05	1.57e-02	9.82e-01	1.62e-03	8.30e-04	1.44e-06	3.81e-07	0.00e+00	0.00e+00	8.01e-05	2.14e-09	2.48e-09
 3.61309e+22	9.12e-05	1.67e-02	9.81e-01	1.55e-03	8.25e-04	1.34e-06	3.63e-07	0.00e+00	0.00e+00	9.12e-05	2.44e-09	2.82e-09
 3.61872e+22	1.09e-04	1.82e-02	9.79e-01	1.47e-03	8.19e-04	1.22e-06	3.39e-07	0.00e+00	0.00e+00	1.09e-04	2.92e-09	3.35e-09
 3.62439e+22	1.33e-04	2.02e-02	9.77e-01	1.38e-03	8.11e-04	1.10e-06	3.13e-07	0.00e+00	0.00e+00	1.33e-04	3.59e-09	4.09e-09
 3.62859e+22	1.56e-04	2.20e-02	9.76e-01	1.32e-03	8.06e-04	1.02e-06	2.95e-07	0.00e+00	0.00e+00	1.56e-04	4.22e-09	4.79e-09
 3.63179e+22	1.76e-04	2.34e-02	9.74e-01	1.27e-03	8.01e-04	9.56e-07	2.82e-07	0.00e+00	0.00e+00	1.76e-04	4.78e-09	5.39e-09
 3.63523e+22	2.00e-04	2.50e-02	9.73e-01	1.22e-03	7.95e-04	8.93e-07	2.67e-07	0.00e+00	0.00e+00	2.00e-04	5.45e-09	6.12e-09
 3.63971e+22	2.38e-04	2.74e-02	9.70e-01	1.15e-03	7.88e-04	8.14e-07	2.49e-07	0.00e+00	0.00e+00	2.38e-04	6.52e-09	7.25e-09
 3.64426e+22	2.90e-04	3.05e-02	9.67e-01	1.08e-03	7.80e-04	7.34e-07	2.30e-07	0.00e+00	0.00e+00	2.90e-04	8.03e-09	8.82e-09
 3.64767e+22	3.41e-04	3.33e-02	9.65e-01	1.03e-03	7.73e-04	6.75e-07	2.16e-07	0.00e+00	0.00e+00	3.41e-04	9.51e-09	1.03e-08
 3.65028e+22	3.85e-04	3.56e-02	9.62e-01	9.89e-04	7.67e-04	6.33e-07	2.05e-07	0.00e+00	0.00e+00	3.85e-04	1.08e-08	1.16e-08
 3.65310e+22	4.38e-04	3.81e-02	9.60e-01	9.49e-04	7.61e-04	5.92e-07	1.95e-07	0.00e+00	0.00e+00	4.38e-04	1.24e-08	1.32e-08
 3.65675e+22	5.21e-04	4.20e-02	9.56e-01	8.96e-04	7.52e-04	5.39e-07	1.81e-07	0.00e+00	0.00e+00	5.21e-04	1.49e-08	1.56e-08
 3.66048e+22	6.37e-04	4.69e-02	9.51e-01	8.38e-04	7.43e-04	4.85e-07	1.67e-07	0.00e+00	0.00e+00	6.37e-04	1.85e-08	1.90e-08
 3.66328e+22	7.51e-04	5.15e-02	9.46e-01	7.94e-04	7.34e-04	4.45e-07	1.55e-07	0.00e+00	0.00e+00	7.51e-04	2.21e-08	2.22e-08
 3.66542e+22	8.50e-04	5.52e-02	9.42e-01	7.63e-04	7.28e-04	4.17e-07	1.47e-07	0.00e+00	0.00e+00	8.50e-04	2.52e-08	2.50e-08
 3.66772e+22	9.66e-04	5.93e-02	9.38e-01	7.32e-04	7.20e-04	3.89e-07	1.39e-07	0.00e+00	0.00e+00	9.66e-04	2.89e-08	2.82e-08
 3.67071e+22	1.15e-03	6.55e-02	9.32e-01	6.89e-04	7.09e-04	3.54e-07	1.29e-07	0.00e+00	0.00e+00	1.15e-03	3.50e-08	3.33e-08
 3.67379e+22	1.42e-03	7.37e-02	9.24e-01	6.42e-04	6.96e-04	3.16e-07	0.00e+00	0.00e+00	0.00e+00	1.42e-03	4.40e-08	4.06e-08
 3.67614e+22	1.68e-03	8.12e-02	9.16e-01	6.07e-04	6.85e-04	2.88e-07	0.00e+00	0.00e+00	0.00e+00	1.68e-03	5.31e-08	4.77e-08
 3.67794e+22	1.91e-03	8.75e-02	9.09e-01	5.81e-04	6.76e-04	2.69e-07	0.00e+00	0.00e+00	0.00e+00	1.91e-03	6.13e-08	5.37e-08
 3.67987e+22	2.18e-03	9.45e-02	9.02e-01	5.55e-04	6.66e-04	2.50e-07	0.00e+00	0.00e+00	0.00e+00	2.18e-03	7.12e-08	6.09e-08
 3.68239e+22	2.62e-03	1.05e-01	8.91e-01	5.20e-04	6.52e-04	2.25e-07	0.00e+00	0.00e+00	0.00e+00	2.62e-03	8.72e-08	7.22e-08
 3.68499e+22	3.27e-03	1.19e-01	8.77e-01	4.81e-04	6.33e-04	1.98e-07	0.00e+00	0.00e+00	0.00e+00	3.27e-03	1.11e-07	8.87e-08
 3.68699e+22	3.92e-03	1.32e-01	8.63e-01	4.52e-04	6.18e-04	1.79e-07	0.00e+00	0.00e+00	0.00e+00	3.92e-03	1.36e-07	1.05e-07
 3.68855e+22	4.51e-03	1.43e-01	8.51e-01	4.30e-04	6.04e-04	1.65e-07	0.00e+00	0.00e+00	0.00e+00	4.51e-03	1.59e-07	1.20e-07
 3.69023e+22	5.22e-03	1.56e-01	8.38e-01	4.08e-04	5.89e-04	1.51e-07	0.00e+00	0.00e+00	0.00e+00	5.22e-03	1.87e-07	1.38e-07
 3.69240e+22	6.39e-03	1.74e-01	8.18e-01	3.78e-04	5.68e-04	1.33e-07	0.00e+00	0.00e+00	0.00e+00	6.39e-03	2.32e-07	1.66e-07
 3.69469e+22	8.17e-03	2.00e-01	7.91e-01	3.45e-04	5.39e-04	1.13e-07	0.00e+00	0.00e+00	0.00e+00	8.17e-03	3.04e-07	2.10e-07
 3.69650e+22	1.01e-02	2.25e-01	7.64e-01	3.18e-04	5.13e-04	9.85e-08	0.00e+00	0.00e+00	0.00e+00	1.01e-02	3.82e-07	2.57e-07
 3.69789e+22	1.18e-02	2.46e-01	7.41e-01	2.99e-04	4.93e-04	8.84e-08	0.00e+00	0.00e+00	0.00e+00	1.18e-02	4.53e-07	3.00e-07
 3.69936e+22	1.40e-02	2.70e-01	7.16e-01	2.80e-04	4.70e-04	0.00e+00	0.00e+00	0.00e+00	0.00e+00	1.40e-02	5.39e-07	3.51e-07
 3.70127e+22	1.76e-02	3.04e-01	6.77e-01	2.54e-04	4.36e-04	0.00e+00	0.00e+00	0.00e+00	0.00e+00	1.76e-02	6.83e-07	4.36e-07
 3.70320e+22	2.31e-02	3.50e-01	6.26e-01	2.26e-04	3.92e-04	0.00e+00	0.00e+00	0.00e+00	0.00e+00	2.31e-02	9.06e-07	5.67e-07
 3.70458e+22	2.85e-02	3.89e-01	5.82e-01	2.05e-04	3.57e-04	0.00e+00	0.00e+00	0.00e+00	0.00e+00	2.85e-02	1.12e-06	6.93e-07
 3.70557e+22	3.29e-02	4.17e-01	5.49e-01	1.92e-04	3.32e-04	0.00e+00	0.00e+00	0.00e+00	0.00e+00	3.29e-02	1.29e-06	7.93e-07
 3.70662e+22	3.81e-02	4.47e-01	5.15e-01	1.79e-04	3.06e-04	0.00e+00	0.00e+00	0.00e+00	0.00e+00	3.81e-02	1.49e-06	9.11e-07
 3.70797e+22	4.65e-02	4.88e-01	4.65e-01	1.61e-04	2.69e-04	0.00e+00	0.00e+00	0.00e+00	0.00e+00	4.65e-02	1.82e-06	1.10e-06
 3.70938e+22	5.88e-02	5.37e-01	4.04e-01	1.41e-04	2.26e-04	0.00e+00	0.00e+00	0.00e+00	0.00e+00	5.88e-02	2.29e-06	1.37e-06
 3.71043e+22	7.10e-02	5.76e-01	3.53e-01	1.26e-04	1.92e-04	0.00e+00	0.00e+00	0.00e+00	0.00e+00	7.10e-02	2.75e-06	1.64e-06
 3.71121e+22	8.11e-02	6.02e-01	3.16e-01	1.16e-04	1.68e-04	0.00e+00	0.00e+00	0.00e+00	0.00e+00	8.11e-02	3.12e-06	1.86e-06
 3.71200e+22	9.19e-02	6.26e-01	2.82e-01	1.06e-04	1.46e-04	0.00e+00	0.00e+00	0.00e+00	0.00e+00	9.19e-02	3.51e-06	2.08e-06
 3.71304e+22	1.09e-01	6.54e-01	2.37e-01	9.40e-05	1.18e-04	0.00e+00	0.00e+00	0.00e+00	0.00e+00	1.09e-01	4.12e-06	2.44e-06
 3.71410e+22	1.33e-01	6.79e-01	1.87e-01	8.00e-05	8.89e-05	0.00e+00	0.00e+00	0.00e+00	0.00e+00	1.33e-01	4.95e-06	2.92e-06
 3.71487e+22	1.55e-01	6.93e-01	1.52e-01	7.00e-05	6.91e-05	0.00e+00	0.00e+00	0.00e+00	0.00e+00	1.55e-01	5.67e-06	3.34e-06
 3.71541e+22	1.71e-01	6.98e-01	1.31e-01	6.42e-05	5.79e-05	0.00e+00	0.00e+00	0.00e+00	0.00e+00	1.71e-01	6.16e-06	3.62e-06
 3.71597e+22	1.87e-01	7.00e-01	1.12e-01	5.86e-05	4.80e-05	0.00e+00	0.00e+00	0.00e+00	0.00e+00	1.87e-01	6.68e-06	3.92e-06
 3.71669e+22	2.12e-01	6.98e-01	8.95e-02	5.15e-05	3.67e-05	0.00e+00	0.00e+00	0.00e+00	0.00e+00	2.12e-01	7.41e-06	4.35e-06
 3.71745e+22	2.45e-01	6.88e-01	6.69e-02	4.36e-05	2.59e-05	0.00e+00	0.00e+00	0.00e+00	0.00e+00	2.45e-01	8.34e-06	4.88e-06
 3.71806e+22	2.77e-01	6.72e-01	5.11e-02	3.76e-05	1.88e-05	0.00e+00	0.00e+00	0.00e+00	0.00e+00	2.77e-01	9.14e-06	5.35e-06
 3.71852e+22	3.01e-01	6.57e-01	4.14e-02	3.37e-05	1.46e-05	0.00e+00	0.00e+00	0.00e+00	0.00e+00	3.01e-01	9.71e-06	5.68e-06
 3.71899e+22	3.26e-01	6.40e-01	3.34e-02	3.02e-05	1.14e-05	0.00e+00	0.00e+00	0.00e+00	0.00e+00	3.26e-01	1.03e-05	5.99e-06
 3.71960e+22	3.62e-01	6.13e-01	2.47e-02	2.59e-05	7.96e-06	0.00e+00	0.00e+00	0.00e+00	0.00e+00	3.62e-01	1.10e-05	6.40e-06
 3.72021e+22	4.08e-01	5.75e-01	1.71e-02	2.14e-05	5.15e-06	0.00e+00	0.00e+00	0.00e+00	0.00e+00	4.08e-01	1.17e-05	6.81e-06
 3.72065e+22	4.42e-01	5.45e-01	1.28e-02	1.86e-05	3.67e-06	0.00e+00	0.00e+00	0.00e+00	0.00e+00	4.42e-01	1.21e-05	7.04e-06
 3.72098e+22	4.66e-01	5.23e-01	1.03e-02	1.69e-05	2.88e-06	0.00e+00	0.00e+00	0.00e+00	0.00e+00	4.66e-01	1.23e-05	7.17e-06
 3.72130e+22	4.90e-01	5.02e-01	8.38e-03	1.53e-05	2.26e-06	0.00e+00	0.00e+00	0.00e+00	0.00e+00	4.90e-01	1.25e-05	7.27e-06
 3.72167e+22	5.20e-01	4.74e-01	6.47e-03	1.36e-05	1.68e-06	0.00e+00	0.00e+00	0.00e+00	0.00e+00	5.20e-01	1.26e-05	7.36e-06
 3.72202e+22	5.52e-01	4.44e-01	4.92e-03	1.19e-05	1.23e-06	0.00e+00	0.00e+00	0.00e+00	0.00e+00	5.51e-01	1.27e-05	7.41e-06
 3.72228e+22	5.75e-01	4.21e-01	3.96e-03	1.08e-05	9.64e-07	0.00e+00	0.00e+00	0.00e+00	0.00e+00	5.75e-01	1.27e-05	7.41e-06
 3.72250e+22	5.92e-01	4.04e-01	3.35e-03	1.00e-05	7.99e-07	0.00e+00	0.00e+00	0.00e+00	0.00e+00	5.92e-01	1.27e-05	7.40e-06
 3.72269e+22	6.08e-01	3.89e-01	2.88e-03	9.39e-06	6.75e-07	0.00e+00	0.00e+00	0.00e+00	0.00e+00	6.08e-01	1.27e-05	7.37e-06
 3.72283e+22	6.20e-01	3.78e-01	2.56e-03	8.93e-06	5.93e-07	0.00e+00	0.00e+00	0.00e+00	0.00e+00	6.20e-01	1.26e-05	7.33e-06
 3.72297e+22	6.30e-01	3.68e-01	2.31e-03	8.55e-06	5.28e-07	0.00e+00	0.00e+00	0.00e+00	0.00e+00	6.30e-01	1.26e-05	7.30e-06
 3.72312e+22	6.42e-01	3.56e-01	2.04e-03	8.09e-06	4.60e-07	0.00e+00	0.00e+00	0.00e+00	0.00e+00	6.42e-01	1.25e-05	7.25e-06
 3.72329e+22	6.57e-01	3.41e-01	1.76e-03	7.56e-06	3.91e-07	0.00e+00	0.00e+00	0.00e+00	0.00e+00	6.57e-01	1.24e-05	7.18e-06
 3.72343e+22	6.70e-01	3.29e-01	1.55e-03	7.13e-06	3.39e-07	0.00e+00	0.00e+00	0.00e+00	0.00e+00	6.70e-01	1.23e-05	7.12e-06
 3.72356e+22	6.80e-01	3.19e-01	1.39e-03	6.79e-06	3.01e-07	0.00e+00	0.00e+00	0.00e+00	0.00e+00	6.80e-01	1.22e-05	7.06e-06
 3.72368e+22	6.90e-01	3.09e-01	1.25e-03	6.49e-06	2.68e-07	0.00e+00	0.00e+00	0.00e+00	0.00e+00	6.90e-01	1.21e-05	7.00e-06
 3.72383e+22	7.01e-01	2.98e-01	1.11e-03	6.13e-06	2.34e-07	0.00e+00	0.00e+00	0.00e+00	0.00e+00	7.01e-01	1.19e-05	6.91e-06
 3.72397e+22	7.14e-01	2.85e-01	9.66e-04	5.75e-06	2.02e-07	0.00e+00	0.00e+00	0.00e+00	0.00e+00	7.14e-01	1.18e-05	6.82e-06
 3.72411e+22	7.26e-01	2.74e-01	8.57e-04	5.43e-06	1.77e-07	0.00e+00	0.00e+00	0.00e+00	0.00e+00	7.26e-01	1.16e-05	6.73e-06
 3.72422e+22	7.34e-01	2.65e-01	7.76e-04	5.19e-06	1.59e-07	0.00e+00	0.00e+00	0.00e+00	0.00e+00	7.34e-01	1.15e-05	6.65e-06
 3.72434e+22	7.44e-01	2.56e-01	6.99e-04	4.94e-06	1.42e-07	0.00e+00	0.00e+00	0.00e+00	0.00e+00	7.44e-01	1.13e-05	6.56e-06
 3.72448e+22	7.54e-01	2.45e-01	6.20e-04	4.65e-06	1.25e-07	0.00e+00	0.00e+00	0.00e+00	0.00e+00	7.54e-01	1.11e-05	6.45e-06
 3.72461e+22	7.65e-01	2.34e-01	5.50e-04	4.38e-06	0.00e+00	0.00e+00	0.00e+00	0.00e+00	0.00e+00	7.65e-01	1.10e-05	6.34e-06
 3.72473e+22	7.74e-01	2.26e-01	4.97e-04	4.17e-06	0.00e+00	0.00e+00	0.00e+00	0.00e+00	0.00e+00	7.74e-01	1.08e-05	6.25e-06
 3.72484e+22	7.82e-01	2.18e-01	4.52e-04	3.97e-06	0.00e+00	0.00e+00	0.00e+00	0.00e+00	0.00e+00	7.82e-01	1.06e-05	6.15e-06
 3.72497e+22	7.91e-01	2.09e-01	4.08e-04	3.77e-06	0.00e+00	0.00e+00	0.00e+00	0.00e+00	0.00e+00	7.91e-01	1.05e-05	6.04e-06
 3.72510e+22	8.00e-01	1.99e-01	3.67e-04	3.55e-06	0.00e+00	0.00e+00	0.00e+00	0.00e+00	0.00e+00	8.00e-01	1.03e-05	5.93e-06
 3.72522e+22	8.09e-01	1.91e-01	3.32e-04	3.35e-06	0.00e+00	0.00e+00	0.00e+00	0.00e+00	0.00e+00	8.09e-01	1.01e-05	5.81e-06
 3.72533e+22	8.16e-01	1.83e-01	3.05e-04	3.20e-06	0.00e+00	0.00e+00	0.00e+00	0.00e+00	0.00e+00	8.16e-01	9.92e-06	5.72e-06
 3.72544e+22	8.23e-01	1.76e-01	2.82e-04	3.04e-06	0.00e+00	0.00e+00	0.00e+00	0.00e+00	0.00e+00	8.23e-01	9.75e-06	5.61e-06
 3.72556e+22	8.31e-01	1.68e-01	2.58e-04	2.88e-06	0.00e+00	0.00e+00	0.00e+00	0.00e+00	0.00e+00	8.31e-01	9.54e-06	5.46e-06
 3.72568e+22	8.39e-01	1.60e-01	2.37e-04	2.72e-06	0.00e+00	0.00e+00	0.00e+00	0.00e+00	0.00e+00	8.39e-01	9.33e-06	5.32e-06
 3.72579e+22	8.46e-01	1.54e-01	2.20e-04	2.58e-06	0.00e+00	0.00e+00	0.00e+00	0.00e+00	0.00e+00	8.46e-01	9.14e-06	5.18e-06
 3.72590e+22	8.52e-01	1.48e-01	2.07e-04	2.46e-06	0.00e+00	0.00e+00	0.00e+00	0.00e+00	0.00e+00	8.52e-01	8.96e-06	5.06e-06
 3.72601e+22	8.58e-01	1.41e-01	1.94e-04	2.34e-06	0.00e+00	0.00e+00	0.00e+00	0.00e+00	0.00e+00	8.58e-01	8.78e-06	4.93e-06
 3.72612e+22	8.65e-01	1.35e-01	1.82e-04	2.21e-06	0.00e+00	0.00e+00	0.00e+00	0.00e+00	0.00e+00	8.65e-01	8.58e-06	4.79e-06
 3.72624e+22	8.71e-01	1.28e-01	1.72e-04	2.09e-06	0.00e+00	0.00e+00	0.00e+00	0.00e+00	0.00e+00	8.71e-01	8.39e-06	4.66e-06
 3.72634e+22	8.77e-01	1.23e-01	1.65e-04	2.00e-06	0.00e+00	0.00e+00	0.00e+00	0.00e+00	0.00e+00	8.77e-01	8.22e-06	4.55e-06
 3.72644e+22	8.81e-01	1.18e-01	1.58e-04	1.91e-06	0.00e+00	0.00e+00	0.00e+00	0.00e+00	0.00e+00	8.81e-01	8.07e-06	4.45e-06
 3.72654e+22	8.86e-01	1.13e-01	1.52e-04	1.82e-06	0.00e+00	0.00e+00	0.00e+00	0.00e+00	0.00e+00	8.86e-01	7.91e-06	4.33e-06
 3.72665e+22	8.92e-01	1.08e-01	1.47e-04	1.73e-06	0.00e+00	0.00e+00	0.00e+00	0.00e+00	0.00e+00	8.92e-01	7.75e-06	4.22e-06
 3.72675e+22	8.96e-01	1.04e-01	1.42e-04	1.64e-06	0.00e+00	0.00e+00	0.00e+00	0.00e+00	0.00e+00	8.96e-01	7.59e-06	4.12e-06
 3.72685e+22	9.00e-01	9.95e-02	1.39e-04	1.57e-06	0.00e+00	0.00e+00	0.00e+00	0.00e+00	0.00e+00	9.00e-01	7.46e-06	4.02e-06
 3.72694e+22	9.04e-01	9.57e-02	1.36e-04	1.51e-06	0.00e+00	0.00e+00	0.00e+00	0.00e+00	0.00e+00	9.04e-01	7.32e-06	3.93e-06
 3.72704e+22	9.08e-01	9.15e-02	1.33e-04	1.44e-06	0.00e+00	0.00e+00	0.00e+00	0.00e+00	0.00e+00	9.08e-01	7.18e-06	3.84e-06
 3.72714e+22	9.12e-01	8.75e-02	1.31e-04	1.37e-06	0.00e+00	0.00e+00	0.00e+00	0.00e+00	0.00e+00	9.12e-01	7.05e-06	3.75e-06
 3.72723e+22	9.16e-01	8.39e-02	1.29e-04	1.31e-06	0.00e+00	0.00e+00	0.00e+00	0.00e+00	0.00e+00	9.16e-01	6.92e-06	3.66e-06
 3.72732e+22	9.19e-01	8.07e-02	1.28e-04	1.26e-06	0.00e+00	0.00e+00	0.00e+00	0.00e+00	0.00e+00	9.19e-01	6.81e-06	3.59e-06
 3.72741e+22	9.22e-01	7.75e-02	1.27e-04	1.21e-06	0.00e+00	0.00e+00	0.00e+00	0.00e+00	0.00e+00	9.22e-01	6.70e-06	3.51e-06
 3.72751e+22	9.26e-01	7.44e-02	1.26e-04	1.15e-06	0.00e+00	0.00e+00	0.00e+00	0.00e+00	0.00e+00	9.26e-01	6.57e-06	3.43e-06
 3.72759e+22	9.28e-01	7.14e-02	1.26e-04	1.11e-06	0.00e+00	0.00e+00	0.00e+00	0.00e+00	0.00e+00	9.28e-01	6.46e-06	3.36e-06
 3.72768e+22	9.31e-01	6.89e-02	1.26e-04	1.07e-06	0.00e+00	0.00e+00	0.00e+00	0.00e+00	0.00e+00	9.31e-01	6.36e-06	3.30e-06
 3.72775e+22	9.33e-01	6.66e-02	1.26e-04	1.03e-06	0.00e+00	0.00e+00	0.00e+00	0.00e+00	0.00e+00	9.33e-01	6.27e-06	3.24e-06
 3.72783e+22	9.35e-01	6.45e-02	1.27e-04	9.99e-07	0.00e+00	0.00e+00	0.00e+00	0.00e+00	0.00e+00	9.35e-01	6.18e-06	3.18e-06
 3.72789e+22	9.37e-01	6.26e-02	1.27e-04	9.70e-07	0.00e+00	0.00e+00	0.00e+00	0.00e+00	0.00e+00	9.37e-01	6.10e-06	3.14e-06
 3.72796e+22	9.39e-01	6.09e-02	1.28e-04	9.43e-07	0.00e+00	0.00e+00	0.00e+00	0.00e+00	0.00e+00	9.39e-01	6.03e-06	3.09e-06
 3.72802e+22	9.41e-01	5.93e-02	1.28e-04	9.18e-07	0.00e+00	0.00e+00	0.00e+00	0.00e+00	0.00e+00	9.41e-01	5.96e-06	3.05e-06
 3.72808e+22	9.42e-01	5.76e-02	1.29e-04	8.93e-07	0.00e+00	0.00e+00	0.00e+00	0.00e+00	0.00e+00	9.42e-01	5.90e-06	3.00e-06
 3.72815e+22	9.44e-01	5.60e-02	1.30e-04	8.68e-07	0.00e+00	0.00e+00	0.00e+00	0.00e+00	0.00e+00	9.44e-01	5.83e-06	2.96e-06
 3.72820e+22	9.45e-01	5.45e-02	1.31e-04	8.46e-07	0.00e+00	0.00e+00	0.00e+00	0.00e+00	0.00e+00	9.45e-01	5.77e-06	2.92e-06
 3.72826e+22	9.47e-01	5.32e-02	1.31e-04	8.27e-07	0.00e+00	0.00e+00	0.00e+00	0.00e+00	0.00e+00	9.47e-01	5.71e-06	2.89e-06
 3.72831e+22	9.48e-01	5.20e-02	1.32e-04	8.09e-07	0.00e+00	0.00e+00	0.00e+00	0.00e+00	0.00e+00	9.48e-01	5.66e-06	2.86e-06
 3.72836e+22	9.49e-01	5.08e-02	1.33e-04	7.91e-07	0.00e+00	0.00e+00	0.00e+00	0.00e+00	0.00e+00	9.49e-01	5.61e-06	2.82e-06
 3.72841e+22	9.50e-01	4.96e-02	1.34e-04	7.73e-07	0.00e+00	0.00e+00	0.00e+00	0.00e+00	0.00e+00	9.50e-01	5.56e-06	2.79e-06
 3.72846e+22	9.51e-01	4.85e-02	1.35e-04	7.57e-07	0.00e+00	0.00e+00	0.00e+00	0.00e+00	0.00e+00	9.51e-01	5.51e-06	2.76e-06
 3.72851e+22	9.52e-01	4.74e-02	1.36e-04	7.41e-07	0.00e+00	0.00e+00	0.00e+00	0.00e+00	0.00e+00	9.52e-01	5.46e-06	2.73e-06
 3.72855e+22	9.53e-01	4.64e-02	1.37e-04	7.27e-07	0.00e+00	0.00e+00	0.00e+00	0.00e+00	0.00e+00	9.53e-01	5.42e-06	2.71e-06
 3.72859e+22	9.54e-01	4.55e-02	1.37e-04	7.14e-07	0.00e+00	0.00e+00	0.00e+00	0.00e+00	0.00e+00	9.54e-01	5.38e-06	2.68e-06
 3.72863e+22	9.55e-01	4.47e-02	1.38e-04	7.03e-07	0.00e+00	0.00e+00	0.00e+00	0.00e+00	0.00e+00	9.55e-01	5.34e-06	2.66e-06
 3.72867e+22	9.56e-01	4.39e-02	1.39e-04	6.92e-07	0.00e+00	0.00e+00	0.00e+00	0.00e+00	0.00e+00	9.56e-01	5.30e-06	2.64e-06
 3.72871e+22	9.57e-01	4.31e-02	1.39e-04	6.80e-07	0.00e+00	0.00e+00	0.00e+00	0.00e+00	0.00e+00	9.57e-01	5.27e-06	2.61e-06
 3.72874e+22	9.57e-01	4.24e-02	1.40e-04	6.70e-07	0.00e+00	0.00e+00	0.00e+00	0.00e+00	0.00e+00	9.57e-01	5.23e-06	2.59e-06
