#depth	Fe	Fe+	Fe+2	Fe+3	Fe+4	Fe+5	Fe+6	Fe+7	Fe+8	Fe+9	Fe+10	Fe+11	Fe+12	Fe+13	Fe+14	Fe+15	Fe+16	Fe+17	Fe+18	Fe+19	Fe+20	Fe+21	Fe+22	Fe+23	Fe+24	Fe+25	Fe+26
 6.17135e+19	0.00e+00	0.00e+00	0.00e+00	0.00e+00	0.00e+00	0.00e+00	0.00e+00	1.08e-27	1.88e-24	8.74e-22	2.67e-19	5.10e-17	8.23e-15	7.71e-13	4.89e-11	2.34e-09	4.26e-07	1.81e-05	3.84e-04	3.92e-03	2.14e-02	6.06e-02	1.21e-01	2.04e-01	4.76e-01	1.05e-01	8.07e-03
 1.87609e+20	0.00e+00	0.00e+00	0.00e+00	0.00e+00	0.00e+00	0.00e+00	0.00e+00	6.62e-27	1.02e-23	4.15e-21	1.12e-18	1.87e-16	2.64e-14	2.17e-12	1.20e-10	5.09e-09	8.99e-07	3.58e-05	7.00e-04	6.43e-03	3.14e-02	7.92e-02	1.41e-01	2.09e-01	4.40e-01	8.65e-02	5.98e-03
 2.90012e+20	0.00e+00	0.00e+00	0.00e+00	0.00e+00	0.00e+00	0.00e+00	0.00e+00	2.69e-26	3.75e-23	1.39e-20	3.37e-18	5.10e-16	6.49e-14	4.82e-12	2.41e-10	9.26e-09	1.59e-06	6.03e-05	1.10e-03	9.32e-03	4.16e-02	9.60e-02	1.55e-01	2.10e-01	4.08e-01	7.36e-02	4.66e-03
 3.58256e+20	0.00e+00	0.00e+00	0.00e+00	0.00e+00	0.00e+00	0.00e+00	2.64e-29	6.61e-26	8.66e-23	3.01e-20	6.86e-18	9.72e-16	1.16e-13	8.06e-12	3.78e-10	1.36e-08	2.29e-06	8.39e-05	1.47e-03	1.18e-02	4.96e-02	1.08e-01	1.64e-01	2.09e-01	3.86e-01	6.58e-02	3.94e-03
 4.06368e+20	0.00e+00	0.00e+00	0.00e+00	0.00e+00	0.00e+00	0.00e+00	5.21e-29	1.25e-25	1.57e-22	5.20e-20	1.13e-17	1.53e-15	1.74e-13	1.16e-11	5.17e-10	1.78e-08	2.96e-06	1.06e-04	1.79e-03	1.38e-02	5.60e-02	1.17e-01	1.70e-01	2.08e-01	3.70e-01	6.05e-02	3.49e-03
 4.40227e+20	0.00e+00	0.00e+00	0.00e+00	0.00e+00	0.00e+00	0.00e+00	8.07e-29	1.89e-25	2.30e-22	7.41e-20	1.57e-17	2.06e-15	2.27e-13	1.46e-11	6.35e-10	2.12e-08	3.49e-06	1.23e-04	2.04e-03	1.53e-02	6.04e-02	1.23e-01	1.74e-01	2.06e-01	3.59e-01	5.72e-02	3.22e-03
 4.76499e+20	0.00e+00	0.00e+00	0.00e+00	0.00e+00	0.00e+00	0.00e+00	1.31e-28	2.97e-25	3.50e-22	1.09e-19	2.24e-17	2.85e-15	3.04e-13	1.89e-11	7.94e-10	2.57e-08	4.18e-06	1.44e-04	2.34e-03	1.71e-02	6.56e-02	1.29e-01	1.78e-01	2.05e-01	3.47e-01	5.37e-02	2.94e-03
 5.23653e+20	0.00e+00	0.00e+00	0.00e+00	0.00e+00	0.00e+00	0.00e+00	2.42e-28	5.28e-25	5.99e-22	1.80e-19	3.53e-17	4.30e-15	4.40e-13	2.63e-11	1.06e-09	3.28e-08	5.26e-06	1.77e-04	2.79e-03	1.97e-02	7.26e-02	1.38e-01	1.82e-01	2.02e-01	3.31e-01	4.94e-02	2.60e-03
 5.75611e+20	0.00e+00	0.00e+00	0.00e+00	0.00e+00	0.00e+00	0.00e+00	4.70e-28	9.84e-25	1.07e-21	3.07e-19	5.77e-17	6.72e-15	6.56e-13	3.74e-11	1.44e-09	4.27e-08	6.72e-06	2.20e-04	3.37e-03	2.28e-02	8.09e-02	1.47e-01	1.87e-01	1.98e-01	3.14e-01	4.50e-02	2.28e-03
 6.23207e+20	0.00e+00	0.00e+00	0.00e+00	0.00e+00	0.00e+00	0.00e+00	8.52e-28	1.72e-24	1.79e-21	4.96e-19	8.95e-17	1.00e-14	9.38e-13	5.13e-11	1.89e-09	5.40e-08	8.35e-06	2.68e-04	3.97e-03	2.60e-02	8.88e-02	1.55e-01	1.90e-01	1.94e-01	2.98e-01	4.13e-02	2.02e-03
 6.74474e+20	0.00e+00	0.00e+00	0.00e+00	0.00e+00	0.00e+00	0.00e+00	1.59e-27	3.09e-24	3.10e-21	8.21e-19	1.42e-16	1.52e-14	1.37e-12	7.15e-11	2.52e-09	6.90e-08	1.05e-05	3.28e-04	4.71e-03	2.97e-02	9.77e-02	1.64e-01	1.93e-01	1.89e-01	2.81e-01	3.75e-02	1.77e-03
 7.31257e+20	0.00e+00	0.00e+00	0.00e+00	0.00e+00	0.00e+00	0.00e+00	3.13e-27	5.82e-24	5.59e-21	1.42e-18	2.34e-16	2.40e-14	2.05e-12	1.02e-10	3.44e-09	9.00e-08	1.34e-05	4.07e-04	5.65e-03	3.43e-02	1.08e-01	1.74e-01	1.96e-01	1.84e-01	2.63e-01	3.37e-02	1.52e-03
 7.83790e+20	0.00e+00	0.00e+00	0.00e+00	0.00e+00	0.00e+00	0.00e+00	5.77e-27	1.03e-23	9.52e-21	2.32e-18	3.67e-16	3.60e-14	2.96e-12	1.41e-10	4.55e-09	1.14e-07	1.67e-05	4.93e-04	6.65e-03	3.88e-02	1.18e-01	1.82e-01	1.97e-01	1.78e-01	2.47e-01	3.05e-02	1.33e-03
 8.40666e+20	0.00e+00	0.00e+00	0.00e+00	0.00e+00	0.00e+00	0.00e+00	1.10e-26	1.89e-23	1.67e-20	3.89e-18	5.90e-16	5.54e-14	4.34e-12	1.99e-10	6.11e-09	1.47e-07	2.10e-05	6.03e-04	7.86e-03	4.42e-02	1.28e-01	1.91e-01	1.98e-01	1.71e-01	2.30e-01	2.73e-02	1.14e-03
 9.00356e+20	0.00e+00	0.00e+00	0.00e+00	0.00e+00	0.00e+00	0.00e+00	2.12e-26	3.50e-23	2.96e-20	6.61e-18	9.60e-16	8.61e-14	6.44e-12	2.81e-10	8.25e-09	1.90e-07	2.65e-05	7.38e-04	9.30e-03	5.02e-02	1.40e-01	1.99e-01	1.98e-01	1.64e-01	2.13e-01	2.42e-02	9.75e-04
 9.51028e+20	0.00e+00	0.00e+00	0.00e+00	0.00e+00	0.00e+00	0.00e+00	3.67e-26	5.85e-23	4.77e-20	1.03e-17	1.43e-15	1.24e-13	8.92e-12	3.75e-10	1.06e-08	2.34e-07	3.20e-05	8.71e-04	1.07e-02	5.56e-02	1.50e-01	2.06e-01	1.98e-01	1.58e-01	1.99e-01	2.19e-02	8.52e-04
 1.00422e+21	0.00e+00	0.00e+00	0.00e+00	0.00e+00	0.00e+00	0.00e+00	6.42e-26	9.87e-23	7.76e-20	1.61e-17	2.16e-15	1.80e-13	1.24e-11	5.03e-10	1.36e-08	2.90e-07	3.88e-05	1.03e-03	1.22e-02	6.17e-02	1.60e-01	2.12e-01	1.96e-01	1.51e-01	1.85e-01	1.96e-02	7.39e-04
 1.07338e+21	0.00e+00	0.00e+00	0.00e+00	0.00e+00	0.00e+00	1.84e-29	1.30e-25	1.92e-22	1.44e-19	2.84e-17	3.64e-15	2.88e-13	1.89e-11	7.28e-10	1.87e-08	3.80e-07	4.95e-05	1.27e-03	1.45e-02	6.99e-02	1.73e-01	2.19e-01	1.94e-01	1.43e-01	1.68e-01	1.71e-02	6.13e-04
 1.14356e+21	0.00e+00	0.00e+00	0.00e+00	0.00e+00	0.00e+00	3.87e-29	2.62e-25	3.69e-22	2.64e-19	4.98e-17	6.07e-15	4.58e-13	2.86e-11	1.05e-09	2.57e-08	4.96e-07	6.27e-05	1.55e-03	1.71e-02	7.88e-02	1.86e-01	2.25e-01	1.90e-01	1.34e-01	1.52e-01	1.47e-02	5.07e-04
 1.20003e+21	0.00e+00	0.00e+00	0.00e+00	0.00e+00	0.00e+00	6.93e-29	4.53e-25	6.15e-22	4.25e-19	7.72e-17	9.07e-15	6.57e-13	3.96e-11	1.39e-09	3.28e-08	6.10e-07	7.52e-05	1.82e-03	1.94e-02	8.63e-02	1.97e-01	2.29e-01	1.87e-01	1.27e-01	1.39e-01	1.31e-02	4.35e-04
 1.25838e+21	0.00e+00	0.00e+00	0.00e+00	0.00e+00	0.00e+00	1.25e-28	7.86e-25	1.03e-21	6.86e-19	1.20e-16	1.36e-14	9.47e-13	5.48e-11	1.85e-09	4.19e-08	7.49e-07	9.03e-05	2.12e-03	2.19e-02	9.43e-02	2.07e-01	2.33e-01	1.83e-01	1.19e-01	1.28e-01	1.16e-02	3.71e-04
 1.33424e+21	0.00e+00	0.00e+00	0.00e+00	0.00e+00	0.00e+00	2.61e-28	1.58e-24	1.98e-21	1.26e-18	2.10e-16	2.26e-14	1.50e-12	8.25e-11	2.65e-09	5.70e-08	9.72e-07	1.13e-04	2.57e-03	2.56e-02	1.05e-01	2.20e-01	2.36e-01	1.77e-01	1.10e-01	1.14e-01	9.85e-03	3.02e-04
 1.40869e+21	0.00e+00	0.00e+00	0.00e+00	0.00e+00	0.00e+00	5.39e-28	3.11e-24	3.74e-21	2.26e-18	3.61e-16	3.70e-14	2.34e-12	1.23e-10	3.75e-09	7.68e-08	1.25e-06	1.41e-04	3.08e-03	2.95e-02	1.16e-01	2.32e-01	2.38e-01	1.70e-01	1.01e-01	1.01e-01	8.36e-03	2.46e-04
 1.46438e+21	0.00e+00	0.00e+00	0.00e+00	0.00e+00	0.00e+00	8.90e-28	4.99e-24	5.81e-21	3.41e-18	5.26e-16	5.22e-14	3.20e-12	1.62e-10	4.78e-09	9.45e-08	1.48e-06	1.64e-04	3.50e-03	3.26e-02	1.24e-01	2.40e-01	2.38e-01	1.65e-01	9.54e-02	9.27e-02	7.44e-03	2.12e-04
 1.51985e+21	0.00e+00	0.00e+00	0.00e+00	0.00e+00	0.00e+00	1.47e-27	8.01e-24	9.05e-21	5.14e-18	7.68e-16	7.38e-14	4.36e-12	2.13e-10	6.09e-09	1.16e-07	1.76e-06	1.91e-04	3.96e-03	3.59e-02	1.32e-01	2.48e-01	2.38e-01	1.60e-01	8.94e-02	8.47e-02	6.59e-03	1.82e-04
 1.59197e+21	0.00e+00	0.00e+00	0.00e+00	0.00e+00	0.00e+00	2.79e-27	1.46e-23	1.58e-20	8.63e-18	1.24e-15	1.14e-13	6.45e-12	3.02e-10	8.25e-09	1.51e-07	2.19e-06	2.30e-04	4.62e-03	4.04e-02	1.43e-01	2.57e-01	2.37e-01	1.53e-01	8.22e-02	7.54e-02	5.64e-03	1.50e-04
 1.66943e+21	0.00e+00	0.00e+00	0.00e+00	0.00e+00	0.00e+00	5.44e-27	2.73e-23	2.85e-20	1.49e-17	2.04e-15	1.80e-13	9.72e-12	4.34e-10	1.13e-08	1.97e-07	2.75e-06	2.79e-04	5.41e-03	4.56e-02	1.55e-01	2.67e-01	2.35e-01	1.46e-01	7.48e-02	6.64e-02	4.76e-03	1.21e-04
 1.73774e+21	0.00e+00	0.00e+00	0.00e+00	0.00e+00	0.00e+00	9.68e-27	4.69e-23	4.72e-20	2.37e-17	3.13e-15	2.66e-13	1.38e-11	5.93e-10	1.49e-08	2.49e-07	3.33e-06	3.28e-04	6.19e-03	5.05e-02	1.65e-01	2.74e-01	2.33e-01	1.39e-01	6.87e-02	5.93e-02	4.10e-03	1.01e-04
 1.81043e+21	0.00e+00	0.00e+00	0.00e+00	0.00e+00	0.00e+00	1.76e-26	8.20e-23	7.96e-20	3.85e-17	4.89e-15	3.98e-13	1.99e-11	8.18e-10	1.97e-08	3.16e-07	4.06e-06	3.88e-04	7.09e-03	5.59e-02	1.76e-01	2.81e-01	2.29e-01	1.31e-01	6.27e-02	5.25e-02	3.50e-03	8.26e-05
 1.89143e+21	0.00e+00	0.00e+00	0.00e+00	0.00e+00	0.00e+00	3.36e-26	1.51e-22	1.41e-19	6.52e-17	7.93e-15	6.18e-13	2.95e-11	1.16e-09	2.67e-08	4.09e-07	5.02e-06	4.65e-04	8.20e-03	6.23e-02	1.88e-01	2.87e-01	2.25e-01	1.24e-01	5.65e-02	4.58e-02	2.93e-03	6.63e-05
 1.96719e+21	0.00e+00	0.00e+00	0.00e+00	0.00e+00	0.00e+00	6.08e-26	2.63e-22	2.36e-19	1.05e-16	1.23e-14	9.22e-13	4.23e-11	1.60e-09	3.52e-08	5.16e-07	6.09e-06	5.47e-04	9.34e-03	6.85e-02	2.00e-01	2.92e-01	2.20e-01	1.16e-01	5.11e-02	4.03e-02	2.48e-03	5.40e-05
 2.04966e+21	0.00e+00	0.00e+00	0.00e+00	0.00e+00	0.00e+00	1.14e-25	4.74e-22	4.09e-19	1.75e-16	1.97e-14	1.41e-12	6.19e-11	2.23e-09	4.70e-08	6.61e-07	7.47e-06	6.49e-04	1.07e-02	7.56e-02	2.11e-01	2.96e-01	2.14e-01	1.09e-01	4.58e-02	3.51e-02	2.07e-03	4.33e-05
 2.13599e+21	0.00e+00	0.00e+00	0.00e+00	0.00e+00	1.86e-29	2.17e-25	8.65e-22	7.19e-19	2.95e-16	3.17e-14	2.17e-12	9.12e-11	3.14e-09	6.33e-08	8.48e-07	9.17e-06	7.70e-04	1.22e-02	8.34e-02	2.23e-01	2.99e-01	2.07e-01	1.01e-01	4.08e-02	3.03e-02	1.71e-03	3.44e-05
 2.20893e+21	0.00e+00	0.00e+00	0.00e+00	0.00e+00	3.26e-29	3.68e-25	1.42e-21	1.14e-18	4.53e-16	4.69e-14	3.10e-12	1.26e-10	4.17e-09	8.07e-08	1.04e-06	1.09e-05	8.85e-04	1.37e-02	9.01e-02	2.33e-01	3.01e-01	2.01e-01	9.45e-02	3.69e-02	2.67e-02	1.46e-03	2.83e-05
 2.28536e+21	0.00e+00	0.00e+00	0.00e+00	0.00e+00	5.79e-29	6.34e-25	2.37e-21	1.84e-18	7.02e-16	7.02e-14	4.46e-12	1.74e-10	5.55e-09	1.04e-07	1.28e-06	1.29e-05	1.02e-03	1.53e-02	9.74e-02	2.43e-01	3.02e-01	1.95e-01	8.82e-02	3.33e-02	2.34e-02	1.23e-03	2.31e-05
 2.38473e+21	0.00e+00	0.00e+00	0.00e+00	0.00e+00	1.20e-28	1.26e-24	4.51e-21	3.35e-18	1.22e-15	1.17e-13	7.08e-12	2.63e-10	7.98e-09	1.42e-07	1.67e-06	1.60e-05	1.22e-03	1.75e-02	1.07e-01	2.55e-01	3.03e-01	1.86e-01	8.04e-02	2.90e-02	1.98e-02	9.92e-04	1.78e-05
 2.48571e+21	0.00e+00	0.00e+00	0.00e+00	0.00e+00	2.49e-28	2.50e-24	8.56e-21	6.10e-18	2.13e-15	1.94e-13	1.12e-11	3.96e-10	1.14e-08	1.93e-07	2.17e-06	1.97e-05	1.45e-03	2.00e-02	1.17e-01	2.67e-01	3.02e-01	1.77e-01	7.31e-02	2.52e-02	1.66e-02	7.96e-04	1.36e-05
 2.56601e+21	0.00e+00	0.00e+00	0.00e+00	0.00e+00	4.37e-28	4.25e-24	1.41e-20	9.70e-18	3.26e-15	2.86e-13	1.60e-11	5.43e-10	1.51e-08	2.45e-07	2.65e-06	2.32e-05	1.65e-03	2.21e-02	1.26e-01	2.76e-01	3.00e-01	1.70e-01	6.76e-02	2.25e-02	1.45e-02	6.69e-04	1.10e-05
 2.64762e+21	0.00e+00	0.00e+00	0.00e+00	0.00e+00	7.65e-28	7.20e-24	2.31e-20	1.54e-17	4.99e-15	4.22e-13	2.27e-11	7.44e-10	1.99e-08	3.11e-07	3.22e-06	2.73e-05	1.88e-03	2.44e-02	1.34e-01	2.84e-01	2.98e-01	1.62e-01	6.24e-02	2.01e-02	1.26e-02	5.61e-04	8.92e-06
 2.75372e+21	0.00e+00	0.00e+00	0.00e+00	0.00e+00	1.56e-27	1.41e-23	4.32e-20	2.76e-17	8.55e-15	6.92e-13	3.54e-11	1.11e-09	2.82e-08	4.19e-07	4.14e-06	3.34e-05	2.21e-03	2.76e-02	1.46e-01	2.94e-01	2.94e-01	1.53e-01	5.62e-02	1.73e-02	1.05e-02	4.46e-04	6.78e-06
 2.86345e+21	0.00e+00	0.00e+00	0.00e+00	0.00e+00	3.20e-27	2.77e-23	8.15e-20	4.99e-17	1.48e-14	1.14e-12	5.56e-11	1.65e-09	4.00e-08	5.66e-07	5.32e-06	4.08e-05	2.60e-03	3.11e-02	1.57e-01	3.03e-01	2.88e-01	1.43e-01	5.02e-02	1.48e-02	8.67e-03	3.52e-04	5.11e-06
 2.95412e+21	0.00e+00	0.00e+00	0.00e+00	0.00e+00	5.73e-27	4.80e-23	1.36e-19	8.04e-17	2.29e-14	1.70e-12	7.99e-11	2.29e-09	5.31e-08	7.22e-07	6.50e-06	4.80e-05	2.96e-03	3.42e-02	1.67e-01	3.10e-01	2.83e-01	1.35e-01	4.58e-02	1.30e-02	7.42e-03	2.90e-04	4.05e-06
 3.03055e+21	0.00e+00	0.00e+00	0.00e+00	0.00e+00	9.29e-27	7.56e-23	2.08e-19	1.20e-16	3.31e-14	2.38e-12	1.08e-10	2.99e-09	6.72e-08	8.82e-07	7.67e-06	5.48e-05	3.29e-03	3.70e-02	1.76e-01	3.16e-01	2.79e-01	1.29e-01	4.23e-02	1.16e-02	6.50e-03	2.47e-04	3.33e-06
 3.11224e+21	0.00e+00	0.00e+00	0.00e+00	0.00e+00	1.54e-26	1.22e-22	3.26e-19	1.81e-16	4.85e-14	3.38e-12	1.48e-10	3.96e-09	8.59e-08	1.09e-06	9.13e-06	6.30e-05	3.67e-03	4.01e-02	1.85e-01	3.21e-01	2.73e-01	1.22e-01	3.88e-02	1.03e-02	5.65e-03	2.07e-04	2.71e-06
 3.21844e+21	0.00e+00	0.00e+00	0.00e+00	0.00e+00	2.93e-26	2.22e-22	5.72e-19	3.06e-16	7.86e-14	5.25e-12	2.21e-10	5.64e-09	1.17e-07	1.41e-06	1.13e-05	7.50e-05	4.20e-03	4.43e-02	1.96e-01	3.27e-01	2.66e-01	1.14e-01	3.47e-02	8.87e-03	4.72e-03	1.66e-04	2.08e-06
 3.32631e+21	0.00e+00	0.00e+00	0.00e+00	0.00e+00	5.56e-26	4.07e-22	1.01e-18	5.19e-16	1.28e-13	8.18e-12	3.29e-10	8.04e-09	1.59e-07	1.84e-06	1.41e-05	8.91e-05	4.81e-03	4.88e-02	2.08e-01	3.32e-01	2.58e-01	1.06e-01	3.09e-02	7.59e-03	3.93e-03	1.32e-04	1.59e-06
 3.41235e+21	0.00e+00	0.00e+00	0.00e+00	0.00e+00	9.19e-26	6.52e-22	1.57e-18	7.84e-16	1.87e-13	1.16e-11	4.49e-10	1.06e-08	2.02e-07	2.26e-06	1.67e-05	1.02e-04	5.34e-03	5.25e-02	2.17e-01	3.35e-01	2.52e-01	9.98e-02	2.82e-02	6.70e-03	3.39e-03	1.10e-04	1.28e-06
 3.50017e+21	0.00e+00	0.00e+00	0.00e+00	0.00e+00	1.52e-25	1.05e-21	2.44e-18	1.18e-15	2.73e-13	1.63e-11	6.13e-10	1.40e-08	2.57e-07	2.77e-06	1.97e-05	1.16e-04	5.92e-03	5.65e-02	2.27e-01	3.38e-01	2.45e-01	9.38e-02	2.57e-02	5.90e-03	2.92e-03	9.19e-05	1.03e-06
 3.59313e+21	0.00e+00	0.00e+00	0.00e+00	0.00e+00	2.57e-25	1.71e-21	3.87e-18	1.82e-15	4.05e-13	2.34e-11	8.48e-10	1.86e-08	3.30e-07	3.42e-06	2.34e-05	1.34e-04	6.58e-03	6.09e-02	2.37e-01	3.40e-01	2.37e-01	8.77e-02	2.32e-02	5.16e-03	2.50e-03	7.57e-05	8.20e-07
 3.67266e+21	0.00e+00	0.00e+00	0.00e+00	1.70e-29	4.00e-25	2.60e-21	5.72e-18	2.62e-15	5.67e-13	3.18e-11	1.12e-09	2.38e-08	4.08e-07	4.09e-06	2.71e-05	1.50e-04	7.19e-03	6.48e-02	2.45e-01	3.41e-01	2.31e-01	8.27e-02	2.12e-02	4.59e-03	2.18e-03	6.41e-05	6.74e-07
 3.75594e+21	0.00e+00	0.00e+00	0.00e+00	2.77e-29	6.31e-25	3.99e-21	8.54e-18	3.81e-15	7.99e-13	4.36e-11	1.48e-09	3.05e-08	5.07e-07	4.91e-06	3.15e-05	1.69e-04	7.87e-03	6.90e-02	2.54e-01	3.42e-01	2.24e-01	7.78e-02	1.94e-02	4.07e-03	1.90e-03	5.40e-05	5.50e-07
 3.84942e+21	0.00e+00	0.00e+00	0.00e+00	4.71e-29	1.04e-24	6.39e-21	1.33e-17	5.74e-15	1.17e-12	6.14e-11	2.01e-09	4.01e-08	6.42e-07	6.00e-06	3.71e-05	1.92e-04	8.68e-03	7.38e-02	2.63e-01	3.43e-01	2.16e-01	7.26e-02	1.75e-02	3.56e-03	1.62e-03	4.46e-05	4.39e-07
 3.93742e+21	0.00e+00	0.00e+00	0.00e+00	7.75e-29	1.66e-24	9.91e-21	2.00e-17	8.42e-15	1.66e-12	8.47e-11	2.69e-09	5.18e-08	8.01e-07	7.23e-06	4.32e-05	2.16e-04	9.51e-03	7.85e-02	2.72e-01	3.43e-01	2.09e-01	6.79e-02	1.59e-02	3.13e-03	1.40e-03	3.72e-05	3.55e-07
 4.01933e+21	0.00e+00	0.00e+00	0.00e+00	1.22e-28	2.55e-24	1.48e-20	2.92e-17	1.20e-14	2.29e-12	1.14e-10	3.50e-09	6.54e-08	9.80e-07	8.58e-06	4.96e-05	2.41e-04	1.03e-02	8.30e-02	2.80e-01	3.42e-01	2.02e-01	6.38e-02	1.45e-02	2.78e-03	1.22e-03	3.15e-05	2.91e-07
 4.09592e+21	0.00e+00	0.00e+00	0.00e+00	1.87e-28	3.79e-24	2.15e-20	4.14e-17	1.66e-14	3.09e-12	1.49e-10	4.47e-09	8.12e-08	1.18e-06	1.00e-05	5.64e-05	2.66e-04	1.11e-02	8.73e-02	2.87e-01	3.41e-01	1.96e-01	6.01e-02	1.33e-02	2.49e-03	1.07e-03	2.69e-05	2.42e-07
 4.16774e+21	0.00e+00	0.00e+00	0.00e+00	2.75e-28	5.45e-24	3.03e-20	5.70e-17	2.23e-14	4.06e-12	1.92e-10	5.60e-09	9.90e-08	1.40e-06	1.16e-05	6.33e-05	2.91e-04	1.19e-02	9.14e-02	2.94e-01	3.40e-01	1.90e-01	5.68e-02	1.23e-02	2.24e-03	9.52e-04	2.33e-05	2.04e-07
 4.24951e+21	0.00e+00	0.00e+00	0.00e+00	4.27e-28	8.22e-24	4.46e-20	8.19e-17	3.13e-14	5.55e-12	2.54e-10	7.22e-09	1.24e-07	1.70e-06	1.36e-05	7.23e-05	3.23e-04	1.29e-02	9.62e-02	3.01e-01	3.39e-01	1.83e-01	5.33e-02	1.12e-02	1.99e-03	8.31e-04	1.97e-05	1.68e-07
 4.33952e+21	0.00e+00	0.00e+00	0.00e+00	6.88e-28	1.29e-23	6.79e-20	1.21e-16	4.53e-14	7.78e-12	3.46e-10	9.51e-09	1.58e-07	2.10e-06	1.63e-05	8.33e-05	3.61e-04	1.40e-02	1.02e-01	3.09e-01	3.37e-01	1.76e-01	4.96e-02	1.01e-02	1.75e-03	7.15e-04	1.64e-05	1.35e-07
 4.42144e+21	0.00e+00	0.00e+00	0.00e+00	1.06e-27	1.92e-23	9.90e-20	1.73e-16	6.30e-14	1.05e-11	4.56e-10	1.22e-08	1.97e-07	2.53e-06	1.91e-05	9.47e-05	3.98e-04	1.50e-02	1.07e-01	3.16e-01	3.34e-01	1.70e-01	4.64e-02	9.21e-03	1.55e-03	6.24e-04	1.39e-05	0.00e+00
 4.49710e+21	0.00e+00	0.00e+00	0.00e+00	1.57e-27	2.78e-23	1.40e-19	2.40e-16	8.53e-14	1.39e-11	5.88e-10	1.53e-08	2.40e-07	3.01e-06	2.20e-05	1.06e-04	4.36e-04	1.61e-02	1.11e-01	3.22e-01	3.32e-01	1.64e-01	4.36e-02	8.44e-03	1.39e-03	5.50e-04	1.20e-05	0.00e+00
 4.58338e+21	0.00e+00	0.00e+00	0.00e+00	2.42e-27	4.18e-23	2.06e-19	3.44e-16	1.20e-13	1.90e-11	7.80e-10	1.97e-08	3.00e-07	3.65e-06	2.59e-05	1.21e-04	4.82e-04	1.73e-02	1.17e-01	3.29e-01	3.29e-01	1.57e-01	4.07e-02	7.65e-03	1.23e-03	4.77e-04	1.01e-05	0.00e+00
 4.67963e+21	0.00e+00	0.00e+00	0.00e+00	3.94e-27	6.59e-23	3.15e-19	5.13e-16	1.74e-13	2.68e-11	1.07e-09	2.61e-08	3.85e-07	4.51e-06	3.09e-05	1.40e-04	5.38e-04	1.87e-02	1.23e-01	3.36e-01	3.25e-01	1.50e-01	3.76e-02	6.86e-03	1.07e-03	4.07e-04	8.30e-06	0.00e+00
 4.76858e+21	0.00e+00	0.00e+00	0.00e+00	6.13e-27	9.97e-23	4.66e-19	7.40e-16	2.45e-13	3.67e-11	1.42e-09	3.37e-08	4.82e-07	5.48e-06	3.63e-05	1.59e-04	5.94e-04	2.01e-02	1.29e-01	3.43e-01	3.22e-01	1.44e-01	3.49e-02	6.19e-03	9.36e-04	3.51e-04	6.94e-06	0.00e+00
 4.84563e+21	0.00e+00	0.00e+00	0.00e+00	8.95e-27	1.42e-22	6.50e-19	1.01e-15	3.28e-13	4.80e-11	1.82e-09	4.20e-08	5.85e-07	6.46e-06	4.17e-05	1.77e-04	6.47e-04	2.14e-02	1.34e-01	3.48e-01	3.18e-01	1.38e-01	3.27e-02	5.66e-03	8.36e-04	3.09e-04	5.95e-06	0.00e+00
 4.92750e+21	0.00e+00	0.00e+00	0.00e+00	1.33e-26	2.06e-22	9.22e-19	1.41e-15	4.46e-13	6.37e-11	2.35e-09	5.28e-08	7.16e-07	7.69e-06	4.82e-05	1.99e-04	7.07e-04	2.28e-02	1.39e-01	3.54e-01	3.14e-01	1.32e-01	3.05e-02	5.15e-03	7.42e-04	2.70e-04	5.05e-06	0.00e+00
 5.01908e+21	0.00e+00	0.00e+00	0.00e+00	2.07e-26	3.11e-22	1.36e-18	2.02e-15	6.27e-13	8.71e-11	3.12e-09	6.82e-08	8.96e-07	9.32e-06	5.66e-05	2.26e-04	7.80e-04	2.45e-02	1.45e-01	3.60e-01	3.10e-01	1.26e-01	2.82e-02	4.63e-03	6.49e-04	2.32e-04	4.21e-06	0.00e+00
 5.10431e+21	0.00e+00	0.00e+00	0.00e+00	3.10e-26	4.54e-22	1.94e-18	2.83e-15	8.58e-13	1.16e-10	4.06e-09	8.63e-08	1.10e-06	1.11e-05	6.55e-05	2.54e-04	8.53e-04	2.61e-02	1.51e-01	3.65e-01	3.05e-01	1.21e-01	2.62e-02	4.19e-03	5.73e-04	2.01e-04	3.55e-06	0.00e+00
 5.18304e+21	0.00e+00	0.00e+00	0.00e+00	4.48e-26	6.42e-22	2.68e-18	3.84e-15	1.14e-12	1.51e-10	5.16e-09	1.07e-07	1.33e-06	1.31e-05	7.49e-05	2.83e-04	9.25e-04	2.77e-02	1.56e-01	3.69e-01	3.01e-01	1.16e-01	2.45e-02	3.82e-03	5.11e-04	1.77e-04	3.03e-06	0.00e+00
 5.27233e+21	0.00e+00	0.00e+00	0.00e+00	6.76e-26	9.44e-22	3.86e-18	5.41e-15	1.57e-12	2.03e-10	6.75e-09	1.36e-07	1.64e-06	1.57e-05	8.70e-05	3.19e-04	1.01e-03	2.95e-02	1.63e-01	3.74e-01	2.96e-01	1.10e-01	2.27e-02	3.44e-03	4.48e-04	1.53e-04	2.54e-06	0.00e+00
 5.37106e+21	0.00e+00	0.00e+00	0.00e+00	1.06e-25	1.44e-21	5.74e-18	7.86e-15	2.24e-12	2.81e-10	9.06e-09	1.77e-07	2.07e-06	1.91e-05	1.03e-04	3.63e-04	1.12e-03	3.16e-02	1.69e-01	3.79e-01	2.90e-01	1.04e-01	2.08e-02	3.06e-03	3.88e-04	1.30e-04	2.09e-06	0.00e+00
 5.46118e+21	0.00e+00	0.00e+00	0.00e+00	1.60e-25	2.12e-21	8.27e-18	1.11e-14	3.09e-12	3.78e-10	1.19e-08	2.26e-07	2.56e-06	2.29e-05	1.19e-04	4.09e-04	1.22e-03	3.37e-02	1.76e-01	3.83e-01	2.84e-01	9.88e-02	1.92e-02	2.75e-03	3.39e-04	1.11e-04	1.74e-06	0.00e+00
 5.54295e+21	0.00e+00	0.00e+00	0.00e+00	2.30e-25	2.96e-21	1.13e-17	1.49e-14	4.09e-12	4.88e-10	1.50e-08	2.78e-07	3.08e-06	2.68e-05	1.36e-04	4.53e-04	1.32e-03	3.56e-02	1.81e-01	3.87e-01	2.79e-01	9.44e-02	1.78e-02	2.50e-03	3.01e-04	9.76e-05	1.48e-06	0.00e+00
 5.63476e+21	0.00e+00	0.00e+00	0.00e+00	3.44e-25	4.32e-21	1.62e-17	2.09e-14	5.61e-12	6.53e-10	1.96e-08	3.52e-07	3.79e-06	3.19e-05	1.57e-04	5.08e-04	1.44e-03	3.78e-02	1.88e-01	3.90e-01	2.73e-01	8.95e-02	1.64e-02	2.24e-03	2.63e-04	8.39e-05	1.24e-06	0.00e+00
 5.73418e+21	0.00e+00	0.00e+00	0.00e+00	5.29e-25	6.47e-21	2.37e-17	3.00e-14	7.88e-12	8.93e-10	2.60e-08	4.54e-07	4.74e-06	3.86e-05	1.84e-04	5.75e-04	1.58e-03	4.03e-02	1.95e-01	3.94e-01	2.67e-01	8.44e-02	1.50e-02	1.99e-03	2.27e-04	7.11e-05	1.01e-06	0.00e+00
 5.82245e+21	0.00e+00	0.00e+00	0.00e+00	7.73e-25	9.22e-21	3.31e-17	4.11e-14	1.06e-11	1.18e-09	3.34e-08	5.69e-07	5.77e-06	4.57e-05	2.11e-04	6.41e-04	1.72e-03	4.26e-02	2.01e-01	3.97e-01	2.61e-01	8.00e-02	1.38e-02	1.79e-03	2.00e-04	6.14e-05	8.51e-07	0.00e+00
 5.90177e+21	0.00e+00	0.00e+00	1.19e-29	1.08e-24	1.26e-20	4.45e-17	5.45e-14	1.38e-11	1.50e-09	4.18e-08	6.94e-07	6.87e-06	5.30e-05	2.38e-04	7.06e-04	1.85e-03	4.48e-02	2.07e-01	3.99e-01	2.56e-01	7.62e-02	1.29e-02	1.63e-03	1.77e-04	5.39e-05	7.27e-07	0.00e+00
 5.99052e+21	0.00e+00	0.00e+00	1.77e-29	1.57e-24	1.78e-20	6.17e-17	7.42e-14	1.86e-11	1.96e-09	5.34e-08	8.65e-07	8.33e-06	6.24e-05	2.73e-04	7.84e-04	2.00e-03	4.73e-02	2.13e-01	4.01e-01	2.50e-01	7.22e-02	1.19e-02	1.46e-03	1.56e-04	4.65e-05	6.09e-07	0.00e+00
 6.08973e+21	0.00e+00	0.00e+00	2.74e-29	2.36e-24	2.61e-20	8.85e-17	1.05e-13	2.57e-11	2.65e-09	7.03e-08	1.10e-06	1.03e-05	7.49e-05	3.17e-04	8.82e-04	2.19e-03	5.02e-02	2.20e-01	4.03e-01	2.43e-01	6.78e-02	1.08e-02	1.29e-03	1.34e-04	3.94e-05	5.00e-07	0.00e+00
 6.18181e+21	0.00e+00	0.00e+00	4.10e-29	3.43e-24	3.71e-20	1.23e-16	1.43e-13	3.46e-11	3.49e-09	9.04e-08	1.38e-06	1.26e-05	8.85e-05	3.64e-04	9.82e-04	2.37e-03	5.30e-02	2.26e-01	4.05e-01	2.37e-01	6.39e-02	9.90e-03	1.16e-03	1.17e-04	3.38e-05	4.16e-07	0.00e+00
 6.26664e+21	0.00e+00	0.00e+00	5.95e-29	4.85e-24	5.13e-20	1.67e-16	1.92e-13	4.57e-11	4.52e-09	1.14e-07	1.71e-06	1.51e-05	1.03e-04	4.13e-04	1.09e-03	2.55e-03	5.57e-02	2.32e-01	4.06e-01	2.31e-01	6.05e-02	9.11e-03	1.04e-03	1.03e-04	2.93e-05	3.50e-07	0.00e+00
 6.36275e+21	0.00e+00	0.00e+00	8.88e-29	7.03e-24	7.26e-20	2.33e-16	2.63e-13	6.15e-11	5.94e-09	1.47e-07	2.13e-06	1.84e-05	1.22e-04	4.74e-04	1.21e-03	2.77e-03	5.87e-02	2.39e-01	4.07e-01	2.24e-01	5.69e-02	8.34e-03	9.27e-04	8.94e-05	2.50e-05	2.90e-07	0.00e+00
 6.46949e+21	0.00e+00	0.00e+00	1.39e-28	1.06e-23	1.07e-19	3.36e-16	3.74e-13	8.60e-11	8.09e-09	1.95e-07	2.75e-06	2.29e-05	1.47e-04	5.53e-04	1.36e-03	3.03e-03	6.23e-02	2.46e-01	4.08e-01	2.17e-01	5.30e-02	7.52e-03	8.12e-04	7.62e-05	2.09e-05	2.34e-07	0.00e+00
 6.56629e+21	0.00e+00	0.00e+00	2.07e-28	1.54e-23	1.51e-19	4.66e-16	5.12e-13	1.16e-10	1.07e-08	2.51e-07	3.45e-06	2.80e-05	1.74e-04	6.34e-04	1.51e-03	3.28e-03	6.56e-02	2.52e-01	4.08e-01	2.10e-01	4.97e-02	6.84e-03	7.20e-04	6.59e-05	1.78e-05	1.93e-07	0.00e+00
 6.65313e+21	0.00e+00	0.00e+00	2.93e-28	2.14e-23	2.05e-19	6.23e-16	6.76e-13	1.51e-10	1.36e-08	3.15e-07	4.22e-06	3.34e-05	2.02e-04	7.17e-04	1.67e-03	3.52e-03	6.87e-02	2.58e-01	4.08e-01	2.05e-01	4.68e-02	6.29e-03	6.46e-04	5.78e-05	1.54e-05	1.62e-07	0.00e+00
 6.75079e+21	0.00e+00	0.00e+00	4.31e-28	3.06e-23	2.87e-19	8.56e-16	9.17e-13	2.03e-10	1.79e-08	4.03e-07	5.27e-06	4.05e-05	2.39e-04	8.20e-04	1.85e-03	3.81e-03	7.23e-02	2.65e-01	4.08e-01	1.98e-01	4.38e-02	5.71e-03	5.72e-04	5.00e-05	1.31e-05	1.33e-07	0.00e+00
 6.86054e+21	0.00e+00	0.00e+00	6.61e-28	4.54e-23	4.15e-19	1.22e-15	1.29e-12	2.81e-10	2.42e-08	5.32e-07	6.75e-06	5.04e-05	2.87e-04	9.53e-04	2.08e-03	4.16e-03	7.65e-02	2.72e-01	4.07e-01	1.91e-01	4.06e-02	5.13e-03	4.99e-04	4.24e-05	1.09e-05	0.00e+00	0.00e+00
 6.96317e+21	0.00e+00	0.00e+00	9.79e-28	6.53e-23	5.83e-19	1.68e-15	1.76e-12	3.80e-10	3.20e-08	6.88e-07	8.49e-06	6.16e-05	3.39e-04	1.09e-03	2.31e-03	4.50e-03	8.05e-02	2.78e-01	4.06e-01	1.84e-01	3.78e-02	4.63e-03	4.39e-04	3.63e-05	9.17e-06	0.00e+00	0.00e+00
 7.05782e+21	0.00e+00	0.00e+00	1.39e-27	9.07e-23	7.93e-19	2.26e-15	2.34e-12	5.00e-10	4.12e-08	8.68e-07	1.05e-05	7.39e-05	3.96e-04	1.24e-03	2.55e-03	4.84e-03	8.43e-02	2.84e-01	4.05e-01	1.78e-01	3.54e-02	4.21e-03	3.89e-04	3.15e-05	7.82e-06	0.00e+00	0.00e+00
 7.16492e+21	0.00e+00	0.00e+00	2.06e-27	1.30e-22	1.11e-18	3.11e-15	3.20e-12	6.76e-10	5.46e-08	1.12e-06	1.32e-05	9.04e-05	4.69e-04	1.43e-03	2.84e-03	5.25e-03	8.87e-02	2.91e-01	4.03e-01	1.71e-01	3.28e-02	3.78e-03	3.40e-04	2.68e-05	6.55e-06	0.00e+00	0.00e+00
 7.28374e+21	0.00e+00	0.00e+00	3.14e-27	1.93e-22	1.60e-18	4.42e-15	4.51e-12	9.42e-10	7.43e-08	1.49e-06	1.70e-05	1.13e-04	5.66e-04	1.66e-03	3.19e-03	5.74e-03	9.38e-02	2.98e-01	4.00e-01	1.63e-01	3.01e-02	3.35e-03	2.93e-04	2.25e-05	5.37e-06	0.00e+00	0.00e+00
 7.39373e+21	0.00e+00	0.00e+00	4.60e-27	2.74e-22	2.23e-18	6.08e-15	6.15e-12	1.27e-09	9.83e-08	1.93e-06	2.14e-05	1.38e-04	6.71e-04	1.91e-03	3.55e-03	6.22e-03	9.86e-02	3.04e-01	3.97e-01	1.57e-01	2.78e-02	3.00e-03	2.55e-04	1.91e-05	4.47e-06	0.00e+00	0.00e+00
 7.49683e+21	0.00e+00	0.00e+00	6.53e-27	3.79e-22	3.02e-18	8.12e-15	8.17e-12	1.68e-09	1.27e-07	2.45e-06	2.65e-05	1.66e-04	7.84e-04	2.17e-03	3.92e-03	6.70e-03	1.03e-01	3.10e-01	3.94e-01	1.51e-01	2.58e-02	2.70e-03	2.24e-04	1.64e-05	3.77e-06	0.00e+00	0.00e+00
 7.59830e+21	0.00e+00	0.00e+00	9.12e-27	5.17e-22	4.04e-18	1.07e-14	1.07e-11	2.20e-09	1.63e-07	3.08e-06	3.25e-05	1.99e-04	9.12e-04	2.45e-03	4.31e-03	7.20e-03	1.08e-01	3.15e-01	3.91e-01	1.45e-01	2.39e-02	2.44e-03	1.97e-04	1.41e-05	3.19e-06	0.00e+00	0.00e+00
 7.69796e+21	0.00e+00	0.00e+00	1.26e-26	6.95e-22	5.33e-18	1.40e-14	1.40e-11	2.84e-09	2.07e-07	3.85e-06	3.97e-05	2.37e-04	1.05e-03	2.76e-03	4.72e-03	7.72e-03	1.13e-01	3.20e-01	3.87e-01	1.39e-01	2.22e-02	2.20e-03	1.74e-04	1.22e-05	2.71e-06	0.00e+00	0.00e+00
 7.81203e+21	0.00e+00	0.00e+00	1.79e-26	9.65e-22	7.26e-18	1.89e-14	1.88e-11	3.79e-09	2.71e-07	4.93e-06	4.95e-05	2.87e-04	1.24e-03	3.15e-03	5.23e-03	8.34e-03	1.18e-01	3.26e-01	3.83e-01	1.33e-01	2.04e-02	1.96e-03	1.51e-04	1.03e-05	2.25e-06	0.00e+00	0.00e+00
 7.93564e+21	0.00e+00	0.00e+00	2.61e-26	1.37e-21	1.01e-17	2.58e-14	2.56e-11	5.15e-09	3.61e-07	6.42e-06	6.27e-05	3.53e-04	1.47e-03	3.62e-03	5.82e-03	9.06e-03	1.24e-01	3.31e-01	3.78e-01	1.26e-01	1.86e-02	1.73e-03	1.30e-04	8.60e-06	1.84e-06	0.00e+00	0.00e+00
 8.04554e+21	0.00e+00	0.00e+00	3.61e-26	1.84e-21	1.33e-17	3.39e-14	3.36e-11	6.73e-09	4.62e-07	8.07e-06	7.70e-05	4.22e-04	1.71e-03	4.09e-03	6.40e-03	9.73e-03	1.29e-01	3.36e-01	3.73e-01	1.20e-01	1.72e-02	1.55e-03	1.13e-04	7.33e-06	1.55e-06	0.00e+00	0.00e+00
 8.16229e+21	0.00e+00	0.00e+00	5.03e-26	2.51e-21	1.78e-17	4.49e-14	4.44e-11	8.86e-09	5.97e-07	1.02e-05	9.51e-05	5.08e-04	2.00e-03	4.63e-03	7.04e-03	1.05e-02	1.35e-01	3.41e-01	3.68e-01	1.15e-01	1.58e-02	1.38e-03	9.83e-05	6.21e-06	1.29e-06	0.00e+00	0.00e+00
 8.29266e+21	0.00e+00	0.00e+00	7.23e-26	3.50e-21	2.43e-17	6.08e-14	6.02e-11	1.20e-08	7.90e-07	1.33e-05	1.20e-04	6.21e-04	2.36e-03	5.31e-03	7.83e-03	1.14e-02	1.42e-01	3.46e-01	3.61e-01	1.08e-01	1.43e-02	1.21e-03	8.39e-05	5.17e-06	1.05e-06	0.00e+00	0.00e+00
 8.41423e+21	0.00e+00	0.00e+00	1.00e-25	4.74e-21	3.24e-17	8.01e-14	7.94e-11	1.57e-08	1.02e-06	1.68e-05	1.48e-04	7.46e-04	2.75e-03	6.01e-03	8.61e-03	1.22e-02	1.48e-01	3.50e-01	3.55e-01	1.03e-01	1.31e-02	1.07e-03	7.24e-05	4.36e-06	8.68e-07	0.00e+00	0.00e+00
 8.52804e+21	0.00e+00	0.00e+00	1.35e-25	6.24e-21	4.19e-17	1.03e-13	1.02e-10	2.02e-08	1.29e-06	2.08e-05	1.80e-04	8.81e-04	3.17e-03	6.72e-03	9.39e-03	1.31e-02	1.54e-01	3.53e-01	3.49e-01	9.79e-02	1.20e-02	9.58e-04	6.32e-05	3.72e-06	7.29e-07	0.00e+00	0.00e+00
 8.65826e+21	0.00e+00	0.00e+00	1.87e-25	8.45e-21	5.58e-17	1.36e-13	1.35e-10	2.67e-08	1.67e-06	2.64e-05	2.22e-04	1.06e-03	3.69e-03	7.61e-03	1.03e-02	1.41e-02	1.60e-01	3.57e-01	3.42e-01	9.25e-02	1.09e-02	8.43e-04	5.43e-05	3.12e-06	5.99e-07	0.00e+00	0.00e+00
 8.80431e+21	0.00e+00	0.00e+00	2.68e-25	1.18e-20	7.62e-17	1.84e-13	1.84e-10	3.62e-08	2.21e-06	3.43e-05	2.81e-04	1.30e-03	4.36e-03	8.71e-03	1.15e-02	1.52e-02	1.68e-01	3.60e-01	3.33e-01	8.67e-02	9.80e-03	7.31e-04	4.58e-05	2.56e-06	4.82e-07	0.00e+00	0.00e+00
 8.94159e+21	0.00e+00	0.00e+00	3.71e-25	1.59e-20	1.01e-16	2.43e-13	2.43e-10	4.78e-08	2.87e-06	4.36e-05	3.47e-04	1.56e-03	5.08e-03	9.85e-03	1.26e-02	1.64e-02	1.75e-01	3.63e-01	3.25e-01	8.16e-02	8.86e-03	6.40e-04	3.90e-05	2.13e-06	3.93e-07	0.00e+00	0.00e+00
 9.07048e+21	0.00e+00	0.00e+00	5.00e-25	2.10e-20	1.31e-16	3.14e-13	3.14e-10	6.18e-08	3.63e-06	5.43e-05	4.22e-04	1.84e-03	5.84e-03	1.10e-02	1.37e-02	1.75e-02	1.82e-01	3.65e-01	3.17e-01	7.70e-02	8.07e-03	5.66e-04	3.37e-05	1.80e-06	3.26e-07	0.00e+00	0.00e+00
 9.21778e+21	0.00e+00	0.00e+00	6.93e-25	2.84e-20	1.75e-16	4.15e-13	4.18e-10	8.19e-08	4.72e-06	6.92e-05	5.23e-04	2.22e-03	6.81e-03	1.24e-02	1.50e-02	1.88e-02	1.89e-01	3.67e-01	3.09e-01	7.21e-02	7.25e-03	4.92e-04	2.85e-05	1.49e-06	2.64e-07	0.00e+00	0.00e+00
 9.37469e+21	0.00e+00	0.00e+00	9.75e-25	3.90e-20	2.36e-16	5.56e-13	5.62e-10	1.10e-07	6.20e-06	8.90e-05	6.54e-04	2.69e-03	7.97e-03	1.41e-02	1.66e-02	2.03e-02	1.97e-01	3.68e-01	2.99e-01	6.71e-02	6.47e-03	4.25e-04	2.39e-05	1.22e-06	2.12e-07	0.00e+00	0.00e+00
 9.50722e+21	0.00e+00	0.00e+00	1.29e-24	5.05e-20	3.02e-16	7.07e-13	7.17e-10	1.40e-07	7.77e-06	1.09e-04	7.86e-04	3.15e-03	9.07e-03	1.56e-02	1.79e-02	2.16e-02	2.03e-01	3.69e-01	2.91e-01	6.31e-02	5.88e-03	3.75e-04	2.07e-05	1.03e-06	1.76e-07	0.00e+00	0.00e+00
 9.62456e+21	0.00e+00	0.00e+00	1.64e-24	6.31e-20	3.73e-16	8.70e-13	8.88e-10	1.74e-07	9.46e-06	1.31e-04	9.24e-04	3.61e-03	1.02e-02	1.71e-02	1.92e-02	2.27e-02	2.09e-01	3.69e-01	2.83e-01	5.97e-02	5.39e-03	3.35e-04	1.81e-05	8.85e-07	1.49e-07	0.00e+00	0.00e+00
 9.75900e+21	0.00e+00	0.00e+00	2.15e-24	8.11e-20	4.73e-16	1.10e-12	1.12e-09	2.19e-07	1.17e-05	1.59e-04	1.10e-03	4.18e-03	1.14e-02	1.88e-02	2.06e-02	2.40e-02	2.15e-01	3.68e-01	2.75e-01	5.62e-02	4.91e-03	2.97e-04	1.57e-05	7.54e-07	1.25e-07	0.00e+00	0.00e+00
 9.93378e+21	0.00e+00	1.63e-29	3.02e-24	1.11e-19	6.37e-16	1.47e-12	1.51e-09	2.94e-07	1.54e-05	2.05e-04	1.37e-03	5.05e-03	1.33e-02	2.12e-02	2.26e-02	2.58e-02	2.23e-01	3.67e-01	2.64e-01	5.19e-02	4.34e-03	2.54e-04	1.31e-05	6.10e-07	0.00e+00	0.00e+00	0.00e+00
 1.01126e+22	0.00e+00	2.37e-29	4.25e-24	1.53e-19	8.61e-16	1.97e-12	2.04e-09	3.95e-07	2.02e-05	2.63e-04	1.70e-03	6.09e-03	1.55e-02	2.39e-02	2.47e-02	2.76e-02	2.30e-01	3.65e-01	2.53e-01	4.77e-02	3.82e-03	2.16e-04	1.08e-05	4.92e-07	0.00e+00	0.00e+00	0.00e+00
 1.02576e+22	0.00e+00	3.18e-29	5.57e-24	1.96e-19	1.09e-15	2.49e-12	2.58e-09	5.00e-07	2.50e-05	3.20e-04	2.03e-03	7.04e-03	1.75e-02	2.62e-02	2.64e-02	2.91e-02	2.36e-01	3.63e-01	2.44e-01	4.45e-02	3.45e-03	1.89e-04	9.27e-06	4.14e-07	0.00e+00	0.00e+00	0.00e+00
 1.04068e+22	0.00e+00	4.27e-29	7.28e-24	2.52e-19	1.38e-15	3.13e-12	3.27e-09	6.31e-07	3.10e-05	3.89e-04	2.40e-03	8.14e-03	1.96e-02	2.87e-02	2.83e-02	3.07e-02	2.42e-01	3.60e-01	2.35e-01	4.15e-02	3.10e-03	1.66e-04	7.95e-06	3.48e-07	0.00e+00	0.00e+00	0.00e+00
 1.06008e+22	0.00e+00	6.19e-29	1.02e-23	3.45e-19	1.87e-15	4.20e-12	4.40e-09	8.47e-07	4.06e-05	4.98e-04	2.98e-03	9.75e-03	2.27e-02	3.22e-02	3.07e-02	3.27e-02	2.48e-01	3.56e-01	2.23e-01	3.78e-02	2.71e-03	1.40e-04	6.52e-06	2.78e-07	0.00e+00	0.00e+00	0.00e+00
 1.08019e+22	0.00e+00	9.04e-29	1.44e-23	4.76e-19	2.53e-15	5.66e-12	5.96e-09	1.14e-06	5.33e-05	6.38e-04	3.70e-03	1.17e-02	2.62e-02	3.59e-02	3.33e-02	3.48e-02	2.55e-01	3.50e-01	2.11e-01	3.43e-02	2.35e-03	1.17e-04	5.31e-06	2.21e-07	0.00e+00	0.00e+00	0.00e+00
 1.09689e+22	0.00e+00	1.23e-28	1.92e-23	6.19e-19	3.25e-15	7.21e-12	7.61e-09	1.45e-06	6.62e-05	7.77e-04	4.39e-03	1.35e-02	2.94e-02	3.92e-02	3.55e-02	3.65e-02	2.60e-01	3.45e-01	2.02e-01	3.17e-02	2.10e-03	1.02e-04	4.51e-06	1.84e-07	0.00e+00	0.00e+00	0.00e+00
 1.11140e+22	0.00e+00	1.60e-28	2.43e-23	7.72e-19	4.00e-15	8.85e-12	9.36e-09	1.78e-06	7.96e-05	9.18e-04	5.08e-03	1.52e-02	3.23e-02	4.21e-02	3.74e-02	3.80e-02	2.63e-01	3.41e-01	1.94e-01	2.95e-02	1.90e-03	8.98e-05	3.90e-06	1.56e-07	0.00e+00	0.00e+00	0.00e+00
 1.12741e+22	0.00e+00	2.11e-28	3.14e-23	9.80e-19	5.02e-15	1.10e-11	1.17e-08	2.20e-06	9.68e-05	1.10e-03	5.91e-03	1.73e-02	3.57e-02	4.54e-02	3.94e-02	3.95e-02	2.67e-01	3.35e-01	1.85e-01	2.74e-02	1.70e-03	7.86e-05	3.34e-06	1.31e-07	0.00e+00	0.00e+00	0.00e+00
 1.14821e+22	0.00e+00	3.01e-28	4.33e-23	1.32e-18	6.68e-15	1.46e-11	1.55e-08	2.91e-06	1.24e-04	1.37e-03	7.19e-03	2.03e-02	4.05e-02	4.99e-02	4.22e-02	4.15e-02	2.71e-01	3.27e-01	1.73e-01	2.47e-02	1.47e-03	6.57e-05	2.73e-06	0.00e+00	0.00e+00	0.00e+00	0.00e+00
 1.16921e+22	0.00e+00	4.27e-28	5.97e-23	1.78e-18	8.88e-15	1.92e-11	2.05e-08	3.82e-06	1.59e-04	1.71e-03	8.70e-03	2.37e-02	4.57e-02	5.46e-02	4.49e-02	4.34e-02	2.74e-01	3.18e-01	1.62e-01	2.22e-02	1.27e-03	5.50e-05	2.22e-06	0.00e+00	0.00e+00	0.00e+00	0.00e+00
 1.18594e+22	0.00e+00	5.60e-28	7.65e-23	2.25e-18	1.11e-14	2.38e-11	2.55e-08	4.72e-06	1.93e-04	2.03e-03	1.01e-02	2.68e-02	5.02e-02	5.85e-02	4.70e-02	4.49e-02	2.75e-01	3.10e-01	1.54e-01	2.04e-02	1.13e-03	4.77e-05	1.89e-06	0.00e+00	0.00e+00	0.00e+00	0.00e+00
 1.20317e+22	0.00e+00	7.38e-28	9.85e-23	2.84e-18	1.38e-14	2.95e-11	3.16e-08	5.79e-06	2.31e-04	2.40e-03	1.16e-02	3.00e-02	5.47e-02	6.23e-02	4.90e-02	4.62e-02	2.76e-01	3.02e-01	1.46e-01	1.87e-02	1.01e-03	4.15e-05	1.61e-06	0.00e+00	0.00e+00	0.00e+00	0.00e+00
 1.22556e+22	0.00e+00	1.04e-27	1.35e-22	3.82e-18	1.83e-14	3.88e-11	4.14e-08	7.53e-06	2.93e-04	2.96e-03	1.39e-02	3.46e-02	6.11e-02	6.74e-02	5.16e-02	4.79e-02	2.77e-01	2.91e-01	1.35e-01	1.67e-02	8.64e-04	3.45e-05	1.31e-06	0.00e+00	0.00e+00	0.00e+00	0.00e+00
 1.24906e+22	0.00e+00	1.49e-27	1.88e-22	5.18e-18	2.44e-14	5.13e-11	5.48e-08	9.84e-06	3.72e-04	3.66e-03	1.66e-02	4.00e-02	6.81e-02	7.27e-02	5.42e-02	4.95e-02	2.76e-01	2.79e-01	1.25e-01	1.48e-02	7.34e-04	2.84e-05	1.05e-06	0.00e+00	0.00e+00	0.00e+00	0.00e+00
 1.26907e+22	0.00e+00	2.01e-27	2.46e-22	6.68e-18	3.11e-14	6.46e-11	6.89e-08	1.23e-05	4.52e-04	4.35e-03	1.92e-02	4.49e-02	7.43e-02	7.72e-02	5.63e-02	5.06e-02	2.74e-01	2.68e-01	1.16e-01	1.33e-02	6.40e-04	2.41e-05	8.71e-07	0.00e+00	0.00e+00	0.00e+00	0.00e+00
 1.29013e+22	0.00e+00	2.72e-27	3.25e-22	8.64e-18	3.97e-14	8.18e-11	8.70e-08	1.53e-05	5.51e-04	5.17e-03	2.22e-02	5.05e-02	8.09e-02	8.18e-02	5.83e-02	5.17e-02	2.72e-01	2.57e-01	1.08e-01	1.19e-02	5.54e-04	2.03e-05	7.18e-07	0.00e+00	0.00e+00	0.00e+00	0.00e+00
 1.31751e+22	0.00e+00	3.99e-27	4.61e-22	1.20e-17	5.40e-14	1.10e-10	1.17e-07	2.02e-05	7.04e-04	6.42e-03	2.66e-02	5.81e-02	8.96e-02	8.76e-02	6.05e-02	5.28e-02	2.67e-01	2.42e-01	9.72e-02	1.03e-02	4.59e-04	1.63e-05	5.60e-07	0.00e+00	0.00e+00	0.00e+00	0.00e+00
 1.34410e+22	0.00e+00	5.76e-27	6.45e-22	1.63e-17	7.25e-14	1.46e-10	1.54e-07	2.63e-05	8.87e-04	7.85e-03	3.14e-02	6.62e-02	9.83e-02	9.29e-02	6.25e-02	5.35e-02	2.62e-01	2.28e-01	8.77e-02	8.94e-03	3.82e-04	1.31e-05	4.39e-07	0.00e+00	0.00e+00	0.00e+00	0.00e+00
 1.36377e+22	0.00e+00	7.62e-27	8.35e-22	2.08e-17	9.04e-14	1.79e-10	1.87e-07	3.14e-05	1.03e-03	8.96e-03	3.50e-02	7.19e-02	1.04e-01	9.64e-02	6.35e-02	5.37e-02	2.57e-01	2.18e-01	8.18e-02	8.12e-03	3.38e-04	1.14e-05	3.75e-07	0.00e+00	0.00e+00	0.00e+00	0.00e+00
 1.38344e+22	0.00e+00	9.96e-27	1.07e-21	2.60e-17	1.12e-13	2.18e-10	2.25e-07	3.72e-05	1.20e-03	1.02e-02	3.88e-02	7.78e-02	1.10e-01	9.96e-02	6.45e-02	5.38e-02	2.52e-01	2.08e-01	7.61e-02	7.36e-03	2.99e-04	9.89e-06	3.20e-07	0.00e+00	0.00e+00	0.00e+00	0.00e+00
 1.40901e+22	0.00e+00	1.38e-26	1.43e-21	3.43e-17	1.45e-13	2.79e-10	2.86e-07	4.65e-05	1.46e-03	1.20e-02	4.45e-02	8.63e-02	1.18e-01	1.04e-01	6.55e-02	5.38e-02	2.45e-01	1.94e-01	6.87e-02	6.40e-03	2.51e-04	8.08e-06	2.55e-07	0.00e+00	0.00e+00	0.00e+00	0.00e+00
 1.43692e+22	0.00e+00	1.95e-26	1.97e-21	4.60e-17	1.91e-13	3.62e-10	3.68e-07	5.89e-05	1.79e-03	1.43e-02	5.13e-02	9.59e-02	1.27e-01	1.08e-01	6.62e-02	5.36e-02	2.35e-01	1.80e-01	6.12e-02	5.48e-03	2.07e-04	6.46e-06	1.99e-07	0.00e+00	0.00e+00	0.00e+00	0.00e+00
 1.46222e+22	0.00e+00	2.65e-26	2.60e-21	5.95e-17	2.43e-13	4.56e-10	4.60e-07	7.23e-05	2.13e-03	1.67e-02	5.79e-02	1.05e-01	1.34e-01	1.11e-01	6.66e-02	5.31e-02	2.27e-01	1.67e-01	5.49e-02	4.75e-03	1.74e-04	5.28e-06	1.59e-07	0.00e+00	0.00e+00	0.00e+00	0.00e+00
 1.48945e+22	0.00e+00	3.64e-26	3.49e-21	7.80e-17	3.13e-13	5.78e-10	5.77e-07	8.90e-05	2.55e-03	1.94e-02	6.52e-02	1.14e-01	1.42e-01	1.14e-01	6.66e-02	5.23e-02	2.17e-01	1.54e-01	4.90e-02	4.09e-03	1.44e-04	4.28e-06	1.26e-07	0.00e+00	0.00e+00	0.00e+00	0.00e+00
 1.52486e+22	0.00e+00	5.41e-26	5.00e-21	1.09e-16	4.27e-13	7.76e-10	7.66e-07	1.16e-04	3.19e-03	2.34e-02	7.56e-02	1.27e-01	1.51e-01	1.17e-01	6.62e-02	5.10e-02	2.03e-01	1.38e-01	4.18e-02	3.34e-03	1.13e-04	3.23e-06	0.00e+00	0.00e+00	0.00e+00	0.00e+00	0.00e+00
 1.56086e+22	0.00e+00	8.03e-26	7.17e-21	1.52e-16	5.82e-13	1.04e-09	1.01e-06	1.49e-04	3.95e-03	2.80e-02	8.68e-02	1.39e-01	1.59e-01	1.19e-01	6.52e-02	4.93e-02	1.89e-01	1.23e-01	3.55e-02	2.70e-03	8.74e-05	2.42e-06	0.00e+00	0.00e+00	0.00e+00	0.00e+00	0.00e+00
 1.59023e+22	0.00e+00	1.10e-25	9.51e-21	1.97e-16	7.43e-13	1.30e-09	1.25e-06	1.81e-04	4.66e-03	3.20e-02	9.62e-02	1.49e-01	1.65e-01	1.19e-01	6.41e-02	4.77e-02	1.77e-01	1.11e-01	3.10e-02	2.28e-03	7.11e-05	1.92e-06	0.00e+00	0.00e+00	0.00e+00	0.00e+00	0.00e+00
 1.61641e+22	0.00e+00	1.43e-25	1.21e-20	2.47e-16	9.15e-13	1.58e-09	1.51e-06	2.14e-04	5.35e-03	3.59e-02	1.05e-01	1.58e-01	1.69e-01	1.19e-01	6.28e-02	4.62e-02	1.67e-01	1.01e-01	2.74e-02	1.95e-03	5.92e-05	1.56e-06	0.00e+00	0.00e+00	0.00e+00	0.00e+00	0.00e+00
 1.64586e+22	0.00e+00	1.92e-25	1.58e-20	3.14e-16	1.15e-12	1.95e-09	1.84e-06	2.56e-04	6.22e-03	4.05e-02	1.15e-01	1.67e-01	1.74e-01	1.19e-01	6.12e-02	4.44e-02	1.56e-01	9.12e-02	2.39e-02	1.64e-03	4.81e-05	1.24e-06	0.00e+00	0.00e+00	0.00e+00	0.00e+00	0.00e+00
 1.68414e+22	0.00e+00	2.78e-25	2.22e-20	4.28e-16	1.53e-12	2.54e-09	2.35e-06	3.18e-04	7.44e-03	4.68e-02	1.27e-01	1.78e-01	1.78e-01	1.18e-01	5.88e-02	4.19e-02	1.42e-01	7.96e-02	2.00e-02	1.31e-03	3.71e-05	9.26e-07	0.00e+00	0.00e+00	0.00e+00	0.00e+00	0.00e+00
 1.72401e+22	0.00e+00	4.01e-25	3.09e-20	5.81e-16	2.03e-12	3.31e-09	3.01e-06	3.97e-04	8.92e-03	5.41e-02	1.41e-01	1.89e-01	1.81e-01	1.16e-01	5.60e-02	3.92e-02	1.28e-01	6.83e-02	1.64e-02	1.03e-03	2.78e-05	6.73e-07	0.00e+00	0.00e+00	0.00e+00	0.00e+00	0.00e+00
 1.75589e+22	0.00e+00	5.34e-25	4.00e-20	7.36e-16	2.52e-12	4.05e-09	3.63e-06	4.69e-04	1.02e-02	6.02e-02	1.52e-01	1.97e-01	1.83e-01	1.13e-01	5.37e-02	3.70e-02	1.17e-01	6.04e-02	1.40e-02	8.47e-04	2.22e-05	5.24e-07	0.00e+00	0.00e+00	0.00e+00	0.00e+00	0.00e+00
 1.78727e+22	0.00e+00	7.01e-25	5.11e-20	9.22e-16	3.11e-12	4.90e-09	4.33e-06	5.47e-04	1.16e-02	6.64e-02	1.63e-01	2.04e-01	1.84e-01	1.11e-01	5.13e-02	3.49e-02	1.07e-01	5.35e-02	1.20e-02	7.02e-04	1.78e-05	4.12e-07	0.00e+00	0.00e+00	0.00e+00	0.00e+00	0.00e+00
 1.82806e+22	0.00e+00	9.88e-25	6.97e-20	1.22e-15	4.03e-12	6.21e-09	5.39e-06	6.62e-04	1.35e-02	7.46e-02	1.76e-01	2.12e-01	1.84e-01	1.07e-01	4.82e-02	3.22e-02	9.56e-02	4.57e-02	9.81e-03	5.51e-04	1.35e-05	3.02e-07	0.00e+00	0.00e+00	0.00e+00	0.00e+00	0.00e+00
 1.87028e+22	0.00e+00	1.39e-24	9.46e-20	1.62e-15	5.22e-12	7.88e-09	6.72e-06	8.03e-04	1.57e-02	8.39e-02	1.90e-01	2.19e-01	1.82e-01	1.03e-01	4.48e-02	2.95e-02	8.42e-02	3.85e-02	7.90e-03	4.24e-04	9.97e-06	2.17e-07	0.00e+00	0.00e+00	0.00e+00	0.00e+00	0.00e+00
 1.90484e+22	0.00e+00	1.82e-24	1.21e-19	2.02e-15	6.41e-12	9.50e-09	7.98e-06	9.32e-04	1.77e-02	9.16e-02	2.01e-01	2.24e-01	1.80e-01	9.87e-02	4.22e-02	2.73e-02	7.58e-02	3.34e-02	6.63e-03	3.44e-04	7.83e-06	1.66e-07	0.00e+00	0.00e+00	0.00e+00	0.00e+00	0.00e+00
 1.94028e+22	0.00e+00	2.37e-24	1.53e-19	2.51e-15	7.83e-12	1.14e-08	9.44e-06	1.08e-03	1.98e-02	9.96e-02	2.11e-01	2.28e-01	1.78e-01	9.46e-02	3.95e-02	2.53e-02	6.80e-02	2.90e-02	5.54e-03	2.77e-04	6.13e-06	1.27e-07	0.00e+00	0.00e+00	0.00e+00	0.00e+00	0.00e+00
 1.98635e+22	0.00e+00	3.32e-24	2.08e-19	3.32e-15	1.01e-11	1.44e-08	1.16e-05	1.29e-03	2.27e-02	1.10e-01	2.24e-01	2.32e-01	1.74e-01	8.93e-02	3.62e-02	2.28e-02	5.91e-02	2.41e-02	4.41e-03	2.11e-04	4.50e-06	0.00e+00	0.00e+00	0.00e+00	0.00e+00	0.00e+00	0.00e+00
 2.03423e+22	0.00e+00	4.64e-24	2.80e-19	4.36e-15	1.30e-11	1.81e-08	1.43e-05	1.54e-03	2.61e-02	1.22e-01	2.37e-01	2.35e-01	1.68e-01	8.34e-02	3.29e-02	2.03e-02	5.07e-02	1.97e-02	3.44e-03	1.57e-04	3.21e-06	0.00e+00	0.00e+00	0.00e+00	0.00e+00	0.00e+00	0.00e+00
 2.07372e+22	0.00e+00	6.06e-24	3.56e-19	5.42e-15	1.59e-11	2.17e-08	1.69e-05	1.77e-03	2.90e-02	1.31e-01	2.47e-01	2.36e-01	1.64e-01	7.87e-02	3.03e-02	1.85e-02	4.46e-02	1.67e-02	2.81e-03	1.24e-04	2.45e-06	0.00e+00	0.00e+00	0.00e+00	0.00e+00	0.00e+00	0.00e+00
 2.11429e+22	1.61e-29	7.89e-24	4.52e-19	6.73e-15	1.94e-11	2.60e-08	1.99e-05	2.04e-03	3.21e-02	1.41e-01	2.57e-01	2.36e-01	1.58e-01	7.40e-02	2.78e-02	1.67e-02	3.92e-02	1.41e-02	2.29e-03	9.72e-05	1.86e-06	0.00e+00	0.00e+00	0.00e+00	0.00e+00	0.00e+00	0.00e+00
 2.16702e+22	2.36e-29	1.10e-23	6.08e-19	8.82e-15	2.48e-11	3.25e-08	2.43e-05	2.41e-03	3.64e-02	1.53e-01	2.67e-01	2.35e-01	1.51e-01	6.81e-02	2.49e-02	1.47e-02	3.31e-02	1.14e-02	1.76e-03	7.13e-05	1.31e-06	0.00e+00	0.00e+00	0.00e+00	0.00e+00	0.00e+00	0.00e+00
 2.22187e+22	3.46e-29	1.54e-23	8.21e-19	1.16e-14	3.20e-11	4.07e-08	2.98e-05	2.86e-03	4.13e-02	1.67e-01	2.78e-01	2.33e-01	1.43e-01	6.22e-02	2.20e-02	1.28e-02	2.77e-02	9.03e-03	1.33e-03	5.14e-05	9.07e-07	0.00e+00	0.00e+00	0.00e+00	0.00e+00	0.00e+00	0.00e+00
 2.26414e+22	4.62e-29	1.98e-23	1.03e-18	1.42e-14	3.86e-11	4.82e-08	3.47e-05	3.24e-03	4.52e-02	1.77e-01	2.85e-01	2.30e-01	1.37e-01	5.78e-02	2.00e-02	1.15e-02	2.41e-02	7.57e-03	1.08e-03	4.00e-05	6.84e-07	0.00e+00	0.00e+00	0.00e+00	0.00e+00	0.00e+00	0.00e+00
