#depth	Mg	Mg+	Mg+2	Mg+3	Mg+4	Mg+5	Mg+6	Mg+7	Mg+8	Mg+9	Mg+10	Mg+11	Mg+12
 6.17135e+19	0.00e+00	0.00e+00	0.00e+00	3.65e-29	5.07e-24	1.36e-19	9.31e-16	2.13e-12	2.28e-09	1.41e-06	2.01e-03	8.45e-02	9.13e-01
 1.87609e+20	0.00e+00	0.00e+00	0.00e+00	1.05e-28	1.29e-23	3.07e-19	1.87e-15	3.80e-12	3.59e-09	1.97e-06	2.50e-03	9.36e-02	9.04e-01
 2.90012e+20	0.00e+00	0.00e+00	0.00e+00	2.38e-28	2.65e-23	5.76e-19	3.21e-15	5.97e-12	5.12e-09	2.55e-06	2.96e-03	1.01e-01	8.96e-01
 3.58256e+20	0.00e+00	0.00e+00	0.00e+00	4.03e-28	4.21e-23	8.63e-19	4.55e-15	7.99e-12	6.43e-09	3.02e-06	3.30e-03	1.07e-01	8.90e-01
 4.06368e+20	0.00e+00	0.00e+00	0.00e+00	5.85e-28	5.86e-23	1.15e-18	5.83e-15	9.83e-12	7.56e-09	3.40e-06	3.56e-03	1.10e-01	8.86e-01
 4.40227e+20	0.00e+00	0.00e+00	0.00e+00	7.45e-28	7.25e-23	1.39e-18	6.84e-15	1.12e-11	8.39e-09	3.67e-06	3.74e-03	1.13e-01	8.83e-01
 4.76499e+20	0.00e+00	0.00e+00	0.00e+00	9.72e-28	9.16e-23	1.70e-18	8.16e-15	1.30e-11	9.41e-09	3.99e-06	3.95e-03	1.16e-01	8.80e-01
 5.23653e+20	0.00e+00	0.00e+00	0.00e+00	1.36e-27	1.24e-22	2.21e-18	1.02e-14	1.57e-11	1.09e-08	4.45e-06	4.23e-03	1.20e-01	8.76e-01
 5.75611e+20	0.00e+00	0.00e+00	0.00e+00	1.97e-27	1.71e-22	2.93e-18	1.30e-14	1.92e-11	1.28e-08	5.00e-06	4.56e-03	1.24e-01	8.72e-01
 6.23207e+20	0.00e+00	0.00e+00	0.00e+00	2.74e-27	2.29e-22	3.78e-18	1.62e-14	2.31e-11	1.48e-08	5.56e-06	4.88e-03	1.28e-01	8.67e-01
 6.74474e+20	0.00e+00	0.00e+00	0.00e+00	3.88e-27	3.11e-22	4.94e-18	2.05e-14	2.80e-11	1.72e-08	6.21e-06	5.24e-03	1.32e-01	8.63e-01
 7.31257e+20	0.00e+00	0.00e+00	0.00e+00	5.67e-27	4.34e-22	6.61e-18	2.63e-14	3.46e-11	2.02e-08	7.00e-06	5.67e-03	1.37e-01	8.58e-01
 7.83790e+20	0.00e+00	0.00e+00	0.00e+00	7.98e-27	5.88e-22	8.61e-18	3.30e-14	4.18e-11	2.35e-08	7.81e-06	6.08e-03	1.41e-01	8.53e-01
 8.40666e+20	0.00e+00	0.00e+00	0.00e+00	1.15e-26	8.09e-22	1.14e-17	4.20e-14	5.12e-11	2.75e-08	8.77e-06	6.54e-03	1.46e-01	8.47e-01
 9.00356e+20	0.00e+00	0.00e+00	0.00e+00	1.66e-26	1.12e-21	1.52e-17	5.38e-14	6.29e-11	3.24e-08	9.88e-06	7.06e-03	1.51e-01	8.42e-01
 9.51028e+20	0.00e+00	0.00e+00	0.00e+00	2.27e-26	1.48e-21	1.92e-17	6.61e-14	7.47e-11	3.70e-08	1.09e-05	7.52e-03	1.56e-01	8.37e-01
 1.00422e+21	0.00e+00	0.00e+00	0.00e+00	3.11e-26	1.96e-21	2.46e-17	8.17e-14	8.92e-11	4.25e-08	1.21e-05	8.02e-03	1.60e-01	8.32e-01
 1.07338e+21	0.00e+00	0.00e+00	0.00e+00	4.67e-26	2.80e-21	3.36e-17	1.07e-13	1.12e-10	5.07e-08	1.37e-05	8.71e-03	1.66e-01	8.25e-01
 1.14356e+21	0.00e+00	0.00e+00	0.00e+00	6.97e-26	3.99e-21	4.58e-17	1.40e-13	1.40e-10	6.05e-08	1.56e-05	9.45e-03	1.72e-01	8.18e-01
 1.20003e+21	0.00e+00	0.00e+00	0.00e+00	9.56e-26	5.27e-21	5.85e-17	1.72e-13	1.67e-10	6.94e-08	1.73e-05	1.01e-02	1.77e-01	8.13e-01
 1.25838e+21	0.00e+00	0.00e+00	0.00e+00	1.32e-25	6.99e-21	7.48e-17	2.13e-13	1.99e-10	7.98e-08	1.91e-05	1.08e-02	1.82e-01	8.07e-01
 1.33424e+21	0.00e+00	0.00e+00	0.00e+00	1.97e-25	1.00e-20	1.02e-16	2.79e-13	2.49e-10	9.52e-08	2.17e-05	1.17e-02	1.89e-01	7.99e-01
 1.40869e+21	0.00e+00	0.00e+00	0.00e+00	2.94e-25	1.42e-20	1.39e-16	3.64e-13	3.11e-10	1.13e-07	2.47e-05	1.26e-02	1.96e-01	7.92e-01
 1.46438e+21	0.00e+00	0.00e+00	0.00e+00	3.88e-25	1.82e-20	1.72e-16	4.38e-13	3.63e-10	1.28e-07	2.69e-05	1.34e-02	2.01e-01	7.86e-01
 1.51985e+21	0.00e+00	0.00e+00	0.00e+00	5.13e-25	2.33e-20	2.14e-16	5.28e-13	4.25e-10	1.45e-07	2.95e-05	1.41e-02	2.06e-01	7.80e-01
 1.59197e+21	0.00e+00	0.00e+00	0.00e+00	7.32e-25	3.19e-20	2.82e-16	6.69e-13	5.18e-10	1.69e-07	3.30e-05	1.52e-02	2.12e-01	7.73e-01
 1.66943e+21	0.00e+00	0.00e+00	0.00e+00	1.07e-24	4.45e-20	3.76e-16	8.59e-13	6.38e-10	1.99e-07	3.71e-05	1.64e-02	2.19e-01	7.65e-01
 1.73774e+21	0.00e+00	0.00e+00	0.00e+00	1.47e-24	5.92e-20	4.83e-16	1.07e-12	7.64e-10	2.29e-07	4.11e-05	1.75e-02	2.25e-01	7.58e-01
 1.81043e+21	0.00e+00	0.00e+00	0.00e+00	2.06e-24	7.98e-20	6.27e-16	1.34e-12	9.21e-10	2.65e-07	4.58e-05	1.87e-02	2.31e-01	7.50e-01
 1.89143e+21	0.00e+00	0.00e+00	1.32e-29	2.98e-24	1.11e-19	8.34e-16	1.71e-12	1.13e-09	3.11e-07	5.14e-05	2.01e-02	2.38e-01	7.41e-01
 1.96719e+21	0.00e+00	0.00e+00	1.93e-29	4.19e-24	1.49e-19	1.08e-15	2.14e-12	1.37e-09	3.61e-07	5.72e-05	2.15e-02	2.45e-01	7.33e-01
 2.04966e+21	0.00e+00	0.00e+00	2.88e-29	6.00e-24	2.05e-19	1.43e-15	2.72e-12	1.67e-09	4.22e-07	6.41e-05	2.30e-02	2.52e-01	7.25e-01
 2.13599e+21	0.00e+00	0.00e+00	4.36e-29	8.69e-24	2.85e-19	1.91e-15	3.48e-12	2.05e-09	4.95e-07	7.20e-05	2.48e-02	2.60e-01	7.15e-01
 2.20893e+21	0.00e+00	0.00e+00	6.14e-29	1.18e-23	3.74e-19	2.42e-15	4.28e-12	2.43e-09	5.66e-07	7.93e-05	2.63e-02	2.66e-01	7.07e-01
 2.28536e+21	0.00e+00	0.00e+00	8.73e-29	1.62e-23	4.94e-19	3.08e-15	5.28e-12	2.90e-09	6.49e-07	8.75e-05	2.80e-02	2.73e-01	6.99e-01
 2.38473e+21	0.00e+00	0.00e+00	1.37e-28	2.42e-23	7.05e-19	4.21e-15	6.90e-12	3.63e-09	7.73e-07	9.92e-05	3.02e-02	2.81e-01	6.88e-01
 2.48571e+21	0.00e+00	0.00e+00	2.14e-28	3.62e-23	1.01e-18	5.74e-15	9.02e-12	4.53e-09	9.20e-07	1.12e-04	3.26e-02	2.90e-01	6.77e-01
 2.56601e+21	0.00e+00	0.00e+00	3.04e-28	4.95e-23	1.33e-18	7.31e-15	1.11e-11	5.39e-09	1.05e-06	1.24e-04	3.47e-02	2.97e-01	6.68e-01
 2.64762e+21	0.00e+00	0.00e+00	4.30e-28	6.77e-23	1.75e-18	9.30e-15	1.37e-11	6.41e-09	1.21e-06	1.37e-04	3.68e-02	3.04e-01	6.59e-01
 2.75372e+21	0.00e+00	0.00e+00	6.71e-28	1.01e-22	2.49e-18	1.26e-14	1.78e-11	8.00e-09	1.43e-06	1.54e-04	3.97e-02	3.12e-01	6.48e-01
 2.86345e+21	0.00e+00	0.00e+00	1.05e-27	1.51e-22	3.56e-18	1.73e-14	2.34e-11	1.00e-08	1.71e-06	1.75e-04	4.28e-02	3.21e-01	6.36e-01
 2.95412e+21	0.00e+00	0.00e+00	1.52e-27	2.10e-22	4.76e-18	2.23e-14	2.91e-11	1.20e-08	1.97e-06	1.94e-04	4.55e-02	3.29e-01	6.26e-01
 3.03055e+21	0.00e+00	0.00e+00	2.06e-27	2.76e-22	6.07e-18	2.75e-14	3.49e-11	1.40e-08	2.21e-06	2.11e-04	4.79e-02	3.35e-01	6.17e-01
 3.11224e+21	0.00e+00	0.00e+00	2.85e-27	3.68e-22	7.84e-18	3.44e-14	4.23e-11	1.64e-08	2.51e-06	2.30e-04	5.05e-02	3.41e-01	6.08e-01
 3.21844e+21	0.00e+00	0.00e+00	4.28e-27	5.30e-22	1.08e-17	4.56e-14	5.39e-11	2.01e-08	2.93e-06	2.57e-04	5.40e-02	3.49e-01	5.96e-01
 3.32631e+21	0.00e+00	0.00e+00	6.44e-27	7.66e-22	1.50e-17	6.06e-14	6.89e-11	2.47e-08	3.43e-06	2.88e-04	5.78e-02	3.58e-01	5.84e-01
 3.41235e+21	0.00e+00	0.00e+00	8.89e-27	1.02e-21	1.93e-17	7.57e-14	8.35e-11	2.89e-08	3.89e-06	3.14e-04	6.09e-02	3.64e-01	5.75e-01
 3.50017e+21	0.00e+00	0.00e+00	1.23e-26	1.37e-21	2.50e-17	9.47e-14	1.01e-10	3.40e-08	4.40e-06	3.43e-04	6.41e-02	3.70e-01	5.65e-01
 3.59313e+21	0.00e+00	0.00e+00	1.72e-26	1.85e-21	3.27e-17	1.20e-13	1.24e-10	4.02e-08	5.01e-06	3.76e-04	6.77e-02	3.77e-01	5.55e-01
 3.67266e+21	0.00e+00	0.00e+00	2.30e-26	2.39e-21	4.11e-17	1.46e-13	1.47e-10	4.64e-08	5.60e-06	4.06e-04	7.09e-02	3.83e-01	5.46e-01
 3.75594e+21	0.00e+00	0.00e+00	3.09e-26	3.12e-21	5.20e-17	1.79e-13	1.76e-10	5.37e-08	6.28e-06	4.40e-04	7.43e-02	3.88e-01	5.37e-01
 3.84942e+21	0.00e+00	0.00e+00	4.28e-26	4.18e-21	6.73e-17	2.25e-13	2.14e-10	6.32e-08	7.11e-06	4.80e-04	7.82e-02	3.95e-01	5.27e-01
 3.93742e+21	0.00e+00	0.00e+00	5.80e-26	5.50e-21	8.58e-17	2.78e-13	2.57e-10	7.35e-08	8.00e-06	5.21e-04	8.20e-02	4.00e-01	5.17e-01
 4.01933e+21	0.00e+00	0.00e+00	7.68e-26	7.07e-21	1.07e-16	3.37e-13	3.03e-10	8.45e-08	8.91e-06	5.62e-04	8.57e-02	4.06e-01	5.08e-01
 4.09592e+21	0.00e+00	0.00e+00	9.97e-26	8.94e-21	1.32e-16	4.04e-13	3.55e-10	9.63e-08	9.85e-06	6.03e-04	8.92e-02	4.10e-01	5.00e-01
 4.16774e+21	0.00e+00	0.00e+00	1.27e-25	1.11e-20	1.60e-16	4.77e-13	4.10e-10	1.08e-07	1.08e-05	6.42e-04	9.26e-02	4.15e-01	4.92e-01
 4.24951e+21	0.00e+00	0.00e+00	1.66e-25	1.41e-20	1.98e-16	5.77e-13	4.82e-10	1.24e-07	1.20e-05	6.91e-04	9.65e-02	4.20e-01	4.83e-01
 4.33952e+21	0.00e+00	0.00e+00	2.24e-25	1.85e-20	2.51e-16	7.09e-13	5.76e-10	1.44e-07	1.34e-05	7.47e-04	1.01e-01	4.25e-01	4.73e-01
 4.42144e+21	0.00e+00	0.00e+00	2.92e-25	2.35e-20	3.10e-16	8.53e-13	6.76e-10	1.65e-07	1.49e-05	8.02e-04	1.05e-01	4.29e-01	4.65e-01
 4.49710e+21	0.00e+00	0.00e+00	3.74e-25	2.93e-20	3.78e-16	1.01e-12	7.84e-10	1.86e-07	1.64e-05	8.56e-04	1.09e-01	4.33e-01	4.57e-01
 4.58338e+21	0.00e+00	0.00e+00	4.92e-25	3.75e-20	4.70e-16	1.22e-12	9.25e-10	2.13e-07	1.82e-05	9.21e-04	1.14e-01	4.38e-01	4.47e-01
 4.67963e+21	0.00e+00	0.00e+00	6.67e-25	4.93e-20	5.99e-16	1.51e-12	1.11e-09	2.48e-07	2.04e-05	9.98e-04	1.19e-01	4.43e-01	4.37e-01
 4.76858e+21	0.00e+00	0.00e+00	8.83e-25	6.34e-20	7.49e-16	1.84e-12	1.31e-09	2.86e-07	2.27e-05	1.07e-03	1.24e-01	4.47e-01	4.28e-01
 4.84563e+21	0.00e+00	0.00e+00	1.12e-24	7.86e-20	9.07e-16	2.17e-12	1.52e-09	3.22e-07	2.49e-05	1.14e-03	1.28e-01	4.51e-01	4.20e-01
 4.92750e+21	0.00e+00	0.00e+00	1.44e-24	9.87e-20	1.11e-15	2.59e-12	1.77e-09	3.66e-07	2.75e-05	1.22e-03	1.33e-01	4.54e-01	4.11e-01
 5.01908e+21	0.00e+00	0.00e+00	1.91e-24	1.27e-19	1.39e-15	3.15e-12	2.10e-09	4.21e-07	3.06e-05	1.31e-03	1.39e-01	4.58e-01	4.02e-01
 5.10431e+21	0.00e+00	0.00e+00	2.48e-24	1.60e-19	1.71e-15	3.78e-12	2.45e-09	4.79e-07	3.38e-05	1.41e-03	1.44e-01	4.61e-01	3.93e-01
 5.18304e+21	0.00e+00	0.00e+00	3.14e-24	1.99e-19	2.06e-15	4.46e-12	2.83e-09	5.40e-07	3.70e-05	1.50e-03	1.49e-01	4.64e-01	3.85e-01
 5.27233e+21	0.00e+00	0.00e+00	4.10e-24	2.53e-19	2.55e-15	5.37e-12	3.33e-09	6.17e-07	4.10e-05	1.60e-03	1.54e-01	4.67e-01	3.76e-01
 5.37106e+21	0.00e+00	0.00e+00	5.49e-24	3.29e-19	3.23e-15	6.60e-12	3.97e-09	7.16e-07	4.59e-05	1.73e-03	1.61e-01	4.71e-01	3.67e-01
 5.46118e+21	0.00e+00	0.00e+00	7.20e-24	4.20e-19	4.01e-15	7.97e-12	4.68e-09	8.21e-07	5.10e-05	1.86e-03	1.67e-01	4.74e-01	3.57e-01
 5.54295e+21	0.00e+00	1.11e-29	9.09e-24	5.18e-19	4.84e-15	9.39e-12	5.40e-09	9.23e-07	5.58e-05	1.97e-03	1.73e-01	4.76e-01	3.50e-01
 5.63476e+21	0.00e+00	1.48e-29	1.19e-23	6.58e-19	5.99e-15	1.13e-11	6.35e-09	1.06e-06	6.18e-05	2.11e-03	1.79e-01	4.78e-01	3.41e-01
 5.73418e+21	0.00e+00	2.03e-29	1.58e-23	8.52e-19	7.54e-15	1.38e-11	7.56e-09	1.22e-06	6.91e-05	2.27e-03	1.86e-01	4.81e-01	3.31e-01
 5.82245e+21	0.00e+00	2.66e-29	2.03e-23	1.07e-18	9.24e-15	1.65e-11	8.82e-09	1.39e-06	7.62e-05	2.42e-03	1.92e-01	4.82e-01	3.23e-01
 5.90177e+21	0.00e+00	3.40e-29	2.54e-23	1.31e-18	1.11e-14	1.94e-11	1.01e-08	1.56e-06	8.31e-05	2.57e-03	1.98e-01	4.84e-01	3.15e-01
 5.99052e+21	0.00e+00	4.45e-29	3.26e-23	1.64e-18	1.35e-14	2.31e-11	1.18e-08	1.77e-06	9.15e-05	2.74e-03	2.05e-01	4.85e-01	3.07e-01
 6.08973e+21	0.00e+00	6.01e-29	4.29e-23	2.11e-18	1.69e-14	2.81e-11	1.40e-08	2.03e-06	1.02e-04	2.94e-03	2.13e-01	4.87e-01	2.98e-01
 6.18181e+21	0.00e+00	7.92e-29	5.54e-23	2.66e-18	2.08e-14	3.37e-11	1.64e-08	2.32e-06	1.13e-04	3.14e-03	2.20e-01	4.88e-01	2.89e-01
 6.26664e+21	0.00e+00	1.02e-28	7.03e-23	3.30e-18	2.53e-14	3.99e-11	1.90e-08	2.62e-06	1.24e-04	3.34e-03	2.27e-01	4.88e-01	2.81e-01
 6.36275e+21	0.00e+00	1.35e-28	9.07e-23	4.17e-18	3.11e-14	4.78e-11	2.22e-08	2.99e-06	1.37e-04	3.56e-03	2.34e-01	4.89e-01	2.73e-01
 6.46949e+21	0.00e+00	1.84e-28	1.21e-22	5.41e-18	3.94e-14	5.87e-11	2.66e-08	3.47e-06	1.53e-04	3.84e-03	2.43e-01	4.89e-01	2.64e-01
 6.56629e+21	0.00e+00	2.43e-28	1.57e-22	6.86e-18	4.87e-14	7.07e-11	3.12e-08	3.97e-06	1.70e-04	4.10e-03	2.51e-01	4.89e-01	2.55e-01
 6.65313e+21	0.00e+00	3.11e-28	1.97e-22	8.46e-18	5.88e-14	8.34e-11	3.61e-08	4.47e-06	1.86e-04	4.35e-03	2.58e-01	4.89e-01	2.48e-01
 6.75079e+21	0.00e+00	4.09e-28	2.54e-22	1.07e-17	7.24e-14	1.00e-10	4.23e-08	5.11e-06	2.06e-04	4.64e-03	2.67e-01	4.89e-01	2.40e-01
 6.86054e+21	0.00e+00	5.54e-28	3.38e-22	1.38e-17	9.15e-14	1.23e-10	5.06e-08	5.92e-06	2.30e-04	4.99e-03	2.76e-01	4.88e-01	2.31e-01
 6.96317e+21	0.00e+00	7.33e-28	4.39e-22	1.76e-17	1.14e-13	1.49e-10	5.97e-08	6.80e-06	2.56e-04	5.34e-03	2.85e-01	4.86e-01	2.23e-01
 7.05782e+21	0.00e+00	9.45e-28	5.57e-22	2.19e-17	1.38e-13	1.77e-10	6.95e-08	7.71e-06	2.81e-04	5.68e-03	2.93e-01	4.85e-01	2.16e-01
 7.16492e+21	0.00e+00	1.25e-27	7.26e-22	2.79e-17	1.73e-13	2.14e-10	8.22e-08	8.87e-06	3.13e-04	6.08e-03	3.03e-01	4.83e-01	2.07e-01
 7.28374e+21	0.00e+00	1.70e-27	9.70e-22	3.65e-17	2.20e-13	2.65e-10	9.89e-08	1.03e-05	3.52e-04	6.55e-03	3.13e-01	4.81e-01	1.99e-01
 7.39373e+21	0.00e+00	2.25e-27	1.26e-21	4.66e-17	2.74e-13	3.22e-10	1.17e-07	1.19e-05	3.92e-04	7.01e-03	3.23e-01	4.79e-01	1.91e-01
 7.49683e+21	0.00e+00	2.91e-27	1.61e-21	5.83e-17	3.36e-13	3.85e-10	1.37e-07	1.36e-05	4.33e-04	7.46e-03	3.32e-01	4.76e-01	1.84e-01
 7.59830e+21	0.00e+00	3.73e-27	2.04e-21	7.25e-17	4.10e-13	4.57e-10	1.59e-07	1.54e-05	4.77e-04	7.93e-03	3.41e-01	4.73e-01	1.77e-01
 7.69796e+21	0.00e+00	4.73e-27	2.56e-21	8.95e-17	4.96e-13	5.41e-10	1.84e-07	1.74e-05	5.23e-04	8.41e-03	3.50e-01	4.70e-01	1.70e-01
 7.81203e+21	0.00e+00	6.17e-27	3.29e-21	1.13e-16	6.14e-13	6.52e-10	2.17e-07	1.99e-05	5.80e-04	8.98e-03	3.60e-01	4.67e-01	1.63e-01
 7.93564e+21	0.00e+00	8.16e-27	4.30e-21	1.45e-16	7.72e-13	7.97e-10	2.58e-07	2.30e-05	6.48e-04	9.62e-03	3.71e-01	4.63e-01	1.56e-01
 8.04554e+21	0.00e+00	1.04e-26	5.44e-21	1.81e-16	9.42e-13	9.48e-10	3.01e-07	2.61e-05	7.14e-04	1.02e-02	3.81e-01	4.59e-01	1.49e-01
 8.16229e+21	0.00e+00	1.34e-26	6.91e-21	2.26e-16	1.16e-12	1.14e-09	3.52e-07	2.97e-05	7.88e-04	1.09e-02	3.91e-01	4.55e-01	1.43e-01
 8.29266e+21	0.00e+00	1.75e-26	8.99e-21	2.89e-16	1.45e-12	1.38e-09	4.17e-07	3.42e-05	8.79e-04	1.16e-02	4.02e-01	4.50e-01	1.36e-01
 8.41423e+21	0.00e+00	2.25e-26	1.14e-20	3.62e-16	1.78e-12	1.65e-09	4.88e-07	3.90e-05	9.71e-04	1.24e-02	4.12e-01	4.45e-01	1.30e-01
 8.52804e+21	0.00e+00	2.81e-26	1.42e-20	4.44e-16	2.14e-12	1.95e-09	5.63e-07	4.38e-05	1.06e-03	1.31e-02	4.21e-01	4.40e-01	1.25e-01
 8.65826e+21	0.00e+00	3.60e-26	1.80e-20	5.56e-16	2.63e-12	2.34e-09	6.59e-07	5.00e-05	1.17e-03	1.39e-02	4.31e-01	4.35e-01	1.19e-01
 8.80431e+21	0.00e+00	4.71e-26	2.34e-20	7.12e-16	3.30e-12	2.85e-09	7.83e-07	5.76e-05	1.31e-03	1.49e-02	4.43e-01	4.29e-01	1.12e-01
 8.94159e+21	0.00e+00	6.02e-26	2.98e-20	8.93e-16	4.07e-12	3.42e-09	9.16e-07	6.57e-05	1.45e-03	1.59e-02	4.53e-01	4.23e-01	1.07e-01
 9.07048e+21	0.00e+00	7.53e-26	3.71e-20	1.10e-15	4.92e-12	4.03e-09	1.06e-06	7.40e-05	1.59e-03	1.68e-02	4.63e-01	4.17e-01	1.02e-01
 9.21778e+21	0.00e+00	9.63e-26	4.72e-20	1.38e-15	6.06e-12	4.84e-09	1.24e-06	8.44e-05	1.75e-03	1.79e-02	4.73e-01	4.10e-01	9.65e-02
 9.37469e+21	0.00e+00	1.24e-25	6.06e-20	1.75e-15	7.54e-12	5.86e-09	1.46e-06	9.67e-05	1.95e-03	1.90e-02	4.84e-01	4.03e-01	9.12e-02
 9.50722e+21	0.00e+00	1.53e-25	7.45e-20	2.13e-15	9.02e-12	6.85e-09	1.68e-06	1.08e-04	2.12e-03	2.01e-02	4.93e-01	3.97e-01	8.70e-02
 9.62456e+21	0.00e+00	1.84e-25	8.91e-20	2.52e-15	1.06e-11	7.87e-09	1.89e-06	1.19e-04	2.29e-03	2.10e-02	5.01e-01	3.92e-01	8.33e-02
 9.75900e+21	0.00e+00	2.24e-25	1.08e-19	3.03e-15	1.25e-11	9.11e-09	2.14e-06	1.33e-04	2.48e-03	2.21e-02	5.10e-01	3.86e-01	7.96e-02
 9.93378e+21	0.00e+00	2.88e-25	1.39e-19	3.84e-15	1.55e-11	1.10e-08	2.52e-06	1.52e-04	2.75e-03	2.35e-02	5.20e-01	3.78e-01	7.49e-02
 1.01126e+22	0.00e+00	3.70e-25	1.78e-19	4.86e-15	1.93e-11	1.33e-08	2.97e-06	1.74e-04	3.04e-03	2.50e-02	5.31e-01	3.70e-01	7.03e-02
 1.02576e+22	0.00e+00	4.51e-25	2.16e-19	5.85e-15	2.29e-11	1.55e-08	3.38e-06	1.93e-04	3.30e-03	2.63e-02	5.39e-01	3.64e-01	6.69e-02
 1.04068e+22	0.00e+00	5.48e-25	2.63e-19	7.04e-15	2.72e-11	1.79e-08	3.84e-06	2.14e-04	3.57e-03	2.76e-02	5.47e-01	3.58e-01	6.36e-02
 1.06008e+22	0.00e+00	7.01e-25	3.36e-19	8.89e-15	3.37e-11	2.16e-08	4.52e-06	2.45e-04	3.95e-03	2.93e-02	5.58e-01	3.49e-01	5.96e-02
 1.08019e+22	1.08e-29	9.00e-25	4.31e-19	1.13e-14	4.19e-11	2.62e-08	5.32e-06	2.80e-04	4.38e-03	3.12e-02	5.68e-01	3.41e-01	5.58e-02
 1.09689e+22	1.38e-29	1.10e-24	5.26e-19	1.36e-14	4.98e-11	3.05e-08	6.06e-06	3.11e-04	4.74e-03	3.27e-02	5.75e-01	3.34e-01	5.29e-02
 1.11140e+22	1.70e-29	1.31e-24	6.24e-19	1.60e-14	5.78e-11	3.47e-08	6.77e-06	3.41e-04	5.08e-03	3.41e-02	5.82e-01	3.28e-01	5.04e-02
 1.12741e+22	2.12e-29	1.57e-24	7.48e-19	1.90e-14	6.77e-11	3.98e-08	7.61e-06	3.75e-04	5.46e-03	3.56e-02	5.89e-01	3.22e-01	4.80e-02
 1.14821e+22	2.81e-29	1.98e-24	9.42e-19	2.37e-14	8.29e-11	4.75e-08	8.86e-06	4.25e-04	6.00e-03	3.77e-02	5.98e-01	3.13e-01	4.49e-02
 1.16921e+22	3.71e-29	2.49e-24	1.18e-18	2.95e-14	1.01e-10	5.65e-08	1.03e-05	4.79e-04	6.57e-03	3.98e-02	6.06e-01	3.05e-01	4.20e-02
 1.18594e+22	4.60e-29	2.97e-24	1.41e-18	3.49e-14	1.18e-10	6.47e-08	1.16e-05	5.27e-04	7.06e-03	4.15e-02	6.12e-01	2.99e-01	3.99e-02
 1.20317e+22	5.70e-29	3.56e-24	1.69e-18	4.13e-14	1.38e-10	7.39e-08	1.29e-05	5.77e-04	7.55e-03	4.32e-02	6.18e-01	2.93e-01	3.79e-02
 1.22556e+22	7.49e-29	4.46e-24	2.11e-18	5.11e-14	1.68e-10	8.76e-08	1.49e-05	6.49e-04	8.25e-03	4.55e-02	6.25e-01	2.85e-01	3.55e-02
 1.24906e+22	9.92e-29	5.63e-24	2.66e-18	6.37e-14	2.05e-10	1.04e-07	1.73e-05	7.32e-04	9.02e-03	4.80e-02	6.33e-01	2.77e-01	3.31e-02
 1.26907e+22	1.25e-28	6.85e-24	3.23e-18	7.64e-14	2.42e-10	1.20e-07	1.96e-05	8.08e-04	9.71e-03	5.01e-02	6.38e-01	2.70e-01	3.12e-02
 1.29013e+22	1.59e-28	8.35e-24	3.93e-18	9.20e-14	2.87e-10	1.40e-07	2.22e-05	8.94e-04	1.05e-02	5.23e-02	6.44e-01	2.63e-01	2.94e-02
 1.31751e+22	2.15e-28	1.07e-23	5.04e-18	1.16e-13	3.56e-10	1.68e-07	2.60e-05	1.02e-03	1.15e-02	5.52e-02	6.51e-01	2.54e-01	2.72e-02
 1.34410e+22	2.88e-28	1.37e-23	6.40e-18	1.46e-13	4.38e-10	2.01e-07	3.02e-05	1.15e-03	1.26e-02	5.82e-02	6.57e-01	2.46e-01	2.53e-02
 1.36377e+22	3.58e-28	1.66e-23	7.65e-18	1.72e-13	5.06e-10	2.27e-07	3.35e-05	1.24e-03	1.33e-02	6.01e-02	6.60e-01	2.41e-01	2.41e-02
 1.38344e+22	4.42e-28	1.99e-23	9.09e-18	2.01e-13	5.82e-10	2.56e-07	3.70e-05	1.34e-03	1.41e-02	6.20e-02	6.64e-01	2.36e-01	2.30e-02
 1.40901e+22	5.74e-28	2.48e-23	1.13e-17	2.46e-13	6.99e-10	3.00e-07	4.22e-05	1.49e-03	1.52e-02	6.48e-02	6.68e-01	2.29e-01	2.15e-02
 1.43692e+22	7.60e-28	3.14e-23	1.42e-17	3.06e-13	8.51e-10	3.56e-07	4.87e-05	1.67e-03	1.65e-02	6.79e-02	6.73e-01	2.21e-01	2.00e-02
 1.46222e+22	9.76e-28	3.88e-23	1.74e-17	3.71e-13	1.01e-09	4.13e-07	5.52e-05	1.85e-03	1.78e-02	7.07e-02	6.76e-01	2.15e-01	1.87e-02
 1.48945e+22	1.27e-27	4.85e-23	2.16e-17	4.53e-13	1.21e-09	4.83e-07	6.28e-05	2.04e-03	1.91e-02	7.36e-02	6.79e-01	2.08e-01	1.75e-02
 1.52486e+22	1.76e-27	6.40e-23	2.84e-17	5.84e-13	1.53e-09	5.89e-07	7.42e-05	2.33e-03	2.10e-02	7.77e-02	6.83e-01	2.00e-01	1.60e-02
 1.56086e+22	2.46e-27	8.49e-23	3.73e-17	7.54e-13	1.92e-09	7.17e-07	8.75e-05	2.66e-03	2.31e-02	8.17e-02	6.86e-01	1.91e-01	1.47e-02
 1.59023e+22	3.20e-27	1.06e-22	4.63e-17	9.23e-13	2.31e-09	8.39e-07	9.96e-05	2.94e-03	2.48e-02	8.51e-02	6.88e-01	1.85e-01	1.37e-02
 1.61641e+22	4.03e-27	1.29e-22	5.59e-17	1.10e-12	2.70e-09	9.60e-07	1.11e-04	3.21e-03	2.64e-02	8.80e-02	6.90e-01	1.80e-01	1.28e-02
 1.64586e+22	5.19e-27	1.60e-22	6.88e-17	1.34e-12	3.22e-09	1.12e-06	1.26e-04	3.54e-03	2.83e-02	9.14e-02	6.91e-01	1.74e-01	1.20e-02
 1.68414e+22	7.18e-27	2.12e-22	8.97e-17	1.71e-12	4.00e-09	1.34e-06	1.47e-04	3.99e-03	3.08e-02	9.56e-02	6.92e-01	1.66e-01	1.10e-02
 1.72401e+22	9.94e-27	2.79e-22	1.17e-16	2.19e-12	5.02e-09	1.63e-06	1.73e-04	4.53e-03	3.37e-02	1.00e-01	6.92e-01	1.59e-01	1.00e-02
 1.75589e+22	1.28e-26	3.47e-22	1.45e-16	2.66e-12	5.98e-09	1.90e-06	1.96e-04	4.99e-03	3.61e-02	1.04e-01	6.92e-01	1.53e-01	9.32e-03
 1.78727e+22	1.64e-26	4.29e-22	1.77e-16	3.21e-12	7.07e-09	2.19e-06	2.20e-04	5.47e-03	3.85e-02	1.07e-01	6.92e-01	1.48e-01	8.69e-03
 1.82806e+22	2.25e-26	5.61e-22	2.29e-16	4.07e-12	8.74e-09	2.62e-06	2.55e-04	6.13e-03	4.17e-02	1.12e-01	6.91e-01	1.41e-01	7.96e-03
 1.87028e+22	3.07e-26	7.32e-22	2.95e-16	5.17e-12	1.08e-08	3.15e-06	2.98e-04	6.91e-03	4.53e-02	1.17e-01	6.89e-01	1.35e-01	7.24e-03
 1.90484e+22	3.96e-26	9.08e-22	3.63e-16	6.27e-12	1.29e-08	3.65e-06	3.36e-04	7.58e-03	4.84e-02	1.21e-01	6.87e-01	1.29e-01	6.72e-03
 1.94028e+22	5.09e-26	1.12e-21	4.46e-16	7.59e-12	1.53e-08	4.23e-06	3.79e-04	8.32e-03	5.16e-02	1.25e-01	6.84e-01	1.24e-01	6.23e-03
 1.98635e+22	7.01e-26	1.48e-21	5.79e-16	9.67e-12	1.90e-08	5.08e-06	4.40e-04	9.33e-03	5.58e-02	1.30e-01	6.81e-01	1.18e-01	5.66e-03
 2.03423e+22	9.66e-26	1.94e-21	7.52e-16	1.24e-11	2.37e-08	6.14e-06	5.14e-04	1.05e-02	6.06e-02	1.35e-01	6.76e-01	1.12e-01	5.11e-03
 2.07372e+22	1.25e-25	2.42e-21	9.29e-16	1.50e-11	2.83e-08	7.14e-06	5.82e-04	1.16e-02	6.47e-02	1.40e-01	6.72e-01	1.07e-01	4.70e-03
 2.11429e+22	1.62e-25	3.01e-21	1.15e-15	1.83e-11	3.37e-08	8.30e-06	6.57e-04	1.27e-02	6.90e-02	1.44e-01	6.67e-01	1.02e-01	4.32e-03
 2.16702e+22	2.24e-25	3.96e-21	1.49e-15	2.34e-11	4.21e-08	1.00e-05	7.66e-04	1.43e-02	7.47e-02	1.50e-01	6.60e-01	9.64e-02	3.88e-03
 2.22187e+22	3.12e-25	5.24e-21	1.95e-15	3.01e-11	5.28e-08	1.22e-05	8.97e-04	1.61e-02	8.11e-02	1.55e-01	6.52e-01	9.06e-02	3.47e-03
 2.26414e+22	4.00e-25	6.46e-21	2.39e-15	3.64e-11	6.26e-08	1.41e-05	1.01e-03	1.76e-02	8.61e-02	1.60e-01	6.46e-01	8.63e-02	3.18e-03
 2.29756e+22	4.84e-25	7.60e-21	2.79e-15	4.21e-11	7.13e-08	1.57e-05	1.10e-03	1.89e-02	9.01e-02	1.63e-01	6.41e-01	8.31e-02	2.98e-03
 2.33483e+22	5.93e-25	9.00e-21	3.29e-15	4.92e-11	8.22e-08	1.77e-05	1.22e-03	2.04e-02	9.48e-02	1.67e-01	6.34e-01	7.96e-02	2.76e-03
 2.38327e+22	7.73e-25	1.13e-20	4.08e-15	6.01e-11	9.84e-08	2.06e-05	1.38e-03	2.23e-02	1.01e-01	1.71e-01	6.26e-01	7.55e-02	2.51e-03
 2.43588e+22	1.01e-24	1.41e-20	5.08e-15	7.41e-11	1.19e-07	2.43e-05	1.57e-03	2.47e-02	1.08e-01	1.76e-01	6.16e-01	7.09e-02	2.26e-03
 2.48225e+22	1.29e-24	1.72e-20	6.15e-15	8.88e-11	1.40e-07	2.79e-05	1.76e-03	2.69e-02	1.14e-01	1.81e-01	6.07e-01	6.72e-02	2.06e-03
 2.53089e+22	1.64e-24	2.11e-20	7.48e-15	1.07e-10	1.66e-07	3.21e-05	1.97e-03	2.92e-02	1.20e-01	1.85e-01	5.98e-01	6.37e-02	1.87e-03
 2.59412e+22	2.21e-24	2.69e-20	9.46e-15	1.34e-10	2.04e-07	3.84e-05	2.27e-03	3.26e-02	1.29e-01	1.90e-01	5.85e-01	5.91e-02	1.65e-03
 2.65766e+22	2.97e-24	3.44e-20	1.20e-14	1.68e-10	2.50e-07	4.57e-05	2.62e-03	3.62e-02	1.38e-01	1.95e-01	5.71e-01	5.49e-02	1.46e-03
 2.70762e+22	3.72e-24	4.14e-20	1.43e-14	1.99e-10	2.93e-07	5.23e-05	2.91e-03	3.91e-02	1.46e-01	1.99e-01	5.60e-01	5.17e-02	1.32e-03
 2.75861e+22	4.63e-24	4.94e-20	1.70e-14	2.35e-10	3.41e-07	5.95e-05	3.23e-03	4.23e-02	1.53e-01	2.03e-01	5.49e-01	4.87e-02	1.20e-03
 2.82488e+22	6.13e-24	6.22e-20	2.12e-14	2.90e-10	4.13e-07	7.01e-05	3.68e-03	4.65e-02	1.62e-01	2.07e-01	5.34e-01	4.51e-02	1.05e-03
 2.89551e+22	8.20e-24	7.89e-20	2.66e-14	3.62e-10	5.05e-07	8.32e-05	4.22e-03	5.14e-02	1.73e-01	2.11e-01	5.18e-01	4.15e-02	9.19e-04
 2.95615e+22	1.01e-23	9.60e-20	3.21e-14	4.34e-10	5.98e-07	9.59e-05	4.72e-03	5.58e-02	1.82e-01	2.15e-01	5.03e-01	3.85e-02	8.17e-04
 3.01934e+22	1.28e-23	1.17e-19	3.87e-14	5.20e-10	7.05e-07	1.10e-04	5.27e-03	6.04e-02	1.91e-01	2.18e-01	4.89e-01	3.57e-02	7.25e-04
 3.10148e+22	1.74e-23	1.49e-19	4.87e-14	6.51e-10	8.67e-07	1.32e-04	6.05e-03	6.67e-02	2.03e-01	2.22e-01	4.70e-01	3.24e-02	6.21e-04
 3.18507e+22	2.37e-23	1.91e-19	6.14e-14	8.16e-10	1.07e-06	1.57e-04	6.94e-03	7.36e-02	2.15e-01	2.25e-01	4.50e-01	2.93e-02	5.28e-04
 3.24776e+22	2.97e-23	2.28e-19	7.25e-14	9.62e-10	1.25e-06	1.79e-04	7.68e-03	7.90e-02	2.24e-01	2.27e-01	4.35e-01	2.70e-02	4.67e-04
 3.29817e+22	3.56e-23	2.64e-19	8.29e-14	1.09e-09	1.40e-06	1.98e-04	8.28e-03	8.33e-02	2.31e-01	2.28e-01	4.23e-01	2.55e-02	4.26e-04
 3.35537e+22	4.33e-23	3.09e-19	9.56e-14	1.26e-09	1.59e-06	2.21e-04	9.00e-03	8.82e-02	2.38e-01	2.30e-01	4.10e-01	2.38e-02	3.83e-04
 3.42974e+22	5.55e-23	3.77e-19	1.15e-13	1.50e-09	1.87e-06	2.53e-04	9.99e-03	9.48e-02	2.48e-01	2.31e-01	3.94e-01	2.18e-02	3.34e-04
 3.51122e+22	7.31e-23	4.70e-19	1.40e-13	1.82e-09	2.24e-06	2.93e-04	1.12e-02	1.02e-01	2.58e-01	2.32e-01	3.76e-01	1.97e-02	2.87e-04
 3.58335e+22	9.31e-23	5.70e-19	1.66e-13	2.15e-09	2.61e-06	3.34e-04	1.23e-02	1.09e-01	2.67e-01	2.32e-01	3.60e-01	1.80e-02	2.51e-04
 3.64787e+22	1.15e-22	6.73e-19	1.92e-13	2.48e-09	2.97e-06	3.73e-04	1.34e-02	1.15e-01	2.75e-01	2.33e-01	3.46e-01	1.66e-02	2.22e-04
 3.72108e+22	1.46e-22	8.17e-19	2.27e-13	2.91e-09	3.44e-06	4.20e-04	1.46e-02	1.22e-01	2.83e-01	2.32e-01	3.32e-01	1.53e-02	1.96e-04
 3.81624e+22	1.97e-22	1.04e-18	2.80e-13	3.55e-09	4.12e-06	4.89e-04	1.63e-02	1.31e-01	2.93e-01	2.32e-01	3.14e-01	1.37e-02	1.65e-04
 3.91421e+22	2.70e-22	1.35e-18	3.49e-13	4.38e-09	4.98e-06	5.71e-04	1.82e-02	1.41e-01	3.03e-01	2.30e-01	2.95e-01	1.21e-02	1.39e-04
 3.99349e+22	3.49e-22	1.66e-18	4.16e-13	5.17e-09	5.78e-06	6.46e-04	1.99e-02	1.48e-01	3.11e-01	2.29e-01	2.80e-01	1.10e-02	1.20e-04
 4.07425e+22	4.48e-22	2.04e-18	4.94e-13	6.07e-09	6.67e-06	7.26e-04	2.17e-02	1.56e-01	3.17e-01	2.27e-01	2.67e-01	1.00e-02	1.05e-04
 4.17923e+22	6.18e-22	2.66e-18	6.17e-13	7.45e-09	7.99e-06	8.41e-04	2.40e-02	1.66e-01	3.25e-01	2.25e-01	2.50e-01	8.89e-03	8.81e-05
 4.28986e+22	8.76e-22	3.56e-18	7.84e-13	9.27e-09	9.69e-06	9.82e-04	2.68e-02	1.77e-01	3.33e-01	2.21e-01	2.33e-01	7.80e-03	7.29e-05
 4.38324e+22	1.17e-21	4.54e-18	9.59e-13	1.11e-08	1.14e-05	1.12e-03	2.93e-02	1.86e-01	3.39e-01	2.18e-01	2.19e-01	7.00e-03	6.23e-05
 4.48006e+22	1.56e-21	5.78e-18	1.17e-12	1.33e-08	1.32e-05	1.26e-03	3.19e-02	1.95e-01	3.45e-01	2.15e-01	2.06e-01	6.29e-03	5.34e-05
 4.60593e+22	2.26e-21	7.89e-18	1.51e-12	1.67e-08	1.61e-05	1.47e-03	3.54e-02	2.06e-01	3.51e-01	2.10e-01	1.91e-01	5.48e-03	4.39e-05
 4.73798e+22	3.37e-21	1.10e-17	2.00e-12	2.13e-08	1.98e-05	1.73e-03	3.95e-02	2.19e-01	3.56e-01	2.04e-01	1.75e-01	4.72e-03	3.56e-05
 4.84555e+22	4.64e-21	1.45e-17	2.50e-12	2.60e-08	2.33e-05	1.97e-03	4.30e-02	2.28e-01	3.59e-01	2.00e-01	1.63e-01	4.19e-03	3.01e-05
 4.93142e+22	5.97e-21	1.80e-17	2.98e-12	3.03e-08	2.65e-05	2.18e-03	4.60e-02	2.36e-01	3.62e-01	1.96e-01	1.54e-01	3.81e-03	2.63e-05
 5.02156e+22	7.65e-21	2.23e-17	3.55e-12	3.52e-08	3.01e-05	2.40e-03	4.90e-02	2.44e-01	3.64e-01	1.92e-01	1.46e-01	3.47e-03	2.31e-05
 5.13875e+22	1.05e-20	2.93e-17	4.44e-12	4.27e-08	3.52e-05	2.71e-03	5.31e-02	2.53e-01	3.65e-01	1.87e-01	1.36e-01	3.08e-03	1.96e-05
 5.26573e+22	1.49e-20	3.96e-17	5.69e-12	5.27e-08	4.19e-05	3.10e-03	5.78e-02	2.63e-01	3.67e-01	1.81e-01	1.25e-01	2.70e-03	1.63e-05
 5.37770e+22	2.03e-20	5.17e-17	7.07e-12	6.34e-08	4.87e-05	3.47e-03	6.23e-02	2.72e-01	3.67e-01	1.76e-01	1.17e-01	2.40e-03	1.38e-05
 5.47928e+22	2.63e-20	6.49e-17	8.53e-12	7.43e-08	5.53e-05	3.83e-03	6.62e-02	2.80e-01	3.67e-01	1.71e-01	1.10e-01	2.18e-03	1.21e-05
 5.59507e+22	3.52e-20	8.34e-17	1.05e-11	8.85e-08	6.36e-05	4.25e-03	7.08e-02	2.88e-01	3.67e-01	1.66e-01	1.02e-01	1.95e-03	1.04e-05
 5.74560e+22	5.07e-20	1.15e-16	1.36e-11	1.10e-07	7.58e-05	4.85e-03	7.70e-02	2.98e-01	3.65e-01	1.59e-01	9.38e-02	1.69e-03	8.53e-06
 5.90222e+22	7.47e-20	1.61e-16	1.80e-11	1.39e-07	9.12e-05	5.57e-03	8.39e-02	3.08e-01	3.63e-01	1.52e-01	8.52e-02	1.45e-03	6.94e-06
 6.03088e+22	1.02e-19	2.12e-16	2.26e-11	1.68e-07	1.06e-04	6.22e-03	8.98e-02	3.16e-01	3.61e-01	1.47e-01	7.87e-02	1.28e-03	5.86e-06
 6.16224e+22	1.36e-19	2.72e-16	2.78e-11	1.99e-07	1.21e-04	6.87e-03	9.55e-02	3.24e-01	3.58e-01	1.41e-01	7.31e-02	1.14e-03	5.02e-06
 6.33301e+22	1.97e-19	3.76e-16	3.62e-11	2.48e-07	1.44e-04	7.80e-03	1.03e-01	3.32e-01	3.54e-01	1.35e-01	6.64e-02	9.87e-04	4.11e-06
 6.51441e+22	2.92e-19	5.32e-16	4.82e-11	3.14e-07	1.73e-04	8.92e-03	1.12e-01	3.42e-01	3.49e-01	1.28e-01	5.98e-02	8.40e-04	3.31e-06
 6.66895e+22	4.08e-19	7.13e-16	6.14e-11	3.83e-07	2.02e-04	9.98e-03	1.20e-01	3.49e-01	3.44e-01	1.22e-01	5.47e-02	7.32e-04	2.75e-06
 6.82918e+22	5.53e-19	9.32e-16	7.66e-11	4.60e-07	2.32e-04	1.10e-02	1.27e-01	3.55e-01	3.39e-01	1.16e-01	5.02e-02	6.44e-04	2.32e-06
 7.03748e+22	8.15e-19	1.31e-15	1.01e-10	5.78e-07	2.77e-04	1.25e-02	1.37e-01	3.63e-01	3.33e-01	1.09e-01	4.50e-02	5.47e-04	1.87e-06
 7.25856e+22	1.24e-18	1.90e-15	1.37e-10	7.41e-07	3.35e-04	1.44e-02	1.48e-01	3.70e-01	3.25e-01	1.02e-01	3.99e-02	4.57e-04	1.47e-06
 7.44646e+22	1.75e-18	2.58e-15	1.77e-10	9.11e-07	3.92e-04	1.61e-02	1.58e-01	3.76e-01	3.18e-01	9.64e-02	3.61e-02	3.93e-04	1.20e-06
 7.64092e+22	2.40e-18	3.41e-15	2.23e-10	1.10e-06	4.51e-04	1.78e-02	1.67e-01	3.80e-01	3.11e-01	9.11e-02	3.28e-02	3.41e-04	9.99e-07
 7.89372e+22	3.56e-18	4.82e-15	2.96e-10	1.38e-06	5.38e-04	2.01e-02	1.79e-01	3.85e-01	3.01e-01	8.48e-02	2.91e-02	2.86e-04	7.92e-07
 8.16887e+22	5.51e-18	7.10e-15	4.08e-10	1.79e-06	6.52e-04	2.30e-02	1.92e-01	3.90e-01	2.91e-01	7.80e-02	2.54e-02	2.34e-04	6.10e-07
 8.38655e+22	7.74e-18	9.60e-15	5.23e-10	2.18e-06	7.58e-04	2.55e-02	2.03e-01	3.93e-01	2.82e-01	7.29e-02	2.27e-02	2.00e-04	4.95e-07
 8.54574e+22	9.88e-18	1.19e-14	6.24e-10	2.52e-06	8.43e-04	2.75e-02	2.11e-01	3.94e-01	2.76e-01	6.94e-02	2.10e-02	1.78e-04	4.27e-07
 8.71539e+22	1.23e-17	1.45e-14	7.33e-10	2.86e-06	9.28e-04	2.94e-02	2.19e-01	3.95e-01	2.70e-01	6.62e-02	1.95e-02	1.61e-04	3.72e-07
 8.93594e+22	1.64e-17	1.86e-14	9.00e-10	3.38e-06	1.05e-03	3.20e-02	2.29e-01	3.96e-01	2.62e-01	6.23e-02	1.77e-02	1.40e-04	3.12e-07
 9.22265e+22	2.33e-17	2.54e-14	1.16e-09	4.14e-06	1.22e-03	3.54e-02	2.41e-01	3.97e-01	2.52e-01	5.77e-02	1.57e-02	1.18e-04	2.50e-07
 9.52466e+22	3.40e-17	3.55e-14	1.53e-09	5.16e-06	1.43e-03	3.95e-02	2.54e-01	3.96e-01	2.41e-01	5.29e-02	1.38e-02	9.79e-05	1.96e-07
 9.77551e+22	4.60e-17	4.65e-14	1.91e-09	6.14e-06	1.63e-03	4.31e-02	2.65e-01	3.95e-01	2.33e-01	4.93e-02	1.24e-02	8.40e-05	1.61e-07
 1.00306e+23	6.04e-17	5.90e-14	2.32e-09	7.18e-06	1.83e-03	4.66e-02	2.75e-01	3.94e-01	2.25e-01	4.62e-02	1.12e-02	7.32e-05	1.35e-07
 1.03622e+23	8.40e-17	7.90e-14	2.94e-09	8.67e-06	2.10e-03	5.10e-02	2.87e-01	3.92e-01	2.15e-01	4.25e-02	9.93e-03	6.17e-05	0.00e+00
 1.07264e+23	1.22e-16	1.10e-13	3.85e-09	1.07e-05	2.45e-03	5.65e-02	3.01e-01	3.88e-01	2.04e-01	3.86e-02	8.64e-03	5.08e-05	0.00e+00
 1.10501e+23	1.67e-16	1.46e-13	4.85e-09	1.28e-05	2.79e-03	6.16e-02	3.13e-01	3.85e-01	1.95e-01	3.55e-02	7.64e-03	4.28e-05	0.00e+00
 1.13438e+23	2.18e-16	1.84e-13	5.87e-09	1.49e-05	3.11e-03	6.61e-02	3.23e-01	3.81e-01	1.87e-01	3.31e-02	6.89e-03	3.71e-05	0.00e+00
 1.16813e+23	2.85e-16	2.33e-13	7.11e-09	1.73e-05	3.47e-03	7.10e-02	3.32e-01	3.77e-01	1.79e-01	3.07e-02	6.20e-03	3.21e-05	0.00e+00
 1.21157e+23	3.97e-16	3.12e-13	9.01e-09	2.09e-05	3.96e-03	7.73e-02	3.44e-01	3.71e-01	1.70e-01	2.79e-02	5.43e-03	2.67e-05	0.00e+00
 1.26015e+23	5.73e-16	4.31e-13	1.17e-08	2.56e-05	4.58e-03	8.49e-02	3.57e-01	3.64e-01	1.59e-01	2.51e-02	4.67e-03	2.17e-05	0.00e+00
 1.30583e+23	7.98e-16	5.78e-13	1.49e-08	3.08e-05	5.22e-03	9.23e-02	3.69e-01	3.57e-01	1.50e-01	2.27e-02	4.06e-03	1.79e-05	0.00e+00
 1.35446e+23	1.07e-15	7.48e-13	1.83e-08	3.62e-05	5.86e-03	9.92e-02	3.79e-01	3.50e-01	1.42e-01	2.07e-02	3.58e-03	1.51e-05	0.00e+00
 1.40987e+23	1.49e-15	1.00e-12	2.32e-08	4.35e-05	6.66e-03	1.07e-01	3.89e-01	3.42e-01	1.33e-01	1.86e-02	3.10e-03	1.24e-05	0.00e+00
 1.46750e+23	2.04e-15	1.32e-12	2.90e-08	5.17e-05	7.51e-03	1.16e-01	3.99e-01	3.33e-01	1.25e-01	1.68e-02	2.70e-03	1.03e-05	0.00e+00
 1.52744e+23	2.77e-15	1.73e-12	3.61e-08	6.11e-05	8.44e-03	1.24e-01	4.08e-01	3.25e-01	1.17e-01	1.52e-02	2.35e-03	8.55e-06	0.00e+00
 1.58977e+23	3.68e-15	2.23e-12	4.42e-08	7.14e-05	9.40e-03	1.33e-01	4.16e-01	3.16e-01	1.10e-01	1.37e-02	2.06e-03	7.16e-06	0.00e+00
 1.65459e+23	4.84e-15	2.83e-12	5.37e-08	8.28e-05	1.04e-02	1.41e-01	4.23e-01	3.08e-01	1.03e-01	1.25e-02	1.81e-03	6.03e-06	0.00e+00
 1.72201e+23	6.26e-15	3.56e-12	6.44e-08	9.51e-05	1.15e-02	1.49e-01	4.29e-01	2.99e-01	9.73e-02	1.14e-02	1.60e-03	5.12e-06	0.00e+00
 1.79212e+23	7.98e-15	4.41e-12	7.66e-08	1.08e-04	1.25e-02	1.57e-01	4.35e-01	2.92e-01	9.18e-02	1.04e-02	1.43e-03	4.38e-06	0.00e+00
 1.86504e+23	9.97e-15	5.37e-12	8.97e-08	1.22e-04	1.36e-02	1.65e-01	4.39e-01	2.84e-01	8.68e-02	9.55e-03	1.28e-03	3.78e-06	0.00e+00
 1.94088e+23	1.23e-14	6.45e-12	1.04e-07	1.37e-04	1.47e-02	1.72e-01	4.43e-01	2.77e-01	8.24e-02	8.82e-03	1.15e-03	3.30e-06	0.00e+00
 2.01975e+23	1.49e-14	7.67e-12	1.19e-07	1.52e-04	1.57e-02	1.80e-01	4.47e-01	2.70e-01	7.83e-02	8.17e-03	1.04e-03	2.89e-06	0.00e+00
 2.10177e+23	1.79e-14	9.01e-12	1.36e-07	1.67e-04	1.68e-02	1.86e-01	4.50e-01	2.64e-01	7.46e-02	7.60e-03	9.52e-04	2.56e-06	0.00e+00
 2.18708e+23	2.11e-14	1.04e-11	1.53e-07	1.83e-04	1.78e-02	1.93e-01	4.52e-01	2.58e-01	7.13e-02	7.11e-03	8.74e-04	2.28e-06	0.00e+00
 2.27178e+23	2.45e-14	1.19e-11	1.70e-07	1.98e-04	1.88e-02	1.99e-01	4.54e-01	2.52e-01	6.85e-02	6.69e-03	8.08e-04	2.06e-06	0.00e+00
 2.35008e+23	2.79e-14	1.34e-11	1.86e-07	2.12e-04	1.97e-02	2.04e-01	4.55e-01	2.48e-01	6.60e-02	6.34e-03	7.54e-04	1.88e-06	0.00e+00
 2.42056e+23	3.09e-14	1.47e-11	2.00e-07	2.24e-04	2.04e-02	2.08e-01	4.57e-01	2.44e-01	6.41e-02	6.07e-03	7.13e-04	1.75e-06	0.00e+00
 2.48398e+23	3.35e-14	1.58e-11	2.12e-07	2.34e-04	2.10e-02	2.11e-01	4.57e-01	2.41e-01	6.26e-02	5.86e-03	6.83e-04	1.65e-06	0.00e+00
 2.54107e+23	3.59e-14	1.68e-11	2.23e-07	2.43e-04	2.16e-02	2.14e-01	4.58e-01	2.38e-01	6.13e-02	5.69e-03	6.58e-04	1.57e-06	0.00e+00
 2.59244e+23	3.80e-14	1.77e-11	2.32e-07	2.50e-04	2.20e-02	2.17e-01	4.58e-01	2.36e-01	6.03e-02	5.55e-03	6.38e-04	1.51e-06	0.00e+00
 2.63868e+23	3.98e-14	1.85e-11	2.41e-07	2.57e-04	2.24e-02	2.19e-01	4.59e-01	2.35e-01	5.95e-02	5.44e-03	6.21e-04	1.46e-06	0.00e+00
 2.68029e+23	4.12e-14	1.91e-11	2.47e-07	2.62e-04	2.27e-02	2.20e-01	4.59e-01	2.33e-01	5.88e-02	5.36e-03	6.09e-04	1.42e-06	0.00e+00
 2.71775e+23	4.22e-14	1.95e-11	2.51e-07	2.65e-04	2.29e-02	2.21e-01	4.59e-01	2.32e-01	5.84e-02	5.29e-03	6.00e-04	1.39e-06	0.00e+00
 2.75145e+23	4.30e-14	1.99e-11	2.55e-07	2.68e-04	2.30e-02	2.22e-01	4.59e-01	2.32e-01	5.80e-02	5.25e-03	5.94e-04	1.37e-06	0.00e+00
 2.78269e+23	4.38e-14	2.02e-11	2.59e-07	2.71e-04	2.32e-02	2.23e-01	4.59e-01	2.31e-01	5.77e-02	5.20e-03	5.87e-04	1.35e-06	0.00e+00
 2.81324e+23	4.49e-14	2.07e-11	2.63e-07	2.74e-04	2.34e-02	2.24e-01	4.60e-01	2.30e-01	5.73e-02	5.15e-03	5.80e-04	1.33e-06	0.00e+00
 2.84379e+23	4.52e-14	2.08e-11	2.65e-07	2.76e-04	2.34e-02	2.24e-01	4.60e-01	2.30e-01	5.71e-02	5.13e-03	5.77e-04	1.32e-06	0.00e+00
 2.87434e+23	4.56e-14	2.10e-11	2.67e-07	2.77e-04	2.35e-02	2.25e-01	4.60e-01	2.29e-01	5.69e-02	5.10e-03	5.74e-04	1.31e-06	0.00e+00
 2.90489e+23	4.60e-14	2.12e-11	2.69e-07	2.79e-04	2.36e-02	2.25e-01	4.60e-01	2.29e-01	5.68e-02	5.08e-03	5.70e-04	1.30e-06	0.00e+00
 2.93543e+23	4.61e-14	2.13e-11	2.69e-07	2.79e-04	2.37e-02	2.25e-01	4.60e-01	2.29e-01	5.67e-02	5.07e-03	5.69e-04	1.30e-06	0.00e+00
 2.96598e+23	4.61e-14	2.14e-11	2.70e-07	2.80e-04	2.37e-02	2.25e-01	4.60e-01	2.29e-01	5.66e-02	5.07e-03	5.68e-04	1.30e-06	0.00e+00
 2.99653e+23	4.62e-14	2.14e-11	2.71e-07	2.80e-04	2.37e-02	2.26e-01	4.60e-01	2.28e-01	5.66e-02	5.06e-03	5.67e-04	1.29e-06	0.00e+00
 3.02708e+23	4.62e-14	2.15e-11	2.71e-07	2.81e-04	2.37e-02	2.26e-01	4.60e-01	2.28e-01	5.65e-02	5.05e-03	5.66e-04	1.29e-06	0.00e+00
 3.04858e+23	4.86e-14	2.24e-11	2.81e-07	2.88e-04	2.41e-02	2.28e-01	4.60e-01	2.27e-01	5.57e-02	4.95e-03	5.52e-04	1.25e-06	0.00e+00
