#depth	C	C+	C+2	C+3	C+4	C+5	C+6	C[1]	C[2]	C[3]	C+[1]	C+[2]	CO
 6.17135e+19	0.00e+00	1.26e-25	6.73e-19	3.71e-13	9.42e-08	4.82e-04	1.00e+00	0.00e+00	0.00e+00	0.00e+00	0.00e+00	0.00e+00	7.32e-83
 1.87609e+20	0.00e+00	2.03e-25	9.41e-19	4.52e-13	1.10e-07	5.41e-04	9.99e-01	0.00e+00	0.00e+00	0.00e+00	0.00e+00	0.00e+00	8.36e-83
 2.90012e+20	0.00e+00	2.94e-25	1.22e-18	5.26e-13	1.24e-07	5.92e-04	9.99e-01	0.00e+00	0.00e+00	0.00e+00	0.00e+00	0.00e+00	1.01e-82
 3.58256e+20	0.00e+00	3.73e-25	1.44e-18	5.79e-13	1.35e-07	6.28e-04	9.99e-01	0.00e+00	0.00e+00	0.00e+00	0.00e+00	0.00e+00	1.13e-82
 4.06368e+20	0.00e+00	4.41e-25	1.62e-18	6.18e-13	1.42e-07	6.54e-04	9.99e-01	0.00e+00	0.00e+00	0.00e+00	0.00e+00	0.00e+00	1.23e-82
 4.40227e+20	0.00e+00	4.93e-25	1.75e-18	6.48e-13	1.48e-07	6.72e-04	9.99e-01	0.00e+00	0.00e+00	0.00e+00	0.00e+00	0.00e+00	1.29e-82
 4.76499e+20	0.00e+00	5.56e-25	1.90e-18	6.80e-13	1.54e-07	6.92e-04	9.99e-01	0.00e+00	0.00e+00	0.00e+00	0.00e+00	0.00e+00	1.36e-82
 5.23653e+20	0.00e+00	6.49e-25	2.12e-18	7.24e-13	1.62e-07	7.19e-04	9.99e-01	0.00e+00	0.00e+00	0.00e+00	0.00e+00	0.00e+00	1.46e-82
 5.75611e+20	0.00e+00	7.67e-25	2.38e-18	7.74e-13	1.71e-07	7.49e-04	9.99e-01	0.00e+00	0.00e+00	0.00e+00	0.00e+00	0.00e+00	1.57e-82
 6.23207e+20	0.00e+00	8.91e-25	2.65e-18	8.23e-13	1.80e-07	7.77e-04	9.99e-01	0.00e+00	0.00e+00	0.00e+00	0.00e+00	0.00e+00	1.67e-82
 6.74474e+20	0.00e+00	1.04e-24	2.96e-18	8.78e-13	1.90e-07	8.08e-04	9.99e-01	0.00e+00	0.00e+00	0.00e+00	0.00e+00	0.00e+00	1.71e-82
 7.31257e+20	0.00e+00	1.24e-24	3.34e-18	9.42e-13	2.01e-07	8.43e-04	9.99e-01	0.00e+00	0.00e+00	0.00e+00	0.00e+00	0.00e+00	1.75e-82
 7.83790e+20	0.00e+00	1.45e-24	3.73e-18	1.00e-12	2.12e-07	8.76e-04	9.99e-01	0.00e+00	0.00e+00	0.00e+00	0.00e+00	0.00e+00	1.79e-82
 8.40666e+20	0.00e+00	1.72e-24	4.19e-18	1.08e-12	2.25e-07	9.13e-04	9.99e-01	0.00e+00	0.00e+00	0.00e+00	0.00e+00	0.00e+00	3.07e-83
 9.00356e+20	0.00e+00	2.04e-24	4.73e-18	1.15e-12	2.39e-07	9.52e-04	9.99e-01	0.00e+00	0.00e+00	0.00e+00	0.00e+00	0.00e+00	5.26e-84
 9.51028e+20	0.00e+00	2.36e-24	5.24e-18	1.23e-12	2.51e-07	9.86e-04	9.99e-01	0.00e+00	0.00e+00	0.00e+00	0.00e+00	0.00e+00	8.84e-85
 1.00422e+21	0.00e+00	2.73e-24	5.82e-18	1.30e-12	2.64e-07	1.02e-03	9.99e-01	0.00e+00	0.00e+00	0.00e+00	0.00e+00	0.00e+00	1.50e-85
 1.07338e+21	0.00e+00	3.31e-24	6.66e-18	1.41e-12	2.82e-07	1.07e-03	9.99e-01	0.00e+00	0.00e+00	0.00e+00	0.00e+00	0.00e+00	2.80e-86
 1.14356e+21	0.00e+00	3.99e-24	7.61e-18	1.53e-12	3.02e-07	1.12e-03	9.99e-01	0.00e+00	0.00e+00	0.00e+00	0.00e+00	0.00e+00	1.00e-86
 1.20003e+21	0.00e+00	4.64e-24	8.47e-18	1.63e-12	3.18e-07	1.16e-03	9.99e-01	0.00e+00	0.00e+00	0.00e+00	0.00e+00	0.00e+00	7.63e-87
 1.25838e+21	0.00e+00	5.40e-24	9.44e-18	1.74e-12	3.36e-07	1.20e-03	9.99e-01	0.00e+00	0.00e+00	0.00e+00	0.00e+00	0.00e+00	1.32e-86
 1.33424e+21	0.00e+00	6.56e-24	1.08e-17	1.89e-12	3.60e-07	1.26e-03	9.99e-01	0.00e+00	0.00e+00	0.00e+00	0.00e+00	0.00e+00	1.85e-86
 1.40869e+21	0.00e+00	7.93e-24	1.24e-17	2.05e-12	3.86e-07	1.32e-03	9.99e-01	0.00e+00	0.00e+00	0.00e+00	0.00e+00	0.00e+00	2.60e-86
 1.46438e+21	0.00e+00	9.08e-24	1.37e-17	2.18e-12	4.05e-07	1.36e-03	9.99e-01	0.00e+00	0.00e+00	0.00e+00	0.00e+00	0.00e+00	2.53e-85
 1.51985e+21	0.00e+00	1.04e-23	1.51e-17	2.32e-12	4.26e-07	1.41e-03	9.99e-01	0.00e+00	0.00e+00	0.00e+00	0.00e+00	0.00e+00	2.16e-85
 1.59197e+21	0.00e+00	1.24e-23	1.71e-17	2.50e-12	4.54e-07	1.47e-03	9.99e-01	0.00e+00	0.00e+00	0.00e+00	0.00e+00	0.00e+00	1.64e-85
 1.66943e+21	0.00e+00	1.49e-23	1.95e-17	2.72e-12	4.86e-07	1.53e-03	9.98e-01	0.00e+00	0.00e+00	0.00e+00	0.00e+00	0.00e+00	6.77e-85
 1.73774e+21	0.00e+00	1.75e-23	2.19e-17	2.92e-12	5.15e-07	1.59e-03	9.98e-01	0.00e+00	0.00e+00	0.00e+00	0.00e+00	0.00e+00	9.08e-85
 1.81043e+21	0.00e+00	2.06e-23	2.48e-17	3.15e-12	5.48e-07	1.65e-03	9.98e-01	0.00e+00	0.00e+00	0.00e+00	0.00e+00	0.00e+00	1.19e-84
 1.89143e+21	0.00e+00	2.48e-23	2.83e-17	3.42e-12	5.87e-07	1.72e-03	9.98e-01	0.00e+00	0.00e+00	0.00e+00	0.00e+00	0.00e+00	2.27e-84
 1.96719e+21	0.00e+00	2.94e-23	3.20e-17	3.70e-12	6.25e-07	1.79e-03	9.98e-01	0.00e+00	0.00e+00	0.00e+00	0.00e+00	0.00e+00	5.78e-84
 2.04966e+21	0.00e+00	3.52e-23	3.66e-17	4.02e-12	6.69e-07	1.87e-03	9.98e-01	0.00e+00	0.00e+00	0.00e+00	0.00e+00	0.00e+00	6.94e-84
 2.13599e+21	0.00e+00	4.25e-23	4.19e-17	4.38e-12	7.18e-07	1.95e-03	9.98e-01	0.00e+00	0.00e+00	0.00e+00	0.00e+00	0.00e+00	1.80e-83
 2.20893e+21	0.00e+00	4.97e-23	4.70e-17	4.71e-12	7.62e-07	2.02e-03	9.98e-01	0.00e+00	0.00e+00	0.00e+00	0.00e+00	0.00e+00	3.75e-83
 2.28536e+21	0.00e+00	5.85e-23	5.29e-17	5.08e-12	8.10e-07	2.10e-03	9.98e-01	0.00e+00	0.00e+00	0.00e+00	0.00e+00	0.00e+00	4.88e-83
 2.38473e+21	1.65e-30	7.19e-23	6.16e-17	5.59e-12	8.76e-07	2.20e-03	9.98e-01	0.00e+00	0.00e+00	0.00e+00	0.00e+00	0.00e+00	8.58e-83
 2.48571e+21	2.14e-30	8.86e-23	7.18e-17	6.17e-12	9.49e-07	2.31e-03	9.98e-01	0.00e+00	0.00e+00	0.00e+00	0.00e+00	0.00e+00	2.04e-82
 2.56601e+21	2.63e-30	1.04e-22	8.09e-17	6.66e-12	1.01e-06	2.40e-03	9.98e-01	0.00e+00	0.00e+00	0.00e+00	0.00e+00	0.00e+00	4.99e-82
 2.64762e+21	3.24e-30	1.23e-22	9.13e-17	7.19e-12	1.07e-06	2.48e-03	9.98e-01	0.00e+00	0.00e+00	0.00e+00	0.00e+00	0.00e+00	8.81e-82
 2.75372e+21	4.22e-30	1.51e-22	1.07e-16	7.94e-12	1.16e-06	2.60e-03	9.97e-01	0.00e+00	0.00e+00	0.00e+00	0.00e+00	0.00e+00	1.17e-81
 2.86345e+21	5.53e-30	1.88e-22	1.25e-16	8.80e-12	1.27e-06	2.73e-03	9.97e-01	0.00e+00	0.00e+00	0.00e+00	0.00e+00	0.00e+00	2.81e-81
 2.95412e+21	6.90e-30	2.24e-22	1.42e-16	9.57e-12	1.35e-06	2.84e-03	9.97e-01	0.00e+00	0.00e+00	0.00e+00	0.00e+00	0.00e+00	6.94e-81
 3.03055e+21	8.31e-30	2.59e-22	1.59e-16	1.03e-11	1.43e-06	2.94e-03	9.97e-01	0.00e+00	0.00e+00	0.00e+00	0.00e+00	0.00e+00	1.55e-80
 3.11224e+21	1.01e-29	3.03e-22	1.78e-16	1.11e-11	1.52e-06	3.04e-03	9.97e-01	0.00e+00	0.00e+00	0.00e+00	0.00e+00	0.00e+00	2.28e-80
 3.21844e+21	1.30e-29	3.69e-22	2.06e-16	1.22e-11	1.64e-06	3.17e-03	9.97e-01	0.00e+00	0.00e+00	0.00e+00	0.00e+00	0.00e+00	2.62e-80
 3.32631e+21	1.67e-29	4.52e-22	2.39e-16	1.34e-11	1.78e-06	3.32e-03	9.97e-01	0.00e+00	0.00e+00	0.00e+00	0.00e+00	0.00e+00	5.84e-80
 3.41235e+21	2.04e-29	5.29e-22	2.69e-16	1.45e-11	1.89e-06	3.43e-03	9.97e-01	0.00e+00	0.00e+00	0.00e+00	0.00e+00	0.00e+00	1.32e-79
 3.50017e+21	2.50e-29	6.22e-22	3.03e-16	1.57e-11	2.01e-06	3.56e-03	9.96e-01	0.00e+00	0.00e+00	0.00e+00	0.00e+00	0.00e+00	2.28e-79
 3.59313e+21	3.09e-29	7.36e-22	3.44e-16	1.70e-11	2.15e-06	3.69e-03	9.96e-01	0.00e+00	0.00e+00	0.00e+00	0.00e+00	0.00e+00	4.00e-79
 3.67266e+21	3.70e-29	8.51e-22	3.83e-16	1.82e-11	2.27e-06	3.81e-03	9.96e-01	0.00e+00	0.00e+00	0.00e+00	0.00e+00	0.00e+00	8.41e-79
 3.75594e+21	4.47e-29	9.88e-22	4.28e-16	1.96e-11	2.41e-06	3.93e-03	9.96e-01	0.00e+00	0.00e+00	0.00e+00	0.00e+00	0.00e+00	1.23e-78
 3.84942e+21	5.50e-29	1.17e-21	4.85e-16	2.13e-11	2.57e-06	4.07e-03	9.96e-01	0.00e+00	0.00e+00	0.00e+00	0.00e+00	0.00e+00	1.51e-78
 3.93742e+21	6.69e-29	1.36e-21	5.45e-16	2.30e-11	2.73e-06	4.21e-03	9.96e-01	0.00e+00	0.00e+00	0.00e+00	0.00e+00	0.00e+00	3.18e-78
 4.01933e+21	8.03e-29	1.58e-21	6.08e-16	2.47e-11	2.89e-06	4.34e-03	9.96e-01	0.00e+00	0.00e+00	0.00e+00	0.00e+00	0.00e+00	5.19e-78
 4.09592e+21	9.51e-29	1.81e-21	6.73e-16	2.64e-11	3.04e-06	4.47e-03	9.96e-01	0.00e+00	0.00e+00	0.00e+00	0.00e+00	0.00e+00	1.02e-77
 4.16774e+21	1.11e-28	2.05e-21	7.39e-16	2.81e-11	3.19e-06	4.59e-03	9.95e-01	0.00e+00	0.00e+00	0.00e+00	0.00e+00	0.00e+00	1.55e-77
 4.24951e+21	1.33e-28	2.37e-21	8.23e-16	3.01e-11	3.38e-06	4.73e-03	9.95e-01	0.00e+00	0.00e+00	0.00e+00	0.00e+00	0.00e+00	1.97e-77
 4.33952e+21	1.62e-28	2.77e-21	9.26e-16	3.26e-11	3.59e-06	4.89e-03	9.95e-01	0.00e+00	0.00e+00	0.00e+00	0.00e+00	0.00e+00	2.68e-77
 4.42144e+21	1.94e-28	3.20e-21	1.03e-15	3.50e-11	3.79e-06	5.04e-03	9.95e-01	0.00e+00	0.00e+00	0.00e+00	0.00e+00	0.00e+00	4.78e-77
 4.49710e+21	2.29e-28	3.65e-21	1.14e-15	3.74e-11	3.99e-06	5.18e-03	9.95e-01	0.00e+00	0.00e+00	0.00e+00	0.00e+00	0.00e+00	9.03e-77
 4.58338e+21	2.76e-28	4.24e-21	1.27e-15	4.03e-11	4.23e-06	5.34e-03	9.95e-01	0.00e+00	0.00e+00	0.00e+00	0.00e+00	0.00e+00	9.91e-77
 4.67963e+21	3.40e-28	5.01e-21	1.45e-15	4.38e-11	4.51e-06	5.53e-03	9.94e-01	0.00e+00	0.00e+00	0.00e+00	0.00e+00	0.00e+00	1.53e-76
 4.76858e+21	4.12e-28	5.85e-21	1.62e-15	4.74e-11	4.79e-06	5.70e-03	9.94e-01	0.00e+00	0.00e+00	0.00e+00	0.00e+00	0.00e+00	3.06e-76
 4.84563e+21	4.87e-28	6.69e-21	1.80e-15	5.07e-11	5.04e-06	5.86e-03	9.94e-01	0.00e+00	0.00e+00	0.00e+00	0.00e+00	0.00e+00	5.26e-76
 4.92750e+21	5.81e-28	7.71e-21	2.00e-15	5.45e-11	5.33e-06	6.03e-03	9.94e-01	0.00e+00	0.00e+00	0.00e+00	0.00e+00	0.00e+00	6.92e-76
 5.01908e+21	7.09e-28	9.04e-21	2.26e-15	5.90e-11	5.66e-06	6.23e-03	9.94e-01	0.00e+00	0.00e+00	0.00e+00	0.00e+00	0.00e+00	6.48e-76
 5.10431e+21	8.52e-28	1.05e-20	2.53e-15	6.37e-11	5.99e-06	6.42e-03	9.94e-01	0.00e+00	0.00e+00	0.00e+00	0.00e+00	0.00e+00	2.18e-75
 5.18304e+21	1.01e-27	1.20e-20	2.81e-15	6.83e-11	6.32e-06	6.60e-03	9.93e-01	0.00e+00	0.00e+00	0.00e+00	0.00e+00	0.00e+00	3.70e-75
 5.27233e+21	1.23e-27	1.41e-20	3.16e-15	7.40e-11	6.70e-06	6.80e-03	9.93e-01	0.00e+00	0.00e+00	0.00e+00	0.00e+00	0.00e+00	2.88e-75
 5.37106e+21	1.52e-27	1.67e-20	3.60e-15	8.08e-11	7.16e-06	7.04e-03	9.93e-01	0.00e+00	0.00e+00	0.00e+00	0.00e+00	0.00e+00	3.76e-75
 5.46118e+21	1.86e-27	1.97e-20	4.07e-15	8.78e-11	7.61e-06	7.26e-03	9.93e-01	0.00e+00	0.00e+00	0.00e+00	0.00e+00	0.00e+00	6.32e-75
 5.54295e+21	2.21e-27	2.27e-20	4.54e-15	9.45e-11	8.03e-06	7.47e-03	9.93e-01	0.00e+00	0.00e+00	0.00e+00	0.00e+00	0.00e+00	4.11e-74
 5.63476e+21	2.70e-27	2.66e-20	5.13e-15	1.03e-10	8.53e-06	7.70e-03	9.92e-01	0.00e+00	0.00e+00	0.00e+00	0.00e+00	0.00e+00	6.73e-74
 5.73418e+21	3.36e-27	3.18e-20	5.87e-15	1.13e-10	9.12e-06	7.97e-03	9.92e-01	0.00e+00	0.00e+00	0.00e+00	0.00e+00	0.00e+00	1.15e-73
 5.82245e+21	4.08e-27	3.72e-20	6.63e-15	1.22e-10	9.67e-06	8.21e-03	9.92e-01	0.00e+00	0.00e+00	0.00e+00	0.00e+00	0.00e+00	1.85e-73
 5.90177e+21	4.87e-27	4.29e-20	7.39e-15	1.32e-10	1.02e-05	8.44e-03	9.92e-01	0.00e+00	0.00e+00	0.00e+00	0.00e+00	0.00e+00	2.84e-73
 5.99052e+21	5.92e-27	5.03e-20	8.34e-15	1.43e-10	1.08e-05	8.69e-03	9.91e-01	0.00e+00	0.00e+00	0.00e+00	0.00e+00	0.00e+00	4.58e-73
 6.08973e+21	7.38e-27	6.02e-20	9.57e-15	1.57e-10	1.16e-05	8.99e-03	9.91e-01	0.00e+00	0.00e+00	0.00e+00	0.00e+00	0.00e+00	7.81e-73
 6.18181e+21	9.07e-27	7.11e-20	1.09e-14	1.72e-10	1.23e-05	9.28e-03	9.91e-01	0.00e+00	0.00e+00	0.00e+00	0.00e+00	0.00e+00	1.28e-72
 6.26664e+21	1.10e-26	8.34e-20	1.23e-14	1.87e-10	1.30e-05	9.55e-03	9.90e-01	0.00e+00	0.00e+00	0.00e+00	0.00e+00	0.00e+00	2.06e-72
 6.36275e+21	1.36e-26	9.89e-20	1.40e-14	2.04e-10	1.39e-05	9.86e-03	9.90e-01	0.00e+00	0.00e+00	0.00e+00	0.00e+00	0.00e+00	3.39e-72
 6.46949e+21	1.73e-26	1.20e-19	1.63e-14	2.27e-10	1.49e-05	1.02e-02	9.90e-01	0.00e+00	0.00e+00	0.00e+00	0.00e+00	0.00e+00	6.03e-72
 6.56629e+21	2.15e-26	1.44e-19	1.87e-14	2.49e-10	1.59e-05	1.06e-02	9.89e-01	0.00e+00	0.00e+00	0.00e+00	0.00e+00	0.00e+00	1.02e-71
 6.65313e+21	2.62e-26	1.69e-19	2.12e-14	2.72e-10	1.69e-05	1.09e-02	9.89e-01	0.00e+00	0.00e+00	0.00e+00	0.00e+00	0.00e+00	1.62e-71
 6.75079e+21	3.27e-26	2.02e-19	2.43e-14	2.99e-10	1.80e-05	1.12e-02	9.89e-01	0.00e+00	0.00e+00	0.00e+00	0.00e+00	0.00e+00	2.73e-71
 6.86054e+21	4.19e-26	2.47e-19	2.85e-14	3.33e-10	1.94e-05	1.17e-02	9.88e-01	0.00e+00	0.00e+00	0.00e+00	0.00e+00	0.00e+00	4.90e-71
 6.96317e+21	5.28e-26	2.99e-19	3.30e-14	3.69e-10	2.08e-05	1.21e-02	9.88e-01	0.00e+00	0.00e+00	0.00e+00	0.00e+00	0.00e+00	8.46e-71
 7.05782e+21	6.54e-26	3.56e-19	3.78e-14	4.06e-10	2.21e-05	1.24e-02	9.88e-01	0.00e+00	0.00e+00	0.00e+00	0.00e+00	0.00e+00	1.40e-70
 7.16492e+21	8.32e-26	4.34e-19	4.40e-14	4.51e-10	2.38e-05	1.29e-02	9.87e-01	0.00e+00	0.00e+00	0.00e+00	0.00e+00	0.00e+00	2.45e-70
 7.28374e+21	1.09e-25	5.40e-19	5.22e-14	5.08e-10	2.57e-05	1.34e-02	9.87e-01	0.00e+00	0.00e+00	0.00e+00	0.00e+00	0.00e+00	4.56e-70
 7.39373e+21	1.39e-25	6.60e-19	6.11e-14	5.67e-10	2.77e-05	1.39e-02	9.86e-01	0.00e+00	0.00e+00	0.00e+00	0.00e+00	0.00e+00	8.08e-70
 7.49683e+21	1.75e-25	7.97e-19	7.07e-14	6.28e-10	2.96e-05	1.44e-02	9.86e-01	0.00e+00	0.00e+00	0.00e+00	0.00e+00	0.00e+00	1.37e-69
 7.59830e+21	2.18e-25	9.57e-19	8.15e-14	6.94e-10	3.16e-05	1.48e-02	9.85e-01	0.00e+00	0.00e+00	0.00e+00	0.00e+00	0.00e+00	2.30e-69
 7.69796e+21	2.70e-25	1.14e-18	9.37e-14	7.65e-10	3.37e-05	1.53e-02	9.85e-01	0.00e+00	0.00e+00	0.00e+00	0.00e+00	0.00e+00	3.79e-69
 7.81203e+21	3.45e-25	1.40e-18	1.10e-13	8.54e-10	3.62e-05	1.59e-02	9.84e-01	0.00e+00	0.00e+00	0.00e+00	0.00e+00	0.00e+00	6.65e-69
 7.93564e+21	4.49e-25	1.73e-18	1.30e-13	9.61e-10	3.92e-05	1.65e-02	9.83e-01	0.00e+00	0.00e+00	0.00e+00	0.00e+00	0.00e+00	1.22e-68
 8.04554e+21	5.65e-25	2.10e-18	1.51e-13	1.07e-09	4.19e-05	1.70e-02	9.83e-01	0.00e+00	0.00e+00	0.00e+00	0.00e+00	0.00e+00	2.06e-68
 8.16229e+21	7.18e-25	2.55e-18	1.76e-13	1.19e-09	4.50e-05	1.76e-02	9.82e-01	0.00e+00	0.00e+00	0.00e+00	0.00e+00	0.00e+00	3.57e-68
 8.29266e+21	9.33e-25	3.17e-18	2.08e-13	1.34e-09	4.87e-05	1.83e-02	9.82e-01	0.00e+00	0.00e+00	0.00e+00	0.00e+00	0.00e+00	6.51e-68
 8.41423e+21	1.19e-24	3.87e-18	2.44e-13	1.50e-09	5.23e-05	1.90e-02	9.81e-01	0.00e+00	0.00e+00	0.00e+00	0.00e+00	0.00e+00	1.13e-67
 8.52804e+21	1.48e-24	4.64e-18	2.81e-13	1.66e-09	5.59e-05	1.96e-02	9.80e-01	0.00e+00	0.00e+00	0.00e+00	0.00e+00	0.00e+00	1.87e-67
 8.65826e+21	1.89e-24	5.69e-18	3.30e-13	1.86e-09	6.02e-05	2.03e-02	9.80e-01	0.00e+00	0.00e+00	0.00e+00	0.00e+00	0.00e+00	3.28e-67
 8.80431e+21	2.48e-24	7.11e-18	3.94e-13	2.10e-09	6.53e-05	2.12e-02	9.79e-01	0.00e+00	0.00e+00	0.00e+00	0.00e+00	0.00e+00	6.08e-67
 8.94159e+21	3.18e-24	8.74e-18	4.63e-13	2.36e-09	7.04e-05	2.20e-02	9.78e-01	0.00e+00	0.00e+00	0.00e+00	0.00e+00	0.00e+00	1.07e-66
 9.07048e+21	3.99e-24	1.06e-17	5.38e-13	2.63e-09	7.54e-05	2.27e-02	9.77e-01	0.00e+00	0.00e+00	0.00e+00	0.00e+00	0.00e+00	1.80e-66
 9.21778e+21	5.14e-24	1.30e-17	6.35e-13	2.96e-09	8.15e-05	2.36e-02	9.76e-01	0.00e+00	0.00e+00	0.00e+00	0.00e+00	0.00e+00	3.20e-66
 9.37469e+21	6.70e-24	1.62e-17	7.55e-13	3.35e-09	8.83e-05	2.46e-02	9.75e-01	0.00e+00	0.00e+00	0.00e+00	0.00e+00	0.00e+00	5.84e-66
 9.50722e+21	8.34e-24	1.94e-17	8.72e-13	3.71e-09	9.44e-05	2.54e-02	9.75e-01	0.00e+00	0.00e+00	0.00e+00	0.00e+00	0.00e+00	9.59e-66
 9.62456e+21	1.01e-23	2.29e-17	9.92e-13	4.06e-09	1.00e-04	2.61e-02	9.74e-01	0.00e+00	0.00e+00	0.00e+00	0.00e+00	0.00e+00	1.49e-65
 9.75900e+21	1.24e-23	2.71e-17	1.13e-12	4.47e-09	1.07e-04	2.69e-02	9.73e-01	0.00e+00	0.00e+00	0.00e+00	0.00e+00	0.00e+00	2.37e-65
 9.93378e+21	1.62e-23	3.38e-17	1.35e-12	5.08e-09	1.16e-04	2.80e-02	9.72e-01	0.00e+00	0.00e+00	0.00e+00	0.00e+00	0.00e+00	4.34e-65
 1.01126e+22	2.12e-23	4.22e-17	1.62e-12	5.77e-09	1.26e-04	2.92e-02	9.71e-01	0.00e+00	0.00e+00	0.00e+00	0.00e+00	0.00e+00	7.95e-65
 1.02576e+22	2.61e-23	5.03e-17	1.86e-12	6.38e-09	1.34e-04	3.02e-02	9.70e-01	0.00e+00	0.00e+00	0.00e+00	5.03e-17	3.72e-23	1.28e-64
 1.04068e+22	3.23e-23	6.00e-17	2.14e-12	7.06e-09	1.44e-04	3.11e-02	9.69e-01	0.00e+00	0.00e+00	0.00e+00	6.00e-17	4.44e-23	2.07e-64
 1.06008e+22	4.21e-23	7.49e-17	2.55e-12	8.02e-09	1.56e-04	3.24e-02	9.67e-01	0.00e+00	0.00e+00	0.00e+00	7.49e-17	5.54e-23	3.79e-64
 1.08019e+22	5.52e-23	9.40e-17	3.06e-12	9.14e-09	1.70e-04	3.38e-02	9.66e-01	0.00e+00	0.00e+00	0.00e+00	9.40e-17	6.95e-23	7.00e-64
 1.09689e+22	6.84e-23	1.12e-16	3.53e-12	1.01e-08	1.82e-04	3.49e-02	9.65e-01	0.00e+00	0.00e+00	0.00e+00	1.12e-16	8.31e-23	1.14e-63
 1.11140e+22	8.23e-23	1.31e-16	3.99e-12	1.11e-08	1.93e-04	3.60e-02	9.64e-01	0.00e+00	0.00e+00	0.00e+00	1.31e-16	9.70e-23	1.73e-63
 1.12741e+22	1.00e-22	1.54e-16	4.55e-12	1.22e-08	2.05e-04	3.70e-02	9.63e-01	0.00e+00	0.00e+00	0.00e+00	1.54e-16	1.14e-22	2.70e-63
 1.14821e+22	1.29e-22	1.91e-16	5.40e-12	1.38e-08	2.22e-04	3.85e-02	9.61e-01	0.00e+00	0.00e+00	0.00e+00	1.91e-16	1.41e-22	4.81e-63
 1.16921e+22	1.65e-22	2.35e-16	6.38e-12	1.56e-08	2.41e-04	4.01e-02	9.60e-01	0.00e+00	0.00e+00	0.00e+00	2.35e-16	1.74e-22	8.44e-63
 1.18594e+22	2.02e-22	2.78e-16	7.29e-12	1.72e-08	2.56e-04	4.13e-02	9.58e-01	0.00e+00	0.00e+00	0.00e+00	2.78e-16	2.06e-22	1.32e-62
 1.20317e+22	2.43e-22	3.25e-16	8.26e-12	1.88e-08	2.72e-04	4.25e-02	9.57e-01	0.00e+00	0.00e+00	0.00e+00	3.25e-16	2.40e-22	2.02e-62
 1.22556e+22	3.10e-22	3.99e-16	9.74e-12	2.12e-08	2.94e-04	4.42e-02	9.56e-01	0.00e+00	0.00e+00	0.00e+00	3.99e-16	2.95e-22	3.51e-62
 1.24906e+22	3.98e-22	4.92e-16	1.15e-11	2.40e-08	3.19e-04	4.59e-02	9.54e-01	0.00e+00	0.00e+00	0.00e+00	4.92e-16	3.64e-22	6.20e-62
 1.26907e+22	4.88e-22	5.85e-16	1.33e-11	2.65e-08	3.41e-04	4.74e-02	9.52e-01	0.00e+00	0.00e+00	0.00e+00	5.85e-16	4.32e-22	9.88e-62
 1.29013e+22	6.03e-22	6.98e-16	1.53e-11	2.95e-08	3.65e-04	4.90e-02	9.51e-01	0.00e+00	0.00e+00	0.00e+00	6.98e-16	5.16e-22	1.60e-61
 1.31751e+22	7.86e-22	8.73e-16	1.83e-11	3.36e-08	3.97e-04	5.11e-02	9.49e-01	0.00e+00	0.00e+00	0.00e+00	8.73e-16	6.45e-22	2.92e-61
 1.34410e+22	1.02e-21	1.08e-15	2.18e-11	3.81e-08	4.32e-04	5.32e-02	9.46e-01	0.00e+00	0.00e+00	0.00e+00	1.08e-15	7.99e-22	5.22e-61
 1.36377e+22	1.19e-21	1.24e-15	2.42e-11	4.13e-08	4.55e-04	5.45e-02	9.45e-01	0.00e+00	0.00e+00	0.00e+00	1.24e-15	9.12e-22	7.57e-61
 1.38344e+22	1.39e-21	1.41e-15	2.70e-11	4.47e-08	4.79e-04	5.59e-02	9.44e-01	0.00e+00	0.00e+00	0.00e+00	1.41e-15	1.04e-21	1.10e-60
 1.40901e+22	1.74e-21	1.71e-15	3.14e-11	4.99e-08	5.15e-04	5.79e-02	9.42e-01	0.00e+00	0.00e+00	0.00e+00	1.71e-15	1.26e-21	1.83e-60
 1.43692e+22	2.21e-21	2.09e-15	3.69e-11	5.63e-08	5.57e-04	6.01e-02	9.39e-01	0.00e+00	0.00e+00	0.00e+00	2.09e-15	1.54e-21	3.16e-60
 1.46222e+22	2.73e-21	2.50e-15	4.27e-11	6.26e-08	5.97e-04	6.22e-02	9.37e-01	0.00e+00	0.00e+00	0.00e+00	2.50e-15	1.84e-21	5.12e-60
 1.48945e+22	3.39e-21	2.99e-15	4.94e-11	6.97e-08	6.40e-04	6.43e-02	9.35e-01	0.00e+00	0.00e+00	0.00e+00	2.99e-15	2.20e-21	8.39e-60
 1.52486e+22	4.50e-21	3.80e-15	5.99e-11	8.03e-08	7.02e-04	6.72e-02	9.32e-01	0.00e+00	0.00e+00	0.00e+00	3.80e-15	2.79e-21	1.60e-59
 1.56086e+22	5.92e-21	4.80e-15	7.23e-11	9.24e-08	7.69e-04	7.02e-02	9.29e-01	0.00e+00	0.00e+00	0.00e+00	4.80e-15	3.52e-21	3.01e-59
 1.59023e+22	7.37e-21	5.78e-15	8.40e-11	1.03e-07	8.26e-04	7.27e-02	9.26e-01	0.00e+00	0.00e+00	0.00e+00	5.78e-15	4.23e-21	4.98e-59
 1.61641e+22	8.92e-21	6.79e-15	9.57e-11	1.14e-07	8.79e-04	7.49e-02	9.24e-01	0.00e+00	0.00e+00	0.00e+00	6.79e-15	4.96e-21	7.70e-59
 1.64586e+22	1.10e-20	8.12e-15	1.11e-10	1.26e-07	9.43e-04	7.74e-02	9.22e-01	0.00e+00	0.00e+00	0.00e+00	8.12e-15	5.93e-21	1.25e-58
 1.68414e+22	1.42e-20	1.01e-14	1.32e-10	1.44e-07	1.03e-03	8.06e-02	9.18e-01	0.00e+00	0.00e+00	0.00e+00	1.01e-14	7.35e-21	2.26e-58
 1.72401e+22	1.87e-20	1.28e-14	1.59e-10	1.65e-07	1.12e-03	8.42e-02	9.15e-01	0.00e+00	0.00e+00	0.00e+00	1.28e-14	9.29e-21	4.24e-58
 1.75589e+22	2.31e-20	1.53e-14	1.84e-10	1.84e-07	1.20e-03	8.70e-02	9.12e-01	0.00e+00	0.00e+00	0.00e+00	1.53e-14	1.11e-20	6.88e-58
 1.78727e+22	2.83e-20	1.81e-14	2.11e-10	2.04e-07	1.29e-03	8.98e-02	9.09e-01	0.00e+00	0.00e+00	0.00e+00	1.81e-14	1.32e-20	1.09e-57
 1.82806e+22	3.64e-20	2.24e-14	2.51e-10	2.32e-07	1.40e-03	9.34e-02	9.05e-01	0.00e+00	0.00e+00	0.00e+00	2.24e-14	1.63e-20	1.94e-57
 1.87028e+22	4.75e-20	2.82e-14	3.02e-10	2.65e-07	1.53e-03	9.73e-02	9.01e-01	0.00e+00	0.00e+00	0.00e+00	2.82e-14	2.04e-20	3.56e-57
 1.90484e+22	5.84e-20	3.37e-14	3.49e-10	2.95e-07	1.64e-03	1.01e-01	8.98e-01	0.00e+00	0.00e+00	0.00e+00	3.37e-14	2.43e-20	5.74e-57
 1.94028e+22	7.20e-20	4.03e-14	4.03e-10	3.29e-07	1.75e-03	1.04e-01	8.94e-01	0.00e+00	0.00e+00	0.00e+00	4.03e-14	2.90e-20	9.25e-57
 1.98635e+22	9.31e-20	5.02e-14	4.82e-10	3.75e-07	1.91e-03	1.08e-01	8.90e-01	0.00e+00	0.00e+00	0.00e+00	5.02e-14	3.61e-20	1.67e-56
 2.03423e+22	1.23e-19	6.37e-14	5.85e-10	4.32e-07	2.10e-03	1.13e-01	8.85e-01	0.00e+00	0.00e+00	0.00e+00	6.37e-14	4.57e-20	3.13e-56
 2.07372e+22	1.53e-19	7.69e-14	6.81e-10	4.84e-07	2.26e-03	1.17e-01	8.81e-01	0.00e+00	0.00e+00	0.00e+00	7.69e-14	5.51e-20	5.16e-56
 2.11429e+22	1.90e-19	9.28e-14	7.93e-10	5.42e-07	2.43e-03	1.21e-01	8.77e-01	0.00e+00	0.00e+00	0.00e+00	9.28e-14	6.63e-20	8.46e-56
 2.16702e+22	2.51e-19	1.17e-13	9.60e-10	6.24e-07	2.66e-03	1.26e-01	8.71e-01	0.00e+00	0.00e+00	0.00e+00	1.17e-13	8.37e-20	1.58e-55
 2.22187e+22	3.33e-19	1.50e-13	1.17e-09	7.23e-07	2.92e-03	1.32e-01	8.65e-01	0.00e+00	0.00e+00	0.00e+00	1.50e-13	1.07e-19	3.01e-55
 2.26414e+22	4.12e-19	1.81e-13	1.36e-09	8.09e-07	3.14e-03	1.36e-01	8.61e-01	0.00e+00	0.00e+00	0.00e+00	1.81e-13	1.29e-19	4.89e-55
 2.29756e+22	4.85e-19	2.08e-13	1.53e-09	8.81e-07	3.32e-03	1.40e-01	8.57e-01	0.00e+00	0.00e+00	0.00e+00	2.08e-13	1.48e-19	7.07e-55
 2.33483e+22	5.83e-19	2.45e-13	1.74e-09	9.70e-07	3.53e-03	1.44e-01	8.53e-01	0.00e+00	0.00e+00	0.00e+00	2.45e-13	1.73e-19	1.07e-54
 2.38327e+22	7.31e-19	2.97e-13	2.04e-09	1.09e-06	3.81e-03	1.49e-01	8.47e-01	0.00e+00	0.00e+00	0.00e+00	2.97e-13	2.10e-19	1.78e-54
 2.43588e+22	9.39e-19	3.70e-13	2.44e-09	1.25e-06	4.14e-03	1.55e-01	8.41e-01	0.00e+00	0.00e+00	0.00e+00	3.70e-13	2.61e-19	3.11e-54
 2.48225e+22	1.16e-18	4.47e-13	2.85e-09	1.39e-06	4.46e-03	1.60e-01	8.36e-01	0.00e+00	0.00e+00	0.00e+00	4.47e-13	3.14e-19	5.03e-54
 2.53089e+22	1.44e-18	5.37e-13	3.31e-09	1.56e-06	4.79e-03	1.65e-01	8.30e-01	0.00e+00	0.00e+00	0.00e+00	5.37e-13	3.77e-19	8.09e-54
 2.59412e+22	1.90e-18	6.87e-13	4.05e-09	1.81e-06	5.26e-03	1.72e-01	8.23e-01	0.00e+00	0.00e+00	0.00e+00	6.87e-13	4.80e-19	1.50e-53
 2.65766e+22	2.50e-18	8.76e-13	4.94e-09	2.10e-06	5.78e-03	1.80e-01	8.15e-01	0.00e+00	0.00e+00	0.00e+00	8.76e-13	6.11e-19	2.76e-53
 2.70762e+22	3.09e-18	1.06e-12	5.76e-09	2.35e-06	6.21e-03	1.85e-01	8.08e-01	0.00e+00	0.00e+00	0.00e+00	1.06e-12	7.34e-19	4.40e-53
 2.75861e+22	3.81e-18	1.27e-12	6.71e-09	2.63e-06	6.68e-03	1.91e-01	8.02e-01	0.00e+00	0.00e+00	0.00e+00	1.27e-12	8.82e-19	6.97e-53
 2.82488e+22	4.95e-18	1.60e-12	8.11e-09	3.03e-06	7.30e-03	1.99e-01	7.94e-01	0.00e+00	0.00e+00	0.00e+00	1.60e-12	1.11e-18	1.24e-52
 2.89551e+22	6.53e-18	2.05e-12	9.94e-09	3.52e-06	8.04e-03	2.07e-01	7.84e-01	0.00e+00	0.00e+00	0.00e+00	2.05e-12	1.41e-18	2.27e-52
 2.95615e+22	8.23e-18	2.53e-12	1.18e-08	4.01e-06	8.71e-03	2.15e-01	7.76e-01	0.00e+00	0.00e+00	0.00e+00	2.53e-12	1.74e-18	3.76e-52
 3.01934e+22	1.04e-17	3.11e-12	1.40e-08	4.55e-06	9.45e-03	2.22e-01	7.68e-01	0.00e+00	0.00e+00	0.00e+00	3.11e-12	2.14e-18	6.21e-52
 3.10148e+22	1.39e-17	4.04e-12	1.75e-08	5.35e-06	1.05e-02	2.32e-01	7.57e-01	0.00e+00	0.00e+00	0.00e+00	4.04e-12	2.77e-18	1.17e-51
 3.18507e+22	1.87e-17	5.29e-12	2.18e-08	6.32e-06	1.16e-02	2.43e-01	7.46e-01	0.00e+00	0.00e+00	0.00e+00	5.29e-12	3.62e-18	2.20e-51
 3.24776e+22	2.32e-17	6.46e-12	2.58e-08	7.17e-06	1.26e-02	2.51e-01	7.36e-01	0.00e+00	0.00e+00	0.00e+00	6.46e-12	4.42e-18	3.49e-51
 3.29817e+22	2.73e-17	7.50e-12	2.92e-08	7.85e-06	1.33e-02	2.57e-01	7.30e-01	0.00e+00	0.00e+00	0.00e+00	7.50e-12	5.12e-18	4.95e-51
 3.35537e+22	3.28e-17	8.87e-12	3.36e-08	8.73e-06	1.42e-02	2.64e-01	7.22e-01	0.00e+00	0.00e+00	0.00e+00	8.87e-12	6.04e-18	7.32e-51
 3.42974e+22	4.13e-17	1.10e-11	4.01e-08	9.96e-06	1.54e-02	2.73e-01	7.11e-01	0.00e+00	0.00e+00	0.00e+00	1.10e-11	7.45e-18	1.19e-50
 3.51122e+22	5.29e-17	1.38e-11	4.87e-08	1.15e-05	1.69e-02	2.83e-01	7.00e-01	5.29e-17	4.15e-21	9.89e-22	1.38e-11	9.36e-18	2.01e-50
 3.58335e+22	6.55e-17	1.68e-11	5.77e-08	1.31e-05	1.82e-02	2.92e-01	6.89e-01	6.55e-17	5.12e-21	1.22e-21	1.68e-11	1.14e-17	3.15e-50
 3.64787e+22	7.88e-17	2.01e-11	6.69e-08	1.46e-05	1.95e-02	3.00e-01	6.80e-01	7.88e-17	6.15e-21	1.46e-21	2.01e-11	1.36e-17	4.63e-50
 3.72108e+22	9.61e-17	2.41e-11	7.82e-08	1.64e-05	2.10e-02	3.09e-01	6.70e-01	9.61e-17	7.46e-21	1.78e-21	2.41e-11	1.63e-17	7.01e-50
 3.81624e+22	1.23e-16	3.05e-11	9.55e-08	1.91e-05	2.30e-02	3.20e-01	6.57e-01	1.23e-16	9.53e-21	2.27e-21	3.05e-11	2.06e-17	1.18e-49
 3.91421e+22	1.59e-16	3.89e-11	1.17e-07	2.23e-05	2.53e-02	3.32e-01	6.43e-01	1.59e-16	1.22e-20	2.90e-21	3.89e-11	2.62e-17	1.99e-49
 3.99349e+22	1.93e-16	4.70e-11	1.38e-07	2.52e-05	2.73e-02	3.42e-01	6.31e-01	1.93e-16	1.48e-20	3.52e-21	4.70e-11	3.16e-17	2.99e-49
 4.07425e+22	2.34e-16	5.63e-11	1.61e-07	2.84e-05	2.93e-02	3.51e-01	6.20e-01	2.33e-16	1.78e-20	4.22e-21	5.63e-11	3.77e-17	4.41e-49
 4.17923e+22	2.96e-16	7.05e-11	1.96e-07	3.29e-05	3.20e-02	3.62e-01	6.06e-01	2.96e-16	2.24e-20	5.31e-21	7.05e-11	4.71e-17	7.14e-49
 4.28986e+22	3.76e-16	8.93e-11	2.40e-07	3.84e-05	3.51e-02	3.75e-01	5.90e-01	3.76e-16	2.83e-20	6.72e-21	8.93e-11	5.95e-17	1.18e-48
 4.38324e+22	4.57e-16	1.08e-10	2.83e-07	4.35e-05	3.79e-02	3.85e-01	5.77e-01	4.57e-16	3.42e-20	8.11e-21	1.08e-10	7.20e-17	1.76e-48
 4.48006e+22	5.53e-16	1.30e-10	3.33e-07	4.92e-05	4.07e-02	3.94e-01	5.65e-01	5.53e-16	4.12e-20	9.76e-21	1.30e-10	8.64e-17	2.60e-48
 4.60593e+22	7.00e-16	1.64e-10	4.06e-07	5.73e-05	4.46e-02	4.07e-01	5.49e-01	7.00e-16	5.17e-20	1.22e-20	1.64e-10	1.08e-16	4.20e-48
 4.73798e+22	8.89e-16	2.08e-10	5.01e-07	6.72e-05	4.90e-02	4.19e-01	5.32e-01	8.89e-16	6.52e-20	1.54e-20	2.08e-10	1.37e-16	6.89e-48
 4.84555e+22	1.07e-15	2.52e-10	5.91e-07	7.62e-05	5.28e-02	4.29e-01	5.18e-01	1.07e-15	7.80e-20	1.85e-20	2.52e-10	1.66e-16	1.01e-47
 4.93142e+22	1.23e-15	2.91e-10	6.72e-07	8.40e-05	5.59e-02	4.37e-01	5.07e-01	1.23e-15	8.95e-20	2.12e-20	2.91e-10	1.91e-16	1.36e-47
 5.02156e+22	1.42e-15	3.35e-10	7.59e-07	9.22e-05	5.90e-02	4.44e-01	4.96e-01	1.42e-15	1.03e-19	2.43e-20	3.35e-10	2.19e-16	1.82e-47
 5.13875e+22	1.70e-15	3.99e-10	8.86e-07	1.04e-04	6.32e-02	4.54e-01	4.83e-01	1.70e-15	1.22e-19	2.87e-20	3.99e-10	2.60e-16	2.62e-47
 5.26573e+22	2.04e-15	4.83e-10	1.05e-06	1.18e-04	6.81e-02	4.63e-01	4.68e-01	2.04e-15	1.45e-19	3.44e-20	4.83e-10	3.14e-16	3.87e-47
 5.37770e+22	2.39e-15	5.69e-10	1.21e-06	1.32e-04	7.26e-02	4.72e-01	4.56e-01	2.39e-15	1.69e-19	4.00e-20	5.69e-10	3.69e-16	5.36e-47
 5.47928e+22	2.74e-15	6.53e-10	1.37e-06	1.45e-04	7.65e-02	4.78e-01	4.45e-01	2.74e-15	1.93e-19	4.55e-20	6.53e-10	4.22e-16	7.19e-47
 5.59507e+22	3.18e-15	7.59e-10	1.56e-06	1.60e-04	8.10e-02	4.86e-01	4.33e-01	3.18e-15	2.22e-19	5.25e-20	7.59e-10	4.89e-16	9.81e-47
 5.74560e+22	3.83e-15	9.14e-10	1.84e-06	1.82e-04	8.70e-02	4.95e-01	4.18e-01	3.83e-15	2.65e-19	6.25e-20	9.14e-10	5.85e-16	1.45e-46
 5.90222e+22	4.61e-15	1.11e-09	2.19e-06	2.07e-04	9.37e-02	5.03e-01	4.03e-01	4.61e-15	3.16e-19	7.46e-20	1.11e-09	7.08e-16	2.15e-46
 6.03088e+22	5.34e-15	1.30e-09	2.51e-06	2.31e-04	9.94e-02	5.10e-01	3.90e-01	5.34e-15	3.64e-19	8.57e-20	1.30e-09	8.24e-16	2.94e-46
 6.16224e+22	6.15e-15	1.49e-09	2.85e-06	2.54e-04	1.05e-01	5.16e-01	3.79e-01	6.15e-15	4.15e-19	9.79e-20	1.49e-09	9.44e-16	3.99e-46
 6.33301e+22	7.34e-15	1.78e-09	3.33e-06	2.86e-04	1.12e-01	5.23e-01	3.64e-01	7.34e-15	4.90e-19	1.15e-19	1.78e-09	1.12e-15	5.80e-46
 6.51441e+22	8.78e-15	2.15e-09	3.94e-06	3.25e-04	1.20e-01	5.30e-01	3.49e-01	8.78e-15	5.80e-19	1.37e-19	2.15e-09	1.34e-15	8.60e-46
 6.66895e+22	1.02e-14	2.52e-09	4.54e-06	3.62e-04	1.27e-01	5.36e-01	3.36e-01	1.02e-14	6.66e-19	1.57e-19	2.52e-09	1.56e-15	1.19e-45
 6.82918e+22	1.17e-14	2.91e-09	5.15e-06	3.99e-04	1.34e-01	5.41e-01	3.25e-01	1.17e-14	7.61e-19	1.79e-19	2.91e-09	1.79e-15	1.62e-45
 7.03748e+22	1.40e-14	3.47e-09	6.04e-06	4.51e-04	1.43e-01	5.46e-01	3.10e-01	1.40e-14	8.96e-19	2.11e-19	3.47e-09	2.12e-15	2.39e-45
 7.25856e+22	1.68e-14	4.21e-09	7.17e-06	5.14e-04	1.54e-01	5.51e-01	2.95e-01	1.68e-14	1.06e-18	2.49e-19	4.21e-09	2.55e-15	3.60e-45
 7.44646e+22	1.94e-14	4.92e-09	8.25e-06	5.73e-04	1.63e-01	5.54e-01	2.83e-01	1.94e-14	1.22e-18	2.85e-19	4.92e-09	2.96e-15	5.01e-45
 7.64092e+22	2.24e-14	5.67e-09	9.37e-06	6.31e-04	1.71e-01	5.57e-01	2.71e-01	2.24e-14	1.39e-18	3.25e-19	5.67e-09	3.39e-15	6.92e-45
 7.89372e+22	2.68e-14	6.76e-09	1.10e-05	7.11e-04	1.82e-01	5.60e-01	2.58e-01	2.67e-14	1.62e-18	3.81e-19	6.76e-09	3.99e-15	1.03e-44
 8.16887e+22	3.21e-14	8.19e-09	1.30e-05	8.11e-04	1.94e-01	5.62e-01	2.43e-01	3.21e-14	1.92e-18	4.50e-19	8.19e-09	4.78e-15	1.57e-44
 8.38655e+22	3.69e-14	9.52e-09	1.49e-05	8.99e-04	2.05e-01	5.63e-01	2.32e-01	3.69e-14	2.18e-18	5.11e-19	9.52e-09	5.52e-15	2.20e-44
 8.54574e+22	4.07e-14	1.06e-08	1.64e-05	9.66e-04	2.12e-01	5.63e-01	2.24e-01	4.07e-14	2.39e-18	5.58e-19	1.06e-08	6.08e-15	2.76e-44
 8.71539e+22	4.50e-14	1.16e-08	1.79e-05	1.03e-03	2.19e-01	5.63e-01	2.17e-01	4.50e-14	2.60e-18	6.09e-19	1.16e-08	6.65e-15	3.48e-44
 8.93594e+22	5.09e-14	1.32e-08	1.99e-05	1.12e-03	2.28e-01	5.63e-01	2.08e-01	5.09e-14	2.90e-18	6.79e-19	1.32e-08	7.43e-15	4.63e-44
 9.22265e+22	5.90e-14	1.53e-08	2.28e-05	1.24e-03	2.40e-01	5.62e-01	1.97e-01	5.90e-14	3.30e-18	7.72e-19	1.53e-08	8.48e-15	6.54e-44
 9.52466e+22	6.89e-14	1.79e-08	2.64e-05	1.39e-03	2.53e-01	5.60e-01	1.86e-01	6.89e-14	3.78e-18	8.85e-19	1.79e-08	9.84e-15	9.53e-44
 9.77551e+22	7.78e-14	2.04e-08	2.96e-05	1.51e-03	2.64e-01	5.58e-01	1.77e-01	7.78e-14	4.22e-18	9.86e-19	2.04e-08	1.11e-14	1.29e-43
 1.00306e+23	8.72e-14	2.28e-08	3.28e-05	1.64e-03	2.73e-01	5.56e-01	1.69e-01	8.72e-14	4.64e-18	1.08e-18	2.28e-08	1.22e-14	1.70e-43
 1.03622e+23	1.00e-13	2.62e-08	3.71e-05	1.80e-03	2.86e-01	5.52e-01	1.60e-01	1.00e-13	5.21e-18	1.22e-18	2.62e-08	1.38e-14	2.38e-43
 1.07264e+23	1.17e-13	3.05e-08	4.26e-05	2.00e-03	3.00e-01	5.48e-01	1.50e-01	1.17e-13	5.94e-18	1.38e-18	3.05e-08	1.58e-14	3.47e-43
 1.10501e+23	1.32e-13	3.48e-08	4.80e-05	2.18e-03	3.12e-01	5.44e-01	1.42e-01	1.32e-13	6.61e-18	1.54e-18	3.48e-08	1.77e-14	4.81e-43
 1.13438e+23	1.47e-13	3.88e-08	5.29e-05	2.35e-03	3.22e-01	5.40e-01	1.36e-01	1.47e-13	7.23e-18	1.68e-18	3.88e-08	1.95e-14	6.33e-43
 1.16813e+23	1.65e-13	4.34e-08	5.84e-05	2.53e-03	3.33e-01	5.35e-01	1.29e-01	1.65e-13	7.93e-18	1.85e-18	4.34e-08	2.14e-14	8.48e-43
 1.21157e+23	1.88e-13	4.93e-08	6.58e-05	2.78e-03	3.47e-01	5.29e-01	1.22e-01	1.88e-13	8.75e-18	2.04e-18	4.93e-08	2.37e-14	1.18e-42
 1.26015e+23	2.18e-13	5.72e-08	7.52e-05	3.07e-03	3.62e-01	5.22e-01	1.13e-01	2.18e-13	9.85e-18	2.29e-18	5.72e-08	2.68e-14	1.74e-42
 1.30583e+23	2.49e-13	6.55e-08	8.49e-05	3.36e-03	3.76e-01	5.15e-01	1.06e-01	2.49e-13	1.09e-17	2.55e-18	6.55e-08	3.00e-14	2.49e-42
 1.35446e+23	2.82e-13	7.37e-08	9.44e-05	3.64e-03	3.88e-01	5.08e-01	1.00e-01	2.81e-13	1.19e-17	2.78e-18	7.37e-08	3.27e-14	3.43e-42
 1.40987e+23	3.21e-13	8.40e-08	1.06e-04	3.98e-03	4.03e-01	5.00e-01	9.35e-02	3.21e-13	1.31e-17	3.05e-18	8.40e-08	3.62e-14	4.92e-42
 1.46750e+23	3.66e-13	9.55e-08	1.19e-04	4.33e-03	4.16e-01	4.92e-01	8.76e-02	3.66e-13	1.44e-17	3.35e-18	9.55e-08	3.98e-14	7.04e-42
 1.52744e+23	4.11e-13	1.07e-07	1.33e-04	4.70e-03	4.30e-01	4.84e-01	8.20e-02	4.11e-13	1.56e-17	3.62e-18	1.07e-07	4.33e-14	9.79e-42
 1.58977e+23	4.61e-13	1.21e-07	1.47e-04	5.07e-03	4.42e-01	4.75e-01	7.70e-02	4.61e-13	1.68e-17	3.90e-18	1.21e-07	4.69e-14	1.36e-41
 1.65459e+23	5.14e-13	1.34e-07	1.62e-04	5.45e-03	4.55e-01	4.67e-01	7.25e-02	5.14e-13	1.80e-17	4.17e-18	1.34e-07	5.03e-14	1.86e-41
 1.72201e+23	5.69e-13	1.49e-07	1.77e-04	5.83e-03	4.66e-01	4.60e-01	6.84e-02	5.69e-13	1.91e-17	4.42e-18	1.49e-07	5.36e-14	2.50e-41
 1.79212e+23	6.26e-13	1.64e-07	1.93e-04	6.21e-03	4.77e-01	4.52e-01	6.46e-02	6.26e-13	2.00e-17	4.64e-18	1.64e-07	5.66e-14	3.32e-41
 1.86504e+23	6.84e-13	1.79e-07	2.09e-04	6.58e-03	4.87e-01	4.45e-01	6.13e-02	6.84e-13	2.09e-17	4.83e-18	1.79e-07	5.92e-14	4.35e-41
 1.94088e+23	7.41e-13	1.95e-07	2.25e-04	6.95e-03	4.96e-01	4.38e-01	5.83e-02	7.41e-13	2.15e-17	4.98e-18	1.95e-07	6.15e-14	5.58e-41
 2.01975e+23	8.00e-13	2.11e-07	2.41e-04	7.31e-03	5.05e-01	4.31e-01	5.56e-02	8.00e-13	2.20e-17	5.10e-18	2.11e-07	6.34e-14	7.08e-41
 2.10177e+23	8.58e-13	2.27e-07	2.57e-04	7.67e-03	5.14e-01	4.25e-01	5.32e-02	8.58e-13	2.24e-17	5.19e-18	2.27e-07	6.48e-14	8.83e-41
 2.18708e+23	9.14e-13	2.43e-07	2.72e-04	8.00e-03	5.21e-01	4.20e-01	5.11e-02	9.14e-13	2.26e-17	5.22e-18	2.43e-07	6.57e-14	1.08e-40
 2.27178e+23	9.62e-13	2.58e-07	2.87e-04	8.32e-03	5.28e-01	4.14e-01	4.92e-02	9.62e-13	2.26e-17	5.22e-18	2.58e-07	6.63e-14	1.30e-40
 2.35008e+23	1.00e-12	2.71e-07	3.00e-04	8.61e-03	5.34e-01	4.10e-01	4.75e-02	1.00e-12	2.24e-17	5.19e-18	2.71e-07	6.66e-14	1.52e-40
 2.42056e+23	1.05e-12	2.84e-07	3.12e-04	8.84e-03	5.38e-01	4.06e-01	4.63e-02	1.05e-12	2.24e-17	5.18e-18	2.84e-07	6.68e-14	1.75e-40
 2.48398e+23	1.07e-12	2.94e-07	3.21e-04	9.03e-03	5.42e-01	4.03e-01	4.53e-02	1.07e-12	2.21e-17	5.12e-18	2.94e-07	6.65e-14	1.95e-40
 2.54107e+23	1.10e-12	3.02e-07	3.29e-04	9.19e-03	5.45e-01	4.01e-01	4.45e-02	1.10e-12	2.18e-17	5.04e-18	3.02e-07	6.61e-14	2.12e-40
 2.59244e+23	1.12e-12	3.09e-07	3.36e-04	9.33e-03	5.48e-01	3.99e-01	4.39e-02	1.12e-12	2.15e-17	4.98e-18	3.09e-07	6.56e-14	2.28e-40
 2.63868e+23	1.14e-12	3.15e-07	3.41e-04	9.44e-03	5.50e-01	3.97e-01	4.33e-02	1.14e-12	2.13e-17	4.92e-18	3.15e-07	6.51e-14	2.42e-40
 2.68029e+23	1.15e-12	3.20e-07	3.46e-04	9.53e-03	5.52e-01	3.96e-01	4.29e-02	1.15e-12	2.10e-17	4.84e-18	3.20e-07	6.45e-14	2.54e-40
 2.71775e+23	1.16e-12	3.24e-07	3.49e-04	9.59e-03	5.53e-01	3.95e-01	4.26e-02	1.16e-12	2.06e-17	4.77e-18	3.24e-07	6.38e-14	2.64e-40
 2.75145e+23	1.16e-12	3.27e-07	3.52e-04	9.64e-03	5.54e-01	3.94e-01	4.24e-02	1.16e-12	2.02e-17	4.68e-18	3.27e-07	6.30e-14	2.71e-40
 2.78269e+23	1.16e-12	3.29e-07	3.54e-04	9.69e-03	5.55e-01	3.93e-01	4.21e-02	1.16e-12	1.99e-17	4.60e-18	3.29e-07	6.23e-14	2.77e-40
 2.81324e+23	1.17e-12	3.32e-07	3.57e-04	9.76e-03	5.56e-01	3.92e-01	4.19e-02	1.17e-12	1.97e-17	4.54e-18	3.32e-07	6.17e-14	2.84e-40
 2.84379e+23	1.17e-12	3.34e-07	3.58e-04	9.78e-03	5.56e-01	3.92e-01	4.18e-02	1.17e-12	1.92e-17	4.44e-18	3.34e-07	6.08e-14	2.87e-40
 2.87434e+23	1.16e-12	3.35e-07	3.60e-04	9.80e-03	5.57e-01	3.92e-01	4.17e-02	1.16e-12	1.88e-17	4.34e-18	3.35e-07	5.99e-14	2.90e-40
 2.90489e+23	1.16e-12	3.36e-07	3.61e-04	9.83e-03	5.57e-01	3.91e-01	4.15e-02	1.16e-12	1.84e-17	4.25e-18	3.36e-07	5.89e-14	2.93e-40
 2.93543e+23	1.15e-12	3.37e-07	3.61e-04	9.84e-03	5.57e-01	3.91e-01	4.15e-02	1.15e-12	1.79e-17	4.14e-18	3.37e-07	5.79e-14	2.94e-40
 2.96598e+23	1.15e-12	3.38e-07	3.62e-04	9.85e-03	5.57e-01	3.91e-01	4.15e-02	1.15e-12	1.75e-17	4.04e-18	3.38e-07	5.68e-14	2.94e-40
 2.99653e+23	1.14e-12	3.38e-07	3.62e-04	9.86e-03	5.58e-01	3.91e-01	4.14e-02	1.14e-12	1.70e-17	3.93e-18	3.38e-07	5.58e-14	2.95e-40
 3.02708e+23	1.13e-12	3.38e-07	3.63e-04	9.86e-03	5.58e-01	3.91e-01	4.14e-02	1.13e-12	1.66e-17	3.83e-18	3.38e-07	5.48e-14	2.95e-40
 3.04858e+23	1.16e-12	3.44e-07	3.69e-04	9.99e-03	5.60e-01	3.89e-01	4.09e-02	1.16e-12	1.68e-17	3.89e-18	3.44e-07	5.54e-14	3.13e-40
