#depth	O	O+	O+2	O+3	O+4	O+5	O+6	O+7	O+8	O[1]	O[2]	O[3]
 6.17135e+19	0.00e+00	0.00e+00	8.59e-26	4.11e-20	3.73e-15	1.02e-10	4.47e-06	4.55e-03	9.95e-01	0.00e+00	0.00e+00	0.00e+00
 1.87609e+20	0.00e+00	0.00e+00	1.65e-25	6.88e-20	5.42e-15	1.30e-10	5.45e-06	5.10e-03	9.95e-01	0.00e+00	0.00e+00	0.00e+00
 2.90012e+20	0.00e+00	0.00e+00	2.76e-25	1.03e-19	7.31e-15	1.57e-10	6.38e-06	5.57e-03	9.94e-01	0.00e+00	0.00e+00	0.00e+00
 3.58256e+20	0.00e+00	0.00e+00	3.87e-25	1.35e-19	8.90e-15	1.79e-10	7.08e-06	5.90e-03	9.94e-01	0.00e+00	0.00e+00	0.00e+00
 4.06368e+20	0.00e+00	0.00e+00	4.93e-25	1.64e-19	1.02e-14	1.96e-10	7.62e-06	6.15e-03	9.94e-01	0.00e+00	0.00e+00	0.00e+00
 4.40227e+20	0.00e+00	0.00e+00	5.76e-25	1.85e-19	1.13e-14	2.09e-10	8.00e-06	6.31e-03	9.94e-01	0.00e+00	0.00e+00	0.00e+00
 4.76499e+20	0.00e+00	0.00e+00	6.85e-25	2.13e-19	1.25e-14	2.24e-10	8.44e-06	6.50e-03	9.93e-01	0.00e+00	0.00e+00	0.00e+00
 5.23653e+20	0.00e+00	0.00e+00	8.56e-25	2.54e-19	1.42e-14	2.44e-10	9.03e-06	6.74e-03	9.93e-01	0.00e+00	0.00e+00	0.00e+00
 5.75611e+20	0.00e+00	0.00e+00	1.09e-24	3.09e-19	1.65e-14	2.69e-10	9.74e-06	7.02e-03	9.93e-01	0.00e+00	0.00e+00	0.00e+00
 6.23207e+20	0.00e+00	0.00e+00	1.36e-24	3.68e-19	1.88e-14	2.94e-10	1.04e-05	7.28e-03	9.93e-01	0.00e+00	0.00e+00	0.00e+00
 6.74474e+20	0.00e+00	0.00e+00	1.71e-24	4.44e-19	2.16e-14	3.23e-10	1.12e-05	7.56e-03	9.92e-01	0.00e+00	0.00e+00	0.00e+00
 7.31257e+20	0.00e+00	0.00e+00	2.21e-24	5.45e-19	2.52e-14	3.59e-10	1.21e-05	7.88e-03	9.92e-01	0.00e+00	0.00e+00	0.00e+00
 7.83790e+20	0.00e+00	8.23e-31	2.79e-24	6.57e-19	2.90e-14	3.95e-10	1.30e-05	8.19e-03	9.92e-01	0.00e+00	0.00e+00	0.00e+00
 8.40666e+20	0.00e+00	1.11e-30	3.56e-24	8.01e-19	3.38e-14	4.38e-10	1.40e-05	8.52e-03	9.91e-01	0.00e+00	0.00e+00	0.00e+00
 9.00356e+20	0.00e+00	1.50e-30	4.60e-24	9.85e-19	3.95e-14	4.88e-10	1.52e-05	8.88e-03	9.91e-01	0.00e+00	0.00e+00	0.00e+00
 9.51028e+20	0.00e+00	1.93e-30	5.69e-24	1.17e-18	4.50e-14	5.34e-10	1.62e-05	9.19e-03	9.91e-01	0.00e+00	0.00e+00	0.00e+00
 1.00422e+21	0.00e+00	2.51e-30	7.09e-24	1.40e-18	5.16e-14	5.87e-10	1.74e-05	9.52e-03	9.90e-01	0.00e+00	0.00e+00	0.00e+00
 1.07338e+21	0.00e+00	3.51e-30	9.39e-24	1.76e-18	6.14e-14	6.62e-10	1.90e-05	9.96e-03	9.90e-01	0.00e+00	0.00e+00	0.00e+00
 1.14356e+21	0.00e+00	4.90e-30	1.24e-23	2.21e-18	7.31e-14	7.48e-10	2.07e-05	1.04e-02	9.90e-01	0.00e+00	0.00e+00	0.00e+00
 1.20003e+21	0.00e+00	6.38e-30	1.55e-23	2.65e-18	8.40e-14	8.25e-10	2.22e-05	1.08e-02	9.89e-01	0.00e+00	0.00e+00	0.00e+00
 1.25838e+21	0.00e+00	8.33e-30	1.94e-23	3.18e-18	9.67e-14	9.10e-10	2.38e-05	1.12e-02	9.89e-01	0.00e+00	0.00e+00	0.00e+00
 1.33424e+21	0.00e+00	1.17e-29	2.59e-23	4.02e-18	1.16e-13	1.03e-09	2.60e-05	1.17e-02	9.88e-01	0.00e+00	0.00e+00	0.00e+00
 1.40869e+21	0.00e+00	1.64e-29	3.44e-23	5.06e-18	1.38e-13	1.17e-09	2.84e-05	1.22e-02	9.88e-01	0.00e+00	0.00e+00	0.00e+00
 1.46438e+21	0.00e+00	2.07e-29	4.19e-23	5.95e-18	1.57e-13	1.28e-09	3.02e-05	1.26e-02	9.87e-01	0.00e+00	0.00e+00	0.00e+00
 1.51985e+21	0.00e+00	2.63e-29	5.12e-23	7.01e-18	1.78e-13	1.40e-09	3.22e-05	1.30e-02	9.87e-01	0.00e+00	0.00e+00	0.00e+00
 1.59197e+21	0.00e+00	3.55e-29	6.60e-23	8.63e-18	2.09e-13	1.57e-09	3.48e-05	1.36e-02	9.86e-01	0.00e+00	0.00e+00	0.00e+00
 1.66943e+21	0.00e+00	4.89e-29	8.64e-23	1.08e-17	2.48e-13	1.77e-09	3.79e-05	1.41e-02	9.86e-01	0.00e+00	0.00e+00	0.00e+00
 1.73774e+21	0.00e+00	6.44e-29	1.09e-22	1.30e-17	2.88e-13	1.97e-09	4.07e-05	1.47e-02	9.85e-01	0.00e+00	0.00e+00	0.00e+00
 1.81043e+21	0.00e+00	8.60e-29	1.39e-22	1.59e-17	3.37e-13	2.20e-09	4.39e-05	1.52e-02	9.85e-01	0.00e+00	0.00e+00	0.00e+00
 1.89143e+21	0.00e+00	1.18e-28	1.82e-22	1.99e-17	4.00e-13	2.49e-09	4.78e-05	1.59e-02	9.84e-01	0.00e+00	0.00e+00	0.00e+00
 1.96719e+21	0.00e+00	1.58e-28	2.33e-22	2.43e-17	4.68e-13	2.79e-09	5.16e-05	1.65e-02	9.83e-01	0.00e+00	0.00e+00	0.00e+00
 2.04966e+21	0.00e+00	2.15e-28	3.03e-22	3.02e-17	5.54e-13	3.15e-09	5.60e-05	1.72e-02	9.83e-01	0.00e+00	0.00e+00	0.00e+00
 2.13599e+21	0.00e+00	2.97e-28	3.98e-22	3.77e-17	6.59e-13	3.56e-09	6.09e-05	1.79e-02	9.82e-01	0.00e+00	0.00e+00	0.00e+00
 2.20893e+21	0.00e+00	3.87e-28	4.99e-22	4.54e-17	7.62e-13	3.96e-09	6.54e-05	1.86e-02	9.81e-01	0.00e+00	0.00e+00	0.00e+00
 2.28536e+21	0.00e+00	5.10e-28	6.29e-22	5.50e-17	8.84e-13	4.40e-09	7.03e-05	1.93e-02	9.81e-01	0.00e+00	0.00e+00	0.00e+00
 2.38473e+21	0.00e+00	7.23e-28	8.46e-22	7.03e-17	1.07e-12	5.05e-09	7.71e-05	2.02e-02	9.80e-01	0.00e+00	0.00e+00	0.00e+00
 2.48571e+21	0.00e+00	1.03e-27	1.14e-21	8.98e-17	1.30e-12	5.80e-09	8.45e-05	2.11e-02	9.79e-01	0.00e+00	0.00e+00	0.00e+00
 2.56601e+21	0.00e+00	1.35e-27	1.44e-21	1.09e-16	1.51e-12	6.46e-09	9.09e-05	2.19e-02	9.78e-01	0.00e+00	0.00e+00	0.00e+00
 2.64762e+21	0.00e+00	1.78e-27	1.81e-21	1.32e-16	1.75e-12	7.20e-09	9.77e-05	2.27e-02	9.77e-01	0.00e+00	0.00e+00	0.00e+00
 2.75372e+21	0.00e+00	2.52e-27	2.44e-21	1.68e-16	2.12e-12	8.26e-09	1.07e-04	2.37e-02	9.76e-01	0.00e+00	0.00e+00	0.00e+00
 2.86345e+21	0.00e+00	3.61e-27	3.31e-21	2.16e-16	2.58e-12	9.52e-09	1.18e-04	2.49e-02	9.75e-01	0.00e+00	0.00e+00	0.00e+00
 2.95412e+21	0.00e+00	4.83e-27	4.23e-21	2.65e-16	3.02e-12	1.07e-08	1.27e-04	2.58e-02	9.74e-01	0.00e+00	0.00e+00	0.00e+00
 3.03055e+21	0.00e+00	6.16e-27	5.21e-21	3.15e-16	3.46e-12	1.18e-08	1.36e-04	2.67e-02	9.73e-01	0.00e+00	0.00e+00	0.00e+00
 3.11224e+21	0.00e+00	7.96e-27	6.48e-21	3.77e-16	3.98e-12	1.30e-08	1.45e-04	2.76e-02	9.72e-01	0.00e+00	0.00e+00	0.00e+00
 3.21844e+21	0.00e+00	1.10e-26	8.53e-21	4.73e-16	4.76e-12	1.48e-08	1.58e-04	2.87e-02	9.71e-01	0.00e+00	0.00e+00	0.00e+00
 3.32631e+21	0.00e+00	1.53e-26	1.13e-20	5.96e-16	5.70e-12	1.69e-08	1.72e-04	3.00e-02	9.70e-01	0.00e+00	0.00e+00	0.00e+00
 3.41235e+21	0.00e+00	1.99e-26	1.41e-20	7.15e-16	6.58e-12	1.87e-08	1.85e-04	3.10e-02	9.69e-01	0.00e+00	0.00e+00	0.00e+00
 3.50017e+21	0.00e+00	2.58e-26	1.76e-20	8.59e-16	7.59e-12	2.08e-08	1.98e-04	3.21e-02	9.68e-01	0.00e+00	0.00e+00	0.00e+00
 3.59313e+21	0.00e+00	3.39e-26	2.22e-20	1.04e-15	8.83e-12	2.32e-08	2.12e-04	3.32e-02	9.67e-01	0.00e+00	0.00e+00	0.00e+00
 3.67266e+21	0.00e+00	4.29e-26	2.71e-20	1.23e-15	1.00e-11	2.54e-08	2.26e-04	3.42e-02	9.66e-01	0.00e+00	0.00e+00	0.00e+00
 3.75594e+21	0.00e+00	5.47e-26	3.33e-20	1.46e-15	1.15e-11	2.80e-08	2.41e-04	3.53e-02	9.64e-01	0.00e+00	0.00e+00	0.00e+00
 3.84942e+21	0.00e+00	7.13e-26	4.17e-20	1.76e-15	1.33e-11	3.11e-08	2.58e-04	3.66e-02	9.63e-01	0.00e+00	0.00e+00	0.00e+00
 3.93742e+21	0.00e+00	9.16e-26	5.16e-20	2.09e-15	1.53e-11	3.44e-08	2.75e-04	3.77e-02	9.62e-01	0.00e+00	0.00e+00	0.00e+00
 4.01933e+21	0.00e+00	1.16e-25	6.28e-20	2.46e-15	1.73e-11	3.77e-08	2.93e-04	3.89e-02	9.61e-01	0.00e+00	0.00e+00	0.00e+00
 4.09592e+21	0.00e+00	1.43e-25	7.55e-20	2.87e-15	1.95e-11	4.11e-08	3.10e-04	4.00e-02	9.60e-01	0.00e+00	0.00e+00	0.00e+00
 4.16774e+21	0.00e+00	1.75e-25	8.93e-20	3.30e-15	2.18e-11	4.44e-08	3.26e-04	4.10e-02	9.59e-01	0.00e+00	0.00e+00	0.00e+00
 4.24951e+21	0.00e+00	2.19e-25	1.08e-19	3.87e-15	2.47e-11	4.86e-08	3.46e-04	4.22e-02	9.57e-01	0.00e+00	0.00e+00	0.00e+00
 4.33952e+21	0.00e+00	2.81e-25	1.34e-19	4.60e-15	2.83e-11	5.37e-08	3.69e-04	4.35e-02	9.56e-01	0.00e+00	0.00e+00	0.00e+00
 4.42144e+21	0.00e+00	3.52e-25	1.62e-19	5.39e-15	3.20e-11	5.87e-08	3.91e-04	4.48e-02	9.55e-01	0.00e+00	0.00e+00	0.00e+00
 4.49710e+21	0.00e+00	4.33e-25	1.93e-19	6.24e-15	3.59e-11	6.37e-08	4.13e-04	4.60e-02	9.54e-01	0.00e+00	0.00e+00	0.00e+00
 4.58338e+21	0.00e+00	5.46e-25	2.35e-19	7.34e-15	4.08e-11	6.98e-08	4.38e-04	4.73e-02	9.52e-01	0.00e+00	0.00e+00	0.00e+00
 4.67963e+21	0.00e+00	7.07e-25	2.93e-19	8.81e-15	4.70e-11	7.74e-08	4.69e-04	4.89e-02	9.51e-01	0.00e+00	0.00e+00	0.00e+00
 4.76858e+21	0.00e+00	8.97e-25	3.58e-19	1.04e-14	5.37e-11	8.51e-08	4.99e-04	5.04e-02	9.49e-01	0.00e+00	0.00e+00	0.00e+00
 4.84563e+21	0.00e+00	1.10e-24	4.27e-19	1.20e-14	6.01e-11	9.23e-08	5.26e-04	5.17e-02	9.48e-01	0.00e+00	0.00e+00	0.00e+00
 4.92750e+21	0.00e+00	1.37e-24	5.13e-19	1.40e-14	6.77e-11	1.01e-07	5.56e-04	5.31e-02	9.46e-01	0.00e+00	0.00e+00	0.00e+00
 5.01908e+21	0.00e+00	1.74e-24	6.31e-19	1.66e-14	7.74e-11	1.11e-07	5.92e-04	5.47e-02	9.45e-01	0.00e+00	0.00e+00	0.00e+00
 5.10431e+21	0.00e+00	2.18e-24	7.63e-19	1.95e-14	8.77e-11	1.21e-07	6.28e-04	5.63e-02	9.43e-01	0.00e+00	0.00e+00	0.00e+00
 5.18304e+21	0.00e+00	2.68e-24	9.10e-19	2.25e-14	9.82e-11	1.31e-07	6.62e-04	5.77e-02	9.42e-01	0.00e+00	0.00e+00	0.00e+00
 5.27233e+21	0.00e+00	3.39e-24	1.11e-18	2.66e-14	1.12e-10	1.44e-07	7.03e-04	5.94e-02	9.40e-01	0.00e+00	0.00e+00	0.00e+00
 5.37106e+21	0.00e+00	4.38e-24	1.38e-18	3.19e-14	1.29e-10	1.60e-07	7.51e-04	6.14e-02	9.38e-01	0.00e+00	0.00e+00	0.00e+00
 5.46118e+21	0.00e+00	5.58e-24	1.69e-18	3.77e-14	1.47e-10	1.75e-07	7.99e-04	6.32e-02	9.36e-01	0.00e+00	0.00e+00	0.00e+00
 5.54295e+21	8.63e-31	6.85e-24	2.02e-18	4.36e-14	1.65e-10	1.90e-07	8.42e-04	6.48e-02	9.34e-01	0.00e+00	0.00e+00	0.00e+00
 5.63476e+21	1.13e-30	8.68e-24	2.47e-18	5.16e-14	1.88e-10	2.09e-07	8.95e-04	6.67e-02	9.32e-01	0.00e+00	0.00e+00	0.00e+00
 5.73418e+21	1.53e-30	1.12e-23	3.07e-18	6.18e-14	2.17e-10	2.32e-07	9.56e-04	6.89e-02	9.30e-01	0.00e+00	0.00e+00	0.00e+00
 5.82245e+21	1.99e-30	1.41e-23	3.72e-18	7.26e-14	2.46e-10	2.53e-07	1.01e-03	7.08e-02	9.28e-01	0.00e+00	0.00e+00	0.00e+00
 5.90177e+21	2.51e-30	1.73e-23	4.43e-18	8.39e-14	2.75e-10	2.75e-07	1.07e-03	7.26e-02	9.26e-01	0.00e+00	0.00e+00	0.00e+00
 5.99052e+21	3.27e-30	2.17e-23	5.37e-18	9.85e-14	3.12e-10	3.01e-07	1.13e-03	7.46e-02	9.24e-01	0.00e+00	0.00e+00	0.00e+00
 6.08973e+21	4.38e-30	2.79e-23	6.67e-18	1.18e-13	3.59e-10	3.32e-07	1.21e-03	7.70e-02	9.22e-01	0.00e+00	0.00e+00	0.00e+00
 6.18181e+21	5.75e-30	3.54e-23	8.15e-18	1.39e-13	4.09e-10	3.65e-07	1.28e-03	7.92e-02	9.20e-01	0.00e+00	0.00e+00	0.00e+00
 6.26664e+21	7.45e-30	4.42e-23	9.85e-18	1.63e-13	4.63e-10	3.99e-07	1.36e-03	8.14e-02	9.17e-01	0.00e+00	0.00e+00	0.00e+00
 6.36275e+21	9.79e-30	5.60e-23	1.20e-17	1.93e-13	5.28e-10	4.38e-07	1.44e-03	8.38e-02	9.15e-01	0.00e+00	0.00e+00	0.00e+00
 6.46949e+21	1.34e-29	7.34e-23	1.52e-17	2.34e-13	6.14e-10	4.88e-07	1.55e-03	8.65e-02	9.12e-01	0.00e+00	0.00e+00	0.00e+00
 6.56629e+21	1.78e-29	9.39e-23	1.87e-17	2.78e-13	7.04e-10	5.37e-07	1.65e-03	8.91e-02	9.09e-01	0.00e+00	0.00e+00	0.00e+00
 6.65313e+21	2.29e-29	1.17e-22	2.25e-17	3.25e-13	7.96e-10	5.86e-07	1.74e-03	9.15e-02	9.07e-01	0.00e+00	0.00e+00	0.00e+00
 6.75079e+21	3.04e-29	1.49e-22	2.77e-17	3.87e-13	9.12e-10	6.46e-07	1.85e-03	9.42e-02	9.04e-01	0.00e+00	0.00e+00	0.00e+00
 6.86054e+21	4.17e-29	1.96e-22	3.50e-17	4.70e-13	1.06e-09	7.21e-07	1.99e-03	9.74e-02	9.01e-01	0.00e+00	0.00e+00	0.00e+00
 6.96317e+21	5.60e-29	2.53e-22	4.36e-17	5.64e-13	1.23e-09	7.98e-07	2.12e-03	1.00e-01	8.97e-01	0.00e+00	0.00e+00	0.00e+00
 7.05782e+21	7.34e-29	3.20e-22	5.32e-17	6.66e-13	1.40e-09	8.77e-07	2.25e-03	1.03e-01	8.94e-01	0.00e+00	0.00e+00	0.00e+00
 7.16492e+21	9.93e-29	4.15e-22	6.65e-17	8.03e-13	1.62e-09	9.73e-07	2.41e-03	1.07e-01	8.91e-01	0.00e+00	0.00e+00	0.00e+00
 7.28374e+21	1.39e-28	5.54e-22	8.50e-17	9.87e-13	1.91e-09	1.09e-06	2.60e-03	1.10e-01	8.87e-01	0.00e+00	0.00e+00	0.00e+00
 7.39373e+21	1.88e-28	7.22e-22	1.07e-16	1.19e-12	2.21e-09	1.22e-06	2.78e-03	1.14e-01	8.83e-01	0.00e+00	0.00e+00	0.00e+00
 7.49683e+21	2.50e-28	9.22e-22	1.31e-16	1.42e-12	2.54e-09	1.34e-06	2.96e-03	1.17e-01	8.80e-01	0.00e+00	0.00e+00	0.00e+00
 7.59830e+21	3.29e-28	1.17e-21	1.61e-16	1.69e-12	2.91e-09	1.48e-06	3.15e-03	1.21e-01	8.76e-01	0.00e+00	0.00e+00	0.00e+00
 7.69796e+21	4.29e-28	1.47e-21	1.96e-16	1.99e-12	3.32e-09	1.62e-06	3.34e-03	1.24e-01	8.73e-01	0.00e+00	0.00e+00	0.00e+00
 7.81203e+21	5.79e-28	1.91e-21	2.45e-16	2.40e-12	3.85e-09	1.80e-06	3.58e-03	1.28e-01	8.69e-01	0.00e+00	0.00e+00	0.00e+00
 7.93564e+21	7.98e-28	2.52e-21	3.11e-16	2.93e-12	4.51e-09	2.02e-06	3.85e-03	1.32e-01	8.64e-01	0.00e+00	0.00e+00	0.00e+00
 8.04554e+21	1.06e-27	3.21e-21	3.82e-16	3.49e-12	5.18e-09	2.23e-06	4.10e-03	1.36e-01	8.60e-01	0.00e+00	0.00e+00	0.00e+00
 8.16229e+21	1.41e-27	4.13e-21	4.74e-16	4.19e-12	5.99e-09	2.47e-06	4.38e-03	1.40e-01	8.55e-01	0.00e+00	0.00e+00	0.00e+00
 8.29266e+21	1.94e-27	5.43e-21	6.00e-16	5.11e-12	7.02e-09	2.77e-06	4.70e-03	1.45e-01	8.50e-01	0.00e+00	0.00e+00	0.00e+00
 8.41423e+21	2.59e-27	6.99e-21	7.45e-16	6.14e-12	8.12e-09	3.08e-06	5.03e-03	1.49e-01	8.46e-01	0.00e+00	0.00e+00	0.00e+00
 8.52804e+21	3.37e-27	8.79e-21	9.08e-16	7.25e-12	9.28e-09	3.39e-06	5.34e-03	1.54e-01	8.41e-01	0.00e+00	0.00e+00	0.00e+00
 8.65826e+21	4.53e-27	1.14e-20	1.13e-15	8.74e-12	1.08e-08	3.77e-06	5.72e-03	1.58e-01	8.36e-01	0.00e+00	0.00e+00	0.00e+00
 8.80431e+21	6.26e-27	1.50e-20	1.44e-15	1.07e-11	1.27e-08	4.24e-06	6.16e-03	1.64e-01	8.30e-01	0.00e+00	0.00e+00	0.00e+00
 8.94159e+21	8.42e-27	1.94e-20	1.80e-15	1.29e-11	1.47e-08	4.72e-06	6.60e-03	1.69e-01	8.25e-01	0.00e+00	0.00e+00	0.00e+00
 9.07048e+21	1.10e-26	2.46e-20	2.20e-15	1.54e-11	1.69e-08	5.21e-06	7.02e-03	1.74e-01	8.19e-01	0.00e+00	0.00e+00	0.00e+00
 9.21778e+21	1.49e-26	3.19e-20	2.76e-15	1.86e-11	1.97e-08	5.82e-06	7.53e-03	1.79e-01	8.14e-01	0.00e+00	0.00e+00	0.00e+00
 9.37469e+21	2.04e-26	4.19e-20	3.48e-15	2.27e-11	2.31e-08	6.53e-06	8.10e-03	1.85e-01	8.07e-01	0.00e+00	0.00e+00	0.00e+00
 9.50722e+21	2.64e-26	5.24e-20	4.23e-15	2.68e-11	2.64e-08	7.19e-06	8.60e-03	1.90e-01	8.02e-01	0.00e+00	0.00e+00	0.00e+00
 9.62456e+21	3.32e-26	6.40e-20	5.02e-15	3.10e-11	2.97e-08	7.83e-06	9.08e-03	1.94e-01	7.97e-01	0.00e+00	0.00e+00	0.00e+00
 9.75900e+21	4.22e-26	7.88e-20	6.01e-15	3.61e-11	3.36e-08	8.56e-06	9.60e-03	1.99e-01	7.91e-01	0.00e+00	0.00e+00	0.00e+00
 9.93378e+21	5.77e-26	1.03e-19	7.60e-15	4.41e-11	3.95e-08	9.62e-06	1.03e-02	2.06e-01	7.84e-01	0.00e+00	0.00e+00	0.00e+00
 1.01126e+22	7.90e-26	1.36e-19	9.63e-15	5.40e-11	4.65e-08	1.08e-05	1.11e-02	2.12e-01	7.77e-01	0.00e+00	0.00e+00	0.00e+00
 1.02576e+22	1.01e-25	1.69e-19	1.16e-14	6.33e-11	5.29e-08	1.19e-05	1.18e-02	2.18e-01	7.71e-01	0.00e+00	0.00e+00	0.00e+00
 1.04068e+22	1.29e-25	2.09e-19	1.40e-14	7.41e-11	6.01e-08	1.30e-05	1.25e-02	2.23e-01	7.64e-01	0.00e+00	0.00e+00	0.00e+00
 1.06008e+22	1.76e-25	2.74e-19	1.77e-14	9.05e-11	7.06e-08	1.46e-05	1.35e-02	2.30e-01	7.56e-01	0.00e+00	0.00e+00	0.00e+00
 1.08019e+22	2.42e-25	3.61e-19	2.24e-14	1.11e-10	8.33e-08	1.65e-05	1.45e-02	2.37e-01	7.48e-01	0.00e+00	0.00e+00	0.00e+00
 1.09689e+22	3.11e-25	4.48e-19	2.71e-14	1.30e-10	9.49e-08	1.81e-05	1.54e-02	2.43e-01	7.41e-01	0.00e+00	0.00e+00	0.00e+00
 1.11140e+22	3.85e-25	5.40e-19	3.18e-14	1.50e-10	1.06e-07	1.97e-05	1.62e-02	2.49e-01	7.35e-01	0.00e+00	0.00e+00	0.00e+00
 1.12741e+22	4.83e-25	6.59e-19	3.78e-14	1.73e-10	1.19e-07	2.14e-05	1.71e-02	2.54e-01	7.29e-01	0.00e+00	0.00e+00	0.00e+00
 1.14821e+22	6.49e-25	8.52e-19	4.72e-14	2.10e-10	1.40e-07	2.40e-05	1.83e-02	2.62e-01	7.20e-01	0.00e+00	0.00e+00	0.00e+00
 1.16921e+22	8.66e-25	1.10e-18	5.88e-14	2.53e-10	1.62e-07	2.68e-05	1.96e-02	2.69e-01	7.12e-01	0.00e+00	0.00e+00	0.00e+00
 1.18594e+22	1.09e-24	1.34e-18	6.98e-14	2.93e-10	1.83e-07	2.92e-05	2.07e-02	2.75e-01	7.05e-01	0.00e+00	0.00e+00	0.00e+00
 1.20317e+22	1.35e-24	1.61e-18	8.23e-14	3.36e-10	2.05e-07	3.17e-05	2.18e-02	2.80e-01	6.98e-01	0.00e+00	0.00e+00	0.00e+00
 1.22556e+22	1.79e-24	2.06e-18	1.02e-13	4.04e-10	2.38e-07	3.53e-05	2.32e-02	2.88e-01	6.89e-01	0.00e+00	0.00e+00	0.00e+00
 1.24906e+22	2.39e-24	2.66e-18	1.27e-13	4.87e-10	2.76e-07	3.94e-05	2.49e-02	2.96e-01	6.79e-01	0.00e+00	0.00e+00	0.00e+00
 1.26907e+22	3.03e-24	3.27e-18	1.52e-13	5.67e-10	3.13e-07	4.32e-05	2.63e-02	3.02e-01	6.71e-01	0.00e+00	0.00e+00	0.00e+00
 1.29013e+22	3.87e-24	4.05e-18	1.83e-13	6.64e-10	3.56e-07	4.74e-05	2.78e-02	3.09e-01	6.63e-01	0.00e+00	0.00e+00	0.00e+00
 1.31751e+22	5.26e-24	5.29e-18	2.30e-13	8.10e-10	4.18e-07	5.32e-05	2.99e-02	3.18e-01	6.52e-01	0.00e+00	0.00e+00	0.00e+00
 1.34410e+22	7.06e-24	6.83e-18	2.88e-13	9.78e-10	4.87e-07	5.95e-05	3.20e-02	3.26e-01	6.42e-01	0.00e+00	0.00e+00	0.00e+00
 1.36377e+22	8.56e-24	8.08e-18	3.32e-13	1.10e-09	5.37e-07	6.38e-05	3.34e-02	3.31e-01	6.35e-01	0.00e+00	0.00e+00	0.00e+00
 1.38344e+22	1.03e-23	9.53e-18	3.83e-13	1.24e-09	5.91e-07	6.84e-05	3.49e-02	3.36e-01	6.29e-01	0.00e+00	0.00e+00	0.00e+00
 1.40901e+22	1.34e-23	1.19e-17	4.66e-13	1.47e-09	6.76e-07	7.54e-05	3.70e-02	3.44e-01	6.19e-01	0.00e+00	0.00e+00	0.00e+00
 1.43692e+22	1.77e-23	1.52e-17	5.75e-13	1.76e-09	7.80e-07	8.37e-05	3.94e-02	3.52e-01	6.09e-01	0.00e+00	0.00e+00	0.00e+00
 1.46222e+22	2.26e-23	1.88e-17	6.92e-13	2.05e-09	8.86e-07	9.17e-05	4.17e-02	3.59e-01	5.99e-01	0.00e+00	0.00e+00	0.00e+00
 1.48945e+22	2.90e-23	2.35e-17	8.36e-13	2.41e-09	1.01e-06	1.01e-04	4.41e-02	3.66e-01	5.90e-01	0.00e+00	0.00e+00	0.00e+00
 1.52486e+22	4.02e-23	3.11e-17	1.07e-12	2.97e-09	1.19e-06	1.14e-04	4.74e-02	3.76e-01	5.77e-01	0.00e+00	0.00e+00	0.00e+00
 1.56086e+22	5.54e-23	4.12e-17	1.36e-12	3.65e-09	1.41e-06	1.28e-04	5.09e-02	3.85e-01	5.64e-01	0.00e+00	0.00e+00	0.00e+00
 1.59023e+22	7.15e-23	5.14e-17	1.65e-12	4.29e-09	1.60e-06	1.41e-04	5.38e-02	3.92e-01	5.54e-01	0.00e+00	0.00e+00	0.00e+00
 1.61641e+22	8.90e-23	6.23e-17	1.95e-12	4.93e-09	1.80e-06	1.53e-04	5.65e-02	3.98e-01	5.45e-01	0.00e+00	0.00e+00	0.00e+00
 1.64586e+22	1.14e-22	7.70e-17	2.34e-12	5.76e-09	2.04e-06	1.67e-04	5.96e-02	4.05e-01	5.35e-01	0.00e+00	0.00e+00	0.00e+00
 1.68414e+22	1.53e-22	1.00e-16	2.93e-12	6.96e-09	2.37e-06	1.86e-04	6.36e-02	4.14e-01	5.23e-01	0.00e+00	0.00e+00	0.00e+00
 1.72401e+22	2.10e-22	1.32e-16	3.72e-12	8.52e-09	2.79e-06	2.10e-04	6.81e-02	4.22e-01	5.09e-01	0.00e+00	0.00e+00	0.00e+00
 1.75589e+22	2.69e-22	1.63e-16	4.47e-12	9.95e-09	3.16e-06	2.29e-04	7.17e-02	4.29e-01	4.99e-01	0.00e+00	0.00e+00	0.00e+00
 1.78727e+22	3.39e-22	2.00e-16	5.32e-12	1.15e-08	3.55e-06	2.49e-04	7.53e-02	4.35e-01	4.89e-01	0.00e+00	0.00e+00	0.00e+00
 1.82806e+22	4.53e-22	2.57e-16	6.62e-12	1.38e-08	4.12e-06	2.77e-04	8.01e-02	4.43e-01	4.77e-01	0.00e+00	0.00e+00	0.00e+00
 1.87028e+22	6.14e-22	3.35e-16	8.32e-12	1.68e-08	4.81e-06	3.10e-04	8.54e-02	4.51e-01	4.63e-01	0.00e+00	0.00e+00	0.00e+00
 1.90484e+22	7.80e-22	4.13e-16	9.96e-12	1.96e-08	5.44e-06	3.38e-04	8.97e-02	4.57e-01	4.53e-01	0.00e+00	0.00e+00	0.00e+00
 1.94028e+22	9.90e-22	5.08e-16	1.19e-11	2.28e-08	6.14e-06	3.68e-04	9.43e-02	4.63e-01	4.42e-01	0.00e+00	0.00e+00	0.00e+00
 1.98635e+22	1.33e-21	6.58e-16	1.49e-11	2.74e-08	7.13e-06	4.10e-04	1.00e-01	4.70e-01	4.29e-01	0.00e+00	0.00e+00	0.00e+00
 2.03423e+22	1.82e-21	8.64e-16	1.88e-11	3.35e-08	8.36e-06	4.59e-04	1.07e-01	4.77e-01	4.16e-01	0.00e+00	0.00e+00	0.00e+00
 2.07372e+22	2.33e-21	1.07e-15	2.27e-11	3.92e-08	9.49e-06	5.02e-04	1.12e-01	4.83e-01	4.04e-01	0.00e+00	0.00e+00	0.00e+00
 2.11429e+22	2.98e-21	1.33e-15	2.73e-11	4.58e-08	1.08e-05	5.49e-04	1.18e-01	4.88e-01	3.93e-01	0.00e+00	0.00e+00	0.00e+00
 2.16702e+22	4.07e-21	1.74e-15	3.45e-11	5.57e-08	1.26e-05	6.14e-04	1.25e-01	4.94e-01	3.80e-01	0.00e+00	0.00e+00	0.00e+00
 2.22187e+22	5.60e-21	2.30e-15	4.39e-11	6.83e-08	1.48e-05	6.89e-04	1.34e-01	5.00e-01	3.65e-01	0.00e+00	0.00e+00	0.00e+00
 2.26414e+22	7.12e-21	2.83e-15	5.26e-11	7.96e-08	1.68e-05	7.51e-04	1.40e-01	5.05e-01	3.55e-01	0.00e+00	0.00e+00	0.00e+00
 2.29756e+22	8.54e-21	3.32e-15	6.03e-11	8.93e-08	1.84e-05	8.02e-04	1.45e-01	5.08e-01	3.46e-01	0.00e+00	0.00e+00	0.00e+00
 2.33483e+22	1.05e-20	3.96e-15	7.03e-11	1.02e-07	2.04e-05	8.63e-04	1.51e-01	5.11e-01	3.37e-01	0.00e+00	0.00e+00	0.00e+00
 2.38327e+22	1.34e-20	4.92e-15	8.49e-11	1.19e-07	2.32e-05	9.44e-04	1.58e-01	5.14e-01	3.26e-01	0.00e+00	0.00e+00	0.00e+00
 2.43588e+22	1.77e-20	6.25e-15	1.04e-10	1.42e-07	2.67e-05	1.04e-03	1.67e-01	5.18e-01	3.14e-01	0.00e+00	0.00e+00	0.00e+00
 2.48225e+22	2.23e-20	7.66e-15	1.25e-10	1.65e-07	3.01e-05	1.14e-03	1.75e-01	5.21e-01	3.03e-01	0.00e+00	0.00e+00	0.00e+00
 2.53089e+22	2.82e-20	9.38e-15	1.49e-10	1.92e-07	3.39e-05	1.23e-03	1.82e-01	5.23e-01	2.93e-01	0.00e+00	0.00e+00	0.00e+00
 2.59412e+22	3.79e-20	1.22e-14	1.87e-10	2.32e-07	3.97e-05	1.38e-03	1.93e-01	5.26e-01	2.80e-01	0.00e+00	0.00e+00	0.00e+00
 2.65766e+22	5.09e-20	1.57e-14	2.33e-10	2.81e-07	4.63e-05	1.54e-03	2.04e-01	5.28e-01	2.67e-01	0.00e+00	0.00e+00	0.00e+00
 2.70762e+22	6.37e-20	1.91e-14	2.77e-10	3.25e-07	5.21e-05	1.67e-03	2.13e-01	5.29e-01	2.57e-01	0.00e+00	0.00e+00	0.00e+00
 2.75861e+22	7.93e-20	2.32e-14	3.28e-10	3.76e-07	5.86e-05	1.81e-03	2.22e-01	5.29e-01	2.47e-01	0.00e+00	0.00e+00	0.00e+00
 2.82488e+22	1.04e-19	2.94e-14	4.04e-10	4.49e-07	6.76e-05	2.00e-03	2.33e-01	5.29e-01	2.35e-01	0.00e+00	0.00e+00	0.00e+00
 2.89551e+22	1.39e-19	3.79e-14	5.04e-10	5.43e-07	7.89e-05	2.23e-03	2.46e-01	5.29e-01	2.23e-01	0.00e+00	0.00e+00	0.00e+00
 2.95615e+22	1.77e-19	4.67e-14	6.06e-10	6.36e-07	8.97e-05	2.44e-03	2.57e-01	5.28e-01	2.13e-01	0.00e+00	0.00e+00	0.00e+00
 3.01934e+22	2.23e-19	5.74e-14	7.27e-10	7.43e-07	1.02e-04	2.67e-03	2.68e-01	5.26e-01	2.03e-01	0.00e+00	0.00e+00	0.00e+00
 3.10148e+22	3.00e-19	7.42e-14	9.12e-10	9.05e-07	1.20e-04	2.99e-03	2.83e-01	5.24e-01	1.90e-01	0.00e+00	0.00e+00	0.00e+00
 3.18507e+22	4.02e-19	9.61e-14	1.15e-09	1.10e-06	1.41e-04	3.35e-03	2.98e-01	5.20e-01	1.78e-01	0.00e+00	0.00e+00	0.00e+00
 3.24776e+22	4.97e-19	1.16e-13	1.36e-09	1.28e-06	1.59e-04	3.65e-03	3.10e-01	5.17e-01	1.69e-01	0.00e+00	0.00e+00	0.00e+00
 3.29817e+22	5.84e-19	1.34e-13	1.54e-09	1.42e-06	1.74e-04	3.88e-03	3.19e-01	5.14e-01	1.63e-01	0.00e+00	0.00e+00	0.00e+00
 3.35537e+22	6.97e-19	1.56e-13	1.77e-09	1.61e-06	1.92e-04	4.17e-03	3.29e-01	5.11e-01	1.56e-01	0.00e+00	0.00e+00	0.00e+00
 3.42974e+22	8.69e-19	1.90e-13	2.11e-09	1.87e-06	2.18e-04	4.55e-03	3.42e-01	5.06e-01	1.47e-01	0.00e+00	0.00e+00	0.00e+00
 3.51122e+22	1.10e-18	2.34e-13	2.54e-09	2.21e-06	2.50e-04	5.01e-03	3.56e-01	5.00e-01	1.38e-01	0.00e+00	0.00e+00	0.00e+00
 3.58335e+22	1.34e-18	2.79e-13	2.99e-09	2.55e-06	2.81e-04	5.45e-03	3.69e-01	4.95e-01	1.30e-01	0.00e+00	0.00e+00	0.00e+00
 3.64787e+22	1.59e-18	3.25e-13	3.43e-09	2.88e-06	3.11e-04	5.86e-03	3.81e-01	4.89e-01	1.24e-01	0.00e+00	0.00e+00	0.00e+00
 3.72108e+22	1.91e-18	3.83e-13	3.98e-09	3.29e-06	3.47e-04	6.32e-03	3.93e-01	4.83e-01	1.17e-01	0.00e+00	0.00e+00	0.00e+00
 3.81624e+22	2.40e-18	4.68e-13	4.79e-09	3.87e-06	3.97e-04	6.96e-03	4.08e-01	4.75e-01	1.09e-01	0.00e+00	0.00e+00	0.00e+00
 3.91421e+22	3.01e-18	5.75e-13	5.78e-09	4.58e-06	4.57e-04	7.68e-03	4.25e-01	4.66e-01	1.01e-01	0.00e+00	0.00e+00	0.00e+00
 3.99349e+22	3.59e-18	6.73e-13	6.68e-09	5.22e-06	5.09e-04	8.30e-03	4.38e-01	4.59e-01	9.49e-02	0.00e+00	0.00e+00	0.00e+00
 4.07425e+22	4.24e-18	7.81e-13	7.67e-09	5.91e-06	5.65e-04	8.93e-03	4.50e-01	4.51e-01	8.93e-02	0.00e+00	0.00e+00	0.00e+00
 4.17923e+22	5.19e-18	9.39e-13	9.11e-09	6.90e-06	6.42e-04	9.78e-03	4.65e-01	4.41e-01	8.27e-02	0.00e+00	0.00e+00	0.00e+00
 4.28986e+22	6.41e-18	1.14e-12	1.09e-08	8.12e-06	7.34e-04	1.08e-02	4.82e-01	4.31e-01	7.60e-02	0.00e+00	0.00e+00	0.00e+00
 4.38324e+22	7.59e-18	1.33e-12	1.26e-08	9.26e-06	8.18e-04	1.16e-02	4.95e-01	4.21e-01	7.09e-02	0.00e+00	0.00e+00	0.00e+00
 4.48006e+22	8.92e-18	1.54e-12	1.45e-08	1.05e-05	9.08e-04	1.25e-02	5.08e-01	4.12e-01	6.62e-02	0.00e+00	0.00e+00	0.00e+00
 4.60593e+22	1.09e-17	1.84e-12	1.72e-08	1.23e-05	1.03e-03	1.37e-02	5.24e-01	4.01e-01	6.06e-02	0.00e+00	0.00e+00	0.00e+00
 4.73798e+22	1.34e-17	2.23e-12	2.05e-08	1.45e-05	1.18e-03	1.51e-02	5.40e-01	3.88e-01	5.52e-02	0.00e+00	0.00e+00	0.00e+00
 4.84555e+22	1.57e-17	2.58e-12	2.36e-08	1.64e-05	1.31e-03	1.63e-02	5.53e-01	3.78e-01	5.11e-02	0.00e+00	0.00e+00	0.00e+00
 4.93142e+22	1.76e-17	2.88e-12	2.63e-08	1.82e-05	1.42e-03	1.72e-02	5.63e-01	3.70e-01	4.81e-02	0.00e+00	0.00e+00	0.00e+00
 5.02156e+22	1.99e-17	3.22e-12	2.92e-08	2.00e-05	1.53e-03	1.82e-02	5.73e-01	3.62e-01	4.54e-02	0.00e+00	0.00e+00	0.00e+00
 5.13875e+22	2.30e-17	3.69e-12	3.33e-08	2.25e-05	1.69e-03	1.95e-02	5.84e-01	3.52e-01	4.21e-02	2.30e-17	5.30e-26	5.48e-26
 5.26573e+22	2.70e-17	4.28e-12	3.84e-08	2.57e-05	1.88e-03	2.10e-02	5.97e-01	3.42e-01	3.88e-02	2.70e-17	6.16e-26	6.35e-26
 5.37770e+22	3.07e-17	4.84e-12	4.33e-08	2.87e-05	2.05e-03	2.24e-02	6.07e-01	3.32e-01	3.60e-02	3.07e-17	6.94e-26	7.17e-26
 5.47928e+22	3.47e-17	5.42e-12	4.82e-08	3.16e-05	2.21e-03	2.37e-02	6.16e-01	3.24e-01	3.39e-02	3.47e-17	7.79e-26	8.04e-26
 5.59507e+22	3.93e-17	6.09e-12	5.39e-08	3.51e-05	2.40e-03	2.51e-02	6.25e-01	3.15e-01	3.16e-02	3.93e-17	8.73e-26	9.02e-26
 5.74560e+22	4.59e-17	7.05e-12	6.21e-08	4.00e-05	2.66e-03	2.70e-02	6.37e-01	3.05e-01	2.89e-02	4.59e-17	1.01e-25	1.04e-25
 5.90222e+22	5.40e-17	8.22e-12	7.21e-08	4.58e-05	2.95e-03	2.91e-02	6.48e-01	2.93e-01	2.64e-02	5.40e-17	1.17e-25	1.21e-25
 6.03088e+22	6.12e-17	9.27e-12	8.10e-08	5.10e-05	3.21e-03	3.09e-02	6.57e-01	2.84e-01	2.44e-02	6.12e-17	1.32e-25	1.36e-25
 6.16224e+22	6.93e-17	1.04e-11	9.06e-08	5.65e-05	3.47e-03	3.26e-02	6.65e-01	2.76e-01	2.28e-02	6.93e-17	1.47e-25	1.52e-25
 6.33301e+22	8.06e-17	1.20e-11	1.04e-07	6.41e-05	3.82e-03	3.49e-02	6.75e-01	2.66e-01	2.08e-02	8.06e-17	1.69e-25	1.74e-25
 6.51441e+22	9.46e-17	1.40e-11	1.21e-07	7.34e-05	4.23e-03	3.75e-02	6.85e-01	2.55e-01	1.89e-02	9.46e-17	1.96e-25	2.02e-25
 6.66895e+22	1.07e-16	1.59e-11	1.36e-07	8.21e-05	4.60e-03	3.98e-02	6.93e-01	2.46e-01	1.73e-02	1.07e-16	2.20e-25	2.27e-25
 6.82918e+22	1.22e-16	1.80e-11	1.53e-07	9.11e-05	4.97e-03	4.20e-02	6.99e-01	2.37e-01	1.61e-02	1.22e-16	2.47e-25	2.55e-25
 7.03748e+22	1.43e-16	2.09e-11	1.78e-07	1.04e-04	5.48e-03	4.49e-02	7.08e-01	2.27e-01	1.46e-02	1.43e-16	2.83e-25	2.94e-25
 7.25856e+22	1.69e-16	2.46e-11	2.08e-07	1.20e-04	6.07e-03	4.83e-02	7.16e-01	2.17e-01	1.31e-02	1.69e-16	3.29e-25	3.42e-25
 7.44646e+22	1.93e-16	2.80e-11	2.36e-07	1.34e-04	6.61e-03	5.13e-02	7.22e-01	2.08e-01	1.19e-02	1.93e-16	3.71e-25	3.86e-25
 7.64092e+22	2.21e-16	3.19e-11	2.67e-07	1.50e-04	7.14e-03	5.41e-02	7.27e-01	2.00e-01	1.10e-02	2.21e-16	4.17e-25	4.35e-25
 7.89372e+22	2.61e-16	3.74e-11	3.10e-07	1.71e-04	7.85e-03	5.77e-02	7.33e-01	1.91e-01	9.91e-03	2.61e-16	4.81e-25	5.02e-25
 8.16887e+22	3.10e-16	4.44e-11	3.66e-07	1.98e-04	8.71e-03	6.21e-02	7.40e-01	1.81e-01	8.81e-03	3.10e-16	5.60e-25	5.86e-25
 8.38655e+22	3.58e-16	5.10e-11	4.18e-07	2.22e-04	9.45e-03	6.56e-02	7.44e-01	1.73e-01	8.03e-03	3.58e-16	6.38e-25	6.68e-25
 8.54574e+22	3.92e-16	5.59e-11	4.58e-07	2.41e-04	1.00e-02	6.83e-02	7.46e-01	1.67e-01	7.51e-03	3.92e-16	6.91e-25	7.24e-25
 8.71539e+22	4.33e-16	6.15e-11	5.00e-07	2.60e-04	1.05e-02	7.08e-02	7.49e-01	1.63e-01	7.06e-03	4.33e-16	7.52e-25	7.89e-25
 8.93594e+22	4.88e-16	6.92e-11	5.59e-07	2.86e-04	1.13e-02	7.40e-02	7.51e-01	1.57e-01	6.53e-03	4.88e-16	8.33e-25	8.75e-25
 9.22265e+22	5.63e-16	7.98e-11	6.40e-07	3.22e-04	1.22e-02	7.83e-02	7.54e-01	1.49e-01	5.91e-03	5.63e-16	9.38e-25	9.87e-25
 9.52466e+22	6.61e-16	9.35e-11	7.44e-07	3.67e-04	1.33e-02	8.31e-02	7.56e-01	1.42e-01	5.30e-03	6.61e-16	1.08e-24	1.14e-24
 9.77551e+22	7.54e-16	1.07e-10	8.41e-07	4.07e-04	1.43e-02	8.71e-02	7.58e-01	1.36e-01	4.86e-03	7.54e-16	1.21e-24	1.28e-24
 1.00306e+23	8.45e-16	1.19e-10	9.36e-07	4.46e-04	1.52e-02	9.09e-02	7.58e-01	1.30e-01	4.49e-03	8.45e-16	1.33e-24	1.40e-24
 1.03622e+23	9.76e-16	1.38e-10	1.07e-06	4.99e-04	1.64e-02	9.56e-02	7.59e-01	1.24e-01	4.07e-03	9.76e-16	1.49e-24	1.58e-24
 1.07264e+23	1.15e-15	1.62e-10	1.25e-06	5.68e-04	1.79e-02	1.01e-01	7.59e-01	1.18e-01	3.64e-03	1.15e-15	1.72e-24	1.82e-24
 1.10501e+23	1.33e-15	1.87e-10	1.42e-06	6.33e-04	1.92e-02	1.06e-01	7.59e-01	1.12e-01	3.31e-03	1.33e-15	1.94e-24	2.06e-24
 1.13438e+23	1.50e-15	2.11e-10	1.59e-06	6.94e-04	2.04e-02	1.10e-01	7.58e-01	1.07e-01	3.05e-03	1.50e-15	2.14e-24	2.27e-24
 1.16813e+23	1.71e-15	2.40e-10	1.78e-06	7.63e-04	2.17e-02	1.15e-01	7.57e-01	1.03e-01	2.81e-03	1.71e-15	2.38e-24	2.53e-24
 1.21157e+23	1.97e-15	2.78e-10	2.04e-06	8.53e-04	2.33e-02	1.21e-01	7.55e-01	9.77e-02	2.54e-03	1.97e-15	2.65e-24	2.82e-24
 1.26015e+23	2.34e-15	3.31e-10	2.39e-06	9.70e-04	2.54e-02	1.27e-01	7.52e-01	9.20e-02	2.26e-03	2.34e-15	3.05e-24	3.25e-24
 1.30583e+23	2.75e-15	3.88e-10	2.77e-06	1.09e-03	2.73e-02	1.34e-01	7.49e-01	8.70e-02	2.03e-03	2.75e-15	3.48e-24	3.72e-24
 1.35446e+23	3.18e-15	4.49e-10	3.15e-06	1.21e-03	2.92e-02	1.39e-01	7.46e-01	8.28e-02	1.84e-03	3.18e-15	3.88e-24	4.15e-24
 1.40987e+23	3.75e-15	5.29e-10	3.65e-06	1.36e-03	3.14e-02	1.46e-01	7.42e-01	7.82e-02	1.65e-03	3.75e-15	4.40e-24	4.71e-24
 1.46750e+23	4.43e-15	6.23e-10	4.21e-06	1.52e-03	3.37e-02	1.52e-01	7.37e-01	7.39e-02	1.49e-03	4.43e-15	4.99e-24	5.35e-24
 1.52744e+23	5.16e-15	7.26e-10	4.83e-06	1.69e-03	3.61e-02	1.59e-01	7.32e-01	7.00e-02	1.34e-03	5.16e-15	5.57e-24	5.98e-24
 1.58977e+23	6.01e-15	8.45e-10	5.51e-06	1.88e-03	3.84e-02	1.65e-01	7.27e-01	6.63e-02	1.22e-03	6.01e-15	6.22e-24	6.68e-24
 1.65459e+23	6.96e-15	9.78e-10	6.26e-06	2.07e-03	4.08e-02	1.72e-01	7.21e-01	6.30e-02	1.11e-03	6.96e-15	6.90e-24	7.42e-24
 1.72201e+23	8.03e-15	1.13e-09	7.07e-06	2.27e-03	4.33e-02	1.78e-01	7.16e-01	6.00e-02	1.01e-03	8.03e-15	7.60e-24	8.18e-24
 1.79212e+23	9.18e-15	1.29e-09	7.94e-06	2.48e-03	4.57e-02	1.83e-01	7.10e-01	5.72e-02	9.26e-04	9.18e-15	8.29e-24	8.93e-24
 1.86504e+23	1.05e-14	1.46e-09	8.84e-06	2.69e-03	4.80e-02	1.89e-01	7.05e-01	5.47e-02	8.54e-04	1.05e-14	8.99e-24	9.69e-24
 1.94088e+23	1.18e-14	1.64e-09	9.79e-06	2.91e-03	5.03e-02	1.94e-01	7.00e-01	5.25e-02	7.92e-04	1.18e-14	9.64e-24	1.04e-23
 2.01975e+23	1.33e-14	1.84e-09	1.08e-05	3.12e-03	5.25e-02	1.99e-01	6.94e-01	5.04e-02	7.36e-04	1.33e-14	1.03e-23	1.11e-23
 2.10177e+23	1.48e-14	2.05e-09	1.18e-05	3.34e-03	5.47e-02	2.04e-01	6.89e-01	4.85e-02	6.88e-04	1.48e-14	1.08e-23	1.17e-23
 2.18708e+23	1.63e-14	2.26e-09	1.28e-05	3.55e-03	5.68e-02	2.08e-01	6.84e-01	4.69e-02	6.46e-04	1.63e-14	1.13e-23	1.22e-23
 2.27178e+23	1.79e-14	2.47e-09	1.38e-05	3.75e-03	5.87e-02	2.12e-01	6.80e-01	4.54e-02	6.10e-04	1.79e-14	1.17e-23	1.27e-23
 2.35008e+23	1.93e-14	2.66e-09	1.47e-05	3.94e-03	6.04e-02	2.15e-01	6.76e-01	4.41e-02	5.80e-04	1.93e-14	1.21e-23	1.31e-23
 2.42056e+23	2.07e-14	2.84e-09	1.55e-05	4.10e-03	6.19e-02	2.18e-01	6.72e-01	4.31e-02	5.57e-04	2.07e-14	1.24e-23	1.34e-23
 2.48398e+23	2.18e-14	2.99e-09	1.62e-05	4.23e-03	6.30e-02	2.20e-01	6.70e-01	4.24e-02	5.40e-04	2.18e-14	1.25e-23	1.36e-23
 2.54107e+23	2.28e-14	3.12e-09	1.68e-05	4.34e-03	6.40e-02	2.22e-01	6.67e-01	4.17e-02	5.25e-04	2.28e-14	1.26e-23	1.37e-23
 2.59244e+23	2.36e-14	3.23e-09	1.73e-05	4.43e-03	6.48e-02	2.24e-01	6.65e-01	4.12e-02	5.14e-04	2.36e-14	1.27e-23	1.38e-23
 2.63868e+23	2.44e-14	3.33e-09	1.77e-05	4.52e-03	6.55e-02	2.25e-01	6.64e-01	4.08e-02	5.04e-04	2.44e-14	1.27e-23	1.38e-23
 2.68029e+23	2.50e-14	3.40e-09	1.80e-05	4.58e-03	6.61e-02	2.26e-01	6.62e-01	4.04e-02	4.97e-04	2.50e-14	1.27e-23	1.38e-23
 2.71775e+23	2.55e-14	3.47e-09	1.83e-05	4.63e-03	6.65e-02	2.27e-01	6.61e-01	4.02e-02	4.92e-04	2.55e-14	1.27e-23	1.37e-23
 2.75145e+23	2.59e-14	3.51e-09	1.85e-05	4.66e-03	6.68e-02	2.27e-01	6.61e-01	4.00e-02	4.88e-04	2.59e-14	1.26e-23	1.37e-23
 2.78269e+23	2.62e-14	3.55e-09	1.87e-05	4.70e-03	6.71e-02	2.28e-01	6.60e-01	3.98e-02	4.84e-04	2.62e-14	1.25e-23	1.35e-23
 2.81324e+23	2.65e-14	3.60e-09	1.89e-05	4.74e-03	6.74e-02	2.29e-01	6.59e-01	3.96e-02	4.79e-04	2.65e-14	1.24e-23	1.35e-23
 2.84379e+23	2.67e-14	3.63e-09	1.90e-05	4.75e-03	6.76e-02	2.29e-01	6.59e-01	3.95e-02	4.78e-04	2.67e-14	1.22e-23	1.33e-23
 2.87434e+23	2.69e-14	3.65e-09	1.91e-05	4.77e-03	6.77e-02	2.29e-01	6.59e-01	3.94e-02	4.75e-04	2.69e-14	1.21e-23	1.31e-23
 2.90489e+23	2.70e-14	3.67e-09	1.92e-05	4.79e-03	6.79e-02	2.29e-01	6.58e-01	3.94e-02	4.74e-04	2.70e-14	1.19e-23	1.29e-23
 2.93543e+23	2.71e-14	3.68e-09	1.92e-05	4.80e-03	6.79e-02	2.29e-01	6.58e-01	3.93e-02	4.73e-04	2.71e-14	1.17e-23	1.27e-23
 2.96598e+23	2.72e-14	3.69e-09	1.93e-05	4.81e-03	6.80e-02	2.30e-01	6.58e-01	3.93e-02	4.72e-04	2.72e-14	1.15e-23	1.25e-23
 2.99653e+23	2.72e-14	3.70e-09	1.93e-05	4.81e-03	6.80e-02	2.30e-01	6.58e-01	3.93e-02	4.72e-04	2.72e-14	1.13e-23	1.23e-23
 3.02708e+23	2.73e-14	3.70e-09	1.93e-05	4.82e-03	6.81e-02	2.30e-01	6.58e-01	3.92e-02	4.71e-04	2.73e-14	1.11e-23	1.21e-23
 3.04858e+23	2.80e-14	3.81e-09	1.98e-05	4.90e-03	6.88e-02	2.31e-01	6.56e-01	3.88e-02	4.62e-04	2.80e-14	1.13e-23	1.23e-23
