#depth	S	S+	S+2	S+3	S+4	S+5	S+6	S+7	S+8	S+9	S+10	S+11	S+12	S+13	S+14	S+15	S+16
 6.17135e+19	0.00e+00	0.00e+00	0.00e+00	0.00e+00	0.00e+00	2.41e-26	5.41e-22	2.60e-18	4.45e-15	2.74e-12	8.20e-10	1.12e-07	8.93e-06	5.56e-04	6.08e-02	3.47e-01	5.92e-01
 1.87609e+20	0.00e+00	0.00e+00	0.00e+00	0.00e+00	0.00e+00	6.82e-26	1.42e-21	6.27e-18	9.83e-15	5.54e-12	1.52e-09	1.88e-07	1.33e-05	7.41e-04	7.20e-02	3.67e-01	5.60e-01
 2.90012e+20	0.00e+00	0.00e+00	0.00e+00	0.00e+00	0.00e+00	1.52e-25	2.99e-21	1.24e-17	1.82e-14	9.54e-12	2.45e-09	2.81e-07	1.82e-05	9.23e-04	8.20e-02	3.82e-01	5.35e-01
 3.58256e+20	0.00e+00	0.00e+00	0.00e+00	0.00e+00	0.00e+00	2.55e-25	4.84e-21	1.92e-17	2.70e-14	1.36e-11	3.33e-09	3.64e-07	2.22e-05	1.06e-03	8.89e-02	3.92e-01	5.18e-01
 4.06368e+20	0.00e+00	0.00e+00	0.00e+00	0.00e+00	2.07e-29	3.66e-25	6.78e-21	2.62e-17	3.57e-14	1.74e-11	4.14e-09	4.37e-07	2.55e-05	1.17e-03	9.42e-02	3.99e-01	5.06e-01
 4.40227e+20	0.00e+00	0.00e+00	0.00e+00	0.00e+00	2.71e-29	4.65e-25	8.46e-21	3.21e-17	4.29e-14	2.04e-11	4.77e-09	4.92e-07	2.79e-05	1.25e-03	9.77e-02	4.03e-01	4.98e-01
 4.76499e+20	0.00e+00	0.00e+00	0.00e+00	0.00e+00	3.64e-29	6.02e-25	1.08e-20	4.00e-17	5.23e-14	2.44e-11	5.57e-09	5.61e-07	3.09e-05	1.34e-03	1.02e-01	4.07e-01	4.90e-01
 5.23653e+20	0.00e+00	0.00e+00	0.00e+00	0.00e+00	5.29e-29	8.39e-25	1.47e-20	5.31e-17	6.76e-14	3.05e-11	6.78e-09	6.62e-07	3.51e-05	1.46e-03	1.07e-01	4.13e-01	4.79e-01
 5.75611e+20	0.00e+00	0.00e+00	0.00e+00	0.00e+00	7.95e-29	1.20e-24	2.05e-20	7.21e-17	8.91e-14	3.90e-11	8.41e-09	7.92e-07	4.02e-05	1.61e-03	1.13e-01	4.19e-01	4.67e-01
 6.23207e+20	0.00e+00	0.00e+00	0.00e+00	0.00e+00	1.15e-28	1.65e-24	2.77e-20	9.49e-17	1.14e-13	4.86e-11	1.02e-08	9.30e-07	4.55e-05	1.76e-03	1.19e-01	4.24e-01	4.56e-01
 6.74474e+20	0.00e+00	0.00e+00	0.00e+00	0.00e+00	1.68e-28	2.32e-24	3.80e-20	1.27e-16	1.48e-13	6.12e-11	1.25e-08	1.10e-06	5.17e-05	1.92e-03	1.25e-01	4.29e-01	4.44e-01
 7.31257e+20	0.00e+00	0.00e+00	0.00e+00	0.00e+00	2.56e-28	3.35e-24	5.35e-20	1.74e-16	1.97e-13	7.88e-11	1.55e-08	1.32e-06	5.95e-05	2.11e-03	1.32e-01	4.35e-01	4.32e-01
 7.83790e+20	0.00e+00	0.00e+00	0.00e+00	0.00e+00	3.73e-28	4.68e-24	7.31e-20	2.31e-16	2.55e-13	9.90e-11	1.90e-08	1.56e-06	6.75e-05	2.31e-03	1.38e-01	4.39e-01	4.20e-01
 8.40666e+20	0.00e+00	0.00e+00	0.00e+00	0.00e+00	5.57e-28	6.65e-24	1.02e-19	3.13e-16	3.36e-13	1.26e-10	2.34e-08	1.86e-06	7.72e-05	2.53e-03	1.45e-01	4.44e-01	4.08e-01
 9.00356e+20	0.00e+00	0.00e+00	0.00e+00	0.00e+00	8.41e-28	9.56e-24	1.43e-19	4.28e-16	4.45e-13	1.61e-10	2.91e-08	2.23e-06	8.85e-05	2.78e-03	1.53e-01	4.48e-01	3.96e-01
 9.51028e+20	0.00e+00	0.00e+00	0.00e+00	0.00e+00	1.18e-27	1.29e-23	1.89e-19	5.54e-16	5.62e-13	1.98e-10	3.48e-08	2.59e-06	9.91e-05	3.00e-03	1.60e-01	4.52e-01	3.86e-01
 1.00422e+21	0.00e+00	0.00e+00	0.00e+00	0.00e+00	1.68e-27	1.76e-23	2.53e-19	7.24e-16	7.15e-13	2.45e-10	4.19e-08	3.02e-06	1.11e-04	3.24e-03	1.67e-01	4.55e-01	3.75e-01
 1.07338e+21	0.00e+00	0.00e+00	0.00e+00	0.00e+00	2.64e-27	2.61e-23	3.67e-19	1.02e-15	9.71e-13	3.21e-10	5.29e-08	3.66e-06	1.29e-04	3.58e-03	1.76e-01	4.59e-01	3.62e-01
 1.14356e+21	0.00e+00	0.00e+00	0.00e+00	0.00e+00	4.11e-27	3.87e-23	5.30e-19	1.42e-15	1.32e-12	4.20e-10	6.68e-08	4.44e-06	1.49e-04	3.95e-03	1.85e-01	4.62e-01	3.49e-01
 1.20003e+21	0.00e+00	0.00e+00	0.00e+00	0.00e+00	5.84e-27	5.27e-23	7.07e-19	1.86e-15	1.67e-12	5.18e-10	8.01e-08	5.17e-06	1.67e-04	4.27e-03	1.93e-01	4.65e-01	3.38e-01
 1.25838e+21	0.00e+00	0.00e+00	0.00e+00	0.00e+00	8.32e-27	7.20e-23	9.48e-19	2.43e-15	2.13e-12	6.41e-10	9.64e-08	6.02e-06	1.87e-04	4.61e-03	2.01e-01	4.67e-01	3.28e-01
 1.33424e+21	0.00e+00	0.00e+00	0.00e+00	0.00e+00	1.31e-26	1.07e-22	1.38e-18	3.42e-15	2.90e-12	8.40e-10	1.22e-07	7.30e-06	2.17e-04	5.08e-03	2.11e-01	4.69e-01	3.15e-01
 1.40869e+21	0.00e+00	0.00e+00	0.00e+00	0.00e+00	2.02e-26	1.57e-22	1.98e-18	4.77e-15	3.92e-12	1.09e-09	1.53e-07	8.81e-06	2.50e-04	5.58e-03	2.21e-01	4.70e-01	3.02e-01
 1.46438e+21	0.00e+00	0.00e+00	0.00e+00	0.00e+00	2.77e-26	2.07e-22	2.56e-18	6.03e-15	4.84e-12	1.32e-09	1.80e-07	1.00e-05	2.75e-04	5.95e-03	2.29e-01	4.71e-01	2.94e-01
 1.51985e+21	0.00e+00	0.00e+00	0.00e+00	0.00e+00	3.77e-26	2.72e-22	3.31e-18	7.64e-15	5.99e-12	1.59e-09	2.11e-07	1.15e-05	3.04e-04	6.35e-03	2.37e-01	4.72e-01	2.85e-01
 1.59197e+21	0.00e+00	0.00e+00	0.00e+00	0.00e+00	5.60e-26	3.86e-22	4.59e-18	1.03e-14	7.84e-12	2.01e-09	2.59e-07	1.35e-05	3.44e-04	6.90e-03	2.47e-01	4.72e-01	2.74e-01
 1.66943e+21	0.00e+00	0.00e+00	0.00e+00	0.00e+00	8.50e-26	5.57e-22	6.48e-18	1.41e-14	1.04e-11	2.58e-09	3.20e-07	1.61e-05	3.92e-04	7.52e-03	2.57e-01	4.72e-01	2.63e-01
 1.73774e+21	0.00e+00	0.00e+00	0.00e+00	0.00e+00	1.22e-25	7.65e-22	8.73e-18	1.86e-14	1.33e-11	3.20e-09	3.86e-07	1.88e-05	4.39e-04	8.09e-03	2.67e-01	4.72e-01	2.53e-01
 1.81043e+21	0.00e+00	0.00e+00	0.00e+00	0.00e+00	1.77e-25	1.06e-21	1.19e-17	2.47e-14	1.72e-11	4.00e-09	4.67e-07	2.20e-05	4.94e-04	8.73e-03	2.77e-01	4.71e-01	2.43e-01
 1.89143e+21	0.00e+00	0.00e+00	0.00e+00	0.00e+00	2.67e-25	1.53e-21	1.67e-17	3.37e-14	2.28e-11	5.11e-09	5.77e-07	2.61e-05	5.61e-04	9.47e-03	2.88e-01	4.70e-01	2.32e-01
 1.96719e+21	0.00e+00	0.00e+00	0.00e+00	2.60e-29	3.89e-25	2.13e-21	2.29e-17	4.49e-14	2.95e-11	6.39e-09	6.99e-07	3.05e-05	6.30e-04	1.02e-02	2.98e-01	4.68e-01	2.23e-01
 2.04966e+21	0.00e+00	0.00e+00	0.00e+00	4.07e-29	5.80e-25	3.02e-21	3.18e-17	6.09e-14	3.87e-11	8.11e-09	8.57e-07	3.60e-05	7.12e-04	1.10e-02	3.09e-01	4.66e-01	2.13e-01
 2.13599e+21	0.00e+00	0.00e+00	0.00e+00	6.46e-29	8.76e-25	4.34e-21	4.48e-17	8.32e-14	5.13e-11	1.04e-08	1.06e-06	4.26e-05	8.07e-04	1.20e-02	3.21e-01	4.63e-01	2.03e-01
 2.20893e+21	0.00e+00	0.00e+00	0.00e+00	9.47e-29	1.23e-24	5.86e-21	5.95e-17	1.08e-13	6.48e-11	1.27e-08	1.26e-06	4.91e-05	8.95e-04	1.28e-02	3.31e-01	4.61e-01	1.95e-01
 2.28536e+21	0.00e+00	0.00e+00	0.00e+00	1.40e-28	1.75e-24	7.97e-21	7.95e-17	1.41e-13	8.23e-11	1.56e-08	1.50e-06	5.67e-05	9.95e-04	1.37e-02	3.41e-01	4.58e-01	1.87e-01
 2.38473e+21	0.00e+00	0.00e+00	0.00e+00	2.31e-28	2.73e-24	1.18e-20	1.15e-16	1.98e-13	1.12e-10	2.04e-08	1.88e-06	6.80e-05	1.14e-03	1.49e-02	3.54e-01	4.53e-01	1.77e-01
 2.48571e+21	0.00e+00	0.00e+00	0.00e+00	3.81e-28	4.26e-24	1.74e-20	1.67e-16	2.77e-13	1.51e-10	2.65e-08	2.36e-06	8.15e-05	1.30e-03	1.62e-02	3.67e-01	4.49e-01	1.67e-01
 2.56601e+21	0.00e+00	0.00e+00	0.00e+00	5.62e-28	6.03e-24	2.37e-20	2.22e-16	3.61e-13	1.92e-10	3.26e-08	2.81e-06	9.39e-05	1.44e-03	1.72e-02	3.77e-01	4.45e-01	1.60e-01
 2.64762e+21	0.00e+00	0.00e+00	0.00e+00	8.28e-28	8.51e-24	3.20e-20	2.96e-16	4.70e-13	2.43e-10	4.00e-08	3.34e-06	1.08e-04	1.60e-03	1.84e-02	3.87e-01	4.40e-01	1.52e-01
 2.75372e+21	0.00e+00	0.00e+00	0.00e+00	1.36e-27	1.32e-23	4.71e-20	4.27e-16	6.57e-13	3.28e-10	5.19e-08	4.17e-06	1.29e-04	1.82e-03	1.99e-02	4.00e-01	4.34e-01	1.44e-01
 2.86345e+21	0.00e+00	0.00e+00	0.00e+00	2.24e-27	2.07e-23	6.97e-20	6.19e-16	9.24e-13	4.45e-10	6.77e-08	5.22e-06	1.55e-04	2.07e-03	2.16e-02	4.13e-01	4.28e-01	1.35e-01
 2.95412e+21	0.00e+00	0.00e+00	0.00e+00	3.37e-27	2.97e-23	9.58e-20	8.36e-16	1.22e-12	5.71e-10	8.39e-08	6.26e-06	1.79e-04	2.30e-03	2.30e-02	4.24e-01	4.22e-01	1.28e-01
 3.03055e+21	0.00e+00	0.00e+00	0.00e+00	4.72e-27	4.01e-23	1.25e-19	1.07e-15	1.53e-12	7.02e-10	1.00e-07	7.29e-06	2.02e-04	2.52e-03	2.42e-02	4.33e-01	4.17e-01	1.23e-01
 3.11224e+21	0.00e+00	0.00e+00	0.00e+00	6.74e-27	5.50e-23	1.64e-19	1.40e-15	1.95e-12	8.72e-10	1.21e-07	8.54e-06	2.30e-04	2.76e-03	2.56e-02	4.42e-01	4.12e-01	1.17e-01
 3.21844e+21	0.00e+00	0.00e+00	0.00e+00	1.06e-26	8.22e-23	2.34e-19	1.95e-15	2.66e-12	1.15e-09	1.53e-07	1.04e-05	2.69e-04	3.10e-03	2.75e-02	4.54e-01	4.05e-01	1.10e-01
 3.32631e+21	0.00e+00	0.00e+00	0.00e+00	1.67e-26	1.23e-22	3.33e-19	2.74e-15	3.62e-12	1.51e-09	1.95e-07	1.28e-05	3.17e-04	3.48e-03	2.94e-02	4.65e-01	3.98e-01	1.04e-01
 3.41235e+21	0.00e+00	0.00e+00	0.00e+00	2.38e-26	1.69e-22	4.38e-19	3.56e-15	4.61e-12	1.88e-09	2.35e-07	1.50e-05	3.59e-04	3.81e-03	3.11e-02	4.74e-01	3.92e-01	9.88e-02
 3.50017e+21	0.00e+00	0.00e+00	0.00e+00	3.40e-26	2.32e-22	5.78e-19	4.64e-15	5.88e-12	2.34e-09	2.84e-07	1.76e-05	4.08e-04	4.17e-03	3.28e-02	4.83e-01	3.86e-01	9.40e-02
 3.59313e+21	0.00e+00	0.00e+00	0.00e+00	4.94e-26	3.23e-22	7.71e-19	6.12e-15	7.59e-12	2.94e-09	3.46e-07	2.07e-05	4.65e-04	4.58e-03	3.47e-02	4.92e-01	3.79e-01	8.91e-02
 3.67266e+21	0.00e+00	0.00e+00	0.00e+00	6.78e-26	4.27e-22	9.85e-19	7.74e-15	9.42e-12	3.58e-09	4.09e-07	2.39e-05	5.21e-04	4.97e-03	3.63e-02	5.00e-01	3.73e-01	8.51e-02
 3.75594e+21	0.00e+00	0.00e+00	0.00e+00	9.39e-26	5.70e-22	1.27e-18	9.86e-15	1.18e-11	4.37e-09	4.86e-07	2.76e-05	5.84e-04	5.39e-03	3.81e-02	5.08e-01	3.67e-01	8.11e-02
 3.84942e+21	0.00e+00	0.00e+00	0.00e+00	1.34e-25	7.83e-22	1.67e-18	1.29e-14	1.50e-11	5.44e-09	5.87e-07	3.24e-05	6.63e-04	5.90e-03	4.01e-02	5.16e-01	3.60e-01	7.68e-02
 3.93742e+21	0.00e+00	0.00e+00	0.00e+00	1.88e-25	1.05e-21	2.16e-18	1.65e-14	1.89e-11	6.68e-09	7.00e-07	3.76e-05	7.46e-04	6.42e-03	4.21e-02	5.24e-01	3.54e-01	7.30e-02
 4.01933e+21	0.00e+00	0.00e+00	2.33e-29	2.56e-25	1.38e-21	2.74e-18	2.07e-14	2.34e-11	8.08e-09	8.24e-07	4.31e-05	8.31e-04	6.93e-03	4.40e-02	5.31e-01	3.48e-01	6.96e-02
 4.09592e+21	0.00e+00	0.00e+00	3.21e-29	3.41e-25	1.78e-21	3.41e-18	2.57e-14	2.84e-11	9.64e-09	9.59e-07	4.89e-05	9.20e-04	7.44e-03	4.58e-02	5.37e-01	3.42e-01	6.66e-02
 4.16774e+21	0.00e+00	0.00e+00	4.30e-29	4.43e-25	2.25e-21	4.17e-18	3.12e-14	3.41e-11	1.13e-08	1.10e-06	5.50e-05	1.01e-03	7.94e-03	4.75e-02	5.43e-01	3.37e-01	6.39e-02
 4.24951e+21	0.00e+00	0.00e+00	6.00e-29	5.98e-25	2.93e-21	5.24e-18	3.89e-14	4.18e-11	1.36e-08	1.29e-06	6.28e-05	1.12e-03	8.55e-03	4.95e-02	5.49e-01	3.30e-01	6.09e-02
 4.33952e+21	0.00e+00	0.00e+00	8.62e-29	8.27e-25	3.90e-21	6.71e-18	4.95e-14	5.23e-11	1.66e-08	1.53e-06	7.25e-05	1.25e-03	9.27e-03	5.18e-02	5.56e-01	3.24e-01	5.78e-02
 4.42144e+21	0.00e+00	0.00e+00	1.20e-28	1.11e-24	5.04e-21	8.38e-18	6.16e-14	6.39e-11	1.99e-08	1.79e-06	8.26e-05	1.39e-03	9.96e-03	5.39e-02	5.62e-01	3.18e-01	5.50e-02
 4.49710e+21	0.00e+00	0.00e+00	1.61e-28	1.45e-24	6.38e-21	1.03e-17	7.52e-14	7.69e-11	2.35e-08	2.06e-06	9.30e-05	1.53e-03	1.06e-02	5.59e-02	5.67e-01	3.12e-01	5.26e-02
 4.58338e+21	0.00e+00	0.00e+00	2.26e-28	1.95e-24	8.31e-21	1.29e-17	9.39e-14	9.45e-11	2.83e-08	2.42e-06	1.06e-04	1.70e-03	1.15e-02	5.82e-02	5.73e-01	3.06e-01	5.00e-02
 4.67963e+21	0.00e+00	0.00e+00	3.27e-28	2.73e-24	1.11e-20	1.66e-17	1.20e-13	1.19e-10	3.48e-08	2.89e-06	1.23e-04	1.91e-03	1.24e-02	6.09e-02	5.79e-01	2.99e-01	4.72e-02
 4.76858e+21	0.00e+00	0.00e+00	4.61e-28	3.70e-24	1.46e-20	2.09e-17	1.51e-13	1.47e-10	4.21e-08	3.39e-06	1.41e-04	2.12e-03	1.34e-02	6.34e-02	5.84e-01	2.92e-01	4.48e-02
 4.84563e+21	0.00e+00	0.00e+00	6.17e-28	4.80e-24	1.83e-20	2.55e-17	1.83e-13	1.76e-10	4.95e-08	3.90e-06	1.58e-04	2.32e-03	1.43e-02	6.56e-02	5.89e-01	2.86e-01	4.28e-02
 4.92750e+21	0.00e+00	0.00e+00	8.40e-28	6.32e-24	2.33e-20	3.13e-17	2.25e-13	2.13e-10	5.88e-08	4.51e-06	1.79e-04	2.56e-03	1.53e-02	6.80e-02	5.93e-01	2.80e-01	4.07e-02
 5.01908e+21	0.00e+00	0.00e+00	1.18e-27	8.57e-24	3.04e-20	3.93e-17	2.82e-13	2.63e-10	7.11e-08	5.31e-06	2.05e-04	2.85e-03	1.64e-02	7.08e-02	5.98e-01	2.74e-01	3.85e-02
 5.10431e+21	0.00e+00	0.00e+00	1.62e-27	1.14e-23	3.89e-20	4.85e-17	3.48e-13	3.19e-10	8.47e-08	6.17e-06	2.32e-04	3.14e-03	1.76e-02	7.34e-02	6.02e-01	2.68e-01	3.66e-02
 5.18304e+21	0.00e+00	0.00e+00	2.16e-27	1.47e-23	4.87e-20	5.88e-17	4.21e-13	3.82e-10	9.95e-08	7.08e-06	2.61e-04	3.43e-03	1.87e-02	7.58e-02	6.05e-01	2.62e-01	3.49e-02
 5.27233e+21	0.00e+00	0.00e+00	2.99e-27	1.96e-23	6.26e-20	7.29e-17	5.22e-13	4.67e-10	1.19e-07	8.26e-06	2.96e-04	3.80e-03	2.01e-02	7.87e-02	6.09e-01	2.56e-01	3.30e-02
 5.37106e+21	0.00e+00	0.00e+00	4.28e-27	2.69e-23	8.26e-20	9.22e-17	6.61e-13	5.82e-10	1.45e-07	9.78e-06	3.41e-04	4.24e-03	2.17e-02	8.18e-02	6.12e-01	2.49e-01	3.11e-02
 5.46118e+21	0.00e+00	0.00e+00	5.94e-27	3.59e-23	1.06e-19	1.14e-16	8.21e-13	7.14e-10	1.75e-07	1.14e-05	3.89e-04	4.70e-03	2.33e-02	8.49e-02	6.15e-01	2.42e-01	2.93e-02
 5.54295e+21	0.00e+00	0.00e+00	7.90e-27	4.63e-23	1.33e-19	1.38e-16	9.92e-13	8.51e-10	2.05e-07	1.31e-05	4.35e-04	5.13e-03	2.47e-02	8.75e-02	6.18e-01	2.37e-01	2.79e-02
 5.63476e+21	0.00e+00	0.00e+00	1.09e-26	6.17e-23	1.70e-19	1.70e-16	1.23e-12	1.04e-09	2.45e-07	1.53e-05	4.94e-04	5.67e-03	2.64e-02	9.06e-02	6.20e-01	2.30e-01	2.63e-02
 5.73418e+21	0.00e+00	0.00e+00	1.55e-26	8.40e-23	2.22e-19	2.14e-16	1.54e-12	1.29e-09	2.98e-07	1.80e-05	5.67e-04	6.31e-03	2.85e-02	9.41e-02	6.22e-01	2.23e-01	2.47e-02
 5.82245e+21	0.00e+00	0.00e+00	2.10e-26	1.10e-22	2.82e-19	2.61e-16	1.89e-12	1.56e-09	3.54e-07	2.08e-05	6.40e-04	6.94e-03	3.04e-02	9.72e-02	6.24e-01	2.17e-01	2.34e-02
 5.90177e+21	0.00e+00	0.00e+00	2.76e-26	1.40e-22	3.47e-19	3.11e-16	2.26e-12	1.85e-09	4.12e-07	2.37e-05	7.13e-04	7.55e-03	3.22e-02	1.00e-01	6.25e-01	2.12e-01	2.22e-02
 5.99052e+21	0.00e+00	0.00e+00	3.74e-26	1.83e-22	4.38e-19	3.78e-16	2.76e-12	2.23e-09	4.88e-07	2.74e-05	8.03e-04	8.29e-03	3.43e-02	1.03e-01	6.26e-01	2.06e-01	2.10e-02
 6.08973e+21	0.00e+00	0.00e+00	5.24e-26	2.47e-22	5.66e-19	4.69e-16	3.45e-12	2.75e-09	5.89e-07	3.21e-05	9.17e-04	9.19e-03	3.68e-02	1.07e-01	6.27e-01	2.00e-01	1.96e-02
 6.18181e+21	0.00e+00	0.00e+00	7.15e-26	3.25e-22	7.18e-19	5.72e-16	4.23e-12	3.34e-09	7.01e-07	3.72e-05	1.04e-03	1.01e-02	3.92e-02	1.10e-01	6.27e-01	1.94e-01	1.85e-02
 6.26664e+21	0.00e+00	0.00e+00	9.56e-26	4.19e-22	8.93e-19	6.87e-16	5.11e-12	3.99e-09	8.25e-07	4.27e-05	1.16e-03	1.11e-02	4.17e-02	1.13e-01	6.27e-01	1.88e-01	1.74e-02
 6.36275e+21	0.00e+00	0.00e+00	1.31e-25	5.53e-22	1.13e-18	8.39e-16	6.27e-12	4.84e-09	9.82e-07	4.94e-05	1.31e-03	1.21e-02	4.44e-02	1.17e-01	6.27e-01	1.82e-01	1.64e-02
 6.46949e+21	0.00e+00	0.00e+00	1.86e-25	7.54e-22	1.48e-18	1.05e-15	7.88e-12	6.02e-09	1.19e-06	5.84e-05	1.50e-03	1.35e-02	4.77e-02	1.21e-01	6.26e-01	1.76e-01	1.52e-02
 6.56629e+21	0.00e+00	0.00e+00	2.56e-25	9.98e-22	1.88e-18	1.28e-15	9.69e-12	7.32e-09	1.43e-06	6.78e-05	1.70e-03	1.49e-02	5.09e-02	1.24e-01	6.24e-01	1.70e-01	1.42e-02
 6.65313e+21	0.00e+00	0.00e+00	3.39e-25	1.28e-21	2.33e-18	1.53e-15	1.16e-11	8.71e-09	1.67e-06	7.74e-05	1.90e-03	1.62e-02	5.39e-02	1.28e-01	6.23e-01	1.64e-01	1.34e-02
 6.75079e+21	0.00e+00	0.00e+00	4.64e-25	1.68e-21	2.95e-18	1.86e-15	1.42e-11	1.06e-08	1.98e-06	8.95e-05	2.14e-03	1.78e-02	5.74e-02	1.31e-01	6.20e-01	1.58e-01	1.25e-02
 6.86054e+21	0.00e+00	0.00e+00	6.60e-25	2.29e-21	3.85e-18	2.31e-15	1.78e-11	1.31e-08	2.41e-06	1.05e-04	2.45e-03	1.97e-02	6.15e-02	1.35e-01	6.17e-01	1.52e-01	1.16e-02
 6.96317e+21	0.00e+00	0.00e+00	9.14e-25	3.05e-21	4.91e-18	2.83e-15	2.19e-11	1.60e-08	2.88e-06	1.22e-04	2.77e-03	2.17e-02	6.56e-02	1.39e-01	6.14e-01	1.46e-01	1.08e-02
 7.05782e+21	0.00e+00	2.61e-29	1.23e-24	3.96e-21	6.14e-18	3.41e-15	2.65e-11	1.91e-08	3.39e-06	1.40e-04	3.10e-03	2.37e-02	6.95e-02	1.43e-01	6.10e-01	1.41e-01	1.01e-02
 7.16492e+21	0.00e+00	3.79e-29	1.71e-24	5.30e-21	7.87e-18	4.18e-15	3.26e-11	2.33e-08	4.06e-06	1.63e-04	3.51e-03	2.61e-02	7.40e-02	1.47e-01	6.05e-01	1.35e-01	9.34e-03
 7.28374e+21	0.00e+00	5.71e-29	2.47e-24	7.30e-21	1.04e-17	5.24e-15	4.10e-11	2.91e-08	4.95e-06	1.93e-04	4.02e-03	2.90e-02	7.93e-02	1.51e-01	5.99e-01	1.29e-01	8.56e-03
 7.39373e+21	0.00e+00	8.31e-29	3.45e-24	9.79e-21	1.33e-17	6.44e-15	5.05e-11	3.55e-08	5.92e-06	2.24e-04	4.54e-03	3.19e-02	8.44e-02	1.55e-01	5.94e-01	1.23e-01	7.90e-03
 7.49683e+21	0.00e+00	1.18e-28	4.71e-24	1.28e-20	1.68e-17	7.80e-15	6.11e-11	4.26e-08	6.98e-06	2.57e-04	5.08e-03	3.48e-02	8.93e-02	1.58e-01	5.88e-01	1.18e-01	7.32e-03
 7.59830e+21	0.00e+00	1.65e-28	6.36e-24	1.67e-20	2.10e-17	9.39e-15	7.35e-11	5.08e-08	8.19e-06	2.94e-04	5.67e-03	3.78e-02	9.42e-02	1.61e-01	5.81e-01	1.13e-01	6.79e-03
 7.69796e+21	0.00e+00	2.29e-28	8.52e-24	2.16e-20	2.61e-17	1.12e-14	8.77e-11	6.03e-08	9.55e-06	3.34e-04	6.29e-03	4.09e-02	9.92e-02	1.65e-01	5.74e-01	1.08e-01	6.31e-03
 7.81203e+21	0.00e+00	3.30e-28	1.18e-23	2.88e-20	3.34e-17	1.38e-14	1.07e-10	7.29e-08	1.13e-05	3.85e-04	7.05e-03	4.47e-02	1.05e-01	1.68e-01	5.66e-01	1.03e-01	5.80e-03
 7.93564e+21	0.00e+00	4.89e-28	1.68e-23	3.92e-20	4.35e-17	1.71e-14	1.32e-10	8.92e-08	1.36e-05	4.48e-04	7.97e-03	4.91e-02	1.11e-01	1.71e-01	5.57e-01	9.73e-02	5.29e-03
 8.04554e+21	0.00e+00	6.90e-28	2.29e-23	5.14e-20	5.48e-17	2.07e-14	1.58e-10	1.06e-07	1.59e-05	5.11e-04	8.85e-03	5.32e-02	1.17e-01	1.74e-01	5.48e-01	9.26e-02	4.87e-03
 8.16229e+21	0.00e+00	9.86e-28	3.15e-23	6.80e-20	6.97e-17	2.52e-14	1.91e-10	1.27e-07	1.87e-05	5.84e-04	9.86e-03	5.77e-02	1.23e-01	1.77e-01	5.39e-01	8.79e-02	4.47e-03
 8.29266e+21	0.00e+00	1.46e-27	4.47e-23	9.25e-20	9.07e-17	3.14e-14	2.34e-10	1.55e-07	2.23e-05	6.76e-04	1.11e-02	6.30e-02	1.30e-01	1.80e-01	5.28e-01	8.28e-02	4.05e-03
 8.41423e+21	0.00e+00	2.09e-27	6.16e-23	1.23e-19	1.16e-16	3.83e-14	2.82e-10	1.85e-07	2.62e-05	7.71e-04	1.23e-02	6.82e-02	1.37e-01	1.83e-01	5.17e-01	7.83e-02	3.70e-03
 8.52804e+21	0.00e+00	2.90e-27	8.27e-23	1.59e-19	1.44e-16	4.60e-14	3.33e-10	2.17e-07	3.03e-05	8.69e-04	1.35e-02	7.33e-02	1.43e-01	1.85e-01	5.07e-01	7.43e-02	3.40e-03
 8.65826e+21	0.00e+00	4.19e-27	1.15e-22	2.12e-19	1.85e-16	5.65e-14	4.02e-10	2.60e-07	3.55e-05	9.91e-04	1.50e-02	7.92e-02	1.50e-01	1.87e-01	4.95e-01	7.00e-02	3.09e-03
 8.80431e+21	0.00e+00	6.26e-27	1.65e-22	2.92e-19	2.43e-16	7.09e-14	4.93e-10	3.16e-07	4.23e-05	1.14e-03	1.68e-02	8.61e-02	1.57e-01	1.89e-01	4.82e-01	6.54e-02	2.78e-03
 8.94159e+21	0.00e+00	9.07e-27	2.30e-22	3.91e-19	3.13e-16	8.74e-14	5.94e-10	3.77e-07	4.96e-05	1.30e-03	1.86e-02	9.29e-02	1.64e-01	1.90e-01	4.69e-01	6.13e-02	2.51e-03
 9.07048e+21	0.00e+00	1.27e-26	3.12e-22	5.12e-19	3.94e-16	1.06e-13	7.04e-10	4.44e-07	5.73e-05	1.47e-03	2.04e-02	9.94e-02	1.71e-01	1.91e-01	4.56e-01	5.77e-02	2.28e-03
 9.21778e+21	0.00e+00	1.85e-26	4.37e-22	6.90e-19	5.10e-16	1.31e-13	8.49e-10	5.30e-07	6.71e-05	1.67e-03	2.25e-02	1.07e-01	1.78e-01	1.92e-01	4.42e-01	5.39e-02	2.05e-03
 9.37469e+21	0.00e+00	2.74e-26	6.22e-22	9.43e-19	6.67e-16	1.64e-13	1.03e-09	6.38e-07	7.91e-05	1.91e-03	2.50e-02	1.15e-01	1.86e-01	1.93e-01	4.27e-01	5.00e-02	1.83e-03
 9.50722e+21	0.00e+00	3.80e-26	8.32e-22	1.22e-18	8.33e-16	1.98e-13	1.21e-09	7.42e-07	9.05e-05	2.13e-03	2.71e-02	1.22e-01	1.92e-01	1.93e-01	4.15e-01	4.70e-02	1.67e-03
 9.62456e+21	0.00e+00	5.05e-26	1.08e-21	1.53e-18	1.01e-15	2.32e-13	1.39e-09	8.47e-07	1.02e-04	2.34e-03	2.92e-02	1.29e-01	1.97e-01	1.93e-01	4.03e-01	4.43e-02	1.53e-03
 9.75900e+21	0.00e+00	6.86e-26	1.42e-21	1.96e-18	1.25e-15	2.77e-13	1.62e-09	9.76e-07	1.15e-04	2.59e-03	3.15e-02	1.36e-01	2.03e-01	1.93e-01	3.91e-01	4.17e-02	1.39e-03
 9.93378e+21	0.00e+00	1.02e-25	2.02e-21	2.68e-18	1.64e-15	3.48e-13	1.96e-09	1.17e-06	1.35e-04	2.94e-03	3.47e-02	1.45e-01	2.10e-01	1.92e-01	3.75e-01	3.84e-02	1.23e-03
 1.01126e+22	0.00e+00	1.51e-25	2.89e-21	3.68e-18	2.16e-15	4.38e-13	2.38e-09	1.40e-06	1.59e-04	3.34e-03	3.81e-02	1.55e-01	2.16e-01	1.91e-01	3.59e-01	3.52e-02	1.09e-03
 1.02576e+22	0.00e+00	2.07e-25	3.84e-21	4.73e-18	2.69e-15	5.26e-13	2.78e-09	1.62e-06	1.80e-04	3.69e-03	4.11e-02	1.64e-01	2.22e-01	1.90e-01	3.46e-01	3.29e-02	9.81e-04
 1.04068e+22	0.00e+00	2.83e-25	5.09e-21	6.08e-18	3.34e-15	6.30e-13	3.23e-09	1.86e-06	2.03e-04	4.07e-03	4.41e-02	1.72e-01	2.27e-01	1.89e-01	3.33e-01	3.06e-02	8.85e-04
 1.06008e+22	0.00e+00	4.20e-25	7.26e-21	8.34e-18	4.39e-15	7.93e-13	3.92e-09	2.22e-06	2.37e-04	4.60e-03	4.83e-02	1.82e-01	2.33e-01	1.86e-01	3.17e-01	2.80e-02	7.75e-04
 1.08019e+22	0.00e+00	6.27e-25	1.04e-20	1.15e-17	5.80e-15	1.00e-12	4.76e-09	2.66e-06	2.77e-04	5.20e-03	5.27e-02	1.94e-01	2.38e-01	1.84e-01	3.00e-01	2.54e-02	6.75e-04
 1.09689e+22	0.00e+00	8.64e-25	1.40e-20	1.49e-17	7.26e-15	1.21e-12	5.57e-09	3.07e-06	3.14e-04	5.73e-03	5.65e-02	2.02e-01	2.42e-01	1.81e-01	2.87e-01	2.35e-02	6.04e-04
 1.11140e+22	0.00e+00	1.14e-24	1.79e-20	1.86e-17	8.79e-15	1.42e-12	6.37e-09	3.46e-06	3.48e-04	6.22e-03	5.99e-02	2.10e-01	2.46e-01	1.79e-01	2.76e-01	2.19e-02	5.48e-04
 1.12741e+22	0.00e+00	1.52e-24	2.33e-20	2.35e-17	1.08e-14	1.69e-12	7.34e-09	3.94e-06	3.89e-04	6.78e-03	6.37e-02	2.19e-01	2.49e-01	1.76e-01	2.65e-01	2.04e-02	4.94e-04
 1.14821e+22	0.00e+00	2.22e-24	3.27e-20	3.18e-17	1.40e-14	2.11e-12	8.81e-09	4.65e-06	4.48e-04	7.56e-03	6.88e-02	2.29e-01	2.53e-01	1.73e-01	2.50e-01	1.85e-02	4.30e-04
 1.16921e+22	0.00e+00	3.21e-24	4.57e-20	4.29e-17	1.82e-14	2.63e-12	1.05e-08	5.46e-06	5.14e-04	8.41e-03	7.41e-02	2.40e-01	2.56e-01	1.69e-01	2.35e-01	1.67e-02	3.75e-04
 1.18594e+22	0.00e+00	4.29e-24	5.95e-20	5.43e-17	2.23e-14	3.12e-12	1.21e-08	6.20e-06	5.72e-04	9.13e-03	7.84e-02	2.48e-01	2.58e-01	1.65e-01	2.24e-01	1.55e-02	3.35e-04
 1.20317e+22	0.00e+00	5.69e-24	7.68e-20	6.82e-17	2.72e-14	3.69e-12	1.39e-08	7.01e-06	6.35e-04	9.88e-03	8.27e-02	2.56e-01	2.60e-01	1.62e-01	2.14e-01	1.43e-02	3.01e-04
 1.22556e+22	0.00e+00	8.18e-24	1.07e-19	9.15e-17	3.51e-14	4.58e-12	1.66e-08	8.20e-06	7.24e-04	1.09e-02	8.86e-02	2.67e-01	2.61e-01	1.58e-01	2.01e-01	1.29e-02	2.62e-04
 1.24906e+22	0.00e+00	1.19e-23	1.50e-19	1.24e-16	4.57e-14	5.73e-12	2.00e-08	9.63e-06	8.29e-04	1.21e-02	9.48e-02	2.77e-01	2.63e-01	1.53e-01	1.88e-01	1.16e-02	2.26e-04
 1.26907e+22	0.00e+00	1.62e-23	1.98e-19	1.59e-16	5.69e-14	6.89e-12	2.32e-08	1.10e-05	9.26e-04	1.31e-02	1.00e-01	2.86e-01	2.63e-01	1.49e-01	1.77e-01	1.06e-02	1.99e-04
 1.29013e+22	0.00e+00	2.22e-23	2.64e-19	2.06e-16	7.12e-14	8.33e-12	2.71e-08	1.26e-05	1.04e-03	1.43e-02	1.06e-01	2.94e-01	2.63e-01	1.44e-01	1.67e-01	9.64e-03	1.75e-04
 1.31751e+22	0.00e+00	3.31e-23	3.80e-19	2.84e-16	9.44e-14	1.06e-11	3.30e-08	1.49e-05	1.19e-03	1.59e-02	1.13e-01	3.05e-01	2.63e-01	1.39e-01	1.55e-01	8.54e-03	1.49e-04
 1.34410e+22	0.00e+00	4.85e-23	5.37e-19	3.88e-16	1.24e-13	1.33e-11	3.98e-08	1.76e-05	1.36e-03	1.75e-02	1.21e-01	3.15e-01	2.62e-01	1.33e-01	1.43e-01	7.58e-03	1.27e-04
 1.36377e+22	1.99e-29	6.29e-23	6.80e-19	4.79e-16	1.49e-13	1.56e-11	4.55e-08	1.96e-05	1.49e-03	1.87e-02	1.26e-01	3.21e-01	2.61e-01	1.29e-01	1.36e-01	7.01e-03	1.14e-04
 1.38344e+22	2.63e-29	8.11e-23	8.56e-19	5.89e-16	1.79e-13	1.83e-11	5.17e-08	2.19e-05	1.63e-03	1.99e-02	1.31e-01	3.27e-01	2.59e-01	1.26e-01	1.29e-01	6.49e-03	1.03e-04
 1.40901e+22	3.81e-29	1.14e-22	1.16e-18	7.75e-16	2.27e-13	2.24e-11	6.11e-08	2.53e-05	1.83e-03	2.17e-02	1.38e-01	3.35e-01	2.57e-01	1.21e-01	1.20e-01	5.82e-03	8.90e-05
 1.43692e+22	5.68e-29	1.63e-22	1.62e-18	1.04e-15	2.94e-13	2.79e-11	7.31e-08	2.94e-05	2.06e-03	2.37e-02	1.46e-01	3.43e-01	2.54e-01	1.15e-01	1.11e-01	5.16e-03	7.59e-05
 1.46222e+22	8.07e-29	2.25e-22	2.16e-18	1.35e-15	3.69e-13	3.38e-11	8.56e-08	3.36e-05	2.30e-03	2.56e-02	1.53e-01	3.50e-01	2.52e-01	1.10e-01	1.03e-01	4.64e-03	6.58e-05
 1.48945e+22	1.16e-28	3.14e-22	2.92e-18	1.77e-15	4.66e-13	4.13e-11	1.01e-07	3.86e-05	2.56e-03	2.77e-02	1.60e-01	3.56e-01	2.48e-01	1.06e-01	9.57e-02	4.15e-03	5.69e-05
 1.52486e+22	1.85e-28	4.80e-22	4.30e-18	2.50e-15	6.31e-13	5.34e-11	1.24e-07	4.60e-05	2.95e-03	3.06e-02	1.69e-01	3.64e-01	2.43e-01	9.95e-02	8.66e-02	3.58e-03	4.68e-05
 1.56086e+22	2.93e-28	7.32e-22	6.31e-18	3.52e-15	8.51e-13	6.89e-11	1.53e-07	5.47e-05	3.38e-03	3.37e-02	1.79e-01	3.71e-01	2.38e-01	9.34e-02	7.82e-02	3.09e-03	3.86e-05
 1.59023e+22	4.23e-28	1.02e-21	8.55e-18	4.62e-15	1.08e-12	8.44e-11	1.80e-07	6.28e-05	3.77e-03	3.63e-02	1.87e-01	3.76e-01	2.34e-01	8.88e-02	7.20e-02	2.74e-03	3.30e-05
 1.61641e+22	5.81e-28	1.37e-21	1.11e-17	5.84e-15	1.33e-12	1.01e-10	2.08e-07	7.07e-05	4.13e-03	3.87e-02	1.94e-01	3.80e-01	2.29e-01	8.48e-02	6.70e-02	2.47e-03	2.88e-05
 1.64586e+22	8.25e-28	1.88e-21	1.49e-17	7.58e-15	1.66e-12	1.22e-10	2.43e-07	8.05e-05	4.58e-03	4.15e-02	2.01e-01	3.83e-01	2.25e-01	8.05e-02	6.18e-02	2.20e-03	2.47e-05
 1.68414e+22	1.27e-27	2.80e-21	2.13e-17	1.05e-14	2.21e-12	1.55e-10	2.96e-07	9.46e-05	5.18e-03	4.52e-02	2.11e-01	3.87e-01	2.18e-01	7.53e-02	5.58e-02	1.90e-03	2.05e-05
 1.72401e+22	2.00e-27	4.24e-21	3.11e-17	1.47e-14	2.96e-12	1.99e-10	3.63e-07	1.12e-04	5.90e-03	4.93e-02	2.21e-01	3.91e-01	2.11e-01	7.00e-02	4.99e-02	1.62e-03	1.67e-05
 1.75589e+22	2.85e-27	5.85e-21	4.17e-17	1.91e-14	3.72e-12	2.42e-10	4.25e-07	1.27e-04	6.51e-03	5.27e-02	2.29e-01	3.93e-01	2.06e-01	6.61e-02	4.57e-02	1.43e-03	1.42e-05
 1.78727e+22	3.98e-27	7.94e-21	5.50e-17	2.44e-14	4.63e-12	2.91e-10	4.93e-07	1.44e-04	7.15e-03	5.61e-02	2.36e-01	3.95e-01	2.00e-01	6.25e-02	4.21e-02	1.27e-03	1.22e-05
 1.82806e+22	6.06e-27	1.17e-20	7.80e-17	3.34e-14	6.08e-12	3.68e-10	5.96e-07	1.68e-04	8.03e-03	6.06e-02	2.45e-01	3.96e-01	1.93e-01	5.81e-02	3.78e-02	1.10e-03	1.01e-05
 1.87028e+22	9.38e-27	1.74e-20	1.12e-16	4.63e-14	8.08e-12	4.68e-10	7.24e-07	1.96e-04	9.06e-03	6.56e-02	2.55e-01	3.96e-01	1.86e-01	5.37e-02	3.37e-02	9.34e-04	8.19e-06
 1.90484e+22	1.32e-26	2.39e-20	1.50e-16	5.99e-14	1.01e-11	5.67e-10	8.45e-07	2.23e-04	9.95e-03	6.97e-02	2.62e-01	3.96e-01	1.80e-01	5.04e-02	3.07e-02	8.22e-04	6.96e-06
 1.94028e+22	1.87e-26	3.28e-20	1.99e-16	7.73e-14	1.26e-11	6.85e-10	9.85e-07	2.52e-04	1.09e-02	7.40e-02	2.69e-01	3.96e-01	1.74e-01	4.73e-02	2.80e-02	7.22e-04	5.90e-06
 1.98635e+22	2.87e-26	4.86e-20	2.85e-16	1.06e-13	1.67e-11	8.69e-10	1.19e-06	2.94e-04	1.22e-02	7.97e-02	2.78e-01	3.94e-01	1.66e-01	4.36e-02	2.49e-02	6.14e-04	4.80e-06
 2.03423e+22	4.50e-26	7.34e-20	4.15e-16	1.49e-13	2.24e-11	1.12e-09	1.46e-06	3.45e-04	1.38e-02	8.59e-02	2.87e-01	3.92e-01	1.59e-01	3.99e-02	2.20e-02	5.16e-04	3.84e-06
 2.07372e+22	6.43e-26	1.02e-19	5.60e-16	1.95e-13	2.83e-11	1.36e-09	1.71e-06	3.92e-04	1.52e-02	9.11e-02	2.95e-01	3.89e-01	1.52e-01	3.71e-02	1.98e-02	4.48e-04	3.21e-06
 2.11429e+22	9.17e-26	1.42e-19	7.53e-16	2.54e-13	3.57e-11	1.66e-09	2.01e-06	4.45e-04	1.66e-02	9.65e-02	3.01e-01	3.86e-01	1.46e-01	3.44e-02	1.79e-02	3.89e-04	2.69e-06
 2.16702e+22	1.44e-25	2.14e-19	1.10e-15	3.56e-13	4.78e-11	2.13e-09	2.45e-06	5.22e-04	1.87e-02	1.04e-01	3.10e-01	3.82e-01	1.38e-01	3.13e-02	1.57e-02	3.25e-04	2.14e-06
 2.22187e+22	2.28e-25	3.27e-19	1.61e-15	5.03e-13	6.48e-11	2.75e-09	3.01e-06	6.15e-04	2.10e-02	1.11e-01	3.18e-01	3.77e-01	1.30e-01	2.83e-02	1.37e-02	2.69e-04	1.68e-06
 2.26414e+22	3.22e-25	4.51e-19	2.16e-15	6.54e-13	8.14e-11	3.34e-09	3.52e-06	6.95e-04	2.29e-02	1.17e-01	3.24e-01	3.72e-01	1.24e-01	2.62e-02	1.23e-02	2.33e-04	1.40e-06
 2.29756e+22	4.19e-25	5.75e-19	2.70e-15	7.98e-13	9.68e-11	3.87e-09	3.96e-06	7.63e-04	2.45e-02	1.22e-01	3.28e-01	3.68e-01	1.20e-01	2.47e-02	1.13e-02	2.09e-04	1.22e-06
 2.33483e+22	5.63e-25	7.55e-19	3.46e-15	9.97e-13	1.18e-10	4.57e-09	4.51e-06	8.46e-04	2.64e-02	1.27e-01	3.33e-01	3.64e-01	1.15e-01	2.31e-02	1.03e-02	1.84e-04	1.04e-06
 2.38327e+22	8.11e-25	1.06e-18	4.70e-15	1.31e-12	1.49e-10	5.60e-09	5.31e-06	9.61e-04	2.89e-02	1.34e-01	3.38e-01	3.58e-01	1.09e-01	2.12e-02	9.20e-03	1.58e-04	8.56e-07
 2.43588e+22	1.21e-24	1.53e-18	6.58e-15	1.78e-12	1.95e-10	7.02e-09	6.36e-06	1.11e-03	3.19e-02	1.42e-01	3.44e-01	3.51e-01	1.03e-01	1.93e-02	8.08e-03	1.32e-04	6.87e-07
 2.48225e+22	1.70e-24	2.10e-18	8.80e-15	2.31e-12	2.45e-10	8.52e-09	7.42e-06	1.25e-03	3.47e-02	1.49e-01	3.48e-01	3.45e-01	9.76e-02	1.77e-02	7.23e-03	1.14e-04	5.68e-07
 2.53089e+22	2.39e-24	2.88e-18	1.17e-14	2.99e-12	3.06e-10	1.03e-08	8.64e-06	1.41e-03	3.77e-02	1.56e-01	3.52e-01	3.38e-01	9.25e-02	1.63e-02	6.46e-03	9.77e-05	4.70e-07
 2.59412e+22	3.70e-24	4.33e-18	1.70e-14	4.19e-12	4.11e-10	1.33e-08	1.05e-05	1.64e-03	4.19e-02	1.65e-01	3.56e-01	3.29e-01	8.60e-02	1.45e-02	5.56e-03	7.99e-05	3.65e-07
 2.65766e+22	5.71e-24	6.49e-18	2.47e-14	5.85e-12	5.51e-10	1.71e-08	1.29e-05	1.91e-03	4.65e-02	1.75e-01	3.60e-01	3.19e-01	7.98e-02	1.30e-02	4.78e-03	6.53e-05	2.83e-07
 2.70762e+22	7.94e-24	8.84e-18	3.28e-14	7.56e-12	6.90e-10	2.07e-08	1.50e-05	2.15e-03	5.03e-02	1.82e-01	3.62e-01	3.12e-01	7.53e-02	1.19e-02	4.25e-03	5.58e-05	2.33e-07
 2.75861e+22	1.10e-23	1.20e-17	4.34e-14	9.75e-12	8.63e-10	2.50e-08	1.74e-05	2.41e-03	5.44e-02	1.89e-01	3.64e-01	3.04e-01	7.09e-02	1.09e-02	3.78e-03	4.77e-05	1.91e-07
 2.82488e+22	1.66e-23	1.75e-17	6.16e-14	1.34e-11	1.14e-09	3.17e-08	2.10e-05	2.79e-03	5.98e-02	1.99e-01	3.66e-01	2.94e-01	6.57e-02	9.69e-03	3.26e-03	3.91e-05	1.50e-07
 2.89551e+22	2.54e-23	2.63e-17	8.94e-14	1.88e-11	1.53e-09	4.09e-08	2.57e-05	3.25e-03	6.62e-02	2.09e-01	3.67e-01	2.83e-01	6.03e-02	8.55e-03	2.77e-03	3.15e-05	0.00e+00
 2.95615e+22	3.64e-23	3.69e-17	1.22e-13	2.49e-11	1.97e-09	5.07e-08	3.04e-05	3.70e-03	7.19e-02	2.18e-01	3.67e-01	2.74e-01	5.61e-02	7.69e-03	2.41e-03	2.63e-05	0.00e+00
 3.01934e+22	5.20e-23	5.17e-17	1.67e-13	3.31e-11	2.52e-09	6.29e-08	3.60e-05	4.20e-03	7.81e-02	2.26e-01	3.66e-01	2.64e-01	5.20e-02	6.90e-03	2.10e-03	2.18e-05	0.00e+00
 3.10148e+22	8.13e-23	7.88e-17	2.47e-13	4.73e-11	3.46e-09	8.25e-08	4.45e-05	4.94e-03	8.66e-02	2.37e-01	3.65e-01	2.52e-01	4.71e-02	6.00e-03	1.75e-03	1.72e-05	0.00e+00
 3.18507e+22	1.27e-22	1.21e-16	3.68e-13	6.81e-11	4.77e-09	1.09e-07	5.54e-05	5.83e-03	9.60e-02	2.48e-01	3.62e-01	2.39e-01	4.25e-02	5.18e-03	1.45e-03	1.35e-05	0.00e+00
 3.24776e+22	1.77e-22	1.66e-16	4.94e-13	8.93e-11	6.07e-09	1.34e-07	6.52e-05	6.59e-03	1.04e-01	2.56e-01	3.59e-01	2.29e-01	3.92e-02	4.64e-03	1.26e-03	1.12e-05	0.00e+00
 3.29817e+22	2.26e-22	2.10e-16	6.15e-13	1.09e-10	7.25e-09	1.57e-07	7.36e-05	7.21e-03	1.09e-01	2.62e-01	3.57e-01	2.22e-01	3.69e-02	4.26e-03	1.13e-03	9.71e-06	0.00e+00
 3.35537e+22	2.98e-22	2.74e-16	7.88e-13	1.37e-10	8.87e-09	1.87e-07	8.45e-05	7.99e-03	1.17e-01	2.69e-01	3.54e-01	2.14e-01	3.44e-02	3.87e-03	1.00e-03	8.27e-06	0.00e+00
 3.42974e+22	4.21e-22	3.81e-16	1.07e-12	1.83e-10	1.14e-08	2.33e-07	1.00e-04	9.09e-03	1.26e-01	2.77e-01	3.49e-01	2.03e-01	3.14e-02	3.41e-03	8.55e-04	6.74e-06	0.00e+00
 3.51122e+22	6.09e-22	5.45e-16	1.50e-12	2.49e-10	1.51e-08	2.97e-07	1.21e-04	1.05e-02	1.37e-01	2.86e-01	3.43e-01	1.92e-01	2.83e-02	2.97e-03	7.18e-04	5.37e-06	0.00e+00
 3.58335e+22	8.35e-22	7.42e-16	2.01e-12	3.27e-10	1.92e-08	3.67e-07	1.43e-04	1.18e-02	1.47e-01	2.93e-01	3.37e-01	1.82e-01	2.58e-02	2.63e-03	6.15e-04	4.39e-06	0.00e+00
 3.64787e+22	1.10e-21	9.68e-16	2.59e-12	4.14e-10	2.37e-08	4.42e-07	1.65e-04	1.31e-02	1.56e-01	2.99e-01	3.32e-01	1.74e-01	2.38e-02	2.35e-03	5.36e-04	3.67e-06	0.00e+00
 3.72108e+22	1.47e-21	1.29e-15	3.39e-12	5.31e-10	2.96e-08	5.37e-07	1.92e-04	1.47e-02	1.66e-01	3.05e-01	3.25e-01	1.65e-01	2.17e-02	2.09e-03	4.62e-04	3.04e-06	0.00e+00
 3.81624e+22	2.11e-21	1.84e-15	4.75e-12	7.28e-10	3.92e-08	6.89e-07	2.33e-04	1.69e-02	1.80e-01	3.12e-01	3.16e-01	1.54e-01	1.93e-02	1.79e-03	3.81e-04	2.37e-06	0.00e+00
 3.91421e+22	3.05e-21	2.64e-15	6.72e-12	1.01e-09	5.25e-08	8.92e-07	2.84e-04	1.95e-02	1.95e-01	3.18e-01	3.06e-01	1.42e-01	1.70e-02	1.51e-03	3.11e-04	1.83e-06	0.00e+00
 3.99349e+22	4.04e-21	3.50e-15	8.81e-12	1.30e-09	6.60e-08	1.09e-06	3.32e-04	2.19e-02	2.07e-01	3.23e-01	2.98e-01	1.34e-01	1.53e-02	1.32e-03	2.64e-04	1.48e-06	0.00e+00
 4.07425e+22	5.29e-21	4.57e-15	1.14e-11	1.65e-09	8.20e-08	1.32e-06	3.85e-04	2.43e-02	2.19e-01	3.27e-01	2.89e-01	1.25e-01	1.39e-02	1.16e-03	2.26e-04	1.21e-06	0.00e+00
 4.17923e+22	7.39e-21	6.37e-15	1.57e-11	2.24e-09	1.07e-07	1.68e-06	4.63e-04	2.78e-02	2.35e-01	3.31e-01	2.78e-01	1.15e-01	1.22e-02	9.85e-04	1.84e-04	9.36e-07	0.00e+00
 4.28986e+22	1.04e-20	9.00e-15	2.19e-11	3.07e-09	1.43e-07	2.17e-06	5.62e-04	3.18e-02	2.51e-01	3.34e-01	2.66e-01	1.05e-01	1.06e-02	8.22e-04	1.48e-04	7.10e-07	0.00e+00
 4.38324e+22	1.37e-20	1.19e-14	2.86e-11	3.96e-09	1.80e-07	2.67e-06	6.57e-04	3.56e-02	2.66e-01	3.36e-01	2.55e-01	9.73e-02	9.38e-03	7.06e-04	1.23e-04	5.64e-07	0.00e+00
 4.48006e+22	1.78e-20	1.55e-14	3.71e-11	5.06e-09	2.24e-07	3.25e-06	7.64e-04	3.95e-02	2.80e-01	3.37e-01	2.45e-01	8.99e-02	8.33e-03	6.08e-04	1.03e-04	4.50e-07	0.00e+00
 4.60593e+22	2.47e-20	2.16e-14	5.11e-11	6.86e-09	2.95e-07	4.16e-06	9.20e-04	4.50e-02	2.97e-01	3.37e-01	2.31e-01	8.11e-02	7.15e-03	5.02e-04	8.21e-05	3.37e-07	0.00e+00
 4.73798e+22	3.42e-20	3.03e-14	7.12e-11	9.42e-09	3.93e-07	5.37e-06	1.12e-03	5.14e-02	3.16e-01	3.36e-01	2.17e-01	7.25e-02	6.06e-03	4.09e-04	6.43e-05	2.48e-07	0.00e+00
 4.84555e+22	4.41e-20	3.95e-14	9.24e-11	1.21e-08	4.92e-07	6.58e-06	1.30e-03	5.69e-02	3.30e-01	3.34e-01	2.06e-01	6.60e-02	5.30e-03	3.46e-04	5.27e-05	1.94e-07	0.00e+00
 4.93142e+22	5.34e-20	4.83e-14	1.13e-10	1.46e-08	5.84e-07	7.69e-06	1.46e-03	6.16e-02	3.41e-01	3.32e-01	1.97e-01	6.13e-02	4.76e-03	3.03e-04	4.51e-05	1.60e-07	0.00e+00
 5.02156e+22	6.48e-20	5.88e-14	1.37e-10	1.76e-08	6.89e-07	8.91e-06	1.63e-03	6.63e-02	3.52e-01	3.29e-01	1.89e-01	5.69e-02	4.29e-03	2.66e-04	3.88e-05	1.32e-07	0.00e+00
 5.13875e+22	8.20e-20	7.50e-14	1.74e-10	2.21e-08	8.48e-07	1.07e-05	1.87e-03	7.27e-02	3.65e-01	3.26e-01	1.79e-01	5.17e-02	3.75e-03	2.26e-04	3.19e-05	0.00e+00	0.00e+00
 5.26573e+22	1.05e-19	9.76e-14	2.25e-10	2.83e-08	1.06e-06	1.31e-05	2.17e-03	8.02e-02	3.80e-01	3.21e-01	1.67e-01	4.65e-02	3.22e-03	1.88e-04	2.57e-05	0.00e+00	0.00e+00
 5.37770e+22	1.29e-19	1.22e-13	2.80e-10	3.50e-08	1.29e-06	1.57e-05	2.47e-03	8.73e-02	3.91e-01	3.16e-01	1.58e-01	4.22e-02	2.82e-03	1.60e-04	2.13e-05	0.00e+00	0.00e+00
 5.47928e+22	1.55e-19	1.47e-13	3.39e-10	4.18e-08	1.51e-06	1.81e-05	2.74e-03	9.33e-02	4.01e-01	3.11e-01	1.50e-01	3.89e-02	2.52e-03	1.39e-04	1.81e-05	0.00e+00	0.00e+00
 5.59507e+22	1.89e-19	1.81e-13	4.15e-10	5.08e-08	1.80e-06	2.12e-05	3.08e-03	1.00e-01	4.11e-01	3.06e-01	1.41e-01	3.54e-02	2.22e-03	1.19e-04	1.52e-05	0.00e+00	0.00e+00
 5.74560e+22	2.41e-19	2.32e-13	5.33e-10	6.45e-08	2.23e-06	2.57e-05	3.55e-03	1.10e-01	4.23e-01	2.99e-01	1.31e-01	3.15e-02	1.89e-03	9.81e-05	1.21e-05	0.00e+00	0.00e+00
 5.90222e+22	3.07e-19	3.02e-13	6.91e-10	8.28e-08	2.79e-06	3.15e-05	4.11e-03	1.20e-01	4.35e-01	2.90e-01	1.21e-01	2.77e-02	1.59e-03	7.96e-05	9.50e-06	0.00e+00	0.00e+00
 6.03088e+22	3.70e-19	3.71e-13	8.49e-10	1.01e-07	3.33e-06	3.71e-05	4.62e-03	1.29e-01	4.44e-01	2.83e-01	1.13e-01	2.49e-02	1.37e-03	6.71e-05	7.80e-06	0.00e+00	0.00e+00
 6.16224e+22	4.46e-19	4.50e-13	1.03e-09	1.21e-07	3.92e-06	4.29e-05	5.13e-03	1.38e-01	4.51e-01	2.76e-01	1.06e-01	2.26e-02	1.21e-03	5.74e-05	6.51e-06	0.00e+00	0.00e+00
 6.33301e+22	5.59e-19	5.70e-13	1.30e-09	1.52e-07	4.80e-06	5.15e-05	5.84e-03	1.49e-01	4.60e-01	2.67e-01	9.72e-02	1.99e-02	1.02e-03	4.69e-05	5.16e-06	0.00e+00	0.00e+00
 6.51441e+22	7.05e-19	7.33e-13	1.67e-09	1.93e-07	5.95e-06	6.26e-05	6.70e-03	1.62e-01	4.68e-01	2.57e-01	8.85e-02	1.73e-02	8.46e-04	3.76e-05	4.01e-06	0.00e+00	0.00e+00
 6.66895e+22	8.49e-19	8.99e-13	2.06e-09	2.36e-07	7.11e-06	7.36e-05	7.52e-03	1.73e-01	4.74e-01	2.48e-01	8.17e-02	1.54e-02	7.23e-04	3.12e-05	3.24e-06	0.00e+00	0.00e+00
 6.82918e+22	1.02e-18	1.09e-12	2.50e-09	2.83e-07	8.35e-06	8.51e-05	8.32e-03	1.83e-01	4.78e-01	2.40e-01	7.57e-02	1.37e-02	6.25e-04	2.63e-05	2.66e-06	0.00e+00	0.00e+00
 7.03748e+22	1.28e-18	1.39e-12	3.17e-09	3.55e-07	1.02e-05	1.02e-04	9.45e-03	1.97e-01	4.83e-01	2.30e-01	6.87e-02	1.19e-02	5.19e-04	2.11e-05	2.07e-06	0.00e+00	0.00e+00
 7.25856e+22	1.62e-18	1.79e-12	4.08e-09	4.52e-07	1.27e-05	1.24e-04	1.08e-02	2.12e-01	4.86e-01	2.18e-01	6.16e-02	1.02e-02	4.23e-04	1.66e-05	1.57e-06	0.00e+00	0.00e+00
 7.44646e+22	1.95e-18	2.19e-12	5.02e-09	5.51e-07	1.51e-05	1.46e-04	1.21e-02	2.26e-01	4.88e-01	2.09e-01	5.61e-02	8.90e-03	3.56e-04	1.36e-05	1.25e-06	0.00e+00	0.00e+00
 7.64092e+22	2.35e-18	2.66e-12	6.09e-09	6.61e-07	1.77e-05	1.68e-04	1.33e-02	2.38e-01	4.89e-01	2.00e-01	5.15e-02	7.87e-03	3.04e-04	1.13e-05	1.01e-06	0.00e+00	0.00e+00
 7.89372e+22	2.95e-18	3.37e-12	7.71e-09	8.25e-07	2.16e-05	2.00e-04	1.50e-02	2.53e-01	4.89e-01	1.89e-01	4.62e-02	6.74e-03	2.49e-04	8.93e-06	7.76e-07	0.00e+00	0.00e+00
 8.16887e+22	3.72e-18	4.35e-12	9.96e-09	1.05e-06	2.67e-05	2.44e-04	1.71e-02	2.71e-01	4.88e-01	1.77e-01	4.07e-02	5.65e-03	1.99e-04	6.87e-06	5.76e-07	0.00e+00	0.00e+00
 8.38655e+22	4.47e-18	5.33e-12	1.22e-08	1.27e-06	3.16e-05	2.83e-04	1.90e-02	2.85e-01	4.85e-01	1.68e-01	3.69e-02	4.91e-03	1.66e-04	5.58e-06	4.55e-07	0.00e+00	0.00e+00
 8.54574e+22	5.05e-18	6.10e-12	1.40e-08	1.45e-06	3.55e-05	3.15e-04	2.04e-02	2.95e-01	4.83e-01	1.62e-01	3.43e-02	4.44e-03	1.46e-04	4.81e-06	3.85e-07	0.00e+00	0.00e+00
 8.71539e+22	5.76e-18	6.98e-12	1.60e-08	1.64e-06	3.94e-05	3.47e-04	2.17e-02	3.05e-01	4.81e-01	1.56e-01	3.21e-02	4.05e-03	1.30e-04	4.20e-06	3.30e-07	0.00e+00	0.00e+00
 8.93594e+22	6.76e-18	8.25e-12	1.89e-08	1.92e-06	4.51e-05	3.92e-04	2.35e-02	3.17e-01	4.77e-01	1.49e-01	2.94e-02	3.59e-03	1.12e-04	3.53e-06	2.70e-07	0.00e+00	0.00e+00
 9.22265e+22	8.18e-18	1.01e-11	2.31e-08	2.32e-06	5.32e-05	4.55e-04	2.60e-02	3.32e-01	4.72e-01	1.40e-01	2.64e-02	3.09e-03	9.22e-05	2.83e-06	2.11e-07	0.00e+00	0.00e+00
 9.52466e+22	1.00e-17	1.25e-11	2.87e-08	2.85e-06	6.36e-05	5.35e-04	2.88e-02	3.48e-01	4.65e-01	1.31e-01	2.33e-02	2.61e-03	7.49e-05	2.23e-06	1.61e-07	0.00e+00	0.00e+00
 9.77551e+22	1.18e-17	1.50e-11	3.43e-08	3.36e-06	7.33e-05	6.07e-04	3.13e-02	3.61e-01	4.59e-01	1.24e-01	2.11e-02	2.28e-03	6.32e-05	1.84e-06	1.29e-07	0.00e+00	0.00e+00
 1.00306e+23	1.37e-17	1.75e-11	4.00e-08	3.88e-06	8.30e-05	6.80e-04	3.37e-02	3.73e-01	4.54e-01	1.18e-01	1.93e-02	2.02e-03	5.43e-05	1.54e-06	0.00e+00	0.00e+00	0.00e+00
 1.03622e+23	1.65e-17	2.12e-11	4.84e-08	4.63e-06	9.65e-05	7.80e-04	3.68e-02	3.87e-01	4.46e-01	1.10e-01	1.73e-02	1.74e-03	4.50e-05	1.24e-06	0.00e+00	0.00e+00	0.00e+00
 1.07264e+23	2.02e-17	2.63e-11	5.99e-08	5.65e-06	1.14e-04	9.09e-04	4.05e-02	4.03e-01	4.36e-01	1.02e-01	1.52e-02	1.46e-03	3.63e-05	9.74e-07	0.00e+00	0.00e+00	0.00e+00
 1.10501e+23	2.40e-17	3.16e-11	7.20e-08	6.69e-06	1.32e-04	1.03e-03	4.40e-02	4.17e-01	4.27e-01	9.59e-02	1.36e-02	1.26e-03	3.02e-05	7.89e-07	0.00e+00	0.00e+00	0.00e+00
 1.13438e+23	2.78e-17	3.69e-11	8.39e-08	7.70e-06	1.49e-04	1.15e-03	4.71e-02	4.28e-01	4.20e-01	9.07e-02	1.24e-02	1.11e-03	2.58e-05	6.61e-07	0.00e+00	0.00e+00	0.00e+00
 1.16813e+23	3.28e-17	4.35e-11	9.83e-08	8.89e-06	1.68e-04	1.28e-03	5.03e-02	4.39e-01	4.12e-01	8.56e-02	1.13e-02	9.77e-04	2.20e-05	5.52e-07	0.00e+00	0.00e+00	0.00e+00
 1.21157e+23	3.91e-17	5.24e-11	1.18e-07	1.05e-05	1.94e-04	1.46e-03	5.46e-02	4.52e-01	4.01e-01	7.95e-02	9.98e-03	8.33e-04	1.81e-05	4.41e-07	0.00e+00	0.00e+00	0.00e+00
 1.26015e+23	4.83e-17	6.51e-11	1.46e-07	1.28e-05	2.28e-04	1.69e-03	5.97e-02	4.67e-01	3.89e-01	7.31e-02	8.70e-03	6.94e-04	1.45e-05	3.43e-07	0.00e+00	0.00e+00	0.00e+00
 1.30583e+23	5.84e-17	7.96e-11	1.77e-07	1.53e-05	2.64e-04	1.93e-03	6.47e-02	4.79e-01	3.78e-01	6.76e-02	7.67e-03	5.87e-04	1.18e-05	2.72e-07	0.00e+00	0.00e+00	0.00e+00
 1.35446e+23	6.97e-17	9.51e-11	2.11e-07	1.78e-05	3.00e-04	2.16e-03	6.93e-02	4.90e-01	3.67e-01	6.30e-02	6.85e-03	5.06e-04	9.81e-06	2.21e-07	0.00e+00	0.00e+00	0.00e+00
 1.40987e+23	8.46e-17	1.16e-10	2.56e-07	2.12e-05	3.46e-04	2.46e-03	7.49e-02	5.02e-01	3.55e-01	5.81e-02	6.01e-03	4.26e-04	7.96e-06	1.75e-07	0.00e+00	0.00e+00	0.00e+00
 1.46750e+23	1.03e-16	1.42e-10	3.09e-07	2.51e-05	3.97e-04	2.78e-03	8.05e-02	5.13e-01	3.44e-01	5.37e-02	5.30e-03	3.62e-04	6.52e-06	1.40e-07	0.00e+00	0.00e+00	0.00e+00
 1.52744e+23	1.23e-16	1.70e-10	3.68e-07	2.94e-05	4.52e-04	3.13e-03	8.63e-02	5.23e-01	3.33e-01	4.96e-02	4.68e-03	3.08e-04	5.35e-06	0.00e+00	0.00e+00	0.00e+00	0.00e+00
 1.58977e+23	1.47e-16	2.04e-10	4.37e-07	3.42e-05	5.11e-04	3.49e-03	9.20e-02	5.32e-01	3.22e-01	4.60e-02	4.16e-03	2.64e-04	4.43e-06	0.00e+00	0.00e+00	0.00e+00	0.00e+00
 1.65459e+23	1.74e-16	2.43e-10	5.15e-07	3.95e-05	5.75e-04	3.87e-03	9.77e-02	5.40e-01	3.11e-01	4.27e-02	3.71e-03	2.27e-04	3.70e-06	0.00e+00	0.00e+00	0.00e+00	0.00e+00
 1.72201e+23	2.05e-16	2.87e-10	6.01e-07	4.53e-05	6.42e-04	4.27e-03	1.03e-01	5.47e-01	3.01e-01	3.98e-02	3.32e-03	1.97e-04	3.12e-06	0.00e+00	0.00e+00	0.00e+00	0.00e+00
 1.79212e+23	2.38e-16	3.35e-10	6.96e-07	5.16e-05	7.12e-04	4.67e-03	1.09e-01	5.54e-01	2.92e-01	3.71e-02	2.99e-03	1.72e-04	2.65e-06	0.00e+00	0.00e+00	0.00e+00	0.00e+00
 1.86504e+23	2.76e-16	3.90e-10	7.99e-07	5.82e-05	7.83e-04	5.08e-03	1.14e-01	5.59e-01	2.83e-01	3.48e-02	2.71e-03	1.52e-04	2.27e-06	0.00e+00	0.00e+00	0.00e+00	0.00e+00
 1.94088e+23	3.15e-16	4.48e-10	9.09e-07	6.51e-05	8.56e-04	5.49e-03	1.19e-01	5.64e-01	2.75e-01	3.28e-02	2.47e-03	1.35e-04	1.97e-06	0.00e+00	0.00e+00	0.00e+00	0.00e+00
 2.01975e+23	3.58e-16	5.11e-10	1.03e-06	7.23e-05	9.30e-04	5.91e-03	1.24e-01	5.68e-01	2.68e-01	3.09e-02	2.26e-03	1.20e-04	1.72e-06	0.00e+00	0.00e+00	0.00e+00	0.00e+00
 2.10177e+23	4.04e-16	5.78e-10	1.15e-06	7.98e-05	1.00e-03	6.32e-03	1.29e-01	5.72e-01	2.61e-01	2.93e-02	2.08e-03	1.08e-04	1.51e-06	0.00e+00	0.00e+00	0.00e+00	0.00e+00
 2.18708e+23	4.51e-16	6.48e-10	1.27e-06	8.73e-05	1.08e-03	6.72e-03	1.33e-01	5.75e-01	2.54e-01	2.79e-02	1.93e-03	9.83e-05	1.35e-06	0.00e+00	0.00e+00	0.00e+00	0.00e+00
