#depth	Ne	Ne+	Ne+2	Ne+3	Ne+4	Ne+5	Ne+6	Ne+7	Ne+8	Ne+9	Ne+10
 6.17135e+19	0.00e+00	0.00e+00	0.00e+00	4.26e-25	4.31e-20	8.61e-16	5.74e-12	1.79e-08	1.38e-04	2.47e-02	9.75e-01
 1.87609e+20	0.00e+00	0.00e+00	0.00e+00	9.99e-25	8.87e-20	1.56e-15	9.07e-12	2.49e-08	1.72e-04	2.76e-02	9.72e-01
 2.90012e+20	0.00e+00	0.00e+00	0.00e+00	1.94e-24	1.56e-19	2.48e-15	1.30e-11	3.22e-08	2.05e-04	3.00e-02	9.70e-01
 3.58256e+20	0.00e+00	0.00e+00	6.27e-30	2.98e-24	2.24e-19	3.34e-15	1.64e-11	3.81e-08	2.29e-04	3.17e-02	9.68e-01
 4.06368e+20	0.00e+00	0.00e+00	8.93e-30	4.05e-24	2.91e-19	4.14e-15	1.93e-11	4.30e-08	2.48e-04	3.30e-02	9.67e-01
 4.40227e+20	0.00e+00	0.00e+00	1.12e-29	4.92e-24	3.44e-19	4.75e-15	2.15e-11	4.64e-08	2.61e-04	3.39e-02	9.66e-01
 4.76499e+20	0.00e+00	0.00e+00	1.44e-29	6.12e-24	4.13e-19	5.54e-15	2.42e-11	5.06e-08	2.77e-04	3.48e-02	9.65e-01
 5.23653e+20	0.00e+00	0.00e+00	1.99e-29	8.09e-24	5.24e-19	6.73e-15	2.82e-11	5.65e-08	2.98e-04	3.61e-02	9.64e-01
 5.75611e+20	0.00e+00	0.00e+00	2.81e-29	1.09e-23	6.77e-19	8.32e-15	3.33e-11	6.36e-08	3.22e-04	3.75e-02	9.62e-01
 6.23207e+20	0.00e+00	0.00e+00	3.85e-29	1.43e-23	8.53e-19	1.01e-14	3.86e-11	7.08e-08	3.46e-04	3.88e-02	9.61e-01
 6.74474e+20	0.00e+00	0.00e+00	5.35e-29	1.91e-23	1.09e-18	1.23e-14	4.52e-11	7.94e-08	3.73e-04	4.03e-02	9.59e-01
 7.31257e+20	0.00e+00	0.00e+00	7.67e-29	2.61e-23	1.42e-18	1.53e-14	5.36e-11	8.98e-08	4.05e-04	4.19e-02	9.58e-01
 7.83790e+20	0.00e+00	0.00e+00	1.06e-28	3.46e-23	1.80e-18	1.87e-14	6.26e-11	1.01e-07	4.36e-04	4.35e-02	9.56e-01
 8.40666e+20	0.00e+00	0.00e+00	1.50e-28	4.66e-23	2.33e-18	2.31e-14	7.37e-11	1.13e-07	4.71e-04	4.52e-02	9.54e-01
 9.00356e+20	0.00e+00	0.00e+00	2.13e-28	6.34e-23	3.02e-18	2.87e-14	8.74e-11	1.28e-07	5.11e-04	4.70e-02	9.52e-01
 9.51028e+20	0.00e+00	0.00e+00	2.87e-28	8.18e-23	3.76e-18	3.43e-14	1.01e-10	1.42e-07	5.47e-04	4.86e-02	9.51e-01
 1.00422e+21	0.00e+00	0.00e+00	3.88e-28	1.06e-22	4.71e-18	4.14e-14	1.16e-10	1.58e-07	5.86e-04	5.02e-02	9.49e-01
 1.07338e+21	0.00e+00	0.00e+00	5.71e-28	1.49e-22	6.26e-18	5.24e-14	1.40e-10	1.80e-07	6.40e-04	5.24e-02	9.47e-01
 1.14356e+21	0.00e+00	0.00e+00	8.37e-28	2.07e-22	8.31e-18	6.63e-14	1.68e-10	2.06e-07	6.99e-04	5.47e-02	9.45e-01
 1.20003e+21	0.00e+00	0.00e+00	1.13e-27	2.69e-22	1.04e-17	7.97e-14	1.94e-10	2.29e-07	7.49e-04	5.65e-02	9.43e-01
 1.25838e+21	0.00e+00	0.00e+00	1.53e-27	3.51e-22	1.30e-17	9.62e-14	2.25e-10	2.55e-07	8.03e-04	5.85e-02	9.41e-01
 1.33424e+21	0.00e+00	0.00e+00	2.26e-27	4.91e-22	1.74e-17	1.22e-13	2.71e-10	2.92e-07	8.78e-04	6.10e-02	9.38e-01
 1.40869e+21	0.00e+00	0.00e+00	3.31e-27	6.84e-22	2.30e-17	1.54e-13	3.26e-10	3.34e-07	9.58e-04	6.37e-02	9.35e-01
 1.46438e+21	0.00e+00	0.00e+00	4.31e-27	8.60e-22	2.80e-17	1.82e-13	3.70e-10	3.67e-07	1.02e-03	6.55e-02	9.33e-01
 1.51985e+21	0.00e+00	0.00e+00	5.63e-27	1.09e-21	3.42e-17	2.14e-13	4.22e-10	4.03e-07	1.08e-03	6.75e-02	9.31e-01
 1.59197e+21	0.00e+00	0.00e+00	7.90e-27	1.46e-21	4.39e-17	2.64e-13	4.97e-10	4.55e-07	1.17e-03	7.01e-02	9.29e-01
 1.66943e+21	0.00e+00	0.00e+00	1.13e-26	1.99e-21	5.73e-17	3.29e-13	5.91e-10	5.16e-07	1.27e-03	7.29e-02	9.26e-01
 1.73774e+21	0.00e+00	0.00e+00	1.54e-26	2.60e-21	7.22e-17	3.99e-13	6.86e-10	5.76e-07	1.37e-03	7.54e-02	9.23e-01
 1.81043e+21	0.00e+00	0.00e+00	2.13e-26	3.45e-21	9.18e-17	4.86e-13	8.03e-10	6.45e-07	1.47e-03	7.82e-02	9.20e-01
 1.89143e+21	0.00e+00	0.00e+00	3.03e-26	4.69e-21	1.19e-16	6.05e-13	9.52e-10	7.31e-07	1.60e-03	8.12e-02	9.17e-01
 1.96719e+21	0.00e+00	0.00e+00	4.19e-26	6.21e-21	1.52e-16	7.39e-13	1.11e-09	8.20e-07	1.72e-03	8.42e-02	9.14e-01
 2.04966e+21	0.00e+00	0.00e+00	5.92e-26	8.39e-21	1.96e-16	9.15e-13	1.32e-09	9.26e-07	1.86e-03	8.74e-02	9.11e-01
 2.13599e+21	0.00e+00	0.00e+00	8.45e-26	1.14e-20	2.56e-16	1.14e-12	1.57e-09	1.05e-06	2.02e-03	9.08e-02	9.07e-01
 2.20893e+21	0.00e+00	0.00e+00	1.13e-25	1.48e-20	3.18e-16	1.37e-12	1.81e-09	1.17e-06	2.16e-03	9.38e-02	9.04e-01
 2.28536e+21	0.00e+00	0.00e+00	1.54e-25	1.92e-20	3.99e-16	1.65e-12	2.09e-09	1.30e-06	2.32e-03	9.69e-02	9.01e-01
 2.38473e+21	0.00e+00	0.00e+00	2.26e-25	2.69e-20	5.32e-16	2.10e-12	2.53e-09	1.49e-06	2.53e-03	1.01e-01	8.96e-01
 2.48571e+21	0.00e+00	0.00e+00	3.33e-25	3.77e-20	7.09e-16	2.66e-12	3.05e-09	1.71e-06	2.77e-03	1.05e-01	8.92e-01
 2.56601e+21	0.00e+00	0.00e+00	4.50e-25	4.90e-20	8.88e-16	3.21e-12	3.53e-09	1.90e-06	2.97e-03	1.09e-01	8.88e-01
 2.64762e+21	0.00e+00	0.00e+00	6.08e-25	6.36e-20	1.11e-15	3.87e-12	4.09e-09	2.11e-06	3.18e-03	1.12e-01	8.84e-01
 2.75372e+21	0.00e+00	0.00e+00	8.94e-25	8.89e-20	1.48e-15	4.90e-12	4.92e-09	2.42e-06	3.47e-03	1.17e-01	8.79e-01
 2.86345e+21	0.00e+00	0.00e+00	1.32e-24	1.25e-19	1.98e-15	6.25e-12	5.96e-09	2.78e-06	3.79e-03	1.22e-01	8.74e-01
 2.95412e+21	0.00e+00	0.00e+00	1.82e-24	1.65e-19	2.51e-15	7.61e-12	6.95e-09	3.11e-06	4.08e-03	1.26e-01	8.70e-01
 3.03055e+21	0.00e+00	0.00e+00	2.37e-24	2.08e-19	3.06e-15	8.97e-12	7.91e-09	3.42e-06	4.33e-03	1.30e-01	8.66e-01
 3.11224e+21	0.00e+00	4.06e-30	3.14e-24	2.65e-19	3.77e-15	1.07e-11	9.07e-09	3.78e-06	4.62e-03	1.34e-01	8.62e-01
 3.21844e+21	0.00e+00	6.07e-30	4.47e-24	3.60e-19	4.90e-15	1.33e-11	1.08e-08	4.28e-06	5.01e-03	1.39e-01	8.56e-01
 3.32631e+21	0.00e+00	9.11e-30	6.40e-24	4.92e-19	6.40e-15	1.66e-11	1.28e-08	4.86e-06	5.43e-03	1.44e-01	8.51e-01
 3.41235e+21	0.00e+00	1.25e-29	8.48e-24	6.29e-19	7.89e-15	1.98e-11	1.47e-08	5.36e-06	5.79e-03	1.48e-01	8.46e-01
 3.50017e+21	0.00e+00	1.73e-29	1.12e-23	8.04e-19	9.75e-15	2.35e-11	1.69e-08	5.93e-06	6.17e-03	1.52e-01	8.41e-01
 3.59313e+21	0.00e+00	2.42e-29	1.51e-23	1.04e-18	1.22e-14	2.83e-11	1.95e-08	6.58e-06	6.60e-03	1.57e-01	8.36e-01
 3.67266e+21	0.00e+00	3.23e-29	1.95e-23	1.30e-18	1.47e-14	3.31e-11	2.20e-08	7.19e-06	6.98e-03	1.61e-01	8.32e-01
 3.75594e+21	0.00e+00	4.33e-29	2.53e-23	1.63e-18	1.78e-14	3.89e-11	2.50e-08	7.89e-06	7.40e-03	1.65e-01	8.27e-01
 3.84942e+21	0.00e+00	6.00e-29	3.37e-23	2.09e-18	2.21e-14	4.65e-11	2.88e-08	8.72e-06	7.90e-03	1.70e-01	8.22e-01
 3.93742e+21	0.00e+00	8.14e-29	4.41e-23	2.64e-18	2.70e-14	5.50e-11	3.28e-08	9.59e-06	8.39e-03	1.75e-01	8.17e-01
 4.01933e+21	0.00e+00	1.08e-28	5.66e-23	3.27e-18	3.25e-14	6.41e-11	3.70e-08	1.05e-05	8.86e-03	1.79e-01	8.12e-01
 4.09592e+21	0.00e+00	1.40e-28	7.13e-23	4.00e-18	3.86e-14	7.41e-11	4.14e-08	1.13e-05	9.33e-03	1.83e-01	8.07e-01
 4.16774e+21	0.00e+00	1.79e-28	8.81e-23	4.82e-18	4.52e-14	8.45e-11	4.59e-08	1.22e-05	9.79e-03	1.87e-01	8.03e-01
 4.24951e+21	0.00e+00	2.35e-28	1.12e-22	5.95e-18	5.42e-14	9.82e-11	5.16e-08	1.33e-05	1.03e-02	1.92e-01	7.98e-01
 4.33952e+21	0.00e+00	3.17e-28	1.46e-22	7.48e-18	6.59e-14	1.16e-10	5.87e-08	1.46e-05	1.10e-02	1.97e-01	7.92e-01
 4.42144e+21	0.00e+00	4.16e-28	1.86e-22	9.21e-18	7.88e-14	1.34e-10	6.60e-08	1.59e-05	1.15e-02	2.01e-01	7.87e-01
 4.49710e+21	0.00e+00	5.34e-28	2.32e-22	1.12e-17	9.29e-14	1.54e-10	7.34e-08	1.71e-05	1.21e-02	2.06e-01	7.82e-01
 4.58338e+21	0.00e+00	7.06e-28	2.96e-22	1.38e-17	1.12e-13	1.79e-10	8.27e-08	1.87e-05	1.28e-02	2.10e-01	7.77e-01
 4.67963e+21	0.00e+00	9.63e-28	3.89e-22	1.75e-17	1.37e-13	2.13e-10	9.46e-08	2.06e-05	1.36e-02	2.16e-01	7.71e-01
 4.76858e+21	0.00e+00	1.28e-27	5.01e-22	2.18e-17	1.65e-13	2.49e-10	1.07e-07	2.25e-05	1.44e-02	2.21e-01	7.65e-01
 4.84563e+21	0.00e+00	1.64e-27	6.22e-22	2.63e-17	1.94e-13	2.85e-10	1.19e-07	2.42e-05	1.51e-02	2.26e-01	7.59e-01
 4.92750e+21	0.00e+00	2.13e-27	7.82e-22	3.21e-17	2.30e-13	3.28e-10	1.33e-07	2.62e-05	1.58e-02	2.30e-01	7.54e-01
 5.01908e+21	0.00e+00	2.84e-27	1.01e-21	4.01e-17	2.79e-13	3.85e-10	1.50e-07	2.87e-05	1.67e-02	2.36e-01	7.47e-01
 5.10431e+21	0.00e+00	3.71e-27	1.28e-21	4.92e-17	3.32e-13	4.46e-10	1.69e-07	3.11e-05	1.76e-02	2.41e-01	7.41e-01
 5.18304e+21	0.00e+00	4.74e-27	1.58e-21	5.94e-17	3.91e-13	5.10e-10	1.87e-07	3.36e-05	1.85e-02	2.46e-01	7.36e-01
 5.27233e+21	0.00e+00	6.24e-27	2.02e-21	7.34e-17	4.68e-13	5.94e-10	2.11e-07	3.65e-05	1.95e-02	2.51e-01	7.29e-01
 5.37106e+21	0.00e+00	8.46e-27	2.64e-21	9.26e-17	5.73e-13	7.02e-10	2.40e-07	4.01e-05	2.06e-02	2.57e-01	7.22e-01
 5.46118e+21	0.00e+00	1.12e-26	3.39e-21	1.15e-16	6.90e-13	8.21e-10	2.72e-07	4.37e-05	2.18e-02	2.63e-01	7.15e-01
 5.54295e+21	0.00e+00	1.43e-26	4.20e-21	1.39e-16	8.10e-13	9.39e-10	3.02e-07	4.71e-05	2.28e-02	2.68e-01	7.09e-01
 5.63476e+21	0.00e+00	1.89e-26	5.37e-21	1.72e-16	9.73e-13	1.09e-09	3.40e-07	5.13e-05	2.40e-02	2.73e-01	7.03e-01
 5.73418e+21	0.00e+00	2.55e-26	6.99e-21	2.16e-16	1.19e-12	1.29e-09	3.87e-07	5.62e-05	2.54e-02	2.80e-01	6.95e-01
 5.82245e+21	0.00e+00	3.33e-26	8.84e-21	2.65e-16	1.41e-12	1.50e-09	4.34e-07	6.10e-05	2.67e-02	2.85e-01	6.88e-01
 5.90177e+21	0.00e+00	4.22e-26	1.09e-20	3.18e-16	1.66e-12	1.71e-09	4.81e-07	6.56e-05	2.80e-02	2.90e-01	6.82e-01
 5.99052e+21	0.00e+00	5.50e-26	1.37e-20	3.89e-16	1.97e-12	1.98e-09	5.40e-07	7.11e-05	2.94e-02	2.96e-01	6.75e-01
 6.08973e+21	0.00e+00	7.38e-26	1.78e-20	4.87e-16	2.40e-12	2.33e-09	6.13e-07	7.79e-05	3.10e-02	3.02e-01	6.67e-01
 6.18181e+21	0.00e+00	9.69e-26	2.27e-20	6.01e-16	2.87e-12	2.71e-09	6.90e-07	8.46e-05	3.27e-02	3.08e-01	6.59e-01
 6.26664e+21	0.00e+00	1.25e-25	2.84e-20	7.31e-16	3.40e-12	3.12e-09	7.72e-07	9.16e-05	3.43e-02	3.14e-01	6.52e-01
 6.36275e+21	0.00e+00	1.64e-25	3.61e-20	9.02e-16	4.08e-12	3.63e-09	8.69e-07	9.95e-05	3.60e-02	3.20e-01	6.44e-01
 6.46949e+21	0.00e+00	2.24e-25	4.75e-20	1.14e-15	5.01e-12	4.32e-09	9.95e-07	1.09e-04	3.82e-02	3.27e-01	6.35e-01
 6.56629e+21	0.00e+00	2.97e-25	6.08e-20	1.42e-15	6.04e-12	5.06e-09	1.12e-06	1.19e-04	4.02e-02	3.33e-01	6.27e-01
 6.65313e+21	0.00e+00	3.81e-25	7.58e-20	1.72e-15	7.13e-12	5.82e-09	1.26e-06	1.29e-04	4.21e-02	3.39e-01	6.19e-01
 6.75079e+21	0.00e+00	5.02e-25	9.68e-20	2.13e-15	8.58e-12	6.80e-09	1.42e-06	1.40e-04	4.43e-02	3.45e-01	6.10e-01
 6.86054e+21	0.00e+00	6.84e-25	1.27e-19	2.70e-15	1.06e-11	8.09e-09	1.63e-06	1.54e-04	4.69e-02	3.52e-01	6.01e-01
 6.96317e+21	0.00e+00	9.12e-25	1.64e-19	3.37e-15	1.28e-11	9.52e-09	1.85e-06	1.69e-04	4.95e-02	3.59e-01	5.92e-01
 7.05782e+21	0.00e+00	1.19e-24	2.07e-19	4.13e-15	1.53e-11	1.10e-08	2.07e-06	1.83e-04	5.19e-02	3.65e-01	5.83e-01
 7.16492e+21	0.00e+00	1.59e-24	2.68e-19	5.18e-15	1.86e-11	1.30e-08	2.36e-06	2.01e-04	5.48e-02	3.71e-01	5.74e-01
 7.28374e+21	0.00e+00	2.19e-24	3.57e-19	6.64e-15	2.31e-11	1.57e-08	2.73e-06	2.22e-04	5.81e-02	3.79e-01	5.63e-01
 7.39373e+21	0.00e+00	2.94e-24	4.63e-19	8.34e-15	2.81e-11	1.85e-08	3.11e-06	2.43e-04	6.14e-02	3.86e-01	5.53e-01
 7.49683e+21	0.00e+00	3.86e-24	5.88e-19	1.03e-14	3.38e-11	2.16e-08	3.51e-06	2.64e-04	6.45e-02	3.92e-01	5.43e-01
 7.59830e+21	0.00e+00	5.02e-24	7.43e-19	1.26e-14	4.04e-11	2.51e-08	3.95e-06	2.87e-04	6.77e-02	3.98e-01	5.34e-01
 7.69796e+21	0.00e+00	6.47e-24	9.31e-19	1.54e-14	4.80e-11	2.91e-08	4.44e-06	3.11e-04	7.09e-02	4.04e-01	5.25e-01
 7.81203e+21	3.86e-30	8.59e-24	1.20e-18	1.92e-14	5.82e-11	3.43e-08	5.05e-06	3.40e-04	7.46e-02	4.10e-01	5.15e-01
 7.93564e+21	5.40e-30	1.16e-23	1.57e-18	2.43e-14	7.15e-11	4.08e-08	5.79e-06	3.74e-04	7.89e-02	4.17e-01	5.04e-01
 8.04554e+21	7.24e-30	1.52e-23	1.99e-18	2.98e-14	8.57e-11	4.76e-08	6.54e-06	4.07e-04	8.28e-02	4.23e-01	4.94e-01
 8.16229e+21	9.79e-30	1.99e-23	2.53e-18	3.69e-14	1.03e-10	5.57e-08	7.40e-06	4.43e-04	8.70e-02	4.29e-01	4.84e-01
 8.29266e+21	1.36e-29	2.68e-23	3.30e-18	4.66e-14	1.27e-10	6.63e-08	8.49e-06	4.87e-04	9.18e-02	4.35e-01	4.73e-01
 8.41423e+21	1.84e-29	3.52e-23	4.21e-18	5.76e-14	1.53e-10	7.76e-08	9.62e-06	5.31e-04	9.64e-02	4.41e-01	4.62e-01
 8.52804e+21	2.42e-29	4.51e-23	5.25e-18	7.00e-14	1.81e-10	8.97e-08	1.08e-05	5.75e-04	1.01e-01	4.46e-01	4.53e-01
 8.65826e+21	3.28e-29	5.95e-23	6.72e-18	8.69e-14	2.19e-10	1.05e-07	1.22e-05	6.28e-04	1.06e-01	4.51e-01	4.42e-01
 8.80431e+21	4.57e-29	8.03e-23	8.79e-18	1.10e-13	2.69e-10	1.26e-07	1.41e-05	6.91e-04	1.12e-01	4.57e-01	4.30e-01
 8.94159e+21	6.19e-29	1.06e-22	1.12e-17	1.37e-13	3.25e-10	1.48e-07	1.60e-05	7.55e-04	1.17e-01	4.63e-01	4.19e-01
 9.07048e+21	8.16e-29	1.36e-22	1.41e-17	1.66e-13	3.87e-10	1.71e-07	1.80e-05	8.18e-04	1.23e-01	4.67e-01	4.09e-01
 9.21778e+21	1.11e-28	1.80e-22	1.81e-17	2.07e-13	4.69e-10	2.02e-07	2.05e-05	8.94e-04	1.29e-01	4.72e-01	3.98e-01
 9.37469e+21	1.52e-28	2.40e-22	2.34e-17	2.60e-13	5.72e-10	2.39e-07	2.34e-05	9.80e-04	1.36e-01	4.77e-01	3.87e-01
 9.50722e+21	1.98e-28	3.04e-22	2.89e-17	3.14e-13	6.74e-10	2.75e-07	2.61e-05	1.06e-03	1.41e-01	4.81e-01	3.77e-01
 9.62456e+21	2.49e-28	3.75e-22	3.49e-17	3.70e-13	7.80e-10	3.11e-07	2.88e-05	1.13e-03	1.47e-01	4.84e-01	3.68e-01
 9.75900e+21	3.17e-28	4.68e-22	4.26e-17	4.41e-13	9.10e-10	3.54e-07	3.20e-05	1.21e-03	1.52e-01	4.87e-01	3.59e-01
 9.93378e+21	4.34e-28	6.23e-22	5.52e-17	5.53e-13	1.11e-09	4.19e-07	3.65e-05	1.33e-03	1.60e-01	4.91e-01	3.48e-01
 1.01126e+22	5.95e-28	8.31e-22	7.15e-17	6.94e-13	1.36e-09	4.97e-07	4.18e-05	1.46e-03	1.68e-01	4.94e-01	3.36e-01
 1.02576e+22	7.63e-28	1.04e-21	8.76e-17	8.30e-13	1.59e-09	5.68e-07	4.64e-05	1.57e-03	1.74e-01	4.97e-01	3.27e-01
 1.04068e+22	9.75e-28	1.30e-21	1.07e-16	9.92e-13	1.85e-09	6.48e-07	5.16e-05	1.69e-03	1.81e-01	4.99e-01	3.18e-01
 1.06008e+22	1.33e-27	1.73e-21	1.38e-16	1.24e-12	2.26e-09	7.66e-07	5.89e-05	1.85e-03	1.90e-01	5.02e-01	3.07e-01
 1.08019e+22	1.82e-27	2.31e-21	1.79e-16	1.56e-12	2.76e-09	9.08e-07	6.73e-05	2.02e-03	1.99e-01	5.04e-01	2.95e-01
 1.09689e+22	2.34e-27	2.90e-21	2.20e-16	1.87e-12	3.23e-09	1.04e-06	7.48e-05	2.17e-03	2.06e-01	5.05e-01	2.86e-01
 1.11140e+22	2.89e-27	3.52e-21	2.62e-16	2.18e-12	3.70e-09	1.16e-06	8.19e-05	2.31e-03	2.13e-01	5.06e-01	2.79e-01
 1.12741e+22	3.63e-27	4.34e-21	3.16e-16	2.57e-12	4.26e-09	1.31e-06	9.01e-05	2.47e-03	2.20e-01	5.07e-01	2.70e-01
 1.14821e+22	4.85e-27	5.66e-21	4.02e-16	3.17e-12	5.13e-09	1.54e-06	1.02e-04	2.68e-03	2.30e-01	5.08e-01	2.60e-01
 1.16921e+22	6.45e-27	7.35e-21	5.09e-16	3.90e-12	6.15e-09	1.79e-06	1.15e-04	2.91e-03	2.39e-01	5.08e-01	2.50e-01
 1.18594e+22	8.06e-27	9.02e-21	6.12e-16	4.59e-12	7.10e-09	2.02e-06	1.27e-04	3.10e-03	2.47e-01	5.08e-01	2.42e-01
 1.20317e+22	1.00e-26	1.10e-20	7.32e-16	5.37e-12	8.14e-09	2.27e-06	1.38e-04	3.30e-03	2.54e-01	5.07e-01	2.35e-01
 1.22556e+22	1.32e-26	1.42e-20	9.22e-16	6.57e-12	9.71e-09	2.63e-06	1.56e-04	3.57e-03	2.64e-01	5.07e-01	2.26e-01
 1.24906e+22	1.76e-26	1.84e-20	1.17e-15	8.09e-12	1.16e-08	3.06e-06	1.75e-04	3.87e-03	2.74e-01	5.05e-01	2.16e-01
 1.26907e+22	2.23e-26	2.29e-20	1.42e-15	9.60e-12	1.35e-08	3.47e-06	1.93e-04	4.13e-03	2.83e-01	5.04e-01	2.09e-01
 1.29013e+22	2.84e-26	2.86e-20	1.73e-15	1.14e-11	1.57e-08	3.95e-06	2.14e-04	4.42e-03	2.92e-01	5.02e-01	2.01e-01
 1.31751e+22	3.85e-26	3.77e-20	2.23e-15	1.42e-11	1.90e-08	4.63e-06	2.42e-04	4.80e-03	3.04e-01	5.00e-01	1.91e-01
 1.34410e+22	5.14e-26	4.92e-20	2.83e-15	1.76e-11	2.28e-08	5.40e-06	2.73e-04	5.20e-03	3.15e-01	4.97e-01	1.82e-01
 1.36377e+22	6.31e-26	5.92e-20	3.33e-15	2.03e-11	2.58e-08	5.96e-06	2.94e-04	5.46e-03	3.22e-01	4.95e-01	1.77e-01
 1.38344e+22	7.70e-26	7.09e-20	3.91e-15	2.33e-11	2.90e-08	6.57e-06	3.17e-04	5.74e-03	3.29e-01	4.93e-01	1.72e-01
 1.40901e+22	9.97e-26	8.98e-20	4.84e-15	2.80e-11	3.41e-08	7.51e-06	3.51e-04	6.14e-03	3.40e-01	4.90e-01	1.64e-01
 1.43692e+22	1.31e-25	1.16e-19	6.07e-15	3.42e-11	4.05e-08	8.66e-06	3.92e-04	6.61e-03	3.51e-01	4.86e-01	1.57e-01
 1.46222e+22	1.68e-25	1.45e-19	7.42e-15	4.07e-11	4.71e-08	9.83e-06	4.32e-04	7.04e-03	3.60e-01	4.82e-01	1.50e-01
 1.48945e+22	2.17e-25	1.82e-19	9.13e-15	4.88e-11	5.50e-08	1.12e-05	4.77e-04	7.51e-03	3.71e-01	4.78e-01	1.44e-01
 1.52486e+22	2.99e-25	2.45e-19	1.19e-14	6.15e-11	6.72e-08	1.32e-05	5.42e-04	8.16e-03	3.84e-01	4.72e-01	1.35e-01
 1.56086e+22	4.12e-25	3.28e-19	1.55e-14	7.74e-11	8.18e-08	1.55e-05	6.14e-04	8.86e-03	3.97e-01	4.66e-01	1.27e-01
 1.59023e+22	5.32e-25	4.14e-19	1.91e-14	9.29e-11	9.57e-08	1.77e-05	6.77e-04	9.44e-03	4.08e-01	4.61e-01	1.21e-01
 1.61641e+22	6.64e-25	5.07e-19	2.29e-14	1.09e-10	1.09e-07	1.98e-05	7.37e-04	9.97e-03	4.17e-01	4.56e-01	1.16e-01
 1.64586e+22	8.47e-25	6.33e-19	2.79e-14	1.29e-10	1.27e-07	2.23e-05	8.09e-04	1.06e-02	4.27e-01	4.51e-01	1.11e-01
 1.68414e+22	1.15e-24	8.36e-19	3.58e-14	1.60e-10	1.53e-07	2.60e-05	9.07e-04	1.14e-02	4.39e-01	4.44e-01	1.05e-01
 1.72401e+22	1.57e-24	1.11e-18	4.64e-14	2.01e-10	1.85e-07	3.05e-05	1.02e-03	1.23e-02	4.52e-01	4.36e-01	9.82e-02
 1.75589e+22	2.01e-24	1.39e-18	5.66e-14	2.39e-10	2.15e-07	3.44e-05	1.12e-03	1.31e-02	4.63e-01	4.30e-01	9.33e-02
 1.78727e+22	2.54e-24	1.72e-18	6.85e-14	2.82e-10	2.48e-07	3.86e-05	1.22e-03	1.38e-02	4.72e-01	4.24e-01	8.89e-02
 1.82806e+22	3.41e-24	2.25e-18	8.70e-14	3.47e-10	2.96e-07	4.46e-05	1.37e-03	1.48e-02	4.84e-01	4.16e-01	8.36e-02
 1.87028e+22	4.60e-24	2.96e-18	1.11e-13	4.30e-10	3.56e-07	5.20e-05	1.53e-03	1.59e-02	4.97e-01	4.08e-01	7.82e-02
 1.90484e+22	5.85e-24	3.69e-18	1.35e-13	5.10e-10	4.11e-07	5.85e-05	1.67e-03	1.68e-02	5.06e-01	4.01e-01	7.42e-02
 1.94028e+22	7.41e-24	4.58e-18	1.65e-13	6.04e-10	4.75e-07	6.58e-05	1.83e-03	1.78e-02	5.16e-01	3.94e-01	7.04e-02
 1.98635e+22	1.00e-23	6.02e-18	2.10e-13	7.46e-10	5.69e-07	7.62e-05	2.04e-03	1.90e-02	5.28e-01	3.85e-01	6.58e-02
 2.03423e+22	1.36e-23	7.96e-18	2.70e-13	9.29e-10	6.87e-07	8.90e-05	2.29e-03	2.05e-02	5.40e-01	3.76e-01	6.11e-02
 2.07372e+22	1.73e-23	9.96e-18	3.30e-13	1.11e-09	7.98e-07	1.01e-04	2.51e-03	2.17e-02	5.50e-01	3.68e-01	5.76e-02
 2.11429e+22	2.20e-23	1.24e-17	4.03e-13	1.32e-09	9.25e-07	1.14e-04	2.75e-03	2.29e-02	5.60e-01	3.60e-01	5.43e-02
 2.16702e+22	2.99e-23	1.64e-17	5.18e-13	1.64e-09	1.12e-06	1.32e-04	3.08e-03	2.46e-02	5.72e-01	3.50e-01	5.03e-02
 2.22187e+22	4.08e-23	2.19e-17	6.71e-13	2.05e-09	1.35e-06	1.55e-04	3.46e-03	2.64e-02	5.84e-01	3.40e-01	4.64e-02
 2.26414e+22	5.15e-23	2.71e-17	8.14e-13	2.43e-09	1.56e-06	1.74e-04	3.78e-03	2.79e-02	5.92e-01	3.32e-01	4.36e-02
 2.29756e+22	6.15e-23	3.19e-17	9.44e-13	2.76e-09	1.74e-06	1.91e-04	4.04e-03	2.91e-02	5.99e-01	3.26e-01	4.16e-02
 2.33483e+22	7.44e-23	3.81e-17	1.11e-12	3.18e-09	1.97e-06	2.11e-04	4.35e-03	3.04e-02	6.06e-01	3.19e-01	3.94e-02
 2.38327e+22	9.51e-23	4.77e-17	1.36e-12	3.79e-09	2.29e-06	2.38e-04	4.77e-03	3.21e-02	6.15e-01	3.11e-01	3.69e-02
 2.43588e+22	1.23e-22	6.05e-17	1.69e-12	4.58e-09	2.70e-06	2.73e-04	5.27e-03	3.42e-02	6.25e-01	3.02e-01	3.42e-02
 2.48225e+22	1.53e-22	7.43e-17	2.03e-12	5.40e-09	3.11e-06	3.06e-04	5.75e-03	3.60e-02	6.32e-01	2.94e-01	3.20e-02
 2.53089e+22	1.91e-22	9.14e-17	2.45e-12	6.36e-09	3.58e-06	3.43e-04	6.25e-03	3.79e-02	6.40e-01	2.86e-01	3.00e-02
 2.59412e+22	2.50e-22	1.18e-16	3.10e-12	7.82e-09	4.28e-06	3.98e-04	6.98e-03	4.05e-02	6.49e-01	2.75e-01	2.74e-02
 2.65766e+22	3.28e-22	1.52e-16	3.91e-12	9.60e-09	5.11e-06	4.61e-04	7.78e-03	4.33e-02	6.58e-01	2.65e-01	2.51e-02
 2.70762e+22	4.02e-22	1.84e-16	4.67e-12	1.12e-08	5.86e-06	5.15e-04	8.45e-03	4.55e-02	6.65e-01	2.57e-01	2.34e-02
 2.75861e+22	4.88e-22	2.22e-16	5.55e-12	1.31e-08	6.69e-06	5.76e-04	9.17e-03	4.78e-02	6.71e-01	2.50e-01	2.18e-02
 2.82488e+22	6.25e-22	2.80e-16	6.89e-12	1.58e-08	7.90e-06	6.60e-04	1.01e-02	5.08e-02	6.78e-01	2.40e-01	2.00e-02
 2.89551e+22	8.06e-22	3.57e-16	8.64e-12	1.93e-08	9.42e-06	7.63e-04	1.13e-02	5.42e-02	6.86e-01	2.30e-01	1.82e-02
 2.95615e+22	9.91e-22	4.36e-16	1.04e-11	2.29e-08	1.09e-05	8.62e-04	1.23e-02	5.73e-02	6.91e-01	2.22e-01	1.67e-02
 3.01934e+22	1.21e-21	5.30e-16	1.25e-11	2.70e-08	1.26e-05	9.72e-04	1.35e-02	6.04e-02	6.96e-01	2.13e-01	1.54e-02
 3.10148e+22	1.55e-21	6.75e-16	1.58e-11	3.31e-08	1.51e-05	1.13e-03	1.51e-02	6.46e-02	7.02e-01	2.03e-01	1.38e-02
 3.18507e+22	1.98e-21	8.59e-16	1.99e-11	4.08e-08	1.82e-05	1.32e-03	1.69e-02	6.91e-02	7.08e-01	1.93e-01	1.24e-02
 3.24776e+22	2.34e-21	1.02e-15	2.34e-11	4.74e-08	2.08e-05	1.47e-03	1.83e-02	7.27e-02	7.11e-01	1.85e-01	1.14e-02
 3.29817e+22	2.69e-21	1.17e-15	2.66e-11	5.33e-08	2.31e-05	1.60e-03	1.95e-02	7.54e-02	7.13e-01	1.80e-01	1.07e-02
 3.35537e+22	3.09e-21	1.35e-15	3.06e-11	6.05e-08	2.58e-05	1.76e-03	2.09e-02	7.86e-02	7.15e-01	1.74e-01	9.93e-03
 3.42974e+22	3.68e-21	1.61e-15	3.64e-11	7.09e-08	2.98e-05	1.98e-03	2.27e-02	8.27e-02	7.18e-01	1.66e-01	9.05e-03
 3.51122e+22	4.41e-21	1.94e-15	4.40e-11	8.43e-08	3.48e-05	2.25e-03	2.49e-02	8.75e-02	7.19e-01	1.58e-01	8.17e-03
 3.58335e+22	5.15e-21	2.28e-15	5.17e-11	9.78e-08	3.98e-05	2.52e-03	2.70e-02	9.18e-02	7.20e-01	1.51e-01	7.46e-03
 3.64787e+22	5.82e-21	2.61e-15	5.92e-11	1.11e-07	4.46e-05	2.77e-03	2.89e-02	9.58e-02	7.21e-01	1.45e-01	6.88e-03
 3.72108e+22	6.73e-21	3.04e-15	6.89e-11	1.28e-07	5.05e-05	3.07e-03	3.11e-02	1.00e-01	7.21e-01	1.39e-01	6.31e-03
 3.81624e+22	7.96e-21	3.65e-15	8.30e-11	1.52e-07	5.91e-05	3.49e-03	3.41e-02	1.06e-01	7.20e-01	1.31e-01	5.64e-03
 3.91421e+22	9.43e-21	4.39e-15	1.01e-10	1.82e-07	6.95e-05	3.98e-03	3.75e-02	1.12e-01	7.18e-01	1.23e-01	5.01e-03
 3.99349e+22	1.07e-20	5.08e-15	1.17e-10	2.10e-07	7.89e-05	4.42e-03	4.03e-02	1.17e-01	7.16e-01	1.18e-01	4.56e-03
 4.07425e+22	1.21e-20	5.83e-15	1.35e-10	2.40e-07	8.92e-05	4.88e-03	4.32e-02	1.22e-01	7.14e-01	1.12e-01	4.17e-03
 4.17923e+22	1.41e-20	6.93e-15	1.62e-10	2.85e-07	1.04e-04	5.52e-03	4.71e-02	1.28e-01	7.10e-01	1.05e-01	3.71e-03
 4.28986e+22	1.65e-20	8.31e-15	1.96e-10	3.42e-07	1.22e-04	6.28e-03	5.15e-02	1.35e-01	7.05e-01	9.87e-02	3.28e-03
 4.38324e+22	1.87e-20	9.65e-15	2.30e-10	3.97e-07	1.40e-04	6.99e-03	5.53e-02	1.41e-01	7.00e-01	9.34e-02	2.95e-03
 4.48006e+22	2.12e-20	1.12e-14	2.68e-10	4.60e-07	1.59e-04	7.74e-03	5.92e-02	1.47e-01	6.95e-01	8.84e-02	2.67e-03
 4.60593e+22	2.47e-20	1.34e-14	3.26e-10	5.53e-07	1.87e-04	8.79e-03	6.45e-02	1.54e-01	6.88e-01	8.25e-02	2.35e-03
 4.73798e+22	2.92e-20	1.63e-14	4.01e-10	6.73e-07	2.22e-04	1.00e-02	7.04e-02	1.62e-01	6.79e-01	7.65e-02	2.04e-03
 4.84555e+22	3.32e-20	1.90e-14	4.74e-10	7.88e-07	2.54e-04	1.12e-02	7.54e-02	1.68e-01	6.71e-01	7.19e-02	1.83e-03
 4.93142e+22	3.66e-20	2.14e-14	5.39e-10	8.91e-07	2.83e-04	1.21e-02	7.94e-02	1.73e-01	6.65e-01	6.85e-02	1.68e-03
 5.02156e+22	4.07e-20	2.43e-14	6.14e-10	1.01e-06	3.13e-04	1.31e-02	8.35e-02	1.78e-01	6.58e-01	6.53e-02	1.54e-03
 5.13875e+22	4.64e-20	2.84e-14	7.24e-10	1.17e-06	3.57e-04	1.45e-02	8.89e-02	1.84e-01	6.49e-01	6.14e-02	1.38e-03
 5.26573e+22	5.36e-20	3.37e-14	8.69e-10	1.39e-06	4.13e-04	1.61e-02	9.52e-02	1.91e-01	6.39e-01	5.74e-02	1.23e-03
 5.37770e+22	6.03e-20	3.89e-14	1.02e-09	1.61e-06	4.67e-04	1.77e-02	1.01e-01	1.97e-01	6.29e-01	5.40e-02	1.10e-03
 5.47928e+22	6.82e-20	4.47e-14	1.17e-09	1.83e-06	5.20e-04	1.91e-02	1.06e-01	2.02e-01	6.20e-01	5.13e-02	1.01e-03
 5.59507e+22	7.71e-20	5.17e-14	1.36e-09	2.11e-06	5.84e-04	2.08e-02	1.11e-01	2.07e-01	6.11e-01	4.84e-02	9.12e-04
 5.74560e+22	9.05e-20	6.22e-14	1.65e-09	2.52e-06	6.75e-04	2.32e-02	1.19e-01	2.14e-01	5.98e-01	4.49e-02	8.04e-04
 5.90222e+22	1.08e-19	7.60e-14	2.03e-09	3.04e-06	7.88e-04	2.59e-02	1.27e-01	2.21e-01	5.84e-01	4.15e-02	7.02e-04
 6.03088e+22	1.23e-19	8.91e-14	2.40e-09	3.54e-06	8.92e-04	2.84e-02	1.34e-01	2.26e-01	5.72e-01	3.88e-02	6.28e-04
 6.16224e+22	1.42e-19	1.04e-13	2.82e-09	4.08e-06	1.00e-03	3.08e-02	1.40e-01	2.31e-01	5.60e-01	3.65e-02	5.68e-04
 6.33301e+22	1.70e-19	1.27e-13	3.44e-09	4.88e-06	1.16e-03	3.41e-02	1.48e-01	2.37e-01	5.45e-01	3.37e-02	4.98e-04
 6.51441e+22	2.06e-19	1.58e-13	4.28e-09	5.93e-06	1.35e-03	3.80e-02	1.58e-01	2.43e-01	5.29e-01	3.09e-02	4.32e-04
 6.66895e+22	2.42e-19	1.89e-13	5.15e-09	6.98e-06	1.53e-03	4.16e-02	1.66e-01	2.48e-01	5.15e-01	2.87e-02	3.82e-04
 6.82918e+22	2.85e-19	2.26e-13	6.12e-09	8.13e-06	1.73e-03	4.52e-02	1.73e-01	2.52e-01	5.01e-01	2.68e-02	3.41e-04
 7.03748e+22	3.51e-19	2.82e-13	7.63e-09	9.85e-06	2.01e-03	5.01e-02	1.83e-01	2.57e-01	4.84e-01	2.45e-02	2.95e-04
 7.25856e+22	4.41e-19	3.61e-13	9.69e-09	1.21e-05	2.36e-03	5.60e-02	1.94e-01	2.61e-01	4.64e-01	2.21e-02	2.52e-04
 7.44646e+22	5.33e-19	4.42e-13	1.18e-08	1.44e-05	2.69e-03	6.13e-02	2.03e-01	2.65e-01	4.48e-01	2.03e-02	2.20e-04
 7.64092e+22	6.44e-19	5.37e-13	1.42e-08	1.69e-05	3.04e-03	6.65e-02	2.11e-01	2.67e-01	4.33e-01	1.88e-02	1.94e-04
 7.89372e+22	8.17e-19	6.86e-13	1.79e-08	2.06e-05	3.53e-03	7.34e-02	2.22e-01	2.70e-01	4.14e-01	1.70e-02	1.66e-04
 8.16887e+22	1.07e-18	9.00e-13	2.32e-08	2.56e-05	4.17e-03	8.19e-02	2.33e-01	2.73e-01	3.93e-01	1.51e-02	1.39e-04
 8.38655e+22	1.33e-18	1.12e-12	2.85e-08	3.04e-05	4.74e-03	8.91e-02	2.42e-01	2.74e-01	3.76e-01	1.38e-02	1.21e-04
 8.54574e+22	1.54e-18	1.31e-12	3.29e-08	3.43e-05	5.18e-03	9.45e-02	2.49e-01	2.75e-01	3.64e-01	1.29e-02	1.09e-04
 8.71539e+22	1.79e-18	1.51e-12	3.76e-08	3.83e-05	5.63e-03	9.96e-02	2.55e-01	2.75e-01	3.53e-01	1.21e-02	9.91e-05
 8.93594e+22	2.17e-18	1.82e-12	4.46e-08	4.41e-05	6.25e-03	1.07e-01	2.62e-01	2.75e-01	3.39e-01	1.11e-02	8.77e-05
 9.22265e+22	2.76e-18	2.30e-12	5.52e-08	5.25e-05	7.11e-03	1.16e-01	2.71e-01	2.74e-01	3.22e-01	1.00e-02	7.51e-05
 9.52466e+22	3.60e-18	2.97e-12	6.95e-08	6.35e-05	8.16e-03	1.26e-01	2.80e-01	2.73e-01	3.03e-01	8.96e-03	6.34e-05
 9.77551e+22	4.48e-18	3.66e-12	8.37e-08	7.39e-05	9.11e-03	1.35e-01	2.88e-01	2.71e-01	2.89e-01	8.15e-03	5.52e-05
 1.00306e+23	5.45e-18	4.41e-12	9.88e-08	8.45e-05	1.00e-02	1.43e-01	2.94e-01	2.69e-01	2.76e-01	7.48e-03	4.86e-05
 1.03622e+23	6.98e-18	5.54e-12	1.21e-07	9.95e-05	1.13e-02	1.54e-01	3.02e-01	2.66e-01	2.60e-01	6.72e-03	4.16e-05
 1.07264e+23	9.26e-18	7.20e-12	1.52e-07	1.20e-04	1.29e-02	1.67e-01	3.09e-01	2.62e-01	2.43e-01	5.93e-03	3.48e-05
 1.10501e+23	1.19e-17	9.02e-12	1.85e-07	1.40e-04	1.44e-02	1.78e-01	3.16e-01	2.58e-01	2.29e-01	5.32e-03	2.97e-05
 1.13438e+23	1.46e-17	1.09e-11	2.18e-07	1.59e-04	1.58e-02	1.88e-01	3.20e-01	2.54e-01	2.17e-01	4.85e-03	2.60e-05
 1.16813e+23	1.81e-17	1.32e-11	2.58e-07	1.81e-04	1.73e-02	1.98e-01	3.25e-01	2.50e-01	2.05e-01	4.41e-03	2.27e-05
 1.21157e+23	2.36e-17	1.68e-11	3.16e-07	2.13e-04	1.93e-02	2.11e-01	3.30e-01	2.45e-01	1.91e-01	3.91e-03	1.92e-05
 1.26015e+23	3.20e-17	2.19e-11	3.97e-07	2.54e-04	2.18e-02	2.26e-01	3.35e-01	2.38e-01	1.76e-01	3.40e-03	1.58e-05
 1.30583e+23	4.22e-17	2.80e-11	4.88e-07	2.98e-04	2.43e-02	2.40e-01	3.38e-01	2.31e-01	1.63e-01	2.99e-03	1.32e-05
 1.35446e+23	5.41e-17	3.48e-11	5.85e-07	3.43e-04	2.68e-02	2.53e-01	3.41e-01	2.25e-01	1.52e-01	2.66e-03	1.12e-05
 1.40987e+23	7.19e-17	4.46e-11	7.19e-07	4.01e-04	2.98e-02	2.67e-01	3.43e-01	2.17e-01	1.40e-01	2.33e-03	9.32e-06
 1.46750e+23	9.44e-17	5.63e-11	8.72e-07	4.65e-04	3.29e-02	2.81e-01	3.44e-01	2.10e-01	1.29e-01	2.05e-03	7.80e-06
 1.52744e+23	1.23e-16	7.08e-11	1.05e-06	5.37e-04	3.62e-02	2.95e-01	3.45e-01	2.03e-01	1.19e-01	1.80e-03	6.52e-06
 1.58977e+23	1.59e-16	8.80e-11	1.26e-06	6.14e-04	3.95e-02	3.09e-01	3.44e-01	1.95e-01	1.10e-01	1.58e-03	5.50e-06
 1.65459e+23	2.03e-16	1.08e-10	1.49e-06	6.96e-04	4.29e-02	3.22e-01	3.43e-01	1.88e-01	1.02e-01	1.40e-03	4.66e-06
 1.72201e+23	2.55e-16	1.32e-10	1.75e-06	7.84e-04	4.64e-02	3.34e-01	3.42e-01	1.81e-01	9.43e-02	1.25e-03	3.98e-06
 1.79212e+23	3.18e-16	1.58e-10	2.03e-06	8.77e-04	4.99e-02	3.45e-01	3.40e-01	1.75e-01	8.77e-02	1.12e-03	3.42e-06
 1.86504e+23	3.90e-16	1.88e-10	2.33e-06	9.71e-04	5.32e-02	3.56e-01	3.38e-01	1.69e-01	8.18e-02	1.00e-03	2.97e-06
 1.94088e+23	4.72e-16	2.21e-10	2.65e-06	1.07e-03	5.66e-02	3.65e-01	3.36e-01	1.63e-01	7.67e-02	9.09e-04	2.60e-06
 2.01975e+23	5.65e-16	2.56e-10	2.99e-06	1.17e-03	5.98e-02	3.75e-01	3.34e-01	1.58e-01	7.20e-02	8.27e-04	2.29e-06
 2.10177e+23	6.68e-16	2.95e-10	3.35e-06	1.27e-03	6.30e-02	3.83e-01	3.31e-01	1.53e-01	6.78e-02	7.56e-04	2.03e-06
 2.18708e+23	7.79e-16	3.35e-10	3.70e-06	1.36e-03	6.60e-02	3.91e-01	3.29e-01	1.48e-01	6.42e-02	6.96e-04	1.82e-06
 2.27178e+23	8.96e-16	3.77e-10	4.06e-06	1.46e-03	6.89e-02	3.97e-01	3.26e-01	1.44e-01	6.10e-02	6.45e-04	1.64e-06
 2.35008e+23	1.01e-15	4.17e-10	4.41e-06	1.55e-03	7.15e-02	4.03e-01	3.24e-01	1.41e-01	5.83e-02	6.02e-04	1.50e-06
 2.42056e+23	1.12e-15	4.52e-10	4.70e-06	1.62e-03	7.35e-02	4.08e-01	3.22e-01	1.38e-01	5.62e-02	5.71e-04	1.40e-06
 2.48398e+23	1.21e-15	4.82e-10	4.94e-06	1.68e-03	7.52e-02	4.12e-01	3.20e-01	1.36e-01	5.46e-02	5.47e-04	1.32e-06
 2.54107e+23	1.29e-15	5.09e-10	5.16e-06	1.73e-03	7.67e-02	4.15e-01	3.19e-01	1.34e-01	5.33e-02	5.28e-04	1.26e-06
 2.59244e+23	1.36e-15	5.32e-10	5.34e-06	1.78e-03	7.79e-02	4.17e-01	3.18e-01	1.32e-01	5.22e-02	5.12e-04	1.21e-06
 2.63868e+23	1.42e-15	5.52e-10	5.51e-06	1.82e-03	7.89e-02	4.19e-01	3.17e-01	1.31e-01	5.13e-02	4.99e-04	1.17e-06
 2.68029e+23	1.47e-15	5.68e-10	5.63e-06	1.85e-03	7.97e-02	4.21e-01	3.16e-01	1.30e-01	5.07e-02	4.90e-04	1.14e-06
 2.71775e+23	1.51e-15	5.80e-10	5.72e-06	1.87e-03	8.03e-02	4.22e-01	3.16e-01	1.29e-01	5.02e-02	4.83e-04	1.12e-06
 2.75145e+23	1.54e-15	5.89e-10	5.79e-06	1.89e-03	8.07e-02	4.23e-01	3.15e-01	1.29e-01	4.98e-02	4.78e-04	1.10e-06
 2.78269e+23	1.57e-15	5.98e-10	5.86e-06	1.90e-03	8.12e-02	4.24e-01	3.15e-01	1.28e-01	4.95e-02	4.73e-04	1.09e-06
 2.81324e+23	1.61e-15	6.10e-10	5.95e-06	1.92e-03	8.17e-02	4.25e-01	3.14e-01	1.28e-01	4.90e-02	4.66e-04	1.07e-06
 2.84379e+23	1.62e-15	6.14e-10	5.98e-06	1.93e-03	8.19e-02	4.25e-01	3.14e-01	1.27e-01	4.89e-02	4.64e-04	1.06e-06
 2.87434e+23	1.64e-15	6.19e-10	6.03e-06	1.94e-03	8.21e-02	4.26e-01	3.14e-01	1.27e-01	4.87e-02	4.62e-04	1.05e-06
 2.90489e+23	1.65e-15	6.24e-10	6.06e-06	1.95e-03	8.23e-02	4.26e-01	3.14e-01	1.27e-01	4.85e-02	4.59e-04	1.05e-06
 2.93543e+23	1.66e-15	6.26e-10	6.08e-06	1.95e-03	8.24e-02	4.26e-01	3.14e-01	1.27e-01	4.84e-02	4.58e-04	1.04e-06
 2.96598e+23	1.66e-15	6.28e-10	6.09e-06	1.96e-03	8.25e-02	4.27e-01	3.13e-01	1.27e-01	4.84e-02	4.57e-04	1.04e-06
 2.99653e+23	1.67e-15	6.29e-10	6.10e-06	1.96e-03	8.26e-02	4.27e-01	3.13e-01	1.26e-01	4.83e-02	4.56e-04	1.04e-06
 3.02708e+23	1.67e-15	6.31e-10	6.12e-06	1.96e-03	8.27e-02	4.27e-01	3.13e-01	1.26e-01	4.83e-02	4.56e-04	1.04e-06
 3.04858e+23	1.75e-15	6.55e-10	6.30e-06	2.00e-03	8.37e-02	4.29e-01	3.12e-01	1.25e-01	4.74e-02	4.44e-04	1.00e-06
