#depth	N	N+	N+2	N+3	N+4	N+5	N+6	N+7
 6.17135e+19	0.00e+00	2.67e-29	1.38e-22	6.85e-17	7.34e-12	6.84e-07	1.61e-03	9.98e-01
 1.87609e+20	0.00e+00	4.94e-29	2.21e-22	9.53e-17	8.89e-12	8.10e-07	1.81e-03	9.98e-01
 2.90012e+20	0.00e+00	8.00e-29	3.20e-22	1.24e-16	1.04e-11	9.27e-07	1.98e-03	9.98e-01
 3.58256e+20	0.00e+00	1.09e-28	4.08e-22	1.47e-16	1.15e-11	1.01e-06	2.10e-03	9.98e-01
 4.06368e+20	0.00e+00	1.37e-28	4.84e-22	1.66e-16	1.23e-11	1.08e-06	2.18e-03	9.98e-01
 4.40227e+20	0.00e+00	1.58e-28	5.42e-22	1.80e-16	1.29e-11	1.12e-06	2.24e-03	9.98e-01
 4.76499e+20	0.00e+00	1.85e-28	6.14e-22	1.96e-16	1.36e-11	1.18e-06	2.31e-03	9.98e-01
 5.23653e+20	0.00e+00	2.28e-28	7.20e-22	2.20e-16	1.46e-11	1.25e-06	2.40e-03	9.98e-01
 5.75611e+20	0.00e+00	2.85e-28	8.57e-22	2.49e-16	1.57e-11	1.33e-06	2.50e-03	9.98e-01
 6.23207e+20	0.00e+00	3.48e-28	1.00e-21	2.78e-16	1.68e-11	1.41e-06	2.59e-03	9.97e-01
 6.74474e+20	0.00e+00	4.32e-28	1.19e-21	3.14e-16	1.81e-11	1.51e-06	2.69e-03	9.97e-01
 7.31257e+20	0.00e+00	5.45e-28	1.42e-21	3.58e-16	1.96e-11	1.61e-06	2.81e-03	9.97e-01
 7.83790e+20	0.00e+00	6.75e-28	1.68e-21	4.04e-16	2.11e-11	1.72e-06	2.92e-03	9.97e-01
 8.40666e+20	0.00e+00	8.47e-28	2.01e-21	4.60e-16	2.29e-11	1.84e-06	3.04e-03	9.97e-01
 9.00356e+20	0.00e+00	1.07e-27	2.42e-21	5.26e-16	2.49e-11	1.97e-06	3.17e-03	9.97e-01
 9.51028e+20	0.00e+00	1.30e-27	2.82e-21	5.89e-16	2.68e-11	2.10e-06	3.28e-03	9.97e-01
 1.00422e+21	0.00e+00	1.60e-27	3.32e-21	6.62e-16	2.88e-11	2.23e-06	3.40e-03	9.97e-01
 1.07338e+21	0.00e+00	2.07e-27	4.07e-21	7.70e-16	3.18e-11	2.41e-06	3.56e-03	9.96e-01
 1.14356e+21	0.00e+00	2.69e-27	5.01e-21	8.97e-16	3.50e-11	2.61e-06	3.72e-03	9.96e-01
 1.20003e+21	0.00e+00	3.30e-27	5.89e-21	1.01e-15	3.79e-11	2.78e-06	3.86e-03	9.96e-01
 1.25838e+21	0.00e+00	4.07e-27	6.96e-21	1.14e-15	4.11e-11	2.97e-06	4.00e-03	9.96e-01
 1.33424e+21	0.00e+00	5.32e-27	8.62e-21	1.34e-15	4.56e-11	3.22e-06	4.19e-03	9.96e-01
 1.40869e+21	0.00e+00	6.93e-27	1.06e-20	1.57e-15	5.05e-11	3.50e-06	4.38e-03	9.96e-01
 1.46438e+21	0.00e+00	8.34e-27	1.23e-20	1.75e-15	5.44e-11	3.70e-06	4.52e-03	9.95e-01
 1.51985e+21	0.00e+00	1.01e-26	1.43e-20	1.96e-15	5.86e-11	3.93e-06	4.67e-03	9.95e-01
 1.59197e+21	0.00e+00	1.28e-26	1.74e-20	2.27e-15	6.46e-11	4.23e-06	4.86e-03	9.95e-01
 1.66943e+21	0.00e+00	1.65e-26	2.13e-20	2.64e-15	7.16e-11	4.58e-06	5.07e-03	9.95e-01
 1.73774e+21	0.00e+00	2.06e-26	2.55e-20	3.02e-15	7.84e-11	4.91e-06	5.26e-03	9.95e-01
 1.81043e+21	0.00e+00	2.59e-26	3.07e-20	3.48e-15	8.62e-11	5.28e-06	5.47e-03	9.95e-01
 1.89143e+21	0.00e+00	3.34e-26	3.76e-20	4.06e-15	9.57e-11	5.71e-06	5.71e-03	9.94e-01
 1.96719e+21	0.00e+00	4.23e-26	4.55e-20	4.69e-15	1.06e-10	6.15e-06	5.93e-03	9.94e-01
 2.04966e+21	0.00e+00	5.43e-26	5.57e-20	5.47e-15	1.17e-10	6.65e-06	6.19e-03	9.94e-01
 2.13599e+21	0.00e+00	7.04e-26	6.87e-20	6.42e-15	1.31e-10	7.22e-06	6.46e-03	9.94e-01
 2.20893e+21	0.00e+00	8.73e-26	8.18e-20	7.34e-15	1.43e-10	7.72e-06	6.69e-03	9.93e-01
 2.28536e+21	0.00e+00	1.09e-25	9.80e-20	8.42e-15	1.58e-10	8.29e-06	6.94e-03	9.93e-01
 2.38473e+21	0.00e+00	1.45e-25	1.24e-19	1.01e-14	1.78e-10	9.06e-06	7.27e-03	9.93e-01
 2.48571e+21	0.00e+00	1.94e-25	1.56e-19	1.20e-14	2.02e-10	9.92e-06	7.62e-03	9.92e-01
 2.56601e+21	0.00e+00	2.42e-25	1.87e-19	1.38e-14	2.22e-10	1.06e-05	7.90e-03	9.92e-01
 2.64762e+21	0.00e+00	3.03e-25	2.25e-19	1.59e-14	2.45e-10	1.14e-05	8.19e-03	9.92e-01
 2.75372e+21	0.00e+00	4.05e-25	2.84e-19	1.91e-14	2.78e-10	1.25e-05	8.58e-03	9.91e-01
 2.86345e+21	0.00e+00	5.44e-25	3.62e-19	2.29e-14	3.16e-10	1.37e-05	9.00e-03	9.91e-01
 2.95412e+21	0.00e+00	6.93e-25	4.40e-19	2.67e-14	3.52e-10	1.48e-05	9.36e-03	9.91e-01
 3.03055e+21	0.00e+00	8.48e-25	5.19e-19	3.03e-14	3.84e-10	1.58e-05	9.66e-03	9.90e-01
 3.11224e+21	0.00e+00	1.05e-24	6.18e-19	3.46e-14	4.22e-10	1.69e-05	1.00e-02	9.90e-01
 3.21844e+21	0.00e+00	1.38e-24	7.70e-19	4.11e-14	4.76e-10	1.83e-05	1.04e-02	9.90e-01
 3.32631e+21	0.00e+00	1.81e-24	9.64e-19	4.89e-14	5.38e-10	2.00e-05	1.09e-02	9.89e-01
 3.41235e+21	0.00e+00	2.25e-24	1.15e-18	5.61e-14	5.93e-10	2.14e-05	1.13e-02	9.89e-01
 3.50017e+21	0.00e+00	2.80e-24	1.38e-18	6.44e-14	6.53e-10	2.29e-05	1.17e-02	9.88e-01
 3.59313e+21	0.00e+00	3.53e-24	1.66e-18	7.46e-14	7.24e-10	2.46e-05	1.21e-02	9.88e-01
 3.67266e+21	0.00e+00	4.30e-24	1.95e-18	8.45e-14	7.91e-10	2.62e-05	1.25e-02	9.87e-01
 3.75594e+21	0.00e+00	5.27e-24	2.31e-18	9.61e-14	8.67e-10	2.79e-05	1.29e-02	9.87e-01
 3.84942e+21	0.00e+00	6.59e-24	2.77e-18	1.11e-13	9.59e-10	2.99e-05	1.34e-02	9.87e-01
 3.93742e+21	0.00e+00	8.15e-24	3.30e-18	1.27e-13	1.05e-09	3.19e-05	1.38e-02	9.86e-01
 4.01933e+21	0.00e+00	9.92e-24	3.88e-18	1.44e-13	1.15e-09	3.39e-05	1.42e-02	9.86e-01
 4.09592e+21	0.00e+00	1.19e-23	4.51e-18	1.62e-13	1.25e-09	3.59e-05	1.46e-02	9.85e-01
 4.16774e+21	0.00e+00	1.41e-23	5.17e-18	1.80e-13	1.35e-09	3.78e-05	1.50e-02	9.85e-01
 4.24951e+21	0.00e+00	1.71e-23	6.06e-18	2.03e-13	1.47e-09	4.01e-05	1.55e-02	9.84e-01
 4.33952e+21	0.00e+00	2.11e-23	7.21e-18	2.33e-13	1.62e-09	4.28e-05	1.60e-02	9.84e-01
 4.42144e+21	0.00e+00	2.56e-23	8.43e-18	2.63e-13	1.77e-09	4.54e-05	1.65e-02	9.83e-01
 4.49710e+21	0.00e+00	3.05e-23	9.75e-18	2.94e-13	1.91e-09	4.80e-05	1.69e-02	9.83e-01
 4.58338e+21	0.00e+00	3.72e-23	1.15e-17	3.34e-13	2.09e-09	5.10e-05	1.74e-02	9.83e-01
 4.67963e+21	4.14e-30	4.65e-23	1.38e-17	3.85e-13	2.32e-09	5.46e-05	1.80e-02	9.82e-01
 4.76858e+21	5.27e-30	5.70e-23	1.63e-17	4.39e-13	2.54e-09	5.81e-05	1.86e-02	9.81e-01
 4.84563e+21	6.50e-30	6.81e-23	1.88e-17	4.92e-13	2.75e-09	6.13e-05	1.91e-02	9.81e-01
 4.92750e+21	8.10e-30	8.21e-23	2.20e-17	5.54e-13	3.00e-09	6.49e-05	1.96e-02	9.80e-01
 5.01908e+21	1.04e-29	1.01e-22	2.61e-17	6.34e-13	3.30e-09	6.92e-05	2.03e-02	9.80e-01
 5.10431e+21	1.30e-29	1.23e-22	3.06e-17	7.18e-13	3.60e-09	7.34e-05	2.09e-02	9.79e-01
 5.18304e+21	1.61e-29	1.47e-22	3.54e-17	8.05e-13	3.90e-09	7.75e-05	2.14e-02	9.78e-01
 5.27233e+21	2.04e-29	1.80e-22	4.18e-17	9.16e-13	4.28e-09	8.23e-05	2.21e-02	9.78e-01
 5.37106e+21	2.66e-29	2.25e-22	5.03e-17	1.06e-12	4.74e-09	8.81e-05	2.28e-02	9.77e-01
 5.46118e+21	3.40e-29	2.77e-22	5.97e-17	1.21e-12	5.21e-09	9.38e-05	2.36e-02	9.76e-01
 5.54295e+21	4.20e-29	3.31e-22	6.93e-17	1.36e-12	5.66e-09	9.91e-05	2.42e-02	9.76e-01
 5.63476e+21	5.36e-29	4.07e-22	8.21e-17	1.55e-12	6.21e-09	1.05e-04	2.50e-02	9.75e-01
 5.73418e+21	6.98e-29	5.10e-22	9.88e-17	1.79e-12	6.88e-09	1.13e-04	2.58e-02	9.74e-01
 5.82245e+21	8.83e-29	6.22e-22	1.16e-16	2.04e-12	7.54e-09	1.20e-04	2.66e-02	9.73e-01
 5.90177e+21	1.09e-28	7.44e-22	1.35e-16	2.28e-12	8.18e-09	1.26e-04	2.73e-02	9.73e-01
 5.99052e+21	1.38e-28	9.08e-22	1.59e-16	2.60e-12	8.95e-09	1.34e-04	2.81e-02	9.72e-01
 6.08973e+21	1.79e-28	1.14e-21	1.91e-16	3.00e-12	9.91e-09	1.43e-04	2.90e-02	9.71e-01
 6.18181e+21	2.29e-28	1.40e-21	2.27e-16	3.43e-12	1.09e-08	1.53e-04	2.99e-02	9.70e-01
 6.26664e+21	2.89e-28	1.70e-21	2.67e-16	3.89e-12	1.19e-08	1.62e-04	3.08e-02	9.69e-01
 6.36275e+21	3.69e-28	2.10e-21	3.17e-16	4.45e-12	1.31e-08	1.72e-04	3.17e-02	9.68e-01
 6.46949e+21	4.89e-28	2.66e-21	3.86e-16	5.20e-12	1.46e-08	1.85e-04	3.29e-02	9.67e-01
 6.56629e+21	6.32e-28	3.31e-21	4.63e-16	5.99e-12	1.62e-08	1.97e-04	3.39e-02	9.66e-01
 6.65313e+21	7.94e-28	4.02e-21	5.43e-16	6.79e-12	1.77e-08	2.09e-04	3.49e-02	9.65e-01
 6.75079e+21	1.03e-27	5.00e-21	6.50e-16	7.82e-12	1.95e-08	2.23e-04	3.60e-02	9.64e-01
 6.86054e+21	1.37e-27	6.38e-21	7.96e-16	9.16e-12	2.18e-08	2.40e-04	3.73e-02	9.62e-01
 6.96317e+21	1.79e-27	8.01e-21	9.61e-16	1.06e-11	2.43e-08	2.57e-04	3.86e-02	9.61e-01
 7.05782e+21	2.28e-27	9.87e-21	1.14e-15	1.22e-11	2.67e-08	2.74e-04	3.97e-02	9.60e-01
 7.16492e+21	3.00e-27	1.25e-20	1.39e-15	1.42e-11	2.97e-08	2.93e-04	4.11e-02	9.59e-01
 7.28374e+21	4.07e-27	1.62e-20	1.72e-15	1.68e-11	3.35e-08	3.17e-04	4.27e-02	9.57e-01
 7.39373e+21	5.38e-27	2.05e-20	2.10e-15	1.96e-11	3.74e-08	3.40e-04	4.42e-02	9.55e-01
 7.49683e+21	6.97e-27	2.56e-20	2.52e-15	2.26e-11	4.14e-08	3.64e-04	4.56e-02	9.54e-01
 7.59830e+21	8.97e-27	3.17e-20	3.01e-15	2.60e-11	4.58e-08	3.88e-04	4.71e-02	9.53e-01
 7.69796e+21	1.14e-26	3.90e-20	3.58e-15	2.99e-11	5.04e-08	4.13e-04	4.85e-02	9.51e-01
 7.81203e+21	1.51e-26	4.93e-20	4.35e-15	3.48e-11	5.63e-08	4.43e-04	5.02e-02	9.49e-01
 7.93564e+21	2.02e-26	6.34e-20	5.36e-15	4.11e-11	6.33e-08	4.78e-04	5.21e-02	9.47e-01
 8.04554e+21	2.62e-26	7.90e-20	6.45e-15	4.75e-11	7.01e-08	5.11e-04	5.38e-02	9.46e-01
 8.16229e+21	3.42e-26	9.93e-20	7.80e-15	5.53e-11	7.81e-08	5.48e-04	5.56e-02	9.44e-01
 8.29266e+21	4.58e-26	1.28e-19	9.61e-15	6.53e-11	8.79e-08	5.91e-04	5.77e-02	9.42e-01
 8.41423e+21	5.99e-26	1.60e-19	1.16e-14	7.60e-11	9.79e-08	6.34e-04	5.96e-02	9.40e-01
 8.52804e+21	7.65e-26	1.98e-19	1.39e-14	8.74e-11	1.08e-07	6.77e-04	6.15e-02	9.38e-01
 8.65826e+21	1.01e-25	2.50e-19	1.69e-14	1.02e-10	1.21e-07	7.27e-04	6.37e-02	9.36e-01
 8.80431e+21	1.36e-25	3.23e-19	2.09e-14	1.21e-10	1.37e-07	7.87e-04	6.61e-02	9.33e-01
 8.94159e+21	1.79e-25	4.09e-19	2.55e-14	1.42e-10	1.53e-07	8.47e-04	6.85e-02	9.31e-01
 9.07048e+21	2.30e-25	5.08e-19	3.06e-14	1.64e-10	1.70e-07	9.05e-04	7.07e-02	9.28e-01
 9.21778e+21	3.04e-25	6.45e-19	3.74e-14	1.93e-10	1.91e-07	9.75e-04	7.32e-02	9.26e-01
 9.37469e+21	4.06e-25	8.28e-19	4.62e-14	2.28e-10	2.15e-07	1.05e-03	7.60e-02	9.23e-01
 9.50722e+21	5.16e-25	1.02e-18	5.50e-14	2.62e-10	2.38e-07	1.13e-03	7.84e-02	9.20e-01
 9.62456e+21	6.40e-25	1.22e-18	6.42e-14	2.97e-10	2.60e-07	1.19e-03	8.06e-02	9.18e-01
 9.75900e+21	8.00e-25	1.48e-18	7.55e-14	3.38e-10	2.86e-07	1.27e-03	8.29e-02	9.16e-01
 9.93378e+21	1.07e-24	1.91e-18	9.33e-14	4.01e-10	3.23e-07	1.37e-03	8.61e-02	9.13e-01
 1.01126e+22	1.44e-24	2.45e-18	1.15e-13	4.76e-10	3.66e-07	1.49e-03	8.94e-02	9.09e-01
 1.02576e+22	1.81e-24	2.99e-18	1.37e-13	5.45e-10	4.04e-07	1.58e-03	9.21e-02	9.06e-01
 1.04068e+22	2.28e-24	3.65e-18	1.62e-13	6.24e-10	4.45e-07	1.69e-03	9.49e-02	9.03e-01
 1.06008e+22	3.05e-24	4.69e-18	2.00e-13	7.41e-10	5.04e-07	1.83e-03	9.85e-02	9.00e-01
 1.08019e+22	4.10e-24	6.06e-18	2.48e-13	8.82e-10	5.72e-07	1.98e-03	1.02e-01	8.96e-01
 1.09689e+22	5.18e-24	7.41e-18	2.94e-13	1.01e-09	6.33e-07	2.11e-03	1.06e-01	8.92e-01
 1.11140e+22	6.34e-24	8.82e-18	3.41e-13	1.14e-09	6.90e-07	2.24e-03	1.08e-01	8.89e-01
 1.12741e+22	7.84e-24	1.06e-17	3.98e-13	1.29e-09	7.56e-07	2.37e-03	1.11e-01	8.86e-01
 1.14821e+22	1.03e-23	1.35e-17	4.88e-13	1.53e-09	8.53e-07	2.56e-03	1.15e-01	8.82e-01
 1.16921e+22	1.36e-23	1.70e-17	5.96e-13	1.79e-09	9.59e-07	2.76e-03	1.20e-01	8.78e-01
 1.18594e+22	1.68e-23	2.05e-17	6.97e-13	2.04e-09	1.05e-06	2.93e-03	1.23e-01	8.74e-01
 1.20317e+22	2.06e-23	2.44e-17	8.10e-13	2.30e-09	1.15e-06	3.11e-03	1.26e-01	8.71e-01
 1.22556e+22	2.69e-23	3.07e-17	9.84e-13	2.69e-09	1.29e-06	3.34e-03	1.31e-01	8.66e-01
 1.24906e+22	3.53e-23	3.89e-17	1.20e-12	3.17e-09	1.45e-06	3.61e-03	1.35e-01	8.61e-01
 1.26907e+22	4.42e-23	4.72e-17	1.42e-12	3.62e-09	1.60e-06	3.84e-03	1.39e-01	8.57e-01
 1.29013e+22	5.56e-23	5.76e-17	1.68e-12	4.15e-09	1.77e-06	4.10e-03	1.43e-01	8.53e-01
 1.31751e+22	7.43e-23	7.40e-17	2.07e-12	4.94e-09	2.01e-06	4.45e-03	1.49e-01	8.47e-01
 1.34410e+22	9.80e-23	9.40e-17	2.54e-12	5.83e-09	2.27e-06	4.81e-03	1.54e-01	8.41e-01
 1.36377e+22	1.17e-22	1.10e-16	2.89e-12	6.46e-09	2.45e-06	5.05e-03	1.58e-01	8.37e-01
 1.38344e+22	1.40e-22	1.28e-16	3.29e-12	7.16e-09	2.65e-06	5.30e-03	1.61e-01	8.34e-01
 1.40901e+22	1.78e-22	1.57e-16	3.93e-12	8.28e-09	2.94e-06	5.67e-03	1.66e-01	8.28e-01
 1.43692e+22	2.31e-22	1.97e-16	4.76e-12	9.68e-09	3.30e-06	6.10e-03	1.72e-01	8.22e-01
 1.46222e+22	2.92e-22	2.41e-16	5.64e-12	1.11e-08	3.65e-06	6.51e-03	1.77e-01	8.17e-01
 1.48945e+22	3.69e-22	2.95e-16	6.70e-12	1.28e-08	4.05e-06	6.95e-03	1.82e-01	8.11e-01
 1.52486e+22	5.02e-22	3.85e-16	8.40e-12	1.54e-08	4.63e-06	7.57e-03	1.89e-01	8.04e-01
 1.56086e+22	6.80e-22	5.01e-16	1.05e-11	1.84e-08	5.29e-06	8.24e-03	1.96e-01	7.96e-01
 1.59023e+22	8.64e-22	6.16e-16	1.25e-11	2.12e-08	5.87e-06	8.80e-03	2.02e-01	7.89e-01
 1.61641e+22	1.06e-21	7.37e-16	1.46e-11	2.40e-08	6.43e-06	9.32e-03	2.07e-01	7.84e-01
 1.64586e+22	1.34e-21	9.00e-16	1.72e-11	2.75e-08	7.11e-06	9.94e-03	2.13e-01	7.77e-01
 1.68414e+22	1.78e-21	1.15e-15	2.12e-11	3.25e-08	8.03e-06	1.07e-02	2.20e-01	7.69e-01
 1.72401e+22	2.40e-21	1.49e-15	2.64e-11	3.89e-08	9.17e-06	1.17e-02	2.28e-01	7.61e-01
 1.75589e+22	3.03e-21	1.82e-15	3.13e-11	4.46e-08	1.01e-05	1.24e-02	2.34e-01	7.54e-01
 1.78727e+22	3.77e-21	2.20e-15	3.67e-11	5.09e-08	1.12e-05	1.32e-02	2.40e-01	7.47e-01
 1.82806e+22	4.97e-21	2.79e-15	4.49e-11	5.99e-08	1.26e-05	1.42e-02	2.48e-01	7.38e-01
 1.87028e+22	6.64e-21	3.59e-15	5.56e-11	7.12e-08	1.43e-05	1.54e-02	2.56e-01	7.28e-01
 1.90484e+22	8.35e-21	4.37e-15	6.57e-11	8.16e-08	1.58e-05	1.64e-02	2.63e-01	7.21e-01
 1.94028e+22	1.05e-20	5.32e-15	7.76e-11	9.34e-08	1.74e-05	1.75e-02	2.70e-01	7.13e-01
 1.98635e+22	1.39e-20	6.79e-15	9.54e-11	1.10e-07	1.97e-05	1.88e-02	2.78e-01	7.03e-01
 2.03423e+22	1.88e-20	8.80e-15	1.19e-10	1.32e-07	2.25e-05	2.04e-02	2.87e-01	6.92e-01
 2.07372e+22	2.38e-20	1.08e-14	1.42e-10	1.52e-07	2.49e-05	2.18e-02	2.95e-01	6.83e-01
 2.11429e+22	3.02e-20	1.33e-14	1.69e-10	1.76e-07	2.77e-05	2.33e-02	3.02e-01	6.74e-01
 2.16702e+22	4.07e-20	1.72e-14	2.10e-10	2.10e-07	3.15e-05	2.52e-02	3.12e-01	6.63e-01
 2.22187e+22	5.55e-20	2.25e-14	2.64e-10	2.52e-07	3.61e-05	2.74e-02	3.22e-01	6.51e-01
 2.26414e+22	7.00e-20	2.75e-14	3.13e-10	2.90e-07	4.00e-05	2.91e-02	3.30e-01	6.41e-01
 2.29756e+22	8.36e-20	3.20e-14	3.56e-10	3.23e-07	4.32e-05	3.06e-02	3.36e-01	6.34e-01
 2.33483e+22	1.02e-19	3.80e-14	4.13e-10	3.64e-07	4.71e-05	3.22e-02	3.42e-01	6.25e-01
 2.38327e+22	1.30e-19	4.69e-14	4.94e-10	4.21e-07	5.24e-05	3.44e-02	3.51e-01	6.15e-01
 2.43588e+22	1.70e-19	5.93e-14	6.03e-10	4.96e-07	5.91e-05	3.70e-02	3.60e-01	6.03e-01
 2.48225e+22	2.14e-19	7.24e-14	7.15e-10	5.70e-07	6.54e-05	3.93e-02	3.68e-01	5.93e-01
 2.53089e+22	2.69e-19	8.82e-14	8.46e-10	6.54e-07	7.23e-05	4.18e-02	3.76e-01	5.82e-01
 2.59412e+22	3.62e-19	1.14e-13	1.06e-09	7.85e-07	8.27e-05	4.52e-02	3.86e-01	5.68e-01
 2.65766e+22	4.85e-19	1.47e-13	1.31e-09	9.40e-07	9.43e-05	4.89e-02	3.97e-01	5.54e-01
 2.70762e+22	6.07e-19	1.79e-13	1.55e-09	1.08e-06	1.04e-04	5.19e-02	4.05e-01	5.43e-01
 2.75861e+22	7.57e-19	2.17e-13	1.84e-09	1.24e-06	1.15e-04	5.51e-02	4.13e-01	5.32e-01
 2.82488e+22	9.96e-19	2.76e-13	2.25e-09	1.47e-06	1.30e-04	5.93e-02	4.22e-01	5.18e-01
 2.89551e+22	1.33e-18	3.56e-13	2.81e-09	1.76e-06	1.49e-04	6.41e-02	4.32e-01	5.03e-01
 2.95615e+22	1.70e-18	4.41e-13	3.38e-09	2.05e-06	1.67e-04	6.84e-02	4.41e-01	4.91e-01
 3.01934e+22	2.17e-18	5.44e-13	4.05e-09	2.39e-06	1.86e-04	7.29e-02	4.49e-01	4.78e-01
 3.10148e+22	2.93e-18	7.09e-13	5.10e-09	2.89e-06	2.15e-04	7.91e-02	4.59e-01	4.61e-01
 3.18507e+22	3.97e-18	9.27e-13	6.45e-09	3.52e-06	2.48e-04	8.58e-02	4.70e-01	4.44e-01
 3.24776e+22	4.97e-18	1.13e-12	7.67e-09	4.08e-06	2.76e-04	9.12e-02	4.77e-01	4.31e-01
 3.29817e+22	5.88e-18	1.31e-12	8.72e-09	4.54e-06	2.98e-04	9.53e-02	4.82e-01	4.22e-01
 3.35537e+22	7.09e-18	1.54e-12	1.01e-08	5.13e-06	3.26e-04	1.00e-01	4.88e-01	4.11e-01
 3.42974e+22	8.95e-18	1.90e-12	1.21e-08	5.98e-06	3.65e-04	1.07e-01	4.95e-01	3.98e-01
 3.51122e+22	1.15e-17	2.37e-12	1.47e-08	7.07e-06	4.13e-04	1.14e-01	5.02e-01	3.83e-01
 3.58335e+22	1.43e-17	2.87e-12	1.74e-08	8.17e-06	4.60e-04	1.21e-01	5.08e-01	3.70e-01
 3.64787e+22	1.72e-17	3.39e-12	2.02e-08	9.28e-06	5.05e-04	1.28e-01	5.13e-01	3.58e-01
 3.72108e+22	2.10e-17	4.04e-12	2.36e-08	1.06e-05	5.57e-04	1.34e-01	5.18e-01	3.47e-01
 3.81624e+22	2.69e-17	5.04e-12	2.87e-08	1.25e-05	6.31e-04	1.44e-01	5.24e-01	3.32e-01
 3.91421e+22	3.46e-17	6.32e-12	3.52e-08	1.49e-05	7.17e-04	1.54e-01	5.29e-01	3.16e-01
 3.99349e+22	4.20e-17	7.53e-12	4.12e-08	1.71e-05	7.93e-04	1.62e-01	5.33e-01	3.04e-01
 4.07425e+22	5.05e-17	8.89e-12	4.78e-08	1.95e-05	8.73e-04	1.71e-01	5.36e-01	2.93e-01
 4.17923e+22	6.36e-17	1.09e-11	5.76e-08	2.29e-05	9.84e-04	1.82e-01	5.39e-01	2.78e-01
 4.28986e+22	8.07e-17	1.36e-11	6.99e-08	2.71e-05	1.12e-03	1.94e-01	5.42e-01	2.64e-01
 4.38324e+22	9.78e-17	1.61e-11	8.18e-08	3.11e-05	1.24e-03	2.04e-01	5.43e-01	2.52e-01
 4.48006e+22	1.17e-16	1.91e-11	9.51e-08	3.54e-05	1.36e-03	2.14e-01	5.44e-01	2.41e-01
 4.60593e+22	1.47e-16	2.34e-11	1.15e-07	4.17e-05	1.54e-03	2.27e-01	5.44e-01	2.27e-01
 4.73798e+22	1.87e-16	2.90e-11	1.39e-07	4.95e-05	1.75e-03	2.42e-01	5.43e-01	2.13e-01
 4.84555e+22	2.24e-16	3.43e-11	1.62e-07	5.66e-05	1.93e-03	2.54e-01	5.42e-01	2.02e-01
 4.93142e+22	2.58e-16	3.89e-11	1.83e-07	6.27e-05	2.08e-03	2.63e-01	5.41e-01	1.94e-01
 5.02156e+22	2.96e-16	4.41e-11	2.04e-07	6.92e-05	2.24e-03	2.73e-01	5.39e-01	1.86e-01
 5.13875e+22	3.50e-16	5.15e-11	2.36e-07	7.83e-05	2.46e-03	2.85e-01	5.36e-01	1.77e-01
 5.26573e+22	4.21e-16	6.09e-11	2.75e-07	8.96e-05	2.72e-03	2.98e-01	5.33e-01	1.67e-01
 5.37770e+22	4.90e-16	7.01e-11	3.13e-07	1.01e-04	2.96e-03	3.10e-01	5.29e-01	1.58e-01
 5.47928e+22	5.62e-16	7.94e-11	3.50e-07	1.11e-04	3.18e-03	3.20e-01	5.26e-01	1.51e-01
 5.59507e+22	6.48e-16	9.05e-11	3.95e-07	1.23e-04	3.44e-03	3.31e-01	5.22e-01	1.44e-01
 5.74560e+22	7.75e-16	1.07e-10	4.59e-07	1.40e-04	3.79e-03	3.45e-01	5.16e-01	1.35e-01
 5.90222e+22	9.33e-16	1.26e-10	5.37e-07	1.61e-04	4.19e-03	3.60e-01	5.09e-01	1.26e-01
 6.03088e+22	1.08e-15	1.44e-10	6.08e-07	1.79e-04	4.54e-03	3.73e-01	5.03e-01	1.19e-01
 6.16224e+22	1.24e-15	1.64e-10	6.82e-07	1.97e-04	4.88e-03	3.84e-01	4.98e-01	1.13e-01
 6.33301e+22	1.47e-15	1.92e-10	7.87e-07	2.23e-04	5.35e-03	3.99e-01	4.90e-01	1.06e-01
 6.51441e+22	1.76e-15	2.26e-10	9.16e-07	2.55e-04	5.89e-03	4.15e-01	4.81e-01	9.80e-02
 6.66895e+22	2.03e-15	2.59e-10	1.04e-06	2.84e-04	6.38e-03	4.28e-01	4.73e-01	9.20e-02
 6.82918e+22	2.34e-15	2.95e-10	1.17e-06	3.14e-04	6.86e-03	4.40e-01	4.66e-01	8.67e-02
 7.03748e+22	2.79e-15	3.46e-10	1.35e-06	3.55e-04	7.51e-03	4.55e-01	4.56e-01	8.04e-02
 7.25856e+22	3.35e-15	4.10e-10	1.58e-06	4.05e-04	8.28e-03	4.72e-01	4.46e-01	7.39e-02
 7.44646e+22	3.88e-15	4.70e-10	1.80e-06	4.52e-04	8.97e-03	4.86e-01	4.36e-01	6.89e-02
 7.64092e+22	4.48e-15	5.35e-10	2.02e-06	4.99e-04	9.63e-03	4.98e-01	4.27e-01	6.45e-02
 7.89372e+22	5.33e-15	6.28e-10	2.34e-06	5.63e-04	1.05e-02	5.13e-01	4.16e-01	5.94e-02
 8.16887e+22	6.42e-15	7.47e-10	2.75e-06	6.43e-04	1.16e-02	5.30e-01	4.04e-01	5.41e-02
 8.38655e+22	7.46e-15	8.57e-10	3.12e-06	7.14e-04	1.25e-02	5.43e-01	3.94e-01	5.02e-02
 8.54574e+22	8.23e-15	9.40e-10	3.40e-06	7.67e-04	1.32e-02	5.52e-01	3.86e-01	4.76e-02
 8.71539e+22	9.10e-15	1.03e-09	3.70e-06	8.20e-04	1.38e-02	5.60e-01	3.80e-01	4.53e-02
 8.93594e+22	1.03e-14	1.15e-09	4.10e-06	8.93e-04	1.47e-02	5.71e-01	3.71e-01	4.25e-02
 9.22265e+22	1.19e-14	1.32e-09	4.66e-06	9.90e-04	1.58e-02	5.84e-01	3.60e-01	3.92e-02
 9.52466e+22	1.40e-14	1.54e-09	5.35e-06	1.11e-03	1.71e-02	5.97e-01	3.49e-01	3.59e-02
 9.77551e+22	1.60e-14	1.74e-09	5.98e-06	1.21e-03	1.83e-02	6.08e-01	3.39e-01	3.34e-02
 1.00306e+23	1.79e-14	1.93e-09	6.60e-06	1.31e-03	1.93e-02	6.17e-01	3.31e-01	3.13e-02
 1.03622e+23	2.06e-14	2.20e-09	7.45e-06	1.44e-03	2.07e-02	6.28e-01	3.21e-01	2.89e-02
 1.07264e+23	2.42e-14	2.56e-09	8.54e-06	1.61e-03	2.23e-02	6.41e-01	3.09e-01	2.63e-02
 1.10501e+23	2.78e-14	2.90e-09	9.61e-06	1.76e-03	2.38e-02	6.51e-01	2.99e-01	2.43e-02
 1.13438e+23	3.12e-14	3.23e-09	1.06e-05	1.90e-03	2.51e-02	6.59e-01	2.91e-01	2.27e-02
 1.16813e+23	3.53e-14	3.61e-09	1.17e-05	2.05e-03	2.65e-02	6.67e-01	2.83e-01	2.12e-02
 1.21157e+23	4.04e-14	4.10e-09	1.32e-05	2.25e-03	2.83e-02	6.77e-01	2.73e-01	1.94e-02
 1.26015e+23	4.74e-14	4.76e-09	1.52e-05	2.50e-03	3.05e-02	6.88e-01	2.62e-01	1.76e-02
 1.30583e+23	5.50e-14	5.46e-09	1.72e-05	2.75e-03	3.25e-02	6.97e-01	2.52e-01	1.61e-02
 1.35446e+23	6.27e-14	6.17e-09	1.92e-05	2.99e-03	3.44e-02	7.04e-01	2.43e-01	1.49e-02
 1.40987e+23	7.27e-14	7.07e-09	2.18e-05	3.28e-03	3.68e-02	7.13e-01	2.34e-01	1.36e-02
 1.46750e+23	8.43e-14	8.10e-09	2.46e-05	3.59e-03	3.90e-02	7.20e-01	2.25e-01	1.24e-02
 1.52744e+23	9.63e-14	9.17e-09	2.77e-05	3.91e-03	4.14e-02	7.27e-01	2.16e-01	1.14e-02
 1.58977e+23	1.10e-13	1.04e-08	3.10e-05	4.24e-03	4.38e-02	7.33e-01	2.08e-01	1.05e-02
 1.65459e+23	1.25e-13	1.17e-08	3.44e-05	4.58e-03	4.61e-02	7.39e-01	2.01e-01	9.67e-03
 1.72201e+23	1.41e-13	1.31e-08	3.81e-05	4.93e-03	4.85e-02	7.44e-01	1.94e-01	8.96e-03
 1.79212e+23	1.58e-13	1.45e-08	4.20e-05	5.28e-03	5.08e-02	7.48e-01	1.87e-01	8.32e-03
 1.86504e+23	1.77e-13	1.60e-08	4.60e-05	5.63e-03	5.30e-02	7.52e-01	1.82e-01	7.78e-03
 1.94088e+23	1.96e-13	1.76e-08	5.00e-05	5.97e-03	5.51e-02	7.55e-01	1.76e-01	7.29e-03
 2.01975e+23	2.16e-13	1.93e-08	5.42e-05	6.32e-03	5.72e-02	7.58e-01	1.71e-01	6.86e-03
 2.10177e+23	2.37e-13	2.09e-08	5.84e-05	6.65e-03	5.92e-02	7.61e-01	1.67e-01	6.48e-03
 2.18708e+23	2.57e-13	2.26e-08	6.25e-05	6.98e-03	6.10e-02	7.63e-01	1.63e-01	6.15e-03
 2.27178e+23	2.77e-13	2.42e-08	6.65e-05	7.28e-03	6.28e-02	7.65e-01	1.59e-01	5.86e-03
 2.35008e+23	2.96e-13	2.56e-08	7.02e-05	7.56e-03	6.44e-02	7.67e-01	1.56e-01	5.61e-03
 2.42056e+23	3.14e-13	2.70e-08	7.34e-05	7.80e-03	6.56e-02	7.68e-01	1.53e-01	5.43e-03
 2.48398e+23	3.28e-13	2.81e-08	7.60e-05	7.99e-03	6.66e-02	7.69e-01	1.51e-01	5.28e-03
 2.54107e+23	3.39e-13	2.90e-08	7.83e-05	8.15e-03	6.75e-02	7.70e-01	1.50e-01	5.16e-03
 2.59244e+23	3.50e-13	2.98e-08	8.02e-05	8.29e-03	6.82e-02	7.70e-01	1.48e-01	5.07e-03
 2.63868e+23	3.59e-13	3.05e-08	8.19e-05	8.41e-03	6.89e-02	7.71e-01	1.47e-01	4.99e-03
 2.68029e+23	3.66e-13	3.11e-08	8.31e-05	8.50e-03	6.93e-02	7.71e-01	1.46e-01	4.93e-03
 2.71775e+23	3.72e-13	3.15e-08	8.42e-05	8.57e-03	6.97e-02	7.71e-01	1.46e-01	4.89e-03
 2.75145e+23	3.77e-13	3.18e-08	8.49e-05	8.62e-03	6.99e-02	7.71e-01	1.45e-01	4.85e-03
 2.78269e+23	3.81e-13	3.21e-08	8.56e-05	8.67e-03	7.02e-02	7.72e-01	1.45e-01	4.82e-03
 2.81324e+23	3.84e-13	3.25e-08	8.64e-05	8.72e-03	7.05e-02	7.72e-01	1.44e-01	4.78e-03
 2.84379e+23	3.87e-13	3.26e-08	8.68e-05	8.75e-03	7.06e-02	7.72e-01	1.44e-01	4.77e-03
 2.87434e+23	3.89e-13	3.28e-08	8.72e-05	8.78e-03	7.08e-02	7.72e-01	1.44e-01	4.75e-03
 2.90489e+23	3.91e-13	3.29e-08	8.75e-05	8.80e-03	7.09e-02	7.72e-01	1.43e-01	4.74e-03
 2.93543e+23	3.92e-13	3.30e-08	8.77e-05	8.81e-03	7.10e-02	7.72e-01	1.43e-01	4.73e-03
 2.96598e+23	3.92e-13	3.31e-08	8.78e-05	8.82e-03	7.10e-02	7.72e-01	1.43e-01	4.72e-03
 2.99653e+23	3.93e-13	3.31e-08	8.80e-05	8.83e-03	7.11e-02	7.72e-01	1.43e-01	4.72e-03
 3.02708e+23	3.94e-13	3.32e-08	8.81e-05	8.84e-03	7.11e-02	7.72e-01	1.43e-01	4.71e-03
 3.04858e+23	4.02e-13	3.38e-08	8.98e-05	8.95e-03	7.18e-02	7.73e-01	1.42e-01	4.64e-03
