#depth	Si	Si+	Si+2	Si+3	Si+4	Si+5	Si+6	Si+7	Si+8	Si+9	Si+10	Si+11	Si+12	Si+13	Si+14
 6.17135e+19	0.00e+00	0.00e+00	0.00e+00	0.00e+00	1.65e-27	6.08e-23	6.15e-19	1.82e-15	1.96e-12	8.95e-10	2.25e-07	3.91e-05	1.38e-02	1.97e-01	7.89e-01
 1.87609e+20	0.00e+00	0.00e+00	0.00e+00	0.00e+00	4.83e-27	1.60e-22	1.45e-18	3.87e-15	3.79e-12	1.56e-09	3.47e-07	5.37e-05	1.69e-02	2.14e-01	7.69e-01
 2.90012e+20	0.00e+00	0.00e+00	0.00e+00	0.00e+00	1.11e-26	3.38e-22	2.83e-18	6.96e-15	6.31e-12	2.39e-09	4.85e-07	6.86e-05	1.97e-02	2.29e-01	7.52e-01
 3.58256e+20	0.00e+00	0.00e+00	0.00e+00	0.00e+00	1.89e-26	5.47e-22	4.35e-18	1.02e-14	8.77e-12	3.15e-09	6.01e-07	8.02e-05	2.17e-02	2.38e-01	7.40e-01
 4.06368e+20	0.00e+00	0.00e+00	0.00e+00	0.00e+00	2.76e-26	7.69e-22	5.89e-18	1.33e-14	1.11e-11	3.84e-09	7.00e-07	8.97e-05	2.33e-02	2.45e-01	7.31e-01
 4.40227e+20	0.00e+00	0.00e+00	0.00e+00	0.00e+00	3.53e-26	9.60e-22	7.17e-18	1.58e-14	1.29e-11	4.35e-09	7.72e-07	9.64e-05	2.43e-02	2.50e-01	7.26e-01
 4.76499e+20	0.00e+00	0.00e+00	0.00e+00	0.00e+00	4.62e-26	1.22e-21	8.90e-18	1.91e-14	1.52e-11	5.00e-09	8.61e-07	1.04e-04	2.56e-02	2.55e-01	7.20e-01
 5.23653e+20	0.00e+00	0.00e+00	0.00e+00	0.00e+00	6.51e-26	1.67e-21	1.17e-17	2.44e-14	1.88e-11	5.98e-09	9.89e-07	1.15e-04	2.72e-02	2.61e-01	7.11e-01
 5.75611e+20	0.00e+00	0.00e+00	0.00e+00	0.00e+00	9.44e-26	2.33e-21	1.58e-17	3.18e-14	2.37e-11	7.25e-09	1.15e-06	1.29e-04	2.91e-02	2.68e-01	7.02e-01
 6.23207e+20	0.00e+00	0.00e+00	0.00e+00	0.00e+00	1.32e-25	3.15e-21	2.07e-17	4.02e-14	2.91e-11	8.63e-09	1.31e-06	1.42e-04	3.09e-02	2.75e-01	6.94e-01
 6.74474e+20	0.00e+00	0.00e+00	0.00e+00	0.00e+00	1.87e-25	4.33e-21	2.75e-17	5.17e-14	3.61e-11	1.04e-08	1.51e-06	1.57e-04	3.29e-02	2.82e-01	6.85e-01
 7.31257e+20	0.00e+00	0.00e+00	0.00e+00	0.00e+00	2.75e-25	6.12e-21	3.74e-17	6.78e-14	4.58e-11	1.26e-08	1.77e-06	1.76e-04	3.53e-02	2.89e-01	6.75e-01
 7.83790e+20	0.00e+00	0.00e+00	0.00e+00	0.00e+00	3.88e-25	8.36e-21	4.94e-17	8.67e-14	5.67e-11	1.51e-08	2.03e-06	1.94e-04	3.75e-02	2.96e-01	6.66e-01
 8.40666e+20	0.00e+00	0.00e+00	0.00e+00	0.00e+00	5.60e-25	1.16e-20	6.64e-17	1.12e-13	7.11e-11	1.83e-08	2.35e-06	2.16e-04	4.00e-02	3.04e-01	6.56e-01
 9.00356e+20	0.00e+00	0.00e+00	0.00e+00	0.00e+00	8.16e-25	1.64e-20	9.00e-17	1.47e-13	8.97e-11	2.22e-08	2.73e-06	2.41e-04	4.28e-02	3.11e-01	6.46e-01
 9.51028e+20	0.00e+00	0.00e+00	0.00e+00	0.00e+00	1.12e-24	2.17e-20	1.16e-16	1.83e-13	1.09e-10	2.61e-08	3.10e-06	2.64e-04	4.52e-02	3.18e-01	6.37e-01
 1.00422e+21	0.00e+00	0.00e+00	0.00e+00	1.00e-29	1.54e-24	2.90e-20	1.50e-16	2.31e-13	1.33e-10	3.08e-08	3.52e-06	2.89e-04	4.78e-02	3.24e-01	6.27e-01
 1.07338e+21	0.00e+00	0.00e+00	0.00e+00	1.57e-29	2.32e-24	4.20e-20	2.09e-16	3.08e-13	1.71e-10	3.81e-08	4.15e-06	3.25e-04	5.13e-02	3.33e-01	6.16e-01
 1.14356e+21	0.00e+00	0.00e+00	0.00e+00	2.44e-29	3.48e-24	6.07e-20	2.90e-16	4.12e-13	2.20e-10	4.70e-08	4.88e-06	3.65e-04	5.50e-02	3.41e-01	6.03e-01
 1.20003e+21	0.00e+00	0.00e+00	0.00e+00	3.45e-29	4.79e-24	8.10e-20	3.75e-16	5.17e-13	2.68e-10	5.54e-08	5.54e-06	4.00e-04	5.81e-02	3.48e-01	5.94e-01
 1.25838e+21	0.00e+00	0.00e+00	0.00e+00	4.91e-29	6.61e-24	1.08e-19	4.87e-16	6.50e-13	3.27e-10	6.54e-08	6.30e-06	4.38e-04	6.13e-02	3.54e-01	5.84e-01
 1.33424e+21	0.00e+00	0.00e+00	0.00e+00	7.68e-29	9.98e-24	1.57e-19	6.78e-16	8.70e-13	4.21e-10	8.09e-08	7.42e-06	4.92e-04	6.57e-02	3.63e-01	5.71e-01
 1.40869e+21	0.00e+00	0.00e+00	0.00e+00	1.19e-28	1.49e-23	2.26e-19	9.38e-16	1.16e-12	5.40e-10	9.95e-08	8.70e-06	5.51e-04	7.03e-02	3.71e-01	5.58e-01
 1.46438e+21	0.00e+00	0.00e+00	0.00e+00	1.62e-28	1.98e-23	2.92e-19	1.18e-15	1.41e-12	6.42e-10	1.15e-07	9.72e-06	5.96e-04	7.36e-02	3.76e-01	5.50e-01
 1.51985e+21	0.00e+00	0.00e+00	0.00e+00	2.20e-28	2.62e-23	3.77e-19	1.48e-15	1.73e-12	7.64e-10	1.33e-07	1.09e-05	6.45e-04	7.71e-02	3.82e-01	5.40e-01
 1.59197e+21	0.00e+00	0.00e+00	0.00e+00	3.26e-28	3.76e-23	5.22e-19	1.98e-15	2.23e-12	9.53e-10	1.60e-07	1.25e-05	7.13e-04	8.18e-02	3.89e-01	5.29e-01
 1.66943e+21	0.00e+00	0.00e+00	0.00e+00	4.92e-28	5.49e-23	7.36e-19	2.69e-15	2.92e-12	1.20e-09	1.94e-07	1.45e-05	7.91e-04	8.69e-02	3.96e-01	5.16e-01
 1.73774e+21	0.00e+00	0.00e+00	0.00e+00	7.03e-28	7.63e-23	9.90e-19	3.50e-15	3.69e-12	1.47e-09	2.29e-07	1.65e-05	8.66e-04	9.16e-02	4.02e-01	5.05e-01
 1.81043e+21	0.00e+00	0.00e+00	0.00e+00	1.02e-27	1.07e-22	1.35e-18	4.62e-15	4.70e-12	1.82e-09	2.73e-07	1.89e-05	9.51e-04	9.67e-02	4.08e-01	4.94e-01
 1.89143e+21	0.00e+00	0.00e+00	0.00e+00	1.53e-27	1.56e-22	1.89e-18	6.24e-15	6.13e-12	2.28e-09	3.30e-07	2.18e-05	1.05e-03	1.03e-01	4.15e-01	4.81e-01
 1.96719e+21	0.00e+00	0.00e+00	0.00e+00	2.22e-27	2.19e-22	2.57e-18	8.23e-15	7.81e-12	2.82e-09	3.92e-07	2.50e-05	1.15e-03	1.08e-01	4.21e-01	4.70e-01
 2.04966e+21	0.00e+00	0.00e+00	0.00e+00	3.29e-27	3.16e-22	3.58e-18	1.10e-14	1.01e-11	3.52e-09	4.72e-07	2.87e-05	1.27e-03	1.14e-01	4.27e-01	4.57e-01
 2.13599e+21	0.00e+00	0.00e+00	0.00e+00	4.94e-27	4.59e-22	5.02e-18	1.49e-14	1.32e-11	4.42e-09	5.71e-07	3.32e-05	1.41e-03	1.21e-01	4.33e-01	4.45e-01
 2.20893e+21	0.00e+00	0.00e+00	0.00e+00	6.92e-27	6.26e-22	6.65e-18	1.92e-14	1.64e-11	5.35e-09	6.68e-07	3.74e-05	1.53e-03	1.27e-01	4.38e-01	4.34e-01
 2.28536e+21	0.00e+00	0.00e+00	0.00e+00	9.78e-27	8.61e-22	8.87e-18	2.48e-14	2.06e-11	6.50e-09	7.84e-07	4.23e-05	1.66e-03	1.33e-01	4.42e-01	4.23e-01
 2.38473e+21	0.00e+00	0.00e+00	0.00e+00	1.52e-26	1.29e-21	1.28e-17	3.44e-14	2.74e-11	8.33e-09	9.62e-07	4.94e-05	1.85e-03	1.41e-01	4.48e-01	4.09e-01
 2.48571e+21	0.00e+00	0.00e+00	0.00e+00	2.36e-26	1.94e-21	1.85e-17	4.78e-14	3.65e-11	1.07e-08	1.18e-06	5.77e-05	2.06e-03	1.49e-01	4.53e-01	3.95e-01
 2.56601e+21	0.00e+00	0.00e+00	0.00e+00	3.32e-26	2.65e-21	2.46e-17	6.16e-14	4.57e-11	1.29e-08	1.38e-06	6.51e-05	2.24e-03	1.56e-01	4.57e-01	3.84e-01
 2.64762e+21	0.00e+00	0.00e+00	0.00e+00	4.66e-26	3.63e-21	3.27e-17	7.95e-14	5.70e-11	1.57e-08	1.62e-06	7.33e-05	2.43e-03	1.63e-01	4.61e-01	3.73e-01
 2.75372e+21	0.00e+00	0.00e+00	0.00e+00	7.19e-26	5.42e-21	4.70e-17	1.10e-13	7.58e-11	2.00e-08	1.98e-06	8.54e-05	2.69e-03	1.73e-01	4.65e-01	3.60e-01
 2.86345e+21	0.00e+00	0.00e+00	0.00e+00	1.12e-25	8.15e-21	6.79e-17	1.53e-13	1.01e-10	2.56e-08	2.43e-06	9.96e-05	2.98e-03	1.83e-01	4.68e-01	3.46e-01
 2.95412e+21	0.00e+00	0.00e+00	0.00e+00	1.60e-25	1.13e-20	9.15e-17	1.99e-13	1.28e-10	3.13e-08	2.86e-06	1.13e-04	3.24e-03	1.91e-01	4.71e-01	3.35e-01
 3.03055e+21	0.00e+00	0.00e+00	0.00e+00	2.15e-25	1.49e-20	1.17e-16	2.49e-13	1.55e-10	3.70e-08	3.28e-06	1.25e-04	3.48e-03	1.98e-01	4.73e-01	3.26e-01
 3.11224e+21	0.00e+00	0.00e+00	9.34e-30	2.93e-25	1.99e-20	1.53e-16	3.15e-13	1.90e-10	4.41e-08	3.79e-06	1.39e-04	3.74e-03	2.06e-01	4.75e-01	3.16e-01
 3.21844e+21	0.00e+00	0.00e+00	1.46e-29	4.35e-25	2.87e-20	2.12e-16	4.23e-13	2.46e-10	5.51e-08	4.55e-06	1.60e-04	4.10e-03	2.15e-01	4.77e-01	3.04e-01
 3.32631e+21	0.00e+00	0.00e+00	2.28e-29	6.47e-25	4.14e-20	2.97e-16	5.70e-13	3.20e-10	6.89e-08	5.46e-06	1.83e-04	4.49e-03	2.26e-01	4.78e-01	2.92e-01
 3.41235e+21	0.00e+00	0.00e+00	3.24e-29	8.83e-25	5.52e-20	3.85e-16	7.20e-13	3.92e-10	8.21e-08	6.30e-06	2.04e-04	4.82e-03	2.34e-01	4.79e-01	2.82e-01
 3.50017e+21	0.00e+00	0.00e+00	4.61e-29	1.21e-24	7.38e-20	5.01e-16	9.10e-13	4.82e-10	9.79e-08	7.28e-06	2.27e-04	5.17e-03	2.42e-01	4.79e-01	2.73e-01
 3.59313e+21	0.00e+00	0.00e+00	6.67e-29	1.67e-24	9.98e-20	6.60e-16	1.16e-12	5.97e-10	1.18e-07	8.46e-06	2.54e-04	5.57e-03	2.52e-01	4.79e-01	2.63e-01
 3.67266e+21	0.00e+00	0.00e+00	9.12e-29	2.20e-24	1.29e-19	8.33e-16	1.43e-12	7.16e-10	1.38e-07	9.61e-06	2.80e-04	5.93e-03	2.59e-01	4.79e-01	2.55e-01
 3.75594e+21	0.00e+00	0.00e+00	1.26e-28	2.92e-24	1.68e-19	1.06e-15	1.78e-12	8.64e-10	1.62e-07	1.10e-05	3.08e-04	6.32e-03	2.68e-01	4.79e-01	2.47e-01
 3.84942e+21	0.00e+00	0.00e+00	1.79e-28	3.99e-24	2.25e-19	1.38e-15	2.25e-12	1.06e-09	1.93e-07	1.27e-05	3.43e-04	6.77e-03	2.77e-01	4.78e-01	2.38e-01
 3.93742e+21	0.00e+00	0.00e+00	2.49e-28	5.34e-24	2.95e-19	1.77e-15	2.81e-12	1.29e-09	2.28e-07	1.45e-05	3.79e-04	7.22e-03	2.85e-01	4.77e-01	2.30e-01
 4.01933e+21	0.00e+00	0.00e+00	3.38e-28	6.98e-24	3.78e-19	2.22e-15	3.44e-12	1.54e-09	2.65e-07	1.64e-05	4.16e-04	7.67e-03	2.94e-01	4.76e-01	2.23e-01
 4.09592e+21	0.00e+00	0.00e+00	4.47e-28	8.94e-24	4.77e-19	2.74e-15	4.16e-12	1.82e-09	3.06e-07	1.84e-05	4.53e-04	8.10e-03	3.01e-01	4.74e-01	2.16e-01
 4.16774e+21	0.00e+00	0.00e+00	5.80e-28	1.12e-23	5.90e-19	3.33e-15	4.95e-12	2.11e-09	3.48e-07	2.04e-05	4.89e-04	8.51e-03	3.08e-01	4.73e-01	2.10e-01
 4.24951e+21	0.00e+00	0.00e+00	7.78e-28	1.45e-23	7.52e-19	4.15e-15	6.03e-12	2.51e-09	4.03e-07	2.30e-05	5.35e-04	9.01e-03	3.17e-01	4.71e-01	2.03e-01
 4.33952e+21	0.00e+00	0.00e+00	1.07e-27	1.92e-23	9.78e-19	5.27e-15	7.48e-12	3.03e-09	4.74e-07	2.63e-05	5.89e-04	9.58e-03	3.26e-01	4.69e-01	1.95e-01
 4.42144e+21	0.00e+00	0.00e+00	1.43e-27	2.48e-23	1.24e-18	6.55e-15	9.08e-12	3.59e-09	5.48e-07	2.95e-05	6.42e-04	1.01e-02	3.34e-01	4.67e-01	1.89e-01
 4.49710e+21	0.00e+00	0.00e+00	1.86e-27	3.12e-23	1.54e-18	7.99e-15	1.09e-11	4.20e-09	6.26e-07	3.29e-05	6.95e-04	1.06e-02	3.41e-01	4.64e-01	1.83e-01
 4.58338e+21	0.00e+00	0.00e+00	2.50e-27	4.04e-23	1.97e-18	9.98e-15	1.32e-11	4.99e-09	7.27e-07	3.71e-05	7.60e-04	1.13e-02	3.50e-01	4.62e-01	1.77e-01
 4.67963e+21	0.00e+00	0.00e+00	3.46e-27	5.37e-23	2.57e-18	1.28e-14	1.65e-11	6.06e-09	8.57e-07	4.24e-05	8.38e-04	1.20e-02	3.59e-01	4.58e-01	1.69e-01
 4.76858e+21	0.00e+00	0.00e+00	4.67e-27	6.98e-23	3.30e-18	1.60e-14	2.03e-11	7.24e-09	9.98e-07	4.80e-05	9.17e-04	1.27e-02	3.68e-01	4.55e-01	1.63e-01
 4.84563e+21	0.00e+00	0.00e+00	6.03e-27	8.73e-23	4.07e-18	1.95e-14	2.41e-11	8.43e-09	1.14e-06	5.33e-05	9.91e-04	1.33e-02	3.76e-01	4.52e-01	1.58e-01
 4.92750e+21	0.00e+00	0.00e+00	7.90e-27	1.10e-22	5.09e-18	2.39e-14	2.90e-11	9.90e-09	1.30e-06	5.96e-05	1.07e-03	1.40e-02	3.84e-01	4.49e-01	1.52e-01
 5.01908e+21	0.00e+00	0.00e+00	1.07e-26	1.43e-22	6.52e-18	3.00e-14	3.56e-11	1.18e-08	1.52e-06	6.74e-05	1.18e-03	1.48e-02	3.93e-01	4.45e-01	1.46e-01
 5.10431e+21	0.00e+00	0.00e+00	1.40e-26	1.82e-22	8.19e-18	3.70e-14	4.30e-11	1.40e-08	1.75e-06	7.55e-05	1.28e-03	1.56e-02	4.01e-01	4.41e-01	1.41e-01
 5.18304e+21	0.00e+00	0.00e+00	1.81e-26	2.26e-22	1.01e-17	4.48e-14	5.12e-11	1.62e-08	1.99e-06	8.38e-05	1.38e-03	1.63e-02	4.09e-01	4.37e-01	1.36e-01
 5.27233e+21	0.00e+00	0.00e+00	2.39e-26	2.89e-22	1.28e-17	5.56e-14	6.22e-11	1.93e-08	2.30e-06	9.42e-05	1.50e-03	1.72e-02	4.18e-01	4.33e-01	1.31e-01
 5.37106e+21	0.00e+00	0.00e+00	3.26e-26	3.78e-22	1.65e-17	7.06e-14	7.71e-11	2.32e-08	2.70e-06	1.07e-04	1.65e-03	1.82e-02	4.27e-01	4.28e-01	1.25e-01
 5.46118e+21	0.00e+00	0.00e+00	4.34e-26	4.83e-22	2.09e-17	8.79e-14	9.40e-11	2.76e-08	3.13e-06	1.21e-04	1.80e-03	1.92e-02	4.36e-01	4.23e-01	1.20e-01
 5.54295e+21	0.00e+00	0.00e+00	5.56e-26	5.98e-22	2.57e-17	1.06e-13	1.12e-10	3.21e-08	3.56e-06	1.34e-04	1.94e-03	2.00e-02	4.43e-01	4.19e-01	1.15e-01
 5.63476e+21	0.00e+00	0.00e+00	7.35e-26	7.61e-22	3.24e-17	1.32e-13	1.36e-10	3.80e-08	4.12e-06	1.50e-04	2.11e-03	2.11e-02	4.52e-01	4.14e-01	1.11e-01
 5.73418e+21	0.00e+00	0.00e+00	9.92e-26	9.85e-22	4.17e-17	1.67e-13	1.68e-10	4.57e-08	4.82e-06	1.71e-04	2.31e-03	2.23e-02	4.61e-01	4.09e-01	1.06e-01
 5.82245e+21	0.00e+00	0.00e+00	1.29e-25	1.24e-21	5.20e-17	2.05e-13	2.02e-10	5.38e-08	5.53e-06	1.91e-04	2.50e-03	2.34e-02	4.69e-01	4.04e-01	1.01e-01
 5.90177e+21	0.00e+00	0.00e+00	1.63e-25	1.51e-21	6.33e-17	2.46e-13	2.38e-10	6.22e-08	6.26e-06	2.10e-04	2.69e-03	2.44e-02	4.76e-01	3.99e-01	9.74e-02
 5.99052e+21	0.00e+00	0.00e+00	2.12e-25	1.89e-21	7.88e-17	3.01e-13	2.87e-10	7.31e-08	7.18e-06	2.35e-04	2.91e-03	2.55e-02	4.84e-01	3.94e-01	9.33e-02
 6.08973e+21	0.00e+00	0.00e+00	2.83e-25	2.41e-21	1.00e-16	3.78e-13	3.53e-10	8.75e-08	8.37e-06	2.66e-04	3.18e-03	2.69e-02	4.93e-01	3.88e-01	8.89e-02
 6.18181e+21	0.00e+00	0.00e+00	3.68e-25	3.03e-21	1.26e-16	4.66e-13	4.26e-10	1.03e-07	9.64e-06	2.97e-04	3.45e-03	2.82e-02	5.01e-01	3.82e-01	8.50e-02
 6.26664e+21	0.00e+00	9.96e-30	4.71e-25	3.72e-21	1.55e-16	5.66e-13	5.10e-10	1.21e-07	1.10e-05	3.31e-04	3.72e-03	2.95e-02	5.09e-01	3.76e-01	8.14e-02
 6.36275e+21	0.00e+00	1.35e-29	6.14e-25	4.67e-21	1.93e-16	6.98e-13	6.17e-10	1.43e-07	1.27e-05	3.71e-04	4.04e-03	3.10e-02	5.17e-01	3.70e-01	7.76e-02
 6.46949e+21	0.00e+00	1.90e-29	8.27e-25	6.00e-21	2.49e-16	8.85e-13	7.67e-10	1.72e-07	1.49e-05	4.21e-04	4.43e-03	3.27e-02	5.25e-01	3.64e-01	7.35e-02
 6.56629e+21	0.00e+00	2.59e-29	1.08e-24	7.52e-21	3.12e-16	1.10e-12	9.32e-10	2.05e-07	1.72e-05	4.73e-04	4.81e-03	3.43e-02	5.33e-01	3.57e-01	7.00e-02
 6.65313e+21	0.00e+00	3.40e-29	1.37e-24	9.17e-21	3.82e-16	1.33e-12	1.11e-09	2.38e-07	1.96e-05	5.25e-04	5.18e-03	3.58e-02	5.40e-01	3.51e-01	6.69e-02
 6.75079e+21	0.00e+00	4.61e-29	1.77e-24	1.14e-20	4.77e-16	1.64e-12	1.35e-09	2.82e-07	2.26e-05	5.88e-04	5.63e-03	3.75e-02	5.48e-01	3.45e-01	6.36e-02
 6.86054e+21	0.00e+00	6.45e-29	2.37e-24	1.46e-20	6.12e-16	2.07e-12	1.67e-09	3.41e-07	2.66e-05	6.68e-04	6.16e-03	3.95e-02	5.56e-01	3.38e-01	6.01e-02
 6.96317e+21	0.00e+00	8.81e-29	3.10e-24	1.82e-20	7.70e-16	2.58e-12	2.04e-09	4.06e-07	3.08e-05	7.52e-04	6.71e-03	4.14e-02	5.63e-01	3.31e-01	5.69e-02
 7.05782e+21	0.00e+00	1.17e-28	3.96e-24	2.23e-20	9.50e-16	3.15e-12	2.45e-09	4.77e-07	3.53e-05	8.38e-04	7.25e-03	4.33e-02	5.70e-01	3.24e-01	5.41e-02
 7.16492e+21	0.00e+00	1.60e-28	5.18e-24	2.79e-20	1.20e-15	3.94e-12	3.01e-09	5.70e-07	4.10e-05	9.45e-04	7.90e-03	4.54e-02	5.77e-01	3.17e-01	5.11e-02
 7.28374e+21	0.00e+00	2.26e-28	6.96e-24	3.56e-20	1.55e-15	5.02e-12	3.77e-09	6.95e-07	4.84e-05	1.08e-03	8.68e-03	4.79e-02	5.85e-01	3.09e-01	4.80e-02
 7.39373e+21	0.00e+00	3.09e-28	9.10e-24	4.45e-20	1.95e-15	6.28e-12	4.63e-09	8.32e-07	5.64e-05	1.22e-03	9.46e-03	5.03e-02	5.92e-01	3.02e-01	4.52e-02
 7.49683e+21	0.00e+00	4.13e-28	1.16e-23	5.45e-20	2.42e-15	7.71e-12	5.60e-09	9.82e-07	6.49e-05	1.36e-03	1.02e-02	5.25e-02	5.98e-01	2.95e-01	4.28e-02
 7.59830e+21	0.00e+00	5.46e-28	1.48e-23	6.63e-20	2.98e-15	9.41e-12	6.73e-09	1.15e-06	7.43e-05	1.51e-03	1.11e-02	5.48e-02	6.04e-01	2.88e-01	4.05e-02
 7.69796e+21	0.00e+00	7.15e-28	1.86e-23	8.01e-20	3.63e-15	1.14e-11	8.04e-09	1.35e-06	8.47e-05	1.68e-03	1.19e-02	5.71e-02	6.09e-01	2.82e-01	3.84e-02
 7.81203e+21	0.00e+00	9.66e-28	2.40e-23	9.88e-20	4.54e-15	1.42e-11	9.82e-09	1.61e-06	9.80e-05	1.89e-03	1.29e-02	5.98e-02	6.15e-01	2.74e-01	3.61e-02
 7.93564e+21	0.00e+00	1.33e-27	3.15e-23	1.24e-19	5.77e-15	1.78e-11	1.22e-08	1.94e-06	1.15e-04	2.14e-03	1.41e-02	6.27e-02	6.21e-01	2.67e-01	3.37e-02
 8.04554e+21	0.00e+00	1.76e-27	4.00e-23	1.50e-19	7.09e-15	2.18e-11	1.46e-08	2.28e-06	1.31e-04	2.38e-03	1.52e-02	6.54e-02	6.25e-01	2.60e-01	3.18e-02
 8.16229e+21	0.00e+00	2.35e-27	5.11e-23	1.83e-19	8.78e-15	2.68e-11	1.77e-08	2.70e-06	1.51e-04	2.66e-03	1.65e-02	6.83e-02	6.30e-01	2.53e-01	2.99e-02
 8.29266e+21	0.00e+00	3.23e-27	6.68e-23	2.28e-19	1.11e-14	3.36e-11	2.19e-08	3.24e-06	1.76e-04	3.00e-03	1.80e-02	7.15e-02	6.35e-01	2.45e-01	2.79e-02
 8.41423e+21	0.00e+00	4.31e-27	8.53e-23	2.78e-19	1.37e-14	4.12e-11	2.65e-08	3.84e-06	2.03e-04	3.35e-03	1.94e-02	7.46e-02	6.38e-01	2.38e-01	2.61e-02
 8.52804e+21	0.00e+00	5.61e-27	1.07e-22	3.34e-19	1.67e-14	4.98e-11	3.15e-08	4.48e-06	2.30e-04	3.71e-03	2.08e-02	7.75e-02	6.42e-01	2.31e-01	2.46e-02
 8.65826e+21	0.00e+00	7.53e-27	1.37e-22	4.09e-19	2.07e-14	6.14e-11	3.83e-08	5.31e-06	2.66e-04	4.14e-03	2.25e-02	8.09e-02	6.45e-01	2.24e-01	2.30e-02
 8.80431e+21	0.00e+00	1.04e-26	1.80e-22	5.12e-19	2.62e-14	7.71e-11	4.74e-08	6.41e-06	3.10e-04	4.68e-03	2.45e-02	8.46e-02	6.48e-01	2.16e-01	2.14e-02
 8.94159e+21	0.00e+00	1.40e-26	2.32e-22	6.29e-19	3.25e-14	9.51e-11	5.76e-08	7.61e-06	3.57e-04	5.23e-03	2.65e-02	8.82e-02	6.51e-01	2.09e-01	1.99e-02
 9.07048e+21	0.00e+00	1.84e-26	2.92e-22	7.59e-19	3.97e-14	1.15e-10	6.88e-08	8.90e-06	4.07e-04	5.79e-03	2.85e-02	9.15e-02	6.52e-01	2.03e-01	1.87e-02
 9.21778e+21	0.00e+00	2.49e-26	3.77e-22	9.36e-19	4.94e-14	1.42e-10	8.38e-08	1.06e-05	4.69e-04	6.47e-03	3.07e-02	9.54e-02	6.54e-01	1.96e-01	1.73e-02
 9.37469e+21	0.00e+00	3.41e-26	4.94e-22	1.17e-18	6.20e-14	1.77e-10	1.03e-07	1.27e-05	5.44e-04	7.27e-03	3.33e-02	9.94e-02	6.55e-01	1.88e-01	1.60e-02
 9.50722e+21	0.00e+00	4.44e-26	6.17e-22	1.40e-18	7.48e-14	2.13e-10	1.22e-07	1.47e-05	6.15e-04	7.99e-03	3.56e-02	1.03e-01	6.56e-01	1.82e-01	1.50e-02
 9.62456e+21	0.00e+00	5.58e-26	7.50e-22	1.64e-18	8.81e-14	2.50e-10	1.41e-07	1.68e-05	6.85e-04	8.70e-03	3.77e-02	1.06e-01	6.56e-01	1.77e-01	1.42e-02
 9.75900e+21	0.00e+00	7.18e-26	9.30e-22	1.96e-18	1.05e-13	2.96e-10	1.66e-07	1.93e-05	7.67e-04	9.50e-03	4.00e-02	1.09e-01	6.55e-01	1.72e-01	1.33e-02
 9.93378e+21	0.00e+00	9.92e-26	1.23e-21	2.46e-18	1.32e-13	3.69e-10	2.03e-07	2.31e-05	8.89e-04	1.06e-02	4.33e-02	1.14e-01	6.55e-01	1.64e-01	1.23e-02
 1.01126e+22	0.00e+00	1.38e-25	1.62e-21	3.10e-18	1.66e-13	4.61e-10	2.50e-07	2.77e-05	1.03e-03	1.19e-02	4.68e-02	1.18e-01	6.53e-01	1.57e-01	1.13e-02
 1.02576e+22	0.00e+00	1.78e-25	2.03e-21	3.72e-18	1.99e-13	5.48e-10	2.93e-07	3.20e-05	1.16e-03	1.31e-02	4.97e-02	1.22e-01	6.52e-01	1.52e-01	1.05e-02
 1.04068e+22	0.00e+00	2.31e-25	2.53e-21	4.47e-18	2.39e-13	6.52e-10	3.45e-07	3.68e-05	1.30e-03	1.43e-02	5.28e-02	1.26e-01	6.50e-01	1.47e-01	9.84e-03
 1.06008e+22	0.00e+00	3.22e-25	3.36e-21	5.66e-18	3.00e-13	8.12e-10	4.22e-07	4.41e-05	1.50e-03	1.59e-02	5.68e-02	1.30e-01	6.46e-01	1.40e-01	9.01e-03
 1.08019e+22	0.00e+00	4.52e-25	4.50e-21	7.20e-18	3.78e-13	1.01e-09	5.19e-07	5.29e-05	1.74e-03	1.78e-02	6.13e-02	1.35e-01	6.42e-01	1.33e-01	8.23e-03
 1.09689e+22	0.00e+00	5.94e-25	5.70e-21	8.78e-18	4.56e-13	1.21e-09	6.12e-07	6.11e-05	1.95e-03	1.95e-02	6.50e-02	1.39e-01	6.39e-01	1.28e-01	7.65e-03
 1.11140e+22	0.00e+00	7.50e-25	6.97e-21	1.04e-17	5.35e-13	1.41e-09	7.04e-07	6.91e-05	2.16e-03	2.10e-02	6.83e-02	1.42e-01	6.35e-01	1.24e-01	7.18e-03
 1.12741e+22	0.00e+00	9.65e-25	8.67e-21	1.25e-17	6.35e-13	1.66e-09	8.18e-07	7.88e-05	2.39e-03	2.28e-02	7.19e-02	1.46e-01	6.31e-01	1.19e-01	6.71e-03
 1.14821e+22	0.00e+00	1.33e-24	1.15e-20	1.57e-17	7.89e-13	2.04e-09	9.91e-07	9.33e-05	2.74e-03	2.52e-02	7.69e-02	1.50e-01	6.25e-01	1.13e-01	6.13e-03
 1.16921e+22	0.00e+00	1.84e-24	1.52e-20	1.99e-17	9.79e-13	2.51e-09	1.20e-06	1.10e-04	3.13e-03	2.79e-02	8.20e-02	1.55e-01	6.19e-01	1.08e-01	5.61e-03
 1.18594e+22	0.00e+00	2.37e-24	1.89e-20	2.39e-17	1.16e-12	2.95e-09	1.39e-06	1.26e-04	3.47e-03	3.01e-02	8.62e-02	1.58e-01	6.13e-01	1.04e-01	5.22e-03
 1.20317e+22	0.00e+00	3.04e-24	2.34e-20	2.87e-17	1.37e-12	3.45e-09	1.60e-06	1.42e-04	3.84e-03	3.25e-02	9.04e-02	1.61e-01	6.08e-01	9.96e-02	4.87e-03
 1.22556e+22	0.00e+00	4.20e-24	3.10e-20	3.63e-17	1.69e-12	4.21e-09	1.93e-06	1.67e-04	4.36e-03	3.57e-02	9.60e-02	1.65e-01	5.99e-01	9.45e-02	4.44e-03
 1.24906e+22	0.00e+00	5.85e-24	4.14e-20	4.64e-17	2.11e-12	5.19e-09	2.33e-06	1.97e-04	4.97e-03	3.93e-02	1.02e-01	1.70e-01	5.91e-01	8.94e-02	4.04e-03
 1.26907e+22	0.00e+00	7.72e-24	5.27e-20	5.69e-17	2.54e-12	6.16e-09	2.73e-06	2.26e-04	5.53e-03	4.26e-02	1.07e-01	1.73e-01	5.83e-01	8.53e-02	3.73e-03
 1.29013e+22	1.06e-29	1.03e-23	6.76e-20	7.02e-17	3.06e-12	7.33e-09	3.20e-06	2.60e-04	6.17e-03	4.61e-02	1.12e-01	1.76e-01	5.74e-01	8.12e-02	3.43e-03
 1.31751e+22	1.59e-29	1.47e-23	9.26e-20	9.18e-17	3.88e-12	9.15e-09	3.91e-06	3.09e-04	7.07e-03	5.10e-02	1.19e-01	1.80e-01	5.63e-01	7.62e-02	3.08e-03
 1.34410e+22	2.35e-29	2.08e-23	1.25e-19	1.19e-16	4.87e-12	1.13e-08	4.74e-06	3.65e-04	8.04e-03	5.60e-02	1.26e-01	1.84e-01	5.51e-01	7.16e-02	2.78e-03
 1.36377e+22	3.07e-29	2.65e-23	1.56e-19	1.43e-16	5.74e-12	1.31e-08	5.40e-06	4.07e-04	8.76e-03	5.95e-02	1.31e-01	1.86e-01	5.43e-01	6.87e-02	2.60e-03
 1.38344e+22	3.99e-29	3.35e-23	1.92e-19	1.72e-16	6.74e-12	1.52e-08	6.13e-06	4.53e-04	9.52e-03	6.31e-02	1.36e-01	1.88e-01	5.35e-01	6.59e-02	2.43e-03
 1.40901e+22	5.64e-29	4.57e-23	2.52e-19	2.17e-16	8.26e-12	1.83e-08	7.25e-06	5.24e-04	1.06e-02	6.84e-02	1.42e-01	1.90e-01	5.24e-01	6.22e-02	2.21e-03
 1.43692e+22	8.20e-29	6.38e-23	3.38e-19	2.79e-16	1.03e-11	2.23e-08	8.68e-06	6.12e-04	1.20e-02	7.44e-02	1.49e-01	1.93e-01	5.11e-01	5.83e-02	1.99e-03
 1.46222e+22	1.14e-28	8.58e-23	4.39e-19	3.49e-16	1.25e-11	2.67e-08	1.02e-05	7.01e-04	1.33e-02	8.01e-02	1.55e-01	1.95e-01	4.99e-01	5.49e-02	1.81e-03
 1.48945e+22	1.61e-28	1.17e-22	5.75e-19	4.40e-16	1.53e-11	3.20e-08	1.20e-05	8.05e-04	1.48e-02	8.62e-02	1.62e-01	1.97e-01	4.86e-01	5.17e-02	1.64e-03
 1.52486e+22	2.49e-28	1.72e-22	8.12e-19	5.91e-16	1.97e-11	4.05e-08	1.48e-05	9.61e-04	1.69e-02	9.48e-02	1.70e-01	1.99e-01	4.70e-01	4.76e-02	1.44e-03
 1.56086e+22	3.86e-28	2.55e-22	1.15e-18	7.95e-16	2.54e-11	5.10e-08	1.81e-05	1.14e-03	1.93e-02	1.04e-01	1.78e-01	2.00e-01	4.52e-01	4.37e-02	1.27e-03
 1.59023e+22	5.45e-28	3.48e-22	1.51e-18	1.01e-15	3.11e-11	6.13e-08	2.13e-05	1.31e-03	2.14e-02	1.11e-01	1.85e-01	2.01e-01	4.38e-01	4.08e-02	1.14e-03
 1.61641e+22	7.36e-28	4.56e-22	1.91e-18	1.23e-15	3.70e-11	7.18e-08	2.45e-05	1.48e-03	2.34e-02	1.18e-01	1.91e-01	2.01e-01	4.26e-01	3.84e-02	1.04e-03
 1.64586e+22	1.03e-27	6.13e-22	2.49e-18	1.54e-15	4.49e-11	8.54e-08	2.86e-05	1.68e-03	2.57e-02	1.26e-01	1.97e-01	2.01e-01	4.12e-01	3.59e-02	9.36e-04
 1.68414e+22	1.55e-27	8.88e-22	3.45e-18	2.05e-15	5.72e-11	1.06e-07	3.45e-05	1.96e-03	2.89e-02	1.36e-01	2.04e-01	2.01e-01	3.94e-01	3.29e-02	8.21e-04
 1.72401e+22	2.38e-27	1.31e-21	4.85e-18	2.74e-15	7.33e-11	1.33e-07	4.20e-05	2.32e-03	3.27e-02	1.47e-01	2.11e-01	2.00e-01	3.76e-01	2.99e-02	7.12e-04
 1.75589e+22	3.33e-27	1.76e-21	6.31e-18	3.44e-15	8.88e-11	1.57e-07	4.88e-05	2.63e-03	3.58e-02	1.56e-01	2.17e-01	1.99e-01	3.61e-01	2.77e-02	6.37e-04
 1.78727e+22	4.57e-27	2.34e-21	8.11e-18	4.26e-15	1.07e-10	1.85e-07	5.62e-05	2.96e-03	3.90e-02	1.65e-01	2.22e-01	1.98e-01	3.47e-01	2.57e-02	5.72e-04
 1.82806e+22	6.81e-27	3.35e-21	1.11e-17	5.60e-15	1.34e-10	2.28e-07	6.72e-05	3.42e-03	4.34e-02	1.77e-01	2.28e-01	1.95e-01	3.30e-01	2.34e-02	4.98e-04
 1.87028e+22	1.03e-26	4.85e-21	1.54e-17	7.40e-15	1.70e-10	2.81e-07	8.07e-05	3.98e-03	4.84e-02	1.89e-01	2.33e-01	1.93e-01	3.11e-01	2.11e-02	4.29e-04
 1.90484e+22	1.43e-26	6.50e-21	2.00e-17	9.23e-15	2.05e-10	3.31e-07	9.31e-05	4.48e-03	5.26e-02	1.99e-01	2.37e-01	1.90e-01	2.97e-01	1.94e-02	3.81e-04
 1.94028e+22	1.97e-26	8.69e-21	2.58e-17	1.15e-14	2.46e-10	3.90e-07	1.07e-04	5.03e-03	5.71e-02	2.09e-01	2.41e-01	1.87e-01	2.83e-01	1.78e-02	3.37e-04
 1.98635e+22	2.96e-26	1.25e-20	3.56e-17	1.52e-14	3.11e-10	4.79e-07	1.28e-04	5.80e-03	6.31e-02	2.21e-01	2.45e-01	1.83e-01	2.65e-01	1.60e-02	2.90e-04
 2.03423e+22	4.53e-26	1.83e-20	4.97e-17	2.01e-14	3.93e-10	5.90e-07	1.53e-04	6.73e-03	7.00e-02	2.35e-01	2.48e-01	1.78e-01	2.47e-01	1.42e-02	2.45e-04
 2.07372e+22	6.35e-26	2.47e-20	6.48e-17	2.53e-14	4.75e-10	6.97e-07	1.77e-04	7.56e-03	7.58e-02	2.46e-01	2.51e-01	1.74e-01	2.33e-01	1.29e-02	2.14e-04
 2.11429e+22	8.87e-26	3.34e-20	8.44e-17	3.16e-14	5.73e-10	8.22e-07	2.03e-04	8.47e-03	8.19e-02	2.56e-01	2.52e-01	1.70e-01	2.19e-01	1.17e-02	1.86e-04
 2.16702e+22	1.35e-25	4.87e-20	1.18e-16	4.20e-14	7.24e-10	1.01e-06	2.42e-04	9.76e-03	9.01e-02	2.70e-01	2.53e-01	1.64e-01	2.02e-01	1.03e-02	1.56e-04
 2.22187e+22	2.09e-25	7.18e-20	1.65e-16	5.61e-14	9.20e-10	1.24e-06	2.90e-04	1.13e-02	9.91e-02	2.83e-01	2.54e-01	1.58e-01	1.86e-01	8.95e-03	1.30e-04
 2.26414e+22	2.89e-25	9.62e-20	2.14e-16	6.98e-14	1.10e-09	1.46e-06	3.31e-04	1.25e-02	1.06e-01	2.93e-01	2.54e-01	1.52e-01	1.73e-01	8.04e-03	1.12e-04
 2.29756e+22	3.71e-25	1.20e-19	2.60e-16	8.24e-14	1.26e-09	1.64e-06	3.66e-04	1.36e-02	1.12e-01	3.01e-01	2.53e-01	1.49e-01	1.65e-01	7.41e-03	1.00e-04
 2.33483e+22	4.89e-25	1.54e-19	3.22e-16	9.89e-14	1.47e-09	1.87e-06	4.09e-04	1.48e-02	1.19e-01	3.09e-01	2.52e-01	1.44e-01	1.55e-01	6.75e-03	8.84e-05
 2.38327e+22	6.88e-25	2.09e-19	4.22e-16	1.24e-13	1.77e-09	2.20e-06	4.68e-04	1.65e-02	1.27e-01	3.18e-01	2.50e-01	1.38e-01	1.43e-01	6.00e-03	7.55e-05
 2.43588e+22	1.00e-24	2.92e-19	5.66e-16	1.59e-13	2.16e-09	2.62e-06	5.43e-04	1.86e-02	1.37e-01	3.29e-01	2.47e-01	1.32e-01	1.31e-01	5.24e-03	6.31e-05
 2.48225e+22	1.38e-24	3.89e-19	7.27e-16	1.97e-13	2.57e-09	3.04e-06	6.16e-04	2.05e-02	1.45e-01	3.37e-01	2.44e-01	1.26e-01	1.21e-01	4.66e-03	5.40e-05
 2.53089e+22	1.90e-24	5.18e-19	9.35e-16	2.44e-13	3.06e-09	3.53e-06	6.97e-04	2.26e-02	1.54e-01	3.45e-01	2.41e-01	1.21e-01	1.12e-01	4.15e-03	4.62e-05
 2.59412e+22	2.87e-24	7.50e-19	1.29e-15	3.20e-13	3.80e-09	4.26e-06	8.17e-04	2.56e-02	1.66e-01	3.54e-01	2.36e-01	1.14e-01	1.01e-01	3.54e-03	3.74e-05
 2.65766e+22	4.32e-24	1.08e-18	1.78e-15	4.19e-13	4.73e-09	5.14e-06	9.54e-04	2.90e-02	1.78e-01	3.62e-01	2.30e-01	1.07e-01	9.02e-02	3.01e-03	3.03e-05
 2.70762e+22	5.91e-24	1.44e-18	2.27e-15	5.15e-13	5.59e-09	5.92e-06	1.07e-03	3.17e-02	1.88e-01	3.68e-01	2.25e-01	1.01e-01	8.27e-02	2.65e-03	2.56e-05
 2.75861e+22	8.06e-24	1.90e-18	2.90e-15	6.32e-13	6.58e-09	6.81e-06	1.21e-03	3.48e-02	1.98e-01	3.73e-01	2.19e-01	9.62e-02	7.57e-02	2.33e-03	2.17e-05
 2.82488e+22	1.19e-23	2.68e-18	3.93e-15	8.17e-13	8.08e-09	8.11e-06	1.39e-03	3.88e-02	2.10e-01	3.78e-01	2.12e-01	8.98e-02	6.76e-02	1.98e-03	1.76e-05
 2.89551e+22	1.79e-23	3.89e-18	5.43e-15	1.07e-12	1.00e-08	9.75e-06	1.62e-03	4.36e-02	2.23e-01	3.82e-01	2.04e-01	8.32e-02	5.97e-02	1.66e-03	1.39e-05
 2.95615e+22	2.54e-23	5.32e-18	7.13e-15	1.35e-12	1.21e-08	1.14e-05	1.84e-03	4.80e-02	2.35e-01	3.85e-01	1.97e-01	7.78e-02	5.36e-02	1.43e-03	1.14e-05
 3.01934e+22	3.58e-23	7.26e-18	9.36e-15	1.70e-12	1.45e-08	1.33e-05	2.08e-03	5.27e-02	2.47e-01	3.87e-01	1.90e-01	7.25e-02	4.80e-02	1.22e-03	9.37e-06
 3.10148e+22	5.54e-23	1.08e-17	1.32e-14	2.27e-12	1.82e-08	1.61e-05	2.43e-03	5.93e-02	2.61e-01	3.88e-01	1.80e-01	6.62e-02	4.16e-02	1.00e-03	7.25e-06
 3.18507e+22	8.65e-23	1.61e-17	1.88e-14	3.06e-12	2.30e-08	1.95e-05	2.84e-03	6.67e-02	2.76e-01	3.87e-01	1.70e-01	6.00e-02	3.58e-02	8.11e-04	5.55e-06
 3.24776e+22	1.20e-22	2.18e-17	2.44e-14	3.82e-12	2.75e-08	2.26e-05	3.19e-03	7.28e-02	2.87e-01	3.86e-01	1.62e-01	5.57e-02	3.19e-02	6.91e-04	4.52e-06
 3.29817e+22	1.54e-22	2.72e-17	2.97e-14	4.51e-12	3.13e-08	2.52e-05	3.48e-03	7.75e-02	2.96e-01	3.84e-01	1.57e-01	5.26e-02	2.93e-02	6.13e-04	3.88e-06
 3.35537e+22	2.04e-22	3.51e-17	3.71e-14	5.45e-12	3.64e-08	2.85e-05	3.84e-03	8.32e-02	3.05e-01	3.82e-01	1.50e-01	4.91e-02	2.65e-02	5.34e-04	3.26e-06
 3.42974e+22	2.90e-22	4.84e-17	4.92e-14	6.92e-12	4.39e-08	3.32e-05	4.33e-03	9.09e-02	3.16e-01	3.78e-01	1.42e-01	4.51e-02	2.33e-02	4.47e-04	2.60e-06
 3.51122e+22	4.26e-22	6.88e-17	6.70e-14	9.00e-12	5.40e-08	3.93e-05	4.94e-03	1.00e-01	3.29e-01	3.72e-01	1.33e-01	4.09e-02	2.01e-02	3.67e-04	2.03e-06
 3.58335e+22	5.95e-22	9.35e-17	8.77e-14	1.13e-11	6.47e-08	4.55e-05	5.53e-03	1.08e-01	3.39e-01	3.66e-01	1.25e-01	3.74e-02	1.77e-02	3.09e-04	1.63e-06
 3.64787e+22	7.97e-22	1.22e-16	1.11e-13	1.39e-11	7.59e-08	5.17e-05	6.11e-03	1.16e-01	3.48e-01	3.60e-01	1.19e-01	3.46e-02	1.58e-02	2.64e-04	1.34e-06
 3.72108e+22	1.09e-21	1.63e-16	1.43e-13	1.72e-11	8.99e-08	5.92e-05	6.78e-03	1.25e-01	3.56e-01	3.54e-01	1.12e-01	3.17e-02	1.40e-02	2.24e-04	1.09e-06
 3.81624e+22	1.62e-21	2.35e-16	1.97e-13	2.27e-11	1.12e-07	7.04e-05	7.73e-03	1.37e-01	3.67e-01	3.44e-01	1.03e-01	2.83e-02	1.19e-02	1.80e-04	8.27e-07
 3.91421e+22	2.43e-21	3.43e-16	2.76e-13	3.02e-11	1.40e-07	8.42e-05	8.86e-03	1.51e-01	3.77e-01	3.34e-01	9.45e-02	2.51e-02	9.99e-03	1.43e-04	6.21e-07
 3.99349e+22	3.35e-21	4.61e-16	3.59e-13	3.79e-11	1.68e-07	9.69e-05	9.84e-03	1.62e-01	3.84e-01	3.24e-01	8.79e-02	2.28e-02	8.70e-03	1.19e-04	4.94e-07
 4.07425e+22	4.56e-21	6.14e-16	4.62e-13	4.71e-11	1.99e-07	1.11e-04	1.09e-02	1.73e-01	3.91e-01	3.15e-01	8.19e-02	2.07e-02	7.61e-03	9.96e-05	3.96e-07
 4.17923e+22	6.70e-21	8.78e-16	6.35e-13	6.21e-11	2.47e-07	1.31e-04	1.23e-02	1.88e-01	3.98e-01	3.03e-01	7.46e-02	1.83e-02	6.40e-03	7.93e-05	2.98e-07
 4.28986e+22	1.00e-20	1.28e-15	8.89e-13	8.30e-11	3.11e-07	1.57e-04	1.40e-02	2.04e-01	4.04e-01	2.89e-01	6.73e-02	1.60e-02	5.31e-03	6.21e-05	2.20e-07
 4.38324e+22	1.39e-20	1.75e-15	1.17e-12	1.05e-10	3.75e-07	1.81e-04	1.56e-02	2.18e-01	4.08e-01	2.78e-01	6.17e-02	1.42e-02	4.55e-03	5.06e-05	1.71e-07
 4.48006e+22	1.92e-20	2.35e-15	1.53e-12	1.33e-10	4.50e-07	2.08e-04	1.72e-02	2.32e-01	4.11e-01	2.66e-01	5.65e-02	1.27e-02	3.90e-03	4.14e-05	1.34e-07
 4.60593e+22	2.85e-20	3.41e-15	2.13e-12	1.78e-10	5.64e-07	2.48e-04	1.95e-02	2.50e-01	4.13e-01	2.52e-01	5.05e-02	1.10e-02	3.20e-03	3.21e-05	0.00e+00
 4.73798e+22	4.30e-20	5.04e-15	3.02e-12	2.41e-10	7.16e-07	2.97e-04	2.21e-02	2.70e-01	4.14e-01	2.37e-01	4.46e-02	9.41e-03	2.60e-03	2.44e-05	0.00e+00
 4.84555e+22	5.94e-20	6.86e-15	3.98e-12	3.06e-10	8.65e-07	3.42e-04	2.44e-02	2.86e-01	4.14e-01	2.24e-01	4.03e-02	8.28e-03	2.19e-03	1.96e-05	0.00e+00
 4.93142e+22	7.63e-20	8.71e-15	4.94e-12	3.70e-10	1.00e-06	3.82e-04	2.64e-02	2.99e-01	4.13e-01	2.15e-01	3.72e-02	7.48e-03	1.91e-03	1.65e-05	0.00e+00
 5.02156e+22	9.72e-20	1.09e-14	6.06e-12	4.42e-10	1.15e-06	4.24e-04	2.84e-02	3.11e-01	4.11e-01	2.06e-01	3.43e-02	6.78e-03	1.68e-03	1.39e-05	0.00e+00
 5.13875e+22	1.32e-19	1.46e-14	7.85e-12	5.55e-10	1.38e-06	4.83e-04	3.10e-02	3.27e-01	4.08e-01	1.95e-01	3.10e-02	5.97e-03	1.42e-03	1.12e-05	0.00e+00
 5.26573e+22	1.83e-19	2.00e-14	1.04e-11	7.11e-10	1.67e-06	5.57e-04	3.42e-02	3.45e-01	4.04e-01	1.82e-01	2.76e-02	5.17e-03	1.18e-03	8.85e-06	0.00e+00
 5.37770e+22	2.42e-19	2.62e-14	1.33e-11	8.82e-10	1.97e-06	6.30e-04	3.72e-02	3.60e-01	4.00e-01	1.72e-01	2.49e-02	4.56e-03	9.98e-04	7.17e-06	0.00e+00
 5.47928e+22	3.07e-19	3.29e-14	1.63e-11	1.05e-09	2.26e-06	6.98e-04	3.97e-02	3.72e-01	3.96e-01	1.64e-01	2.29e-02	4.10e-03	8.69e-04	6.01e-06	0.00e+00
 5.59507e+22	3.98e-19	4.21e-14	2.04e-11	1.28e-09	2.64e-06	7.80e-04	4.28e-02	3.86e-01	3.90e-01	1.55e-01	2.07e-02	3.64e-03	7.45e-04	4.94e-06	0.00e+00
 5.74560e+22	5.50e-19	5.73e-14	2.69e-11	1.64e-09	3.19e-06	8.95e-04	4.68e-02	4.04e-01	3.83e-01	1.44e-01	1.83e-02	3.13e-03	6.12e-04	3.85e-06	0.00e+00
 5.90222e+22	7.67e-19	7.91e-14	3.60e-11	2.11e-09	3.88e-06	1.03e-03	5.14e-02	4.21e-01	3.74e-01	1.33e-01	1.60e-02	2.66e-03	4.96e-04	2.96e-06	0.00e+00
 6.03088e+22	1.00e-18	1.02e-13	4.55e-11	2.60e-09	4.55e-06	1.16e-03	5.53e-02	4.36e-01	3.67e-01	1.24e-01	1.43e-02	2.32e-03	4.18e-04	2.38e-06	0.00e+00
 6.16224e+22	1.28e-18	1.29e-13	5.63e-11	3.13e-09	5.25e-06	1.28e-03	5.91e-02	4.48e-01	3.60e-01	1.16e-01	1.30e-02	2.06e-03	3.58e-04	1.95e-06	0.00e+00
 6.33301e+22	1.74e-18	1.74e-13	7.35e-11	3.96e-09	6.30e-06	1.46e-03	6.41e-02	4.64e-01	3.50e-01	1.07e-01	1.14e-02	1.76e-03	2.92e-04	1.52e-06	0.00e+00
 6.51441e+22	2.40e-18	2.38e-13	9.78e-11	5.09e-09	7.64e-06	1.67e-03	6.98e-02	4.80e-01	3.39e-01	9.81e-02	9.85e-03	1.48e-03	2.35e-04	1.15e-06	0.00e+00
 6.66895e+22	3.14e-18	3.09e-13	1.24e-10	6.29e-09	8.97e-06	1.88e-03	7.49e-02	4.93e-01	3.29e-01	9.08e-02	8.71e-03	1.28e-03	1.95e-04	9.13e-07	0.00e+00
 6.82918e+22	4.02e-18	3.92e-13	1.54e-10	7.61e-09	1.04e-05	2.08e-03	7.97e-02	5.05e-01	3.20e-01	8.45e-02	7.79e-03	1.12e-03	1.65e-04	7.38e-07	0.00e+00
 7.03748e+22	5.49e-18	5.29e-13	2.02e-10	9.67e-09	1.25e-05	2.36e-03	8.61e-02	5.19e-01	3.08e-01	7.70e-02	6.73e-03	9.38e-04	1.32e-04	5.62e-07	0.00e+00
 7.25856e+22	7.63e-18	7.30e-13	2.71e-10	1.25e-08	1.52e-05	2.71e-03	9.35e-02	5.33e-01	2.95e-01	6.94e-02	5.74e-03	7.76e-04	1.04e-04	4.17e-07	0.00e+00
 7.44646e+22	9.98e-18	9.50e-13	3.45e-10	1.55e-08	1.78e-05	3.03e-03	9.99e-02	5.44e-01	2.84e-01	6.35e-02	5.02e-03	6.62e-04	8.54e-05	3.25e-07	0.00e+00
 7.64092e+22	1.28e-17	1.21e-12	4.29e-10	1.88e-08	2.06e-05	3.35e-03	1.06e-01	5.53e-01	2.74e-01	5.86e-02	4.44e-03	5.73e-04	7.13e-05	2.59e-07	0.00e+00
 7.89372e+22	1.74e-17	1.62e-12	5.61e-10	2.39e-08	2.47e-05	3.79e-03	1.14e-01	5.64e-01	2.62e-01	5.29e-02	3.80e-03	4.77e-04	5.67e-05	1.95e-07	0.00e+00
 8.16887e+22	2.43e-17	2.25e-12	7.56e-10	3.11e-08	3.02e-05	4.35e-03	1.23e-01	5.74e-01	2.48e-01	4.70e-02	3.19e-03	3.88e-04	4.39e-05	1.42e-07	0.00e+00
 8.38655e+22	3.14e-17	2.91e-12	9.55e-10	3.83e-08	3.52e-05	4.83e-03	1.30e-01	5.82e-01	2.37e-01	4.28e-02	2.78e-03	3.30e-04	3.58e-05	0.00e+00	0.00e+00
 8.54574e+22	3.76e-17	3.47e-12	1.13e-09	4.43e-08	3.93e-05	5.20e-03	1.36e-01	5.87e-01	2.29e-01	4.00e-02	2.51e-03	2.93e-04	3.10e-05	0.00e+00	0.00e+00
 8.71539e+22	4.47e-17	4.10e-12	1.31e-09	5.06e-08	4.35e-05	5.56e-03	1.41e-01	5.91e-01	2.22e-01	3.76e-02	2.29e-03	2.64e-04	2.71e-05	0.00e+00	0.00e+00
 8.93594e+22	5.55e-17	5.05e-12	1.58e-09	5.99e-08	4.93e-05	6.06e-03	1.48e-01	5.95e-01	2.14e-01	3.47e-02	2.04e-03	2.30e-04	2.29e-05	0.00e+00	0.00e+00
 9.22265e+22	7.22e-17	6.52e-12	2.00e-09	7.40e-08	5.77e-05	6.73e-03	1.57e-01	6.01e-01	2.03e-01	3.13e-02	1.76e-03	1.93e-04	1.85e-05	0.00e+00	0.00e+00
 9.52466e+22	9.57e-17	8.61e-12	2.58e-09	9.28e-08	6.84e-05	7.53e-03	1.66e-01	6.05e-01	1.92e-01	2.80e-02	1.49e-03	1.60e-04	1.46e-05	0.00e+00	0.00e+00
 9.77551e+22	1.20e-16	1.07e-11	3.17e-09	1.11e-07	7.82e-05	8.24e-03	1.74e-01	6.08e-01	1.83e-01	2.56e-02	1.31e-03	1.38e-04	1.21e-05	0.00e+00	0.00e+00
 1.00306e+23	1.47e-16	1.31e-11	3.80e-09	1.31e-07	8.82e-05	8.92e-03	1.82e-01	6.10e-01	1.75e-01	2.36e-02	1.16e-03	1.20e-04	1.03e-05	0.00e+00	0.00e+00
 1.03622e+23	1.88e-16	1.66e-11	4.73e-09	1.59e-07	1.02e-04	9.82e-03	1.91e-01	6.11e-01	1.66e-01	2.13e-02	1.01e-03	1.02e-04	8.34e-06	0.00e+00	0.00e+00
 1.07264e+23	2.47e-16	2.17e-11	6.06e-09	1.99e-07	1.20e-04	1.09e-02	2.01e-01	6.12e-01	1.56e-01	1.89e-02	8.53e-04	8.40e-05	6.59e-06	0.00e+00	0.00e+00
 1.10501e+23	3.12e-16	2.73e-11	7.49e-09	2.40e-07	1.38e-04	1.20e-02	2.11e-01	6.12e-01	1.47e-01	1.71e-02	7.40e-04	7.12e-05	5.39e-06	0.00e+00	0.00e+00
 1.13438e+23	3.79e-16	3.31e-11	8.93e-09	2.81e-07	1.55e-04	1.29e-02	2.19e-01	6.11e-01	1.40e-01	1.57e-02	6.56e-04	6.21e-05	4.54e-06	0.00e+00	0.00e+00
 1.16813e+23	4.64e-16	4.02e-11	1.07e-08	3.30e-07	1.75e-04	1.39e-02	2.27e-01	6.10e-01	1.34e-01	1.44e-02	5.81e-04	5.39e-05	3.83e-06	0.00e+00	0.00e+00
 1.21157e+23	5.88e-16	5.07e-11	1.33e-08	4.01e-07	2.02e-04	1.53e-02	2.37e-01	6.08e-01	1.26e-01	1.29e-02	4.98e-04	4.53e-05	3.09e-06	0.00e+00	0.00e+00
 1.26015e+23	7.69e-16	6.60e-11	1.69e-08	4.99e-07	2.37e-04	1.69e-02	2.49e-01	6.04e-01	1.17e-01	1.14e-02	4.20e-04	3.72e-05	2.43e-06	0.00e+00	0.00e+00
 1.30583e+23	9.80e-16	8.38e-11	2.11e-08	6.08e-07	2.74e-04	1.86e-02	2.60e-01	6.01e-01	1.10e-01	1.02e-02	3.59e-04	3.11e-05	1.95e-06	0.00e+00	0.00e+00
 1.35446e+23	1.22e-15	1.03e-10	2.56e-08	7.24e-07	3.11e-04	2.02e-02	2.70e-01	5.96e-01	1.03e-01	9.21e-03	3.12e-04	2.66e-05	1.60e-06	0.00e+00	0.00e+00
 1.40987e+23	1.55e-15	1.31e-10	3.19e-08	8.83e-07	3.59e-04	2.21e-02	2.81e-01	5.91e-01	9.66e-02	8.19e-03	2.66e-04	2.21e-05	1.28e-06	0.00e+00	0.00e+00
 1.46750e+23	1.96e-15	1.64e-10	3.93e-08	1.06e-06	4.12e-04	2.41e-02	2.92e-01	5.85e-01	9.05e-02	7.33e-03	2.28e-04	1.86e-05	1.04e-06	0.00e+00	0.00e+00
 1.52744e+23	2.43e-15	2.04e-10	4.81e-08	1.28e-06	4.70e-04	2.62e-02	3.03e-01	5.79e-01	8.46e-02	6.56e-03	1.96e-04	1.57e-05	8.41e-07	0.00e+00	0.00e+00
 1.58977e+23	3.00e-15	2.50e-10	5.83e-08	1.52e-06	5.33e-04	2.83e-02	3.13e-01	5.72e-01	7.94e-02	5.90e-03	1.70e-04	1.34e-05	6.90e-07	0.00e+00	0.00e+00
 1.65459e+23	3.66e-15	3.04e-10	6.99e-08	1.79e-06	6.00e-04	3.04e-02	3.23e-01	5.66e-01	7.47e-02	5.33e-03	1.48e-04	1.14e-05	5.71e-07	0.00e+00	0.00e+00
 1.72201e+23	4.41e-15	3.66e-10	8.30e-08	2.09e-06	6.71e-04	3.26e-02	3.33e-01	5.59e-01	7.04e-02	4.84e-03	1.30e-04	9.87e-06	4.77e-07	0.00e+00	0.00e+00
 1.79212e+23	5.26e-15	4.35e-10	9.75e-08	2.42e-06	7.45e-04	3.48e-02	3.41e-01	5.52e-01	6.64e-02	4.41e-03	1.15e-04	8.58e-06	4.01e-07	0.00e+00	0.00e+00
 1.86504e+23	6.20e-15	5.12e-10	1.13e-07	2.77e-06	8.21e-04	3.69e-02	3.50e-01	5.45e-01	6.30e-02	4.04e-03	1.02e-04	7.53e-06	3.43e-07	0.00e+00	0.00e+00
 1.94088e+23	7.21e-15	5.95e-10	1.30e-07	3.14e-06	8.99e-04	3.90e-02	3.57e-01	5.39e-01	5.99e-02	3.73e-03	9.18e-05	6.67e-06	2.95e-07	0.00e+00	0.00e+00
 2.01975e+23	8.32e-15	6.85e-10	1.49e-07	3.53e-06	9.79e-04	4.11e-02	3.65e-01	5.33e-01	5.70e-02	3.45e-03	8.28e-05	5.94e-06	2.56e-07	0.00e+00	0.00e+00
 2.10177e+23	9.49e-15	7.82e-10	1.68e-07	3.94e-06	1.06e-03	4.31e-02	3.71e-01	5.27e-01	5.45e-02	3.21e-03	7.52e-05	5.33e-06	2.24e-07	0.00e+00	0.00e+00
 2.18708e+23	1.07e-14	8.82e-10	1.88e-07	4.36e-06	1.14e-03	4.51e-02	3.77e-01	5.21e-01	5.23e-02	3.00e-03	6.89e-05	4.83e-06	1.99e-07	0.00e+00	0.00e+00
 2.27178e+23	1.19e-14	9.83e-10	2.08e-07	4.78e-06	1.22e-03	4.69e-02	3.83e-01	5.16e-01	5.03e-02	2.82e-03	6.35e-05	4.41e-06	1.78e-07	0.00e+00	0.00e+00
 2.35008e+23	1.30e-14	1.08e-09	2.27e-07	5.18e-06	1.29e-03	4.85e-02	3.88e-01	5.11e-01	4.85e-02	2.67e-03	5.91e-05	4.07e-06	1.61e-07	0.00e+00	0.00e+00
 2.42056e+23	1.41e-14	1.17e-09	2.44e-07	5.52e-06	1.35e-03	4.99e-02	3.92e-01	5.07e-01	4.73e-02	2.56e-03	5.59e-05	3.82e-06	1.50e-07	0.00e+00	0.00e+00
 2.48398e+23	1.49e-14	1.24e-09	2.58e-07	5.80e-06	1.40e-03	5.09e-02	3.95e-01	5.04e-01	4.63e-02	2.48e-03	5.35e-05	3.63e-06	1.41e-07	0.00e+00	0.00e+00
 2.54107e+23	1.56e-14	1.30e-09	2.70e-07	6.06e-06	1.44e-03	5.19e-02	3.97e-01	5.01e-01	4.54e-02	2.41e-03	5.15e-05	3.48e-06	1.34e-07	0.00e+00	0.00e+00
 2.59244e+23	1.62e-14	1.36e-09	2.81e-07	6.27e-06	1.48e-03	5.27e-02	3.99e-01	4.99e-01	4.47e-02	2.35e-03	4.99e-05	3.36e-06	1.28e-07	0.00e+00	0.00e+00
 2.63868e+23	1.68e-14	1.41e-09	2.91e-07	6.46e-06	1.51e-03	5.33e-02	4.01e-01	4.97e-01	4.41e-02	2.30e-03	4.86e-05	3.26e-06	1.23e-07	0.00e+00	0.00e+00
 2.68029e+23	1.72e-14	1.45e-09	2.98e-07	6.61e-06	1.53e-03	5.38e-02	4.03e-01	4.96e-01	4.37e-02	2.27e-03	4.76e-05	3.19e-06	0.00e+00	0.00e+00	0.00e+00
 2.71775e+23	1.75e-14	1.48e-09	3.03e-07	6.71e-06	1.55e-03	5.42e-02	4.04e-01	4.95e-01	4.34e-02	2.24e-03	4.69e-05	3.14e-06	0.00e+00	0.00e+00	0.00e+00
 2.75145e+23	1.77e-14	1.50e-09	3.08e-07	6.80e-06	1.56e-03	5.45e-02	4.04e-01	4.94e-01	4.32e-02	2.22e-03	4.64e-05	3.10e-06	0.00e+00	0.00e+00	0.00e+00
 2.78269e+23	1.79e-14	1.52e-09	3.12e-07	6.88e-06	1.58e-03	5.48e-02	4.05e-01	4.93e-01	4.29e-02	2.21e-03	4.59e-05	3.06e-06	0.00e+00	0.00e+00	0.00e+00
 2.81324e+23	1.82e-14	1.55e-09	3.17e-07	6.99e-06	1.59e-03	5.51e-02	4.06e-01	4.93e-01	4.26e-02	2.18e-03	4.53e-05	3.02e-06	0.00e+00	0.00e+00	0.00e+00
 2.84379e+23	1.83e-14	1.56e-09	3.19e-07	7.02e-06	1.60e-03	5.52e-02	4.06e-01	4.92e-01	4.26e-02	2.18e-03	4.51e-05	3.00e-06	0.00e+00	0.00e+00	0.00e+00
 2.87434e+23	1.84e-14	1.57e-09	3.21e-07	7.07e-06	1.61e-03	5.54e-02	4.07e-01	4.92e-01	4.24e-02	2.16e-03	4.48e-05	2.98e-06	0.00e+00	0.00e+00	0.00e+00
 2.90489e+23	1.84e-14	1.58e-09	3.23e-07	7.11e-06	1.61e-03	5.55e-02	4.07e-01	4.91e-01	4.23e-02	2.16e-03	4.46e-05	2.96e-06	0.00e+00	0.00e+00	0.00e+00
 2.93543e+23	1.84e-14	1.59e-09	3.24e-07	7.13e-06	1.62e-03	5.56e-02	4.07e-01	4.91e-01	4.23e-02	2.15e-03	4.45e-05	2.95e-06	0.00e+00	0.00e+00	0.00e+00
 2.96598e+23	1.83e-14	1.59e-09	3.25e-07	7.15e-06	1.62e-03	5.57e-02	4.07e-01	4.91e-01	4.22e-02	2.15e-03	4.44e-05	2.95e-06	0.00e+00	0.00e+00	0.00e+00
 2.99653e+23	1.83e-14	1.60e-09	3.26e-07	7.16e-06	1.62e-03	5.57e-02	4.07e-01	4.91e-01	4.22e-02	2.15e-03	4.43e-05	2.94e-06	0.00e+00	0.00e+00	0.00e+00
 3.02708e+23	1.83e-14	1.60e-09	3.26e-07	7.17e-06	1.62e-03	5.57e-02	4.07e-01	4.91e-01	4.21e-02	2.14e-03	4.42e-05	2.94e-06	0.00e+00	0.00e+00	0.00e+00
 3.04858e+23	1.89e-14	1.65e-09	3.37e-07	7.39e-06	1.66e-03	5.65e-02	4.09e-01	4.89e-01	4.16e-02	2.10e-03	4.30e-05	2.85e-06	0.00e+00	0.00e+00	0.00e+00
