#depth	S	S+	S+2	S+3	S+4	S+5	S+6	S+7	S+8	S+9	S+10	S+11	S+12	S+13	S+14	S+15	S+16
 6.17135e+19	0.00e+00	0.00e+00	0.00e+00	0.00e+00	0.00e+00	0.00e+00	0.00e+00	0.00e+00	0.00e+00	0.00e+00	0.00e+00	1.16e-23	1.73e-18	1.87e-13	3.74e-08	3.58e-04	1.00e+00
 1.87609e+20	0.00e+00	0.00e+00	0.00e+00	0.00e+00	0.00e+00	0.00e+00	0.00e+00	0.00e+00	0.00e+00	0.00e+00	0.00e+00	1.72e-23	2.36e-18	2.37e-13	4.37e-08	3.87e-04	1.00e+00
 3.18540e+20	0.00e+00	0.00e+00	0.00e+00	0.00e+00	0.00e+00	0.00e+00	0.00e+00	0.00e+00	0.00e+00	0.00e+00	0.00e+00	2.54e-23	3.23e-18	2.99e-13	5.10e-08	4.18e-04	1.00e+00
 4.54709e+20	0.00e+00	0.00e+00	0.00e+00	0.00e+00	0.00e+00	0.00e+00	0.00e+00	0.00e+00	0.00e+00	0.00e+00	0.00e+00	3.75e-23	4.40e-18	3.78e-13	5.96e-08	4.52e-04	1.00e+00
 5.96324e+20	0.00e+00	0.00e+00	0.00e+00	0.00e+00	0.00e+00	0.00e+00	0.00e+00	0.00e+00	0.00e+00	0.00e+00	0.00e+00	5.51e-23	5.99e-18	4.76e-13	6.95e-08	4.88e-04	1.00e+00
 7.43604e+20	0.00e+00	0.00e+00	0.00e+00	0.00e+00	0.00e+00	0.00e+00	0.00e+00	0.00e+00	0.00e+00	0.00e+00	0.00e+00	8.12e-23	8.17e-18	6.01e-13	8.12e-08	5.28e-04	9.99e-01
 8.96775e+20	0.00e+00	0.00e+00	0.00e+00	0.00e+00	0.00e+00	0.00e+00	0.00e+00	0.00e+00	0.00e+00	0.00e+00	0.00e+00	1.20e-22	1.11e-17	7.58e-13	9.48e-08	5.70e-04	9.99e-01
 1.05607e+21	0.00e+00	0.00e+00	0.00e+00	0.00e+00	0.00e+00	0.00e+00	0.00e+00	0.00e+00	0.00e+00	0.00e+00	0.00e+00	1.76e-22	1.52e-17	9.56e-13	1.11e-07	6.16e-04	9.99e-01
 1.22174e+21	0.00e+00	0.00e+00	0.00e+00	0.00e+00	0.00e+00	0.00e+00	0.00e+00	0.00e+00	0.00e+00	0.00e+00	2.52e-27	2.59e-22	2.07e-17	1.21e-12	1.29e-07	6.65e-04	9.99e-01
 1.39404e+21	0.00e+00	0.00e+00	0.00e+00	0.00e+00	0.00e+00	0.00e+00	0.00e+00	0.00e+00	0.00e+00	0.00e+00	4.00e-27	3.82e-22	2.82e-17	1.52e-12	1.51e-07	7.19e-04	9.99e-01
 1.57323e+21	0.00e+00	0.00e+00	0.00e+00	0.00e+00	0.00e+00	0.00e+00	0.00e+00	0.00e+00	0.00e+00	0.00e+00	6.36e-27	5.62e-22	3.84e-17	1.92e-12	1.76e-07	7.77e-04	9.99e-01
 1.75958e+21	0.00e+00	0.00e+00	0.00e+00	0.00e+00	0.00e+00	0.00e+00	0.00e+00	0.00e+00	0.00e+00	0.00e+00	1.01e-26	8.27e-22	5.23e-17	2.42e-12	2.05e-07	8.39e-04	9.99e-01
 1.95339e+21	0.00e+00	0.00e+00	0.00e+00	0.00e+00	0.00e+00	0.00e+00	0.00e+00	0.00e+00	0.00e+00	0.00e+00	1.61e-26	1.22e-21	7.12e-17	3.05e-12	2.40e-07	9.06e-04	9.99e-01
 2.15496e+21	0.00e+00	0.00e+00	0.00e+00	0.00e+00	0.00e+00	0.00e+00	0.00e+00	0.00e+00	0.00e+00	0.00e+00	2.55e-26	1.79e-21	9.69e-17	3.84e-12	2.80e-07	9.79e-04	9.99e-01
 2.36458e+21	0.00e+00	0.00e+00	0.00e+00	0.00e+00	0.00e+00	0.00e+00	0.00e+00	0.00e+00	0.00e+00	0.00e+00	4.06e-26	2.63e-21	1.32e-16	4.84e-12	3.26e-07	1.06e-03	9.99e-01
 2.58259e+21	0.00e+00	0.00e+00	0.00e+00	0.00e+00	0.00e+00	0.00e+00	0.00e+00	0.00e+00	0.00e+00	0.00e+00	6.44e-26	3.87e-21	1.80e-16	6.10e-12	3.80e-07	1.14e-03	9.99e-01
 2.80932e+21	0.00e+00	0.00e+00	0.00e+00	0.00e+00	0.00e+00	0.00e+00	0.00e+00	0.00e+00	0.00e+00	0.00e+00	1.02e-25	5.68e-21	2.44e-16	7.68e-12	4.44e-07	1.23e-03	9.99e-01
 3.04512e+21	0.00e+00	0.00e+00	0.00e+00	0.00e+00	0.00e+00	0.00e+00	0.00e+00	0.00e+00	0.00e+00	0.00e+00	1.62e-25	8.35e-21	3.32e-16	9.68e-12	5.18e-07	1.33e-03	9.99e-01
 3.29036e+21	0.00e+00	0.00e+00	0.00e+00	0.00e+00	0.00e+00	0.00e+00	0.00e+00	0.00e+00	0.00e+00	0.00e+00	2.57e-25	1.23e-20	4.52e-16	1.22e-11	6.04e-07	1.44e-03	9.99e-01
 3.54540e+21	0.00e+00	0.00e+00	0.00e+00	0.00e+00	0.00e+00	0.00e+00	0.00e+00	0.00e+00	0.00e+00	0.00e+00	4.03e-25	1.80e-20	6.15e-16	1.53e-11	7.04e-07	1.55e-03	9.98e-01
 3.81064e+21	0.00e+00	0.00e+00	0.00e+00	0.00e+00	0.00e+00	0.00e+00	0.00e+00	0.00e+00	0.00e+00	0.00e+00	6.39e-25	2.64e-20	8.35e-16	1.93e-11	8.21e-07	1.68e-03	9.98e-01
 4.08649e+21	0.00e+00	0.00e+00	0.00e+00	0.00e+00	0.00e+00	0.00e+00	0.00e+00	0.00e+00	0.00e+00	0.00e+00	1.01e-24	3.88e-20	1.14e-15	2.43e-11	9.56e-07	1.81e-03	9.98e-01
 4.37338e+21	0.00e+00	0.00e+00	0.00e+00	0.00e+00	0.00e+00	0.00e+00	0.00e+00	0.00e+00	0.00e+00	0.00e+00	1.60e-24	5.69e-20	1.54e-15	3.06e-11	1.11e-06	1.95e-03	9.98e-01
 4.67174e+21	0.00e+00	0.00e+00	0.00e+00	0.00e+00	0.00e+00	0.00e+00	0.00e+00	0.00e+00	0.00e+00	0.00e+00	2.54e-24	8.34e-20	2.10e-15	3.85e-11	1.30e-06	2.11e-03	9.98e-01
 4.98204e+21	0.00e+00	0.00e+00	0.00e+00	0.00e+00	0.00e+00	0.00e+00	0.00e+00	0.00e+00	0.00e+00	0.00e+00	4.01e-24	1.22e-19	2.85e-15	4.84e-11	1.51e-06	2.28e-03	9.98e-01
 5.30475e+21	0.00e+00	0.00e+00	0.00e+00	0.00e+00	0.00e+00	0.00e+00	0.00e+00	0.00e+00	0.00e+00	0.00e+00	6.35e-24	1.79e-19	3.86e-15	6.09e-11	1.76e-06	2.46e-03	9.98e-01
 5.64036e+21	0.00e+00	0.00e+00	0.00e+00	0.00e+00	0.00e+00	0.00e+00	0.00e+00	0.00e+00	0.00e+00	0.00e+00	1.00e-23	2.62e-19	5.24e-15	7.66e-11	2.05e-06	2.65e-03	9.97e-01
 5.98940e+21	0.00e+00	0.00e+00	0.00e+00	0.00e+00	0.00e+00	0.00e+00	0.00e+00	0.00e+00	0.00e+00	0.00e+00	1.59e-23	3.84e-19	7.11e-15	9.62e-11	2.39e-06	2.86e-03	9.97e-01
 6.35241e+21	0.00e+00	0.00e+00	0.00e+00	0.00e+00	0.00e+00	0.00e+00	0.00e+00	0.00e+00	0.00e+00	0.00e+00	2.51e-23	5.62e-19	9.64e-15	1.21e-10	2.79e-06	3.09e-03	9.97e-01
 6.72993e+21	0.00e+00	0.00e+00	0.00e+00	0.00e+00	0.00e+00	0.00e+00	0.00e+00	0.00e+00	0.00e+00	0.00e+00	3.96e-23	8.23e-19	1.31e-14	1.52e-10	3.24e-06	3.33e-03	9.97e-01
 7.12255e+21	0.00e+00	0.00e+00	0.00e+00	0.00e+00	0.00e+00	0.00e+00	0.00e+00	0.00e+00	0.00e+00	0.00e+00	6.24e-23	1.20e-18	1.77e-14	1.91e-10	3.77e-06	3.59e-03	9.96e-01
 7.53088e+21	0.00e+00	0.00e+00	0.00e+00	0.00e+00	0.00e+00	0.00e+00	0.00e+00	0.00e+00	0.00e+00	2.75e-27	9.84e-23	1.76e-18	2.40e-14	2.40e-10	4.39e-06	3.87e-03	9.96e-01
 7.95555e+21	0.00e+00	0.00e+00	0.00e+00	0.00e+00	0.00e+00	0.00e+00	0.00e+00	0.00e+00	0.00e+00	4.68e-27	1.55e-22	2.57e-18	3.25e-14	3.01e-10	5.11e-06	4.18e-03	9.96e-01
 8.39719e+21	0.00e+00	0.00e+00	0.00e+00	0.00e+00	0.00e+00	0.00e+00	0.00e+00	0.00e+00	0.00e+00	7.96e-27	2.44e-22	3.75e-18	4.40e-14	3.77e-10	5.95e-06	4.51e-03	9.95e-01
 8.85651e+21	0.00e+00	0.00e+00	0.00e+00	0.00e+00	0.00e+00	0.00e+00	0.00e+00	0.00e+00	0.00e+00	1.35e-26	3.85e-22	5.48e-18	5.95e-14	4.73e-10	6.91e-06	4.86e-03	9.95e-01
 9.33420e+21	0.00e+00	0.00e+00	0.00e+00	0.00e+00	0.00e+00	0.00e+00	0.00e+00	0.00e+00	0.00e+00	2.29e-26	6.05e-22	7.99e-18	8.05e-14	5.94e-10	8.04e-06	5.24e-03	9.95e-01
 9.83099e+21	0.00e+00	0.00e+00	0.00e+00	0.00e+00	0.00e+00	0.00e+00	0.00e+00	0.00e+00	0.00e+00	3.89e-26	9.52e-22	1.16e-17	1.09e-13	7.44e-10	9.35e-06	5.65e-03	9.94e-01
 1.03477e+22	0.00e+00	0.00e+00	0.00e+00	0.00e+00	0.00e+00	0.00e+00	0.00e+00	0.00e+00	0.00e+00	6.58e-26	1.50e-21	1.70e-17	1.47e-13	9.33e-10	1.09e-05	6.08e-03	9.94e-01
 1.08850e+22	0.00e+00	0.00e+00	0.00e+00	0.00e+00	0.00e+00	0.00e+00	0.00e+00	0.00e+00	0.00e+00	1.11e-25	2.35e-21	2.47e-17	1.99e-13	1.17e-09	1.26e-05	6.56e-03	9.93e-01
 1.14438e+22	0.00e+00	0.00e+00	0.00e+00	0.00e+00	0.00e+00	0.00e+00	0.00e+00	0.00e+00	0.00e+00	1.89e-25	3.69e-21	3.60e-17	2.68e-13	1.46e-09	1.47e-05	7.07e-03	9.93e-01
 1.20250e+22	0.00e+00	0.00e+00	0.00e+00	0.00e+00	0.00e+00	0.00e+00	0.00e+00	0.00e+00	0.00e+00	3.17e-25	5.78e-21	5.24e-17	3.62e-13	1.83e-09	1.70e-05	7.61e-03	9.92e-01
 1.25929e+22	0.00e+00	0.00e+00	0.00e+00	0.00e+00	0.00e+00	0.00e+00	0.00e+00	0.00e+00	0.00e+00	5.20e-25	8.83e-21	7.46e-17	4.80e-13	2.26e-09	1.96e-05	8.16e-03	9.92e-01
 1.31333e+22	0.00e+00	0.00e+00	0.00e+00	0.00e+00	0.00e+00	0.00e+00	0.00e+00	0.00e+00	0.00e+00	8.17e-25	1.30e-20	1.03e-16	6.22e-13	2.75e-09	2.23e-05	8.71e-03	9.91e-01
 1.37319e+22	0.00e+00	0.00e+00	0.00e+00	0.00e+00	0.00e+00	0.00e+00	0.00e+00	0.00e+00	0.00e+00	1.32e-24	1.96e-20	1.45e-16	8.18e-13	3.38e-09	2.56e-05	9.32e-03	9.91e-01
 1.44046e+22	0.00e+00	0.00e+00	0.00e+00	0.00e+00	0.00e+00	0.00e+00	0.00e+00	0.00e+00	0.00e+00	2.23e-24	3.08e-20	2.11e-16	1.10e-12	4.22e-09	2.97e-05	1.00e-02	9.90e-01
 1.50660e+22	0.00e+00	0.00e+00	0.00e+00	0.00e+00	0.00e+00	0.00e+00	0.00e+00	0.00e+00	0.00e+00	3.65e-24	4.70e-20	3.00e-16	1.46e-12	5.22e-09	3.42e-05	1.08e-02	9.89e-01
 1.57022e+22	0.00e+00	0.00e+00	0.00e+00	0.00e+00	0.00e+00	0.00e+00	0.00e+00	0.00e+00	0.00e+00	5.77e-24	6.94e-20	4.16e-16	1.90e-12	6.34e-09	3.89e-05	1.15e-02	9.88e-01
 1.64022e+22	0.00e+00	0.00e+00	0.00e+00	0.00e+00	0.00e+00	0.00e+00	0.00e+00	0.00e+00	0.00e+00	9.34e-24	1.05e-19	5.87e-16	2.50e-12	7.79e-09	4.46e-05	1.23e-02	9.88e-01
 1.71817e+22	0.00e+00	0.00e+00	0.00e+00	0.00e+00	0.00e+00	0.00e+00	0.00e+00	0.00e+00	0.00e+00	1.57e-23	1.64e-19	8.50e-16	3.36e-12	9.73e-09	5.17e-05	1.32e-02	9.87e-01
 1.79535e+22	0.00e+00	0.00e+00	0.00e+00	0.00e+00	0.00e+00	0.00e+00	0.00e+00	0.00e+00	0.00e+00	2.57e-23	2.50e-19	1.21e-15	4.46e-12	1.20e-08	5.95e-05	1.42e-02	9.86e-01
 1.87562e+22	0.00e+00	0.00e+00	0.00e+00	0.00e+00	0.00e+00	0.00e+00	0.00e+00	0.00e+00	2.14e-27	4.20e-23	3.81e-19	1.72e-15	5.90e-12	1.48e-08	6.84e-05	1.52e-02	9.85e-01
 1.96074e+22	0.00e+00	0.00e+00	0.00e+00	0.00e+00	0.00e+00	0.00e+00	0.00e+00	0.00e+00	3.80e-27	6.96e-23	5.87e-19	2.46e-15	7.86e-12	1.84e-08	7.90e-05	1.63e-02	9.84e-01
 2.04411e+22	0.00e+00	0.00e+00	0.00e+00	0.00e+00	0.00e+00	0.00e+00	0.00e+00	0.00e+00	6.54e-27	1.12e-22	8.81e-19	3.45e-15	1.03e-11	2.25e-08	9.03e-05	1.74e-02	9.82e-01
 2.13306e+22	0.00e+00	0.00e+00	0.00e+00	0.00e+00	0.00e+00	0.00e+00	0.00e+00	0.00e+00	1.14e-26	1.81e-22	1.33e-18	4.88e-15	1.36e-11	2.77e-08	1.04e-04	1.87e-02	9.81e-01
 2.22868e+22	0.00e+00	0.00e+00	0.00e+00	0.00e+00	0.00e+00	0.00e+00	0.00e+00	0.00e+00	2.02e-26	3.00e-22	2.05e-18	7.00e-15	1.81e-11	3.43e-08	1.20e-04	2.00e-02	9.80e-01
 2.32249e+22	0.00e+00	0.00e+00	0.00e+00	0.00e+00	0.00e+00	0.00e+00	0.00e+00	0.00e+00	3.48e-26	4.82e-22	3.09e-18	9.82e-15	2.37e-11	4.21e-08	1.37e-04	2.14e-02	9.78e-01
 2.42210e+22	0.00e+00	0.00e+00	0.00e+00	0.00e+00	0.00e+00	0.00e+00	0.00e+00	0.00e+00	6.03e-26	7.80e-22	4.66e-18	1.38e-14	3.12e-11	5.17e-08	1.57e-04	2.29e-02	9.77e-01
 2.53133e+22	0.00e+00	0.00e+00	0.00e+00	0.00e+00	0.00e+00	0.00e+00	0.00e+00	0.00e+00	1.08e-25	1.30e-21	7.22e-18	1.99e-14	4.18e-11	6.43e-08	1.81e-04	2.46e-02	9.75e-01
 2.63112e+22	0.00e+00	0.00e+00	0.00e+00	0.00e+00	0.00e+00	0.00e+00	0.00e+00	0.00e+00	1.81e-25	2.04e-21	1.06e-17	2.76e-14	5.41e-11	7.79e-08	2.06e-04	2.62e-02	9.74e-01
 2.71584e+22	0.00e+00	0.00e+00	0.00e+00	0.00e+00	0.00e+00	0.00e+00	0.00e+00	0.00e+00	2.76e-25	2.95e-21	1.46e-17	3.58e-14	6.66e-11	9.11e-08	2.28e-04	2.76e-02	9.72e-01
 2.80924e+22	0.00e+00	0.00e+00	0.00e+00	0.00e+00	0.00e+00	0.00e+00	0.00e+00	0.00e+00	4.30e-25	4.36e-21	2.04e-17	4.74e-14	8.33e-11	1.08e-07	2.55e-04	2.91e-02	9.71e-01
 2.92545e+22	0.00e+00	0.00e+00	0.00e+00	0.00e+00	0.00e+00	0.00e+00	0.00e+00	0.00e+00	7.39e-25	7.00e-21	3.06e-17	6.64e-14	1.09e-10	1.32e-07	2.92e-04	3.11e-02	9.69e-01
 3.04364e+22	0.00e+00	0.00e+00	0.00e+00	0.00e+00	0.00e+00	0.00e+00	0.00e+00	0.00e+00	1.26e-24	1.12e-20	4.57e-17	9.28e-14	1.42e-10	1.61e-07	3.33e-04	3.32e-02	9.66e-01
 3.14714e+22	0.00e+00	0.00e+00	0.00e+00	0.00e+00	0.00e+00	0.00e+00	0.00e+00	0.00e+00	1.97e-24	1.65e-20	6.39e-17	1.23e-13	1.78e-10	1.90e-07	3.72e-04	3.50e-02	9.65e-01
 3.25919e+22	0.00e+00	0.00e+00	0.00e+00	0.00e+00	0.00e+00	0.00e+00	0.00e+00	0.00e+00	3.13e-24	2.47e-20	9.04e-17	1.64e-13	2.24e-10	2.26e-07	4.17e-04	3.71e-02	9.63e-01
 3.39514e+22	0.00e+00	0.00e+00	0.00e+00	0.00e+00	0.00e+00	0.00e+00	0.00e+00	0.00e+00	5.42e-24	4.00e-20	1.37e-16	2.31e-13	2.95e-10	2.77e-07	4.77e-04	3.96e-02	9.60e-01
 3.52953e+22	0.00e+00	0.00e+00	0.00e+00	0.00e+00	0.00e+00	0.00e+00	0.00e+00	0.00e+00	9.18e-24	6.35e-20	2.03e-16	3.22e-13	3.84e-10	3.37e-07	5.43e-04	4.22e-02	9.57e-01
 3.64712e+22	0.00e+00	0.00e+00	0.00e+00	0.00e+00	0.00e+00	0.00e+00	0.00e+00	0.00e+00	1.42e-23	9.32e-20	2.82e-16	4.23e-13	4.78e-10	3.98e-07	6.06e-04	4.45e-02	9.55e-01
 3.77550e+22	0.00e+00	0.00e+00	0.00e+00	0.00e+00	0.00e+00	0.00e+00	0.00e+00	0.00e+00	2.26e-23	1.40e-19	3.99e-16	5.65e-13	6.01e-10	4.72e-07	6.79e-04	4.70e-02	9.52e-01
 3.93120e+22	0.00e+00	0.00e+00	0.00e+00	0.00e+00	0.00e+00	0.00e+00	0.00e+00	2.40e-27	3.89e-23	2.24e-19	5.99e-16	7.93e-13	7.88e-10	5.78e-07	7.75e-04	5.02e-02	9.49e-01
 4.08606e+22	0.00e+00	0.00e+00	0.00e+00	0.00e+00	0.00e+00	0.00e+00	0.00e+00	4.37e-27	6.62e-23	3.57e-19	8.94e-16	1.11e-12	1.03e-09	7.05e-07	8.83e-04	5.35e-02	9.46e-01
 4.21050e+22	0.00e+00	0.00e+00	0.00e+00	0.00e+00	0.00e+00	0.00e+00	0.00e+00	6.91e-27	9.93e-23	5.10e-19	1.21e-15	1.43e-12	1.26e-09	8.20e-07	9.76e-04	5.61e-02	9.43e-01
 4.33174e+22	0.00e+00	0.00e+00	0.00e+00	0.00e+00	0.00e+00	0.00e+00	0.00e+00	1.06e-26	1.45e-22	7.11e-19	1.61e-15	1.81e-12	1.52e-09	9.44e-07	1.07e-03	5.87e-02	9.40e-01
 4.48934e+22	0.00e+00	0.00e+00	0.00e+00	0.00e+00	0.00e+00	0.00e+00	0.00e+00	1.83e-26	2.36e-22	1.09e-18	2.32e-15	2.45e-12	1.93e-09	1.13e-06	1.21e-03	6.22e-02	9.37e-01
 4.65327e+22	0.00e+00	0.00e+00	0.00e+00	0.00e+00	0.00e+00	0.00e+00	0.00e+00	3.19e-26	3.86e-22	1.68e-18	3.37e-15	3.35e-12	2.48e-09	1.36e-06	1.36e-03	6.59e-02	9.33e-01
 4.78739e+22	0.00e+00	0.00e+00	0.00e+00	0.00e+00	0.00e+00	0.00e+00	0.00e+00	4.92e-26	5.68e-22	2.35e-18	4.50e-15	4.26e-12	3.00e-09	1.57e-06	1.50e-03	6.89e-02	9.30e-01
 4.92369e+22	0.00e+00	0.00e+00	0.00e+00	0.00e+00	0.00e+00	0.00e+00	0.00e+00	7.49e-26	8.26e-22	3.26e-18	5.96e-15	5.39e-12	3.61e-09	1.80e-06	1.64e-03	7.20e-02	9.26e-01
 5.10089e+22	0.00e+00	0.00e+00	0.00e+00	0.00e+00	0.00e+00	0.00e+00	0.00e+00	1.26e-25	1.31e-21	4.89e-18	8.44e-15	7.21e-12	4.56e-09	2.14e-06	1.84e-03	7.60e-02	9.22e-01
 5.28873e+22	0.00e+00	0.00e+00	0.00e+00	0.00e+00	0.00e+00	0.00e+00	0.00e+00	2.23e-25	2.18e-21	7.62e-18	1.24e-14	9.92e-12	5.87e-09	2.59e-06	2.08e-03	8.06e-02	9.17e-01
 5.44338e+22	0.00e+00	0.00e+00	0.00e+00	0.00e+00	0.00e+00	0.00e+00	0.00e+00	3.49e-25	3.24e-21	1.08e-17	1.67e-14	1.27e-11	7.15e-09	3.00e-06	2.29e-03	8.44e-02	9.13e-01
 5.59739e+22	0.00e+00	0.00e+00	0.00e+00	0.00e+00	0.00e+00	0.00e+00	0.00e+00	5.29e-25	4.69e-21	1.49e-17	2.20e-14	1.61e-11	8.60e-09	3.44e-06	2.50e-03	8.81e-02	9.09e-01
 5.76361e+22	0.00e+00	0.00e+00	0.00e+00	0.00e+00	0.00e+00	0.00e+00	0.00e+00	8.36e-25	7.05e-21	2.13e-17	2.99e-14	2.07e-11	1.05e-08	4.00e-06	2.76e-03	9.23e-02	9.05e-01
 5.90778e+22	0.00e+00	0.00e+00	0.00e+00	0.00e+00	0.00e+00	0.00e+00	0.00e+00	1.22e-24	9.89e-21	2.86e-17	3.86e-14	2.57e-11	1.25e-08	4.54e-06	3.00e-03	9.60e-02	9.01e-01
 6.05729e+22	0.00e+00	0.00e+00	0.00e+00	0.00e+00	0.00e+00	0.00e+00	0.00e+00	1.78e-24	1.38e-20	3.84e-17	4.96e-14	3.17e-11	1.47e-08	5.14e-06	3.25e-03	9.97e-02	8.97e-01
 6.25166e+22	0.00e+00	0.00e+00	0.00e+00	0.00e+00	0.00e+00	0.00e+00	0.00e+00	2.82e-24	2.08e-20	5.48e-17	6.75e-14	4.09e-11	1.81e-08	5.98e-06	3.59e-03	1.04e-01	8.92e-01
 6.45357e+22	0.00e+00	0.00e+00	0.00e+00	0.00e+00	0.00e+00	0.00e+00	0.00e+00	4.67e-24	3.25e-20	8.12e-17	9.47e-14	5.43e-11	2.26e-08	7.07e-06	4.00e-03	1.10e-01	8.86e-01
 6.61234e+22	0.00e+00	0.00e+00	0.00e+00	0.00e+00	0.00e+00	0.00e+00	0.00e+00	6.79e-24	4.54e-20	1.09e-16	1.22e-13	6.71e-11	2.67e-08	8.00e-06	4.33e-03	1.14e-01	8.82e-01
 6.76576e+22	0.00e+00	0.00e+00	0.00e+00	0.00e+00	0.00e+00	0.00e+00	0.00e+00	9.56e-24	6.14e-20	1.42e-16	1.53e-13	8.12e-11	3.10e-08	8.96e-06	4.66e-03	1.18e-01	8.77e-01
 6.96522e+22	0.00e+00	0.00e+00	0.00e+00	0.00e+00	0.00e+00	0.00e+00	0.00e+00	1.48e-23	9.05e-20	1.99e-16	2.05e-13	1.04e-10	3.77e-08	1.03e-05	5.12e-03	1.23e-01	8.72e-01
 7.17600e+22	0.00e+00	0.00e+00	0.00e+00	0.00e+00	0.00e+00	0.00e+00	0.00e+00	2.31e-23	1.35e-19	2.82e-16	2.77e-13	1.33e-10	4.59e-08	1.20e-05	5.63e-03	1.29e-01	8.66e-01
 7.35422e+22	0.00e+00	0.00e+00	0.00e+00	0.00e+00	0.00e+00	0.00e+00	0.00e+00	3.39e-23	1.89e-19	3.81e-16	3.59e-13	1.66e-10	5.45e-08	1.36e-05	6.11e-03	1.34e-01	8.60e-01
 7.50102e+22	0.00e+00	0.00e+00	0.00e+00	0.00e+00	0.00e+00	0.00e+00	3.10e-27	4.65e-23	2.51e-19	4.87e-16	4.43e-13	1.98e-10	6.27e-08	1.51e-05	6.53e-03	1.38e-01	8.56e-01
 7.65423e+22	0.00e+00	0.00e+00	0.00e+00	0.00e+00	0.00e+00	0.00e+00	4.24e-27	6.17e-23	3.23e-19	6.07e-16	5.36e-13	2.32e-10	7.11e-08	1.66e-05	6.94e-03	1.42e-01	8.51e-01
 7.85342e+22	0.00e+00	0.00e+00	0.00e+00	0.00e+00	0.00e+00	0.00e+00	6.40e-27	8.94e-23	4.49e-19	8.12e-16	6.88e-13	2.86e-10	8.39e-08	1.88e-05	7.51e-03	1.47e-01	8.46e-01
 8.06526e+22	0.00e+00	0.00e+00	0.00e+00	0.00e+00	0.00e+00	0.00e+00	9.93e-27	1.33e-22	6.38e-19	1.10e-15	8.98e-13	3.57e-10	1.00e-07	2.14e-05	8.16e-03	1.53e-01	8.39e-01
 8.24710e+22	0.00e+00	0.00e+00	0.00e+00	0.00e+00	0.00e+00	0.00e+00	1.46e-26	1.87e-22	8.68e-19	1.45e-15	1.13e-12	4.34e-10	1.17e-07	2.39e-05	8.79e-03	1.58e-01	8.33e-01
 8.40925e+22	0.00e+00	0.00e+00	0.00e+00	0.00e+00	0.00e+00	0.00e+00	2.01e-26	2.50e-22	1.12e-18	1.81e-15	1.38e-12	5.11e-10	1.33e-07	2.63e-05	9.34e-03	1.62e-01	8.29e-01
 8.59226e+22	0.00e+00	0.00e+00	0.00e+00	0.00e+00	0.00e+00	0.00e+00	2.82e-26	3.39e-22	1.47e-18	2.30e-15	1.69e-12	6.07e-10	1.52e-07	2.91e-05	9.96e-03	1.67e-01	8.23e-01
 8.83017e+22	0.00e+00	0.00e+00	0.00e+00	0.00e+00	0.00e+00	0.00e+00	4.25e-26	4.92e-22	2.05e-18	3.07e-15	2.17e-12	7.49e-10	1.79e-07	3.29e-05	1.08e-02	1.73e-01	8.16e-01
 9.08159e+22	0.00e+00	0.00e+00	0.00e+00	0.00e+00	0.00e+00	0.00e+00	6.82e-26	7.54e-22	2.99e-18	4.29e-15	2.90e-12	9.55e-10	2.17e-07	3.79e-05	1.18e-02	1.80e-01	8.08e-01
 9.28541e+22	0.00e+00	0.00e+00	0.00e+00	0.00e+00	0.00e+00	0.00e+00	9.87e-26	1.05e-21	4.03e-18	5.57e-15	3.64e-12	1.15e-09	2.52e-07	4.23e-05	1.26e-02	1.85e-01	8.02e-01
 9.44643e+22	0.00e+00	0.00e+00	0.00e+00	0.00e+00	0.00e+00	0.00e+00	1.32e-25	1.36e-21	5.08e-18	6.83e-15	4.34e-12	1.34e-09	2.83e-07	4.61e-05	1.34e-02	1.90e-01	7.97e-01
 9.61699e+22	0.00e+00	0.00e+00	0.00e+00	0.00e+00	0.00e+00	0.00e+00	1.72e-25	1.74e-21	6.30e-18	8.25e-15	5.11e-12	1.53e-09	3.15e-07	5.00e-05	1.40e-02	1.94e-01	7.92e-01
 9.83871e+22	0.00e+00	0.00e+00	0.00e+00	0.00e+00	0.00e+00	0.00e+00	2.43e-25	2.37e-21	8.30e-18	1.05e-14	6.31e-12	1.83e-09	3.62e-07	5.54e-05	1.50e-02	2.00e-01	7.85e-01
 1.00823e+23	0.00e+00	0.00e+00	0.00e+00	0.00e+00	0.00e+00	0.00e+00	3.52e-25	3.31e-21	1.12e-17	1.37e-14	7.92e-12	2.22e-09	4.20e-07	6.18e-05	1.61e-02	2.06e-01	7.78e-01
 1.03045e+23	0.00e+00	0.00e+00	0.00e+00	0.00e+00	0.00e+00	0.00e+00	5.03e-25	4.57e-21	1.49e-17	1.76e-14	9.86e-12	2.66e-09	4.86e-07	6.88e-05	1.72e-02	2.12e-01	7.71e-01
 1.05043e+23	0.00e+00	0.00e+00	0.00e+00	0.00e+00	0.00e+00	0.00e+00	6.74e-25	5.95e-21	1.89e-17	2.17e-14	1.18e-11	3.10e-09	5.47e-07	7.51e-05	1.82e-02	2.17e-01	7.65e-01
 1.07247e+23	0.00e+00	0.00e+00	0.00e+00	0.00e+00	0.00e+00	0.00e+00	9.13e-25	7.83e-21	2.41e-17	2.69e-14	1.42e-11	3.62e-09	6.18e-07	8.22e-05	1.92e-02	2.22e-01	7.59e-01
 1.10113e+23	0.00e+00	0.00e+00	0.00e+00	0.00e+00	0.00e+00	0.00e+00	1.32e-24	1.09e-20	3.23e-17	3.48e-14	1.78e-11	4.37e-09	7.17e-07	9.16e-05	2.06e-02	2.29e-01	7.51e-01
 1.13127e+23	0.00e+00	0.00e+00	0.00e+00	0.00e+00	0.00e+00	0.00e+00	2.01e-24	1.60e-20	4.55e-17	4.70e-14	2.31e-11	5.45e-09	8.51e-07	1.04e-04	2.23e-02	2.36e-01	7.41e-01
 1.15544e+23	0.00e+00	0.00e+00	0.00e+00	0.00e+00	0.00e+00	0.00e+00	2.79e-24	2.15e-20	5.94e-17	5.94e-14	2.83e-11	6.47e-09	9.74e-07	1.15e-04	2.37e-02	2.42e-01	7.34e-01
 1.17568e+23	0.00e+00	0.00e+00	0.00e+00	0.00e+00	0.00e+00	0.00e+00	3.56e-24	2.67e-20	7.21e-17	7.05e-14	3.28e-11	7.33e-09	1.07e-06	1.23e-04	2.48e-02	2.47e-01	7.28e-01
 1.19869e+23	0.00e+00	0.00e+00	0.00e+00	0.00e+00	0.00e+00	0.00e+00	4.67e-24	3.42e-20	9.00e-17	8.56e-14	3.89e-11	8.45e-09	1.20e-06	1.34e-04	2.61e-02	2.52e-01	7.22e-01
 1.22860e+23	0.00e+00	0.00e+00	0.00e+00	0.00e+00	0.00e+00	0.00e+00	6.44e-24	4.57e-20	1.17e-16	1.08e-13	4.74e-11	9.98e-09	1.37e-06	1.47e-04	2.77e-02	2.58e-01	7.14e-01
 1.26157e+23	0.00e+00	0.00e+00	0.00e+00	0.00e+00	0.00e+00	0.00e+00	9.40e-24	6.44e-20	1.58e-16	1.41e-13	6.00e-11	1.22e-08	1.59e-06	1.65e-04	2.97e-02	2.65e-01	7.05e-01
 1.29054e+23	0.00e+00	0.00e+00	0.00e+00	0.00e+00	0.00e+00	0.00e+00	1.31e-23	8.71e-20	2.07e-16	1.79e-13	7.38e-11	1.45e-08	1.83e-06	1.82e-04	3.15e-02	2.72e-01	6.96e-01
 1.31548e+23	0.00e+00	0.00e+00	0.00e+00	0.00e+00	0.00e+00	0.00e+00	1.71e-23	1.11e-19	2.56e-16	2.16e-13	8.69e-11	1.66e-08	2.03e-06	1.97e-04	3.31e-02	2.77e-01	6.89e-01
 1.34316e+23	0.00e+00	0.00e+00	0.00e+00	0.00e+00	0.00e+00	0.00e+00	2.21e-23	1.40e-19	3.16e-16	2.59e-13	1.02e-10	1.90e-08	2.26e-06	2.12e-04	3.47e-02	2.83e-01	6.83e-01
 1.37914e+23	0.00e+00	0.00e+00	0.00e+00	0.00e+00	0.00e+00	0.00e+00	2.99e-23	1.83e-19	4.03e-16	3.21e-13	1.23e-10	2.22e-08	2.55e-06	2.32e-04	3.67e-02	2.89e-01	6.75e-01
 1.42591e+23	0.00e+00	0.00e+00	0.00e+00	0.00e+00	0.00e+00	0.00e+00	4.40e-23	2.60e-19	5.52e-16	4.24e-13	1.56e-10	2.72e-08	2.99e-06	2.61e-04	3.94e-02	2.97e-01	6.64e-01
 1.47386e+23	0.00e+00	0.00e+00	0.00e+00	0.00e+00	0.00e+00	0.00e+00	6.91e-23	3.92e-19	7.97e-16	5.86e-13	2.08e-10	3.46e-08	3.60e-06	2.98e-04	4.27e-02	3.06e-01	6.51e-01
 1.50910e+23	0.00e+00	0.00e+00	0.00e+00	0.00e+00	0.00e+00	0.00e+00	9.60e-23	5.29e-19	1.04e-15	7.43e-13	2.55e-10	4.12e-08	4.12e-06	3.29e-04	4.53e-02	3.13e-01	6.42e-01
 1.53544e+23	0.00e+00	0.00e+00	0.00e+00	0.00e+00	0.00e+00	0.00e+00	1.18e-22	6.38e-19	1.23e-15	8.61e-13	2.91e-10	4.59e-08	4.48e-06	3.49e-04	4.71e-02	3.17e-01	6.36e-01
 1.56444e+23	0.00e+00	0.00e+00	0.00e+00	0.00e+00	0.00e+00	5.92e-27	1.45e-22	7.67e-19	1.45e-15	9.96e-13	3.30e-10	5.10e-08	4.87e-06	3.71e-04	4.88e-02	3.21e-01	6.30e-01
 1.60214e+23	0.00e+00	0.00e+00	0.00e+00	0.00e+00	0.00e+00	7.79e-27	1.86e-22	9.64e-19	1.78e-15	1.19e-12	3.86e-10	5.83e-08	5.40e-06	4.00e-04	5.11e-02	3.27e-01	6.22e-01
 1.65116e+23	0.00e+00	0.00e+00	0.00e+00	0.00e+00	0.00e+00	1.05e-26	2.46e-22	1.24e-18	2.24e-15	1.46e-12	4.60e-10	6.75e-08	6.04e-06	4.34e-04	5.36e-02	3.32e-01	6.14e-01
 1.71306e+23	0.00e+00	0.00e+00	0.00e+00	0.00e+00	0.00e+00	1.53e-26	3.47e-22	1.70e-18	2.96e-15	1.87e-12	5.71e-10	8.10e-08	6.96e-06	4.80e-04	5.70e-02	3.40e-01	6.03e-01
 1.77805e+23	0.00e+00	0.00e+00	0.00e+00	0.00e+00	0.00e+00	2.35e-26	5.16e-22	2.43e-18	4.09e-15	2.49e-12	7.34e-10	1.00e-07	8.20e-06	5.40e-04	6.11e-02	3.48e-01	5.90e-01
 1.83290e+23	0.00e+00	0.00e+00	0.00e+00	0.00e+00	0.00e+00	3.34e-26	7.14e-22	3.27e-18	5.34e-15	3.15e-12	9.01e-10	1.19e-07	9.37e-06	5.94e-04	6.47e-02	3.55e-01	5.80e-01
 1.87916e+23	0.00e+00	0.00e+00	0.00e+00	0.00e+00	0.00e+00	4.22e-26	8.86e-22	3.98e-18	6.37e-15	3.67e-12	1.03e-09	1.33e-07	1.02e-05	6.33e-04	6.72e-02	3.59e-01	5.73e-01
 1.93029e+23	0.00e+00	0.00e+00	0.00e+00	0.00e+00	0.00e+00	5.34e-26	1.10e-21	4.85e-18	7.60e-15	4.30e-12	1.18e-09	1.49e-07	1.12e-05	6.74e-04	6.98e-02	3.64e-01	5.66e-01
 1.99675e+23	0.00e+00	0.00e+00	0.00e+00	0.00e+00	0.00e+00	7.00e-26	1.41e-21	6.08e-18	9.33e-15	5.15e-12	1.39e-09	1.71e-07	1.24e-05	7.26e-04	7.29e-02	3.69e-01	5.58e-01
 2.07561e+23	0.00e+00	0.00e+00	0.00e+00	0.00e+00	0.00e+00	9.30e-26	1.84e-21	7.73e-18	1.16e-14	6.22e-12	1.64e-09	1.96e-07	1.38e-05	7.83e-04	7.62e-02	3.74e-01	5.49e-01
 2.15987e+23	0.00e+00	0.00e+00	0.00e+00	0.00e+00	0.00e+00	1.24e-25	2.40e-21	9.87e-18	1.44e-14	7.56e-12	1.94e-09	2.26e-07	1.54e-05	8.47e-04	7.98e-02	3.80e-01	5.40e-01
 2.24543e+23	0.00e+00	0.00e+00	0.00e+00	0.00e+00	0.00e+00	1.63e-25	3.10e-21	1.24e-17	1.77e-14	9.09e-12	2.28e-09	2.59e-07	1.71e-05	9.11e-04	8.33e-02	3.85e-01	5.31e-01
 2.32637e+23	0.00e+00	0.00e+00	0.00e+00	0.00e+00	0.00e+00	2.12e-25	3.94e-21	1.55e-17	2.16e-14	1.08e-11	2.66e-09	2.95e-07	1.89e-05	9.78e-04	8.68e-02	3.89e-01	5.23e-01
 2.39921e+23	0.00e+00	0.00e+00	0.00e+00	0.00e+00	0.00e+00	2.60e-25	4.76e-21	1.84e-17	2.52e-14	1.24e-11	2.99e-09	3.26e-07	2.04e-05	1.03e-03	8.96e-02	3.93e-01	5.16e-01
 2.46477e+23	0.00e+00	0.00e+00	0.00e+00	0.00e+00	0.00e+00	3.07e-25	5.57e-21	2.12e-17	2.87e-14	1.39e-11	3.31e-09	3.54e-07	2.17e-05	1.08e-03	9.20e-02	3.96e-01	5.11e-01
 2.52378e+23	0.00e+00	0.00e+00	0.00e+00	0.00e+00	0.00e+00	3.50e-25	6.28e-21	2.37e-17	3.17e-14	1.52e-11	3.57e-09	3.77e-07	2.28e-05	1.12e-03	9.38e-02	3.98e-01	5.07e-01
 2.57688e+23	0.00e+00	0.00e+00	0.00e+00	0.00e+00	0.00e+00	3.91e-25	6.96e-21	2.61e-17	3.45e-14	1.64e-11	3.81e-09	3.99e-07	2.38e-05	1.15e-03	9.55e-02	4.00e-01	5.03e-01
 2.62467e+23	0.00e+00	0.00e+00	0.00e+00	0.00e+00	0.00e+00	4.27e-25	7.55e-21	2.80e-17	3.68e-14	1.73e-11	4.01e-09	4.16e-07	2.46e-05	1.18e-03	9.67e-02	4.02e-01	5.00e-01
 2.66769e+23	0.00e+00	0.00e+00	0.00e+00	0.00e+00	0.00e+00	4.59e-25	8.07e-21	2.98e-17	3.90e-14	1.82e-11	4.18e-09	4.32e-07	2.53e-05	1.20e-03	9.78e-02	4.03e-01	4.98e-01
 2.70640e+23	0.00e+00	0.00e+00	0.00e+00	0.00e+00	0.00e+00	4.87e-25	8.54e-21	3.14e-17	4.08e-14	1.90e-11	4.34e-09	4.45e-07	2.59e-05	1.22e-03	9.87e-02	4.04e-01	4.96e-01
 2.74124e+23	0.00e+00	0.00e+00	0.00e+00	0.00e+00	0.00e+00	5.13e-25	8.94e-21	3.27e-17	4.24e-14	1.96e-11	4.46e-09	4.56e-07	2.63e-05	1.24e-03	9.95e-02	4.05e-01	4.94e-01
 2.77302e+23	0.00e+00	0.00e+00	0.00e+00	0.00e+00	0.00e+00	5.33e-25	9.27e-21	3.38e-17	4.36e-14	2.01e-11	4.56e-09	4.64e-07	2.67e-05	1.25e-03	1.00e-01	4.06e-01	4.93e-01
 2.80357e+23	0.00e+00	0.00e+00	0.00e+00	0.00e+00	0.00e+00	5.42e-25	9.42e-21	3.43e-17	4.42e-14	2.04e-11	4.61e-09	4.68e-07	2.69e-05	1.26e-03	1.00e-01	4.06e-01	4.92e-01
 2.83412e+23	0.00e+00	0.00e+00	0.00e+00	0.00e+00	0.00e+00	5.51e-25	9.56e-21	3.48e-17	4.47e-14	2.06e-11	4.65e-09	4.72e-07	2.70e-05	1.26e-03	1.01e-01	4.06e-01	4.92e-01
 2.86467e+23	0.00e+00	0.00e+00	0.00e+00	0.00e+00	0.00e+00	5.64e-25	9.77e-21	3.55e-17	4.55e-14	2.09e-11	4.72e-09	4.77e-07	2.73e-05	1.27e-03	1.01e-01	4.07e-01	4.91e-01
 2.89521e+23	0.00e+00	0.00e+00	0.00e+00	0.00e+00	0.00e+00	5.72e-25	9.91e-21	3.59e-17	4.60e-14	2.11e-11	4.76e-09	4.80e-07	2.74e-05	1.27e-03	1.01e-01	4.07e-01	4.91e-01
 2.92576e+23	0.00e+00	0.00e+00	0.00e+00	0.00e+00	0.00e+00	5.79e-25	1.00e-20	3.63e-17	4.65e-14	2.13e-11	4.79e-09	4.83e-07	2.76e-05	1.28e-03	1.01e-01	4.07e-01	4.90e-01
 2.95631e+23	0.00e+00	0.00e+00	0.00e+00	0.00e+00	0.00e+00	5.84e-25	1.01e-20	3.65e-17	4.67e-14	2.14e-11	4.81e-09	4.85e-07	2.76e-05	1.28e-03	1.01e-01	4.07e-01	4.90e-01
 2.98686e+23	0.00e+00	0.00e+00	0.00e+00	0.00e+00	0.00e+00	5.89e-25	1.02e-20	3.68e-17	4.71e-14	2.15e-11	4.84e-09	4.88e-07	2.78e-05	1.28e-03	1.02e-01	4.07e-01	4.90e-01
 3.01741e+23	0.00e+00	0.00e+00	0.00e+00	0.00e+00	0.00e+00	5.90e-25	1.02e-20	3.69e-17	4.71e-14	2.16e-11	4.84e-09	4.88e-07	2.78e-05	1.28e-03	1.02e-01	4.07e-01	4.90e-01
 3.04375e+23	0.00e+00	0.00e+00	0.00e+00	0.00e+00	0.00e+00	6.18e-25	1.06e-20	3.84e-17	4.89e-14	2.23e-11	4.98e-09	5.00e-07	2.83e-05	1.30e-03	1.02e-01	4.08e-01	4.88e-01
