#depth	Cl	Cl+	Cl+2	Cl+3	Cl+4	Cl+5	Cl+6	Cl+7	Cl+8	Cl+9	Cl+10	Cl+11	Cl+12	Cl+13	Cl+14	Cl+15	Cl+16	Cl+17
 6.17135e+19	0.00e+00	0.00e+00	0.00e+00	0.00e+00	0.00e+00	0.00e+00	0.00e+00	0.00e+00	0.00e+00	0.00e+00	0.00e+00	0.00e+00	1.26e-22	1.06e-17	7.13e-13	8.38e-08	5.29e-04	9.99e-01
 1.87609e+20	0.00e+00	0.00e+00	0.00e+00	0.00e+00	0.00e+00	0.00e+00	0.00e+00	0.00e+00	0.00e+00	0.00e+00	0.00e+00	0.00e+00	1.87e-22	1.46e-17	9.01e-13	9.79e-08	5.72e-04	9.99e-01
 3.18540e+20	0.00e+00	0.00e+00	0.00e+00	0.00e+00	0.00e+00	0.00e+00	0.00e+00	0.00e+00	0.00e+00	0.00e+00	0.00e+00	0.00e+00	2.75e-22	1.99e-17	1.14e-12	1.14e-07	6.18e-04	9.99e-01
 4.54709e+20	0.00e+00	0.00e+00	0.00e+00	0.00e+00	0.00e+00	0.00e+00	0.00e+00	0.00e+00	0.00e+00	0.00e+00	0.00e+00	0.00e+00	4.06e-22	2.71e-17	1.44e-12	1.33e-07	6.68e-04	9.99e-01
 5.96324e+20	0.00e+00	0.00e+00	0.00e+00	0.00e+00	0.00e+00	0.00e+00	0.00e+00	0.00e+00	0.00e+00	0.00e+00	0.00e+00	0.00e+00	5.98e-22	3.69e-17	1.81e-12	1.56e-07	7.21e-04	9.99e-01
 7.43604e+20	0.00e+00	0.00e+00	0.00e+00	0.00e+00	0.00e+00	0.00e+00	0.00e+00	0.00e+00	0.00e+00	0.00e+00	0.00e+00	0.00e+00	8.80e-22	5.04e-17	2.28e-12	1.82e-07	7.80e-04	9.99e-01
 8.96775e+20	0.00e+00	0.00e+00	0.00e+00	0.00e+00	0.00e+00	0.00e+00	0.00e+00	0.00e+00	0.00e+00	0.00e+00	0.00e+00	0.00e+00	1.30e-21	6.86e-17	2.88e-12	2.12e-07	8.42e-04	9.99e-01
 1.05607e+21	0.00e+00	0.00e+00	0.00e+00	0.00e+00	0.00e+00	0.00e+00	0.00e+00	0.00e+00	0.00e+00	0.00e+00	0.00e+00	0.00e+00	1.91e-21	9.35e-17	3.63e-12	2.48e-07	9.10e-04	9.99e-01
 1.22174e+21	0.00e+00	0.00e+00	0.00e+00	0.00e+00	0.00e+00	0.00e+00	0.00e+00	0.00e+00	0.00e+00	0.00e+00	0.00e+00	0.00e+00	2.81e-21	1.27e-16	4.58e-12	2.89e-07	9.83e-04	9.99e-01
 1.39404e+21	0.00e+00	0.00e+00	0.00e+00	0.00e+00	0.00e+00	0.00e+00	0.00e+00	0.00e+00	0.00e+00	0.00e+00	0.00e+00	0.00e+00	4.14e-21	1.74e-16	5.78e-12	3.38e-07	1.06e-03	9.99e-01
 1.57323e+21	0.00e+00	0.00e+00	0.00e+00	0.00e+00	0.00e+00	0.00e+00	0.00e+00	0.00e+00	0.00e+00	0.00e+00	0.00e+00	0.00e+00	6.09e-21	2.37e-16	7.29e-12	3.94e-07	1.15e-03	9.99e-01
 1.75958e+21	0.00e+00	0.00e+00	0.00e+00	0.00e+00	0.00e+00	0.00e+00	0.00e+00	0.00e+00	0.00e+00	0.00e+00	0.00e+00	1.94e-25	8.96e-21	3.22e-16	9.19e-12	4.60e-07	1.24e-03	9.99e-01
 1.95339e+21	0.00e+00	0.00e+00	0.00e+00	0.00e+00	0.00e+00	0.00e+00	0.00e+00	0.00e+00	0.00e+00	0.00e+00	0.00e+00	3.09e-25	1.32e-20	4.39e-16	1.16e-11	5.37e-07	1.34e-03	9.99e-01
 2.15496e+21	0.00e+00	0.00e+00	0.00e+00	0.00e+00	0.00e+00	0.00e+00	0.00e+00	0.00e+00	0.00e+00	0.00e+00	0.00e+00	4.91e-25	1.94e-20	5.97e-16	1.46e-11	6.26e-07	1.45e-03	9.99e-01
 2.36458e+21	0.00e+00	0.00e+00	0.00e+00	0.00e+00	0.00e+00	0.00e+00	0.00e+00	0.00e+00	0.00e+00	0.00e+00	0.00e+00	7.80e-25	2.85e-20	8.13e-16	1.84e-11	7.31e-07	1.56e-03	9.98e-01
 2.58259e+21	0.00e+00	0.00e+00	0.00e+00	0.00e+00	0.00e+00	0.00e+00	0.00e+00	0.00e+00	0.00e+00	0.00e+00	0.00e+00	1.24e-24	4.19e-20	1.11e-15	2.32e-11	8.52e-07	1.69e-03	9.98e-01
 2.80932e+21	0.00e+00	0.00e+00	0.00e+00	0.00e+00	0.00e+00	0.00e+00	0.00e+00	0.00e+00	0.00e+00	0.00e+00	0.00e+00	1.96e-24	6.15e-20	1.51e-15	2.92e-11	9.94e-07	1.82e-03	9.98e-01
 3.04512e+21	0.00e+00	0.00e+00	0.00e+00	0.00e+00	0.00e+00	0.00e+00	0.00e+00	0.00e+00	0.00e+00	0.00e+00	0.00e+00	3.12e-24	9.04e-20	2.05e-15	3.68e-11	1.16e-06	1.97e-03	9.98e-01
 3.29036e+21	0.00e+00	0.00e+00	0.00e+00	0.00e+00	0.00e+00	0.00e+00	0.00e+00	0.00e+00	0.00e+00	0.00e+00	0.00e+00	4.94e-24	1.33e-19	2.78e-15	4.63e-11	1.35e-06	2.12e-03	9.98e-01
 3.54540e+21	0.00e+00	0.00e+00	0.00e+00	0.00e+00	0.00e+00	0.00e+00	0.00e+00	0.00e+00	0.00e+00	0.00e+00	0.00e+00	7.84e-24	1.95e-19	3.79e-15	5.83e-11	1.58e-06	2.29e-03	9.98e-01
 3.81064e+21	0.00e+00	0.00e+00	0.00e+00	0.00e+00	0.00e+00	0.00e+00	0.00e+00	0.00e+00	0.00e+00	0.00e+00	0.00e+00	1.24e-23	2.86e-19	5.15e-15	7.34e-11	1.84e-06	2.48e-03	9.98e-01
 4.08649e+21	0.00e+00	0.00e+00	0.00e+00	0.00e+00	0.00e+00	0.00e+00	0.00e+00	0.00e+00	0.00e+00	0.00e+00	0.00e+00	1.97e-23	4.20e-19	6.99e-15	9.24e-11	2.14e-06	2.67e-03	9.97e-01
 4.37338e+21	0.00e+00	0.00e+00	0.00e+00	0.00e+00	0.00e+00	0.00e+00	0.00e+00	0.00e+00	0.00e+00	0.00e+00	0.00e+00	3.07e-23	6.16e-19	9.50e-15	1.16e-10	2.50e-06	2.88e-03	9.97e-01
 4.67174e+21	0.00e+00	0.00e+00	0.00e+00	0.00e+00	0.00e+00	0.00e+00	0.00e+00	0.00e+00	0.00e+00	0.00e+00	0.00e+00	4.86e-23	9.03e-19	1.29e-14	1.46e-10	2.91e-06	3.11e-03	9.97e-01
 4.98204e+21	0.00e+00	0.00e+00	0.00e+00	0.00e+00	0.00e+00	0.00e+00	0.00e+00	0.00e+00	0.00e+00	0.00e+00	0.00e+00	7.69e-23	1.32e-18	1.75e-14	1.84e-10	3.39e-06	3.36e-03	9.97e-01
 5.30475e+21	0.00e+00	0.00e+00	0.00e+00	0.00e+00	0.00e+00	0.00e+00	0.00e+00	0.00e+00	0.00e+00	0.00e+00	0.00e+00	1.22e-22	1.94e-18	2.38e-14	2.31e-10	3.95e-06	3.63e-03	9.96e-01
 5.64036e+21	0.00e+00	0.00e+00	0.00e+00	0.00e+00	0.00e+00	0.00e+00	0.00e+00	0.00e+00	0.00e+00	0.00e+00	0.00e+00	1.92e-22	2.84e-18	3.23e-14	2.91e-10	4.60e-06	3.91e-03	9.96e-01
 5.98940e+21	0.00e+00	0.00e+00	0.00e+00	0.00e+00	0.00e+00	0.00e+00	0.00e+00	0.00e+00	0.00e+00	0.00e+00	0.00e+00	3.04e-22	4.16e-18	4.38e-14	3.65e-10	5.35e-06	4.22e-03	9.96e-01
 6.35241e+21	0.00e+00	0.00e+00	0.00e+00	0.00e+00	0.00e+00	0.00e+00	0.00e+00	0.00e+00	0.00e+00	0.00e+00	0.00e+00	4.80e-22	6.09e-18	5.94e-14	4.59e-10	6.23e-06	4.55e-03	9.95e-01
 6.72993e+21	0.00e+00	0.00e+00	0.00e+00	0.00e+00	0.00e+00	0.00e+00	0.00e+00	0.00e+00	0.00e+00	0.00e+00	0.00e+00	7.57e-22	8.90e-18	8.05e-14	5.77e-10	7.26e-06	4.91e-03	9.95e-01
 7.12255e+21	0.00e+00	0.00e+00	0.00e+00	0.00e+00	0.00e+00	0.00e+00	0.00e+00	0.00e+00	0.00e+00	0.00e+00	0.00e+00	1.19e-21	1.30e-17	1.09e-13	7.24e-10	8.44e-06	5.30e-03	9.95e-01
 7.53088e+21	0.00e+00	0.00e+00	0.00e+00	0.00e+00	0.00e+00	0.00e+00	0.00e+00	0.00e+00	0.00e+00	0.00e+00	0.00e+00	1.88e-21	1.90e-17	1.48e-13	9.09e-10	9.83e-06	5.71e-03	9.94e-01
 7.95555e+21	0.00e+00	0.00e+00	0.00e+00	0.00e+00	0.00e+00	0.00e+00	0.00e+00	0.00e+00	0.00e+00	0.00e+00	1.82e-25	2.97e-21	2.78e-17	2.00e-13	1.14e-09	1.14e-05	6.16e-03	9.94e-01
 8.39719e+21	0.00e+00	0.00e+00	0.00e+00	0.00e+00	0.00e+00	0.00e+00	0.00e+00	0.00e+00	0.00e+00	0.00e+00	3.09e-25	4.67e-21	4.06e-17	2.71e-13	1.43e-09	1.33e-05	6.64e-03	9.93e-01
 8.85651e+21	0.00e+00	0.00e+00	0.00e+00	0.00e+00	0.00e+00	0.00e+00	0.00e+00	0.00e+00	0.00e+00	0.00e+00	5.24e-25	7.36e-21	5.92e-17	3.66e-13	1.80e-09	1.55e-05	7.16e-03	9.93e-01
 9.33420e+21	0.00e+00	0.00e+00	0.00e+00	0.00e+00	0.00e+00	0.00e+00	0.00e+00	0.00e+00	0.00e+00	0.00e+00	8.89e-25	1.16e-20	8.64e-17	4.95e-13	2.25e-09	1.80e-05	7.72e-03	9.92e-01
 9.83099e+21	0.00e+00	0.00e+00	0.00e+00	0.00e+00	0.00e+00	0.00e+00	0.00e+00	0.00e+00	0.00e+00	0.00e+00	1.51e-24	1.82e-20	1.26e-16	6.69e-13	2.82e-09	2.09e-05	8.32e-03	9.92e-01
 1.03477e+22	0.00e+00	0.00e+00	0.00e+00	0.00e+00	0.00e+00	0.00e+00	0.00e+00	0.00e+00	0.00e+00	0.00e+00	2.55e-24	2.86e-20	1.83e-16	9.04e-13	3.54e-09	2.43e-05	8.97e-03	9.91e-01
 1.08850e+22	0.00e+00	0.00e+00	0.00e+00	0.00e+00	0.00e+00	0.00e+00	0.00e+00	0.00e+00	0.00e+00	0.00e+00	4.32e-24	4.49e-20	2.67e-16	1.22e-12	4.43e-09	2.82e-05	9.66e-03	9.90e-01
 1.14438e+22	0.00e+00	0.00e+00	0.00e+00	0.00e+00	0.00e+00	0.00e+00	0.00e+00	0.00e+00	0.00e+00	0.00e+00	7.31e-24	7.04e-20	3.89e-16	1.65e-12	5.55e-09	3.27e-05	1.04e-02	9.90e-01
 1.20250e+22	0.00e+00	0.00e+00	0.00e+00	0.00e+00	0.00e+00	0.00e+00	0.00e+00	0.00e+00	0.00e+00	0.00e+00	1.23e-23	1.10e-19	5.65e-16	2.22e-12	6.94e-09	3.80e-05	1.12e-02	9.89e-01
 1.25929e+22	0.00e+00	0.00e+00	0.00e+00	0.00e+00	0.00e+00	0.00e+00	0.00e+00	0.00e+00	0.00e+00	0.00e+00	2.02e-23	1.68e-19	8.05e-16	2.95e-12	8.58e-09	4.38e-05	1.20e-02	9.88e-01
 1.31333e+22	0.00e+00	0.00e+00	0.00e+00	0.00e+00	0.00e+00	0.00e+00	0.00e+00	0.00e+00	0.00e+00	0.00e+00	3.15e-23	2.48e-19	1.11e-15	3.81e-12	1.04e-08	4.98e-05	1.28e-02	9.87e-01
 1.37319e+22	0.00e+00	0.00e+00	0.00e+00	0.00e+00	0.00e+00	0.00e+00	0.00e+00	0.00e+00	0.00e+00	0.00e+00	5.10e-23	3.74e-19	1.56e-15	5.02e-12	1.28e-08	5.71e-05	1.37e-02	9.86e-01
 1.44046e+22	0.00e+00	0.00e+00	0.00e+00	0.00e+00	0.00e+00	0.00e+00	0.00e+00	0.00e+00	0.00e+00	0.00e+00	8.60e-23	5.86e-19	2.27e-15	6.76e-12	1.60e-08	6.62e-05	1.48e-02	9.85e-01
 1.50660e+22	0.00e+00	0.00e+00	0.00e+00	0.00e+00	0.00e+00	0.00e+00	0.00e+00	0.00e+00	0.00e+00	0.00e+00	1.41e-22	8.95e-19	3.23e-15	8.96e-12	1.97e-08	7.61e-05	1.58e-02	9.84e-01
 1.57022e+22	0.00e+00	0.00e+00	0.00e+00	0.00e+00	0.00e+00	0.00e+00	0.00e+00	0.00e+00	0.00e+00	0.00e+00	2.22e-22	1.32e-18	4.48e-15	1.16e-11	2.40e-08	8.67e-05	1.69e-02	9.83e-01
 1.64022e+22	0.00e+00	0.00e+00	0.00e+00	0.00e+00	0.00e+00	0.00e+00	0.00e+00	0.00e+00	0.00e+00	0.00e+00	3.60e-22	2.00e-18	6.32e-15	1.53e-11	2.95e-08	9.94e-05	1.81e-02	9.82e-01
 1.71817e+22	0.00e+00	0.00e+00	0.00e+00	0.00e+00	0.00e+00	0.00e+00	0.00e+00	0.00e+00	0.00e+00	0.00e+00	6.04e-22	3.12e-18	9.15e-15	2.06e-11	3.68e-08	1.15e-04	1.94e-02	9.80e-01
 1.79535e+22	0.00e+00	0.00e+00	0.00e+00	0.00e+00	0.00e+00	0.00e+00	0.00e+00	0.00e+00	0.00e+00	0.00e+00	9.89e-22	4.76e-18	1.30e-14	2.73e-11	4.54e-08	1.32e-04	2.08e-02	9.79e-01
 1.87562e+22	0.00e+00	0.00e+00	0.00e+00	0.00e+00	0.00e+00	0.00e+00	0.00e+00	0.00e+00	0.00e+00	0.00e+00	1.61e-21	7.24e-18	1.85e-14	3.61e-11	5.60e-08	1.52e-04	2.23e-02	9.78e-01
 1.96074e+22	0.00e+00	0.00e+00	0.00e+00	0.00e+00	0.00e+00	0.00e+00	0.00e+00	0.00e+00	0.00e+00	3.16e-25	2.67e-21	1.11e-17	2.64e-14	4.80e-11	6.94e-08	1.76e-04	2.39e-02	9.76e-01
 2.04411e+22	0.00e+00	0.00e+00	0.00e+00	0.00e+00	0.00e+00	0.00e+00	0.00e+00	0.00e+00	0.00e+00	5.43e-25	4.28e-21	1.67e-17	3.71e-14	6.29e-11	8.49e-08	2.01e-04	2.56e-02	9.74e-01
 2.13306e+22	0.00e+00	0.00e+00	0.00e+00	0.00e+00	0.00e+00	0.00e+00	0.00e+00	0.00e+00	0.00e+00	9.42e-25	6.94e-21	2.53e-17	5.23e-14	8.28e-11	1.04e-07	2.30e-04	2.73e-02	9.72e-01
 2.22868e+22	0.00e+00	0.00e+00	0.00e+00	0.00e+00	0.00e+00	0.00e+00	0.00e+00	0.00e+00	0.00e+00	1.67e-24	1.15e-20	3.89e-17	7.49e-14	1.10e-10	1.29e-07	2.65e-04	2.93e-02	9.70e-01
 2.32249e+22	0.00e+00	0.00e+00	0.00e+00	0.00e+00	0.00e+00	0.00e+00	0.00e+00	0.00e+00	0.00e+00	2.87e-24	1.84e-20	5.83e-17	1.05e-13	1.45e-10	1.58e-07	3.03e-04	3.13e-02	9.68e-01
 2.42210e+22	0.00e+00	0.00e+00	0.00e+00	0.00e+00	0.00e+00	0.00e+00	0.00e+00	0.00e+00	0.00e+00	4.97e-24	2.97e-20	8.80e-17	1.48e-13	1.90e-10	1.94e-07	3.48e-04	3.35e-02	9.66e-01
 2.53133e+22	0.00e+00	0.00e+00	0.00e+00	0.00e+00	0.00e+00	0.00e+00	0.00e+00	0.00e+00	0.00e+00	8.90e-24	4.95e-20	1.36e-16	2.13e-13	2.54e-10	2.42e-07	4.01e-04	3.59e-02	9.64e-01
 2.63112e+22	0.00e+00	0.00e+00	0.00e+00	0.00e+00	0.00e+00	0.00e+00	0.00e+00	0.00e+00	0.00e+00	1.49e-23	7.76e-20	2.00e-16	2.94e-13	3.28e-10	2.93e-07	4.55e-04	3.82e-02	9.61e-01
 2.71584e+22	0.00e+00	0.00e+00	0.00e+00	0.00e+00	0.00e+00	0.00e+00	0.00e+00	0.00e+00	0.00e+00	2.26e-23	1.12e-19	2.74e-16	3.82e-13	4.05e-10	3.42e-07	5.05e-04	4.02e-02	9.59e-01
 2.80924e+22	0.00e+00	0.00e+00	0.00e+00	0.00e+00	0.00e+00	0.00e+00	0.00e+00	0.00e+00	0.00e+00	3.52e-23	1.65e-19	3.83e-16	5.04e-13	5.05e-10	4.04e-07	5.64e-04	4.25e-02	9.57e-01
 2.92545e+22	0.00e+00	0.00e+00	0.00e+00	0.00e+00	0.00e+00	0.00e+00	0.00e+00	0.00e+00	0.00e+00	6.03e-23	2.65e-19	5.74e-16	7.07e-13	6.61e-10	4.94e-07	6.44e-04	4.53e-02	9.54e-01
 3.04364e+22	0.00e+00	0.00e+00	0.00e+00	0.00e+00	0.00e+00	0.00e+00	0.00e+00	0.00e+00	0.00e+00	1.03e-22	4.22e-19	8.55e-16	9.86e-13	8.62e-10	6.02e-07	7.34e-04	4.83e-02	9.51e-01
 3.14714e+22	0.00e+00	0.00e+00	0.00e+00	0.00e+00	0.00e+00	0.00e+00	0.00e+00	0.00e+00	0.00e+00	1.60e-22	6.22e-19	1.19e-15	1.30e-12	1.08e-09	7.11e-07	8.19e-04	5.09e-02	9.48e-01
 3.25919e+22	0.00e+00	0.00e+00	0.00e+00	0.00e+00	0.00e+00	0.00e+00	0.00e+00	0.00e+00	0.00e+00	2.54e-22	9.31e-19	1.69e-15	1.74e-12	1.35e-09	8.44e-07	9.17e-04	5.38e-02	9.45e-01
 3.39514e+22	0.00e+00	0.00e+00	0.00e+00	0.00e+00	0.00e+00	0.00e+00	0.00e+00	0.00e+00	0.00e+00	4.38e-22	1.50e-18	2.54e-15	2.44e-12	1.78e-09	1.03e-06	1.05e-03	5.74e-02	9.42e-01
 3.52953e+22	0.00e+00	0.00e+00	0.00e+00	0.00e+00	0.00e+00	0.00e+00	0.00e+00	0.00e+00	0.00e+00	7.40e-22	2.38e-18	3.77e-15	3.40e-12	2.31e-09	1.26e-06	1.19e-03	6.11e-02	9.38e-01
 3.64712e+22	0.00e+00	0.00e+00	0.00e+00	0.00e+00	0.00e+00	0.00e+00	0.00e+00	0.00e+00	0.00e+00	1.15e-21	3.48e-18	5.23e-15	4.46e-12	2.87e-09	1.48e-06	1.33e-03	6.43e-02	9.34e-01
 3.77550e+22	0.00e+00	0.00e+00	0.00e+00	0.00e+00	0.00e+00	0.00e+00	0.00e+00	0.00e+00	2.63e-25	1.81e-21	5.20e-18	7.38e-15	5.95e-12	3.61e-09	1.76e-06	1.49e-03	6.79e-02	9.31e-01
 3.93120e+22	0.00e+00	0.00e+00	0.00e+00	0.00e+00	0.00e+00	0.00e+00	0.00e+00	0.00e+00	4.81e-25	3.10e-21	8.33e-18	1.11e-14	8.33e-12	4.72e-09	2.15e-06	1.69e-03	7.23e-02	9.26e-01
 4.08606e+22	0.00e+00	0.00e+00	0.00e+00	0.00e+00	0.00e+00	0.00e+00	0.00e+00	0.00e+00	8.70e-25	5.26e-21	1.32e-17	1.65e-14	1.16e-11	6.14e-09	2.61e-06	1.93e-03	7.69e-02	9.21e-01
 4.21050e+22	0.00e+00	0.00e+00	0.00e+00	0.00e+00	0.00e+00	0.00e+00	0.00e+00	0.00e+00	1.37e-24	7.87e-21	1.88e-17	2.23e-14	1.49e-11	7.51e-09	3.03e-06	2.13e-03	8.06e-02	9.17e-01
 4.33174e+22	0.00e+00	0.00e+00	0.00e+00	0.00e+00	0.00e+00	0.00e+00	0.00e+00	0.00e+00	2.09e-24	1.15e-20	2.62e-17	2.95e-14	1.89e-11	9.05e-09	3.49e-06	2.33e-03	8.42e-02	9.13e-01
 4.48934e+22	0.00e+00	0.00e+00	0.00e+00	0.00e+00	0.00e+00	0.00e+00	0.00e+00	0.00e+00	3.59e-24	1.85e-20	3.98e-17	4.24e-14	2.56e-11	1.15e-08	4.17e-06	2.62e-03	8.91e-02	9.08e-01
 4.65327e+22	0.00e+00	0.00e+00	0.00e+00	0.00e+00	0.00e+00	0.00e+00	0.00e+00	0.00e+00	6.22e-24	3.02e-20	6.12e-17	6.13e-14	3.48e-11	1.47e-08	5.01e-06	2.95e-03	9.42e-02	9.03e-01
 4.78739e+22	0.00e+00	0.00e+00	0.00e+00	0.00e+00	0.00e+00	0.00e+00	0.00e+00	0.00e+00	9.55e-24	4.42e-20	8.54e-17	8.17e-14	4.42e-11	1.78e-08	5.77e-06	3.24e-03	9.84e-02	8.98e-01
 4.92369e+22	0.00e+00	0.00e+00	0.00e+00	0.00e+00	0.00e+00	0.00e+00	0.00e+00	0.00e+00	1.45e-23	6.40e-20	1.18e-16	1.08e-13	5.57e-11	2.14e-08	6.62e-06	3.54e-03	1.03e-01	8.94e-01
 5.10089e+22	0.00e+00	0.00e+00	0.00e+00	0.00e+00	0.00e+00	0.00e+00	0.00e+00	0.00e+00	2.43e-23	1.01e-19	1.77e-16	1.52e-13	7.44e-11	2.68e-08	7.85e-06	3.96e-03	1.08e-01	8.88e-01
 5.28873e+22	0.00e+00	0.00e+00	0.00e+00	0.00e+00	0.00e+00	0.00e+00	0.00e+00	0.00e+00	4.25e-23	1.67e-19	2.74e-16	2.22e-13	1.02e-10	3.45e-08	9.46e-06	4.47e-03	1.14e-01	8.81e-01
 5.44338e+22	0.00e+00	0.00e+00	0.00e+00	0.00e+00	0.00e+00	0.00e+00	0.00e+00	0.00e+00	6.61e-23	2.47e-19	3.86e-16	2.99e-13	1.31e-10	4.19e-08	1.09e-05	4.91e-03	1.20e-01	8.76e-01
 5.59739e+22	0.00e+00	0.00e+00	0.00e+00	0.00e+00	0.00e+00	0.00e+00	0.00e+00	0.00e+00	9.95e-23	3.56e-19	5.31e-16	3.93e-13	1.64e-10	5.03e-08	1.25e-05	5.36e-03	1.25e-01	8.70e-01
 5.76361e+22	0.00e+00	0.00e+00	0.00e+00	0.00e+00	0.00e+00	0.00e+00	0.00e+00	0.00e+00	1.56e-22	5.31e-19	7.55e-16	5.32e-13	2.11e-10	6.14e-08	1.45e-05	5.90e-03	1.30e-01	8.64e-01
 5.90778e+22	0.00e+00	0.00e+00	0.00e+00	0.00e+00	0.00e+00	0.00e+00	0.00e+00	0.00e+00	2.27e-22	7.42e-19	1.01e-15	6.85e-13	2.61e-10	7.26e-08	1.65e-05	6.40e-03	1.35e-01	8.59e-01
 6.05729e+22	0.00e+00	0.00e+00	0.00e+00	0.00e+00	0.00e+00	0.00e+00	0.00e+00	0.00e+00	3.29e-22	1.03e-18	1.35e-15	8.78e-13	3.21e-10	8.55e-08	1.86e-05	6.92e-03	1.40e-01	8.53e-01
 6.25166e+22	0.00e+00	0.00e+00	0.00e+00	0.00e+00	0.00e+00	0.00e+00	0.00e+00	0.00e+00	5.16e-22	1.54e-18	1.92e-15	1.19e-12	4.14e-10	1.04e-07	2.16e-05	7.62e-03	1.46e-01	8.46e-01
 6.45357e+22	0.00e+00	0.00e+00	0.00e+00	0.00e+00	0.00e+00	0.00e+00	0.00e+00	0.00e+00	8.45e-22	2.39e-18	2.83e-15	1.66e-12	5.47e-10	1.30e-07	2.54e-05	8.46e-03	1.53e-01	8.38e-01
 6.61234e+22	0.00e+00	0.00e+00	0.00e+00	0.00e+00	0.00e+00	0.00e+00	0.00e+00	0.00e+00	1.22e-21	3.32e-18	3.77e-15	2.13e-12	6.73e-10	1.53e-07	2.87e-05	9.15e-03	1.59e-01	8.32e-01
 6.76576e+22	0.00e+00	0.00e+00	0.00e+00	0.00e+00	0.00e+00	0.00e+00	0.00e+00	0.00e+00	1.71e-21	4.47e-18	4.89e-15	2.66e-12	8.13e-10	1.78e-07	3.21e-05	9.83e-03	1.64e-01	8.26e-01
 6.96522e+22	0.00e+00	0.00e+00	0.00e+00	0.00e+00	0.00e+00	0.00e+00	0.00e+00	4.09e-25	2.62e-21	6.54e-18	6.84e-15	3.55e-12	1.03e-09	2.15e-07	3.69e-05	1.08e-02	1.71e-01	8.18e-01
 7.17600e+22	0.00e+00	0.00e+00	0.00e+00	0.00e+00	0.00e+00	0.00e+00	0.00e+00	6.63e-25	4.05e-21	9.65e-18	9.62e-15	4.77e-12	1.32e-09	2.62e-07	4.26e-05	1.18e-02	1.78e-01	8.10e-01
 7.35422e+22	0.00e+00	0.00e+00	0.00e+00	0.00e+00	0.00e+00	0.00e+00	0.00e+00	1.01e-24	5.90e-21	1.35e-17	1.29e-14	6.15e-12	1.64e-09	3.09e-07	4.83e-05	1.28e-02	1.84e-01	8.03e-01
 7.50102e+22	0.00e+00	0.00e+00	0.00e+00	0.00e+00	0.00e+00	0.00e+00	0.00e+00	1.41e-24	8.02e-21	1.77e-17	1.64e-14	7.58e-12	1.95e-09	3.55e-07	5.35e-05	1.36e-02	1.90e-01	7.97e-01
 7.65423e+22	0.00e+00	0.00e+00	0.00e+00	0.00e+00	0.00e+00	0.00e+00	0.00e+00	1.92e-24	1.06e-20	2.27e-17	2.04e-14	9.13e-12	2.28e-09	4.01e-07	5.86e-05	1.44e-02	1.94e-01	7.91e-01
 7.85342e+22	0.00e+00	0.00e+00	0.00e+00	0.00e+00	0.00e+00	0.00e+00	0.00e+00	2.87e-24	1.52e-20	3.14e-17	2.71e-14	1.17e-11	2.80e-09	4.72e-07	6.60e-05	1.56e-02	2.01e-01	7.83e-01
 8.06526e+22	0.00e+00	0.00e+00	0.00e+00	0.00e+00	0.00e+00	0.00e+00	0.00e+00	4.40e-24	2.24e-20	4.42e-17	3.67e-14	1.51e-11	3.48e-09	5.60e-07	7.49e-05	1.69e-02	2.08e-01	7.75e-01
 8.24710e+22	0.00e+00	0.00e+00	0.00e+00	0.00e+00	0.00e+00	0.00e+00	0.00e+00	6.39e-24	3.13e-20	5.97e-17	4.78e-14	1.90e-11	4.22e-09	6.51e-07	8.38e-05	1.81e-02	2.14e-01	7.67e-01
 8.40925e+22	0.00e+00	0.00e+00	0.00e+00	0.00e+00	0.00e+00	0.00e+00	0.00e+00	8.72e-24	4.14e-20	7.67e-17	5.95e-14	2.30e-11	4.95e-09	7.38e-07	9.19e-05	1.92e-02	2.20e-01	7.61e-01
 8.59226e+22	0.00e+00	0.00e+00	0.00e+00	0.00e+00	0.00e+00	0.00e+00	0.00e+00	1.21e-23	5.58e-20	9.99e-17	7.52e-14	2.82e-11	5.86e-09	8.43e-07	1.01e-04	2.04e-02	2.26e-01	7.54e-01
 8.83017e+22	0.00e+00	0.00e+00	0.00e+00	0.00e+00	0.00e+00	0.00e+00	0.00e+00	1.81e-23	8.00e-20	1.38e-16	9.98e-14	3.60e-11	7.20e-09	9.90e-07	1.14e-04	2.20e-02	2.33e-01	7.45e-01
 9.08159e+22	0.00e+00	0.00e+00	0.00e+00	0.00e+00	0.00e+00	0.00e+00	0.00e+00	2.86e-23	1.21e-19	2.00e-16	1.38e-13	4.78e-11	9.13e-09	1.19e-06	1.31e-04	2.40e-02	2.41e-01	7.35e-01
 9.28541e+22	0.00e+00	0.00e+00	0.00e+00	0.00e+00	0.00e+00	0.00e+00	0.00e+00	4.08e-23	1.67e-19	2.67e-16	1.78e-13	5.96e-11	1.10e-08	1.38e-06	1.46e-04	2.56e-02	2.48e-01	7.26e-01
 9.44643e+22	0.00e+00	0.00e+00	0.00e+00	0.00e+00	0.00e+00	0.00e+00	0.00e+00	5.40e-23	2.15e-19	3.34e-16	2.18e-13	7.08e-11	1.27e-08	1.54e-06	1.58e-04	2.70e-02	2.53e-01	7.20e-01
 9.61699e+22	0.00e+00	0.00e+00	0.00e+00	0.00e+00	0.00e+00	0.00e+00	0.00e+00	7.00e-23	2.72e-19	4.12e-16	2.62e-13	8.30e-11	1.45e-08	1.71e-06	1.71e-04	2.83e-02	2.58e-01	7.13e-01
 9.83871e+22	0.00e+00	0.00e+00	0.00e+00	0.00e+00	0.00e+00	0.00e+00	0.00e+00	9.76e-23	3.68e-19	5.39e-16	3.32e-13	1.02e-10	1.72e-08	1.96e-06	1.89e-04	3.01e-02	2.65e-01	7.05e-01
 1.00823e+23	0.00e+00	0.00e+00	0.00e+00	0.00e+00	0.00e+00	0.00e+00	0.00e+00	1.40e-22	5.09e-19	7.21e-16	4.29e-13	1.27e-10	2.08e-08	2.27e-06	2.10e-04	3.22e-02	2.72e-01	6.96e-01
 1.03045e+23	0.00e+00	0.00e+00	0.00e+00	0.00e+00	0.00e+00	0.00e+00	0.00e+00	1.97e-22	6.95e-19	9.52e-16	5.48e-13	1.58e-10	2.49e-08	2.61e-06	2.33e-04	3.43e-02	2.78e-01	6.87e-01
 1.05043e+23	0.00e+00	0.00e+00	0.00e+00	0.00e+00	0.00e+00	0.00e+00	0.00e+00	2.61e-22	8.97e-19	1.20e-15	6.71e-13	1.88e-10	2.88e-08	2.93e-06	2.53e-04	3.61e-02	2.84e-01	6.80e-01
 1.07247e+23	0.00e+00	0.00e+00	0.00e+00	0.00e+00	0.00e+00	0.00e+00	0.00e+00	3.50e-22	1.17e-18	1.52e-15	8.27e-13	2.25e-10	3.35e-08	3.30e-06	2.76e-04	3.81e-02	2.90e-01	6.72e-01
 1.10113e+23	0.00e+00	0.00e+00	0.00e+00	0.00e+00	0.00e+00	0.00e+00	0.00e+00	4.98e-22	1.61e-18	2.02e-15	1.06e-12	2.80e-10	4.03e-08	3.80e-06	3.06e-04	4.06e-02	2.97e-01	6.62e-01
 1.13127e+23	0.00e+00	0.00e+00	0.00e+00	0.00e+00	0.00e+00	0.00e+00	0.00e+00	7.48e-22	2.33e-18	2.81e-15	1.43e-12	3.62e-10	4.99e-08	4.49e-06	3.46e-04	4.37e-02	3.06e-01	6.50e-01
 1.15544e+23	0.00e+00	0.00e+00	0.00e+00	0.00e+00	0.00e+00	0.00e+00	0.00e+00	1.03e-21	3.10e-18	3.64e-15	1.79e-12	4.41e-10	5.90e-08	5.12e-06	3.80e-04	4.63e-02	3.12e-01	6.41e-01
 1.17568e+23	0.00e+00	0.00e+00	0.00e+00	0.00e+00	0.00e+00	0.00e+00	0.00e+00	1.30e-21	3.83e-18	4.39e-15	2.11e-12	5.09e-10	6.66e-08	5.62e-06	4.07e-04	4.82e-02	3.17e-01	6.34e-01
 1.19869e+23	0.00e+00	0.00e+00	0.00e+00	0.00e+00	0.00e+00	0.00e+00	0.00e+00	1.68e-21	4.86e-18	5.43e-15	2.55e-12	6.00e-10	7.64e-08	6.26e-06	4.40e-04	5.06e-02	3.23e-01	6.26e-01
 1.22860e+23	0.00e+00	0.00e+00	0.00e+00	0.00e+00	0.00e+00	0.00e+00	0.00e+00	2.29e-21	6.42e-18	6.98e-15	3.19e-12	7.28e-10	8.99e-08	7.09e-06	4.82e-04	5.35e-02	3.29e-01	6.17e-01
 1.26157e+23	0.00e+00	0.00e+00	0.00e+00	0.00e+00	0.00e+00	0.00e+00	0.00e+00	3.29e-21	8.92e-18	9.38e-15	4.14e-12	9.15e-10	1.09e-07	8.23e-06	5.36e-04	5.70e-02	3.37e-01	6.06e-01
 1.29054e+23	0.00e+00	0.00e+00	0.00e+00	0.00e+00	0.00e+00	0.00e+00	4.13e-25	4.53e-21	1.19e-17	1.22e-14	5.22e-12	1.12e-09	1.29e-07	9.38e-06	5.89e-04	6.03e-02	3.43e-01	5.96e-01
 1.31548e+23	0.00e+00	0.00e+00	0.00e+00	0.00e+00	0.00e+00	0.00e+00	5.43e-25	5.83e-21	1.50e-17	1.50e-14	6.26e-12	1.31e-09	1.47e-07	1.04e-05	6.35e-04	6.31e-02	3.49e-01	5.88e-01
 1.34316e+23	0.00e+00	0.00e+00	0.00e+00	0.00e+00	0.00e+00	0.00e+00	7.10e-25	7.47e-21	1.88e-17	1.83e-14	7.49e-12	1.53e-09	1.68e-07	1.15e-05	6.83e-04	6.59e-02	3.54e-01	5.80e-01
 1.37914e+23	0.00e+00	0.00e+00	0.00e+00	0.00e+00	0.00e+00	0.00e+00	9.71e-25	9.97e-21	2.44e-17	2.32e-14	9.22e-12	1.84e-09	1.95e-07	1.29e-05	7.43e-04	6.93e-02	3.60e-01	5.70e-01
 1.42591e+23	0.00e+00	0.00e+00	0.00e+00	0.00e+00	0.00e+00	0.00e+00	1.45e-24	1.44e-20	3.42e-17	3.14e-14	1.21e-11	2.32e-09	2.38e-07	1.51e-05	8.29e-04	7.39e-02	3.67e-01	5.58e-01
 1.47386e+23	0.00e+00	0.00e+00	0.00e+00	0.00e+00	0.00e+00	0.00e+00	2.31e-24	2.22e-20	5.07e-17	4.48e-14	1.65e-11	3.06e-09	3.00e-07	1.80e-05	9.41e-04	7.96e-02	3.76e-01	5.43e-01
 1.50910e+23	0.00e+00	0.00e+00	0.00e+00	0.00e+00	0.00e+00	0.00e+00	3.25e-24	3.04e-20	6.76e-17	5.80e-14	2.08e-11	3.73e-09	3.55e-07	2.05e-05	1.03e-03	8.40e-02	3.82e-01	5.33e-01
 1.53544e+23	0.00e+00	0.00e+00	0.00e+00	0.00e+00	0.00e+00	0.00e+00	4.02e-24	3.71e-20	8.10e-17	6.82e-14	2.40e-11	4.23e-09	3.94e-07	2.22e-05	1.09e-03	8.69e-02	3.86e-01	5.26e-01
 1.56444e+23	0.00e+00	0.00e+00	0.00e+00	0.00e+00	0.00e+00	0.00e+00	4.95e-24	4.50e-20	9.66e-17	7.99e-14	2.76e-11	4.78e-09	4.36e-07	2.40e-05	1.16e-03	8.98e-02	3.90e-01	5.19e-01
 1.60214e+23	0.00e+00	0.00e+00	0.00e+00	0.00e+00	0.00e+00	0.00e+00	6.42e-24	5.72e-20	1.20e-16	9.74e-14	3.29e-11	5.58e-09	4.96e-07	2.65e-05	1.24e-03	9.35e-02	3.95e-01	5.10e-01
 1.65116e+23	0.00e+00	0.00e+00	0.00e+00	0.00e+00	0.00e+00	0.00e+00	8.56e-24	7.47e-20	1.53e-16	1.21e-13	3.99e-11	6.60e-09	5.71e-07	2.95e-05	1.34e-03	9.78e-02	4.00e-01	5.01e-01
 1.71306e+23	0.00e+00	0.00e+00	0.00e+00	0.00e+00	0.00e+00	0.00e+00	1.22e-23	1.04e-19	2.07e-16	1.59e-13	5.08e-11	8.15e-09	6.82e-07	3.38e-05	1.47e-03	1.03e-01	4.06e-01	4.89e-01
 1.77805e+23	0.00e+00	0.00e+00	0.00e+00	0.00e+00	0.00e+00	0.00e+00	1.83e-23	1.51e-19	2.93e-16	2.17e-13	6.70e-11	1.04e-08	8.35e-07	3.95e-05	1.64e-03	1.10e-01	4.13e-01	4.76e-01
 1.83290e+23	0.00e+00	0.00e+00	0.00e+00	0.00e+00	0.00e+00	0.00e+00	2.56e-23	2.06e-19	3.89e-16	2.81e-13	8.42e-11	1.27e-08	9.87e-07	4.48e-05	1.80e-03	1.16e-01	4.18e-01	4.64e-01
 1.87916e+23	0.00e+00	0.00e+00	0.00e+00	0.00e+00	0.00e+00	0.00e+00	3.19e-23	2.54e-19	4.69e-16	3.33e-13	9.78e-11	1.44e-08	1.10e-06	4.87e-05	1.90e-03	1.20e-01	4.22e-01	4.57e-01
 1.93029e+23	0.00e+00	0.00e+00	0.00e+00	0.00e+00	0.00e+00	0.00e+00	3.98e-23	3.12e-19	5.67e-16	3.94e-13	1.14e-10	1.65e-08	1.23e-06	5.30e-05	2.02e-03	1.24e-01	4.25e-01	4.49e-01
 1.99675e+23	0.00e+00	0.00e+00	0.00e+00	0.00e+00	0.00e+00	0.00e+00	5.14e-23	3.96e-19	7.05e-16	4.80e-13	1.36e-10	1.92e-08	1.40e-06	5.84e-05	2.16e-03	1.28e-01	4.29e-01	4.40e-01
 2.07561e+23	0.00e+00	0.00e+00	0.00e+00	0.00e+00	0.00e+00	0.00e+00	6.73e-23	5.09e-19	8.87e-16	5.91e-13	1.63e-10	2.25e-08	1.60e-06	6.47e-05	2.32e-03	1.34e-01	4.33e-01	4.31e-01
 2.15987e+23	0.00e+00	0.00e+00	0.00e+00	0.00e+00	0.00e+00	0.00e+00	8.86e-23	6.57e-19	1.12e-15	7.31e-13	1.97e-10	2.66e-08	1.83e-06	7.18e-05	2.49e-03	1.39e-01	4.37e-01	4.22e-01
 2.24543e+23	0.00e+00	0.00e+00	0.00e+00	0.00e+00	0.00e+00	0.00e+00	5.04e-23	8.36e-19	1.40e-15	8.94e-13	2.35e-10	3.10e-08	2.09e-06	7.92e-05	2.67e-03	1.44e-01	4.40e-01	4.13e-01
 2.32637e+23	0.00e+00	0.00e+00	0.00e+00	0.00e+00	0.00e+00	0.00e+00	1.47e-22	1.05e-18	1.73e-15	1.08e-12	2.79e-10	3.60e-08	2.36e-06	8.71e-05	2.85e-03	1.50e-01	4.43e-01	4.04e-01
 2.39921e+23	0.00e+00	0.00e+00	0.00e+00	0.00e+00	0.00e+00	0.00e+00	7.83e-23	1.26e-18	2.04e-15	1.26e-12	3.18e-10	4.04e-08	2.60e-06	9.36e-05	2.99e-03	1.54e-01	4.46e-01	3.97e-01
 2.46477e+23	0.00e+00	0.00e+00	0.00e+00	0.00e+00	0.00e+00	0.00e+00	2.08e-22	1.46e-18	2.34e-15	1.42e-12	3.55e-10	4.45e-08	2.82e-06	9.95e-05	3.12e-03	1.57e-01	4.48e-01	3.92e-01
 2.52378e+23	0.00e+00	0.00e+00	0.00e+00	0.00e+00	0.00e+00	0.00e+00	1.04e-22	1.64e-18	2.60e-15	1.56e-12	3.87e-10	4.79e-08	2.99e-06	1.04e-04	3.22e-03	1.60e-01	4.49e-01	3.88e-01
 2.57688e+23	0.00e+00	0.00e+00	0.00e+00	0.00e+00	0.00e+00	0.00e+00	1.15e-22	1.81e-18	2.85e-15	1.70e-12	4.16e-10	5.11e-08	3.16e-06	1.08e-04	3.31e-03	1.62e-01	4.50e-01	3.84e-01
 2.62467e+23	0.00e+00	0.00e+00	0.00e+00	0.00e+00	0.00e+00	0.00e+00	1.25e-22	1.96e-18	3.06e-15	1.81e-12	4.40e-10	5.36e-08	3.28e-06	1.12e-04	3.38e-03	1.64e-01	4.51e-01	3.81e-01
 2.66769e+23	0.00e+00	0.00e+00	0.00e+00	0.00e+00	0.00e+00	0.00e+00	1.34e-22	2.09e-18	3.24e-15	1.91e-12	4.61e-10	5.59e-08	3.40e-06	1.15e-04	3.44e-03	1.66e-01	4.52e-01	3.79e-01
 2.70640e+23	0.00e+00	0.00e+00	0.00e+00	0.00e+00	0.00e+00	0.00e+00	1.42e-22	2.20e-18	3.40e-15	2.00e-12	4.80e-10	5.78e-08	3.50e-06	1.17e-04	3.50e-03	1.67e-01	4.52e-01	3.77e-01
 2.74124e+23	0.00e+00	0.00e+00	0.00e+00	0.00e+00	0.00e+00	0.00e+00	1.49e-22	2.30e-18	3.55e-15	2.07e-12	4.96e-10	5.95e-08	3.58e-06	1.19e-04	3.54e-03	1.68e-01	4.53e-01	3.75e-01
 2.77302e+23	0.00e+00	0.00e+00	0.00e+00	0.00e+00	0.00e+00	0.00e+00	1.54e-22	2.38e-18	3.66e-15	2.13e-12	5.08e-10	6.08e-08	3.65e-06	1.21e-04	3.57e-03	1.69e-01	4.53e-01	3.74e-01
 2.80357e+23	0.00e+00	0.00e+00	0.00e+00	0.00e+00	0.00e+00	0.00e+00	1.57e-22	2.42e-18	3.71e-15	2.16e-12	5.14e-10	6.14e-08	3.68e-06	1.22e-04	3.59e-03	1.70e-01	4.53e-01	3.73e-01
 2.83412e+23	0.00e+00	0.00e+00	0.00e+00	0.00e+00	0.00e+00	0.00e+00	1.59e-22	2.45e-18	3.76e-15	2.18e-12	5.19e-10	6.19e-08	3.70e-06	1.22e-04	3.60e-03	1.70e-01	4.54e-01	3.73e-01
 2.86467e+23	0.00e+00	0.00e+00	0.00e+00	0.00e+00	0.00e+00	0.00e+00	1.63e-22	2.50e-18	3.83e-15	2.22e-12	5.27e-10	6.27e-08	3.74e-06	1.23e-04	3.62e-03	1.70e-01	4.54e-01	3.72e-01
 2.89521e+23	0.00e+00	0.00e+00	0.00e+00	0.00e+00	0.00e+00	0.00e+00	1.65e-22	2.54e-18	3.88e-15	2.24e-12	5.32e-10	6.33e-08	3.77e-06	1.24e-04	3.63e-03	1.71e-01	4.54e-01	3.72e-01
 2.92576e+23	0.00e+00	0.00e+00	0.00e+00	0.00e+00	0.00e+00	0.00e+00	1.67e-22	2.56e-18	3.92e-15	2.26e-12	5.36e-10	6.37e-08	3.79e-06	1.25e-04	3.64e-03	1.71e-01	4.54e-01	3.71e-01
 2.95631e+23	0.00e+00	0.00e+00	0.00e+00	0.00e+00	0.00e+00	0.00e+00	1.68e-22	2.58e-18	3.94e-15	2.28e-12	5.39e-10	6.39e-08	3.80e-06	1.25e-04	3.65e-03	1.71e-01	4.54e-01	3.71e-01
 2.98686e+23	0.00e+00	0.00e+00	0.00e+00	0.00e+00	0.00e+00	0.00e+00	1.70e-22	2.60e-18	3.97e-15	2.29e-12	5.43e-10	6.43e-08	3.82e-06	1.25e-04	3.66e-03	1.71e-01	4.54e-01	3.71e-01
 3.01741e+23	0.00e+00	0.00e+00	0.00e+00	0.00e+00	0.00e+00	0.00e+00	1.70e-22	2.61e-18	3.98e-15	2.30e-12	5.43e-10	6.44e-08	3.82e-06	1.25e-04	3.66e-03	1.71e-01	4.54e-01	3.71e-01
 3.04375e+23	0.00e+00	0.00e+00	0.00e+00	0.00e+00	0.00e+00	0.00e+00	1.78e-22	2.72e-18	4.13e-15	2.38e-12	5.60e-10	6.62e-08	3.91e-06	1.28e-04	3.70e-03	1.73e-01	4.55e-01	3.69e-01
