#depth	Si	Si+	Si+2	Si+3	Si+4	Si+5	Si+6	Si+7	Si+8	Si+9	Si+10	Si+11	Si+12	Si+13	Si+14
 6.17135e+19	0.00e+00	0.00e+00	0.00e+00	0.00e+00	0.00e+00	0.00e+00	0.00e+00	0.00e+00	0.00e+00	6.37e-26	3.14e-20	9.94e-15	6.33e-09	1.51e-04	1.00e+00
 1.87609e+20	0.00e+00	0.00e+00	0.00e+00	0.00e+00	0.00e+00	0.00e+00	0.00e+00	0.00e+00	0.00e+00	9.43e-26	4.30e-20	1.26e-14	7.40e-09	1.63e-04	1.00e+00
 3.18540e+20	0.00e+00	0.00e+00	0.00e+00	0.00e+00	0.00e+00	0.00e+00	0.00e+00	0.00e+00	0.00e+00	1.36e-25	5.87e-20	1.59e-14	8.64e-09	1.77e-04	1.00e+00
 4.54709e+20	0.00e+00	0.00e+00	0.00e+00	0.00e+00	0.00e+00	0.00e+00	0.00e+00	0.00e+00	0.00e+00	2.01e-25	8.01e-20	2.00e-14	1.01e-08	1.91e-04	1.00e+00
 5.96324e+20	0.00e+00	0.00e+00	0.00e+00	0.00e+00	0.00e+00	0.00e+00	0.00e+00	0.00e+00	0.00e+00	2.95e-25	1.09e-19	2.53e-14	1.18e-08	2.06e-04	1.00e+00
 7.43604e+20	0.00e+00	0.00e+00	0.00e+00	0.00e+00	0.00e+00	0.00e+00	0.00e+00	0.00e+00	0.00e+00	4.35e-25	1.49e-19	3.19e-14	1.38e-08	2.23e-04	1.00e+00
 8.96775e+20	0.00e+00	0.00e+00	0.00e+00	0.00e+00	0.00e+00	0.00e+00	0.00e+00	0.00e+00	0.00e+00	6.41e-25	2.03e-19	4.02e-14	1.61e-08	2.41e-04	1.00e+00
 1.05607e+21	0.00e+00	0.00e+00	0.00e+00	0.00e+00	0.00e+00	0.00e+00	0.00e+00	0.00e+00	0.00e+00	9.43e-25	2.76e-19	5.07e-14	1.87e-08	2.60e-04	1.00e+00
 1.22174e+21	0.00e+00	0.00e+00	0.00e+00	0.00e+00	0.00e+00	0.00e+00	0.00e+00	0.00e+00	0.00e+00	1.39e-24	3.76e-19	6.39e-14	2.19e-08	2.81e-04	1.00e+00
 1.39404e+21	0.00e+00	0.00e+00	0.00e+00	0.00e+00	0.00e+00	0.00e+00	0.00e+00	0.00e+00	0.00e+00	2.05e-24	5.13e-19	8.06e-14	2.55e-08	3.04e-04	1.00e+00
 1.57323e+21	0.00e+00	0.00e+00	0.00e+00	0.00e+00	0.00e+00	0.00e+00	0.00e+00	0.00e+00	0.00e+00	3.01e-24	6.99e-19	1.02e-13	2.98e-08	3.28e-04	1.00e+00
 1.75958e+21	0.00e+00	0.00e+00	0.00e+00	0.00e+00	0.00e+00	0.00e+00	0.00e+00	0.00e+00	0.00e+00	4.43e-24	9.52e-19	1.28e-13	3.48e-08	3.54e-04	1.00e+00
 1.95339e+21	0.00e+00	0.00e+00	0.00e+00	0.00e+00	0.00e+00	0.00e+00	0.00e+00	0.00e+00	0.00e+00	6.52e-24	1.30e-18	1.62e-13	4.06e-08	3.83e-04	1.00e+00
 2.15496e+21	0.00e+00	0.00e+00	0.00e+00	0.00e+00	0.00e+00	0.00e+00	0.00e+00	0.00e+00	0.00e+00	9.58e-24	1.77e-18	2.04e-13	4.74e-08	4.13e-04	1.00e+00
 2.36458e+21	0.00e+00	0.00e+00	0.00e+00	0.00e+00	0.00e+00	0.00e+00	0.00e+00	0.00e+00	0.00e+00	1.41e-23	2.40e-18	2.57e-13	5.53e-08	4.47e-04	1.00e+00
 2.58259e+21	0.00e+00	0.00e+00	0.00e+00	0.00e+00	0.00e+00	0.00e+00	0.00e+00	0.00e+00	0.00e+00	2.07e-23	3.27e-18	3.23e-13	6.45e-08	4.82e-04	1.00e+00
 2.80932e+21	0.00e+00	0.00e+00	0.00e+00	0.00e+00	0.00e+00	0.00e+00	0.00e+00	0.00e+00	0.00e+00	3.04e-23	4.45e-18	4.07e-13	7.52e-08	5.21e-04	9.99e-01
 3.04512e+21	0.00e+00	0.00e+00	0.00e+00	0.00e+00	0.00e+00	0.00e+00	0.00e+00	0.00e+00	0.00e+00	4.47e-23	6.05e-18	5.13e-13	8.77e-08	5.63e-04	9.99e-01
 3.29036e+21	0.00e+00	0.00e+00	0.00e+00	0.00e+00	0.00e+00	0.00e+00	0.00e+00	0.00e+00	0.00e+00	6.57e-23	8.23e-18	6.46e-13	1.02e-07	6.08e-04	9.99e-01
 3.54540e+21	0.00e+00	0.00e+00	0.00e+00	0.00e+00	0.00e+00	0.00e+00	0.00e+00	0.00e+00	0.00e+00	9.65e-23	1.12e-17	8.14e-13	1.19e-07	6.56e-04	9.99e-01
 3.81064e+21	0.00e+00	0.00e+00	0.00e+00	0.00e+00	0.00e+00	0.00e+00	0.00e+00	0.00e+00	0.00e+00	1.42e-22	1.52e-17	1.02e-12	1.39e-07	7.08e-04	9.99e-01
 4.08649e+21	0.00e+00	0.00e+00	0.00e+00	0.00e+00	0.00e+00	0.00e+00	0.00e+00	0.00e+00	1.41e-27	2.08e-22	2.07e-17	1.29e-12	1.62e-07	7.65e-04	9.99e-01
 4.37338e+21	0.00e+00	0.00e+00	0.00e+00	0.00e+00	0.00e+00	0.00e+00	0.00e+00	0.00e+00	2.24e-27	3.05e-22	2.81e-17	1.62e-12	1.89e-07	8.26e-04	9.99e-01
 4.67174e+21	0.00e+00	0.00e+00	0.00e+00	0.00e+00	0.00e+00	0.00e+00	0.00e+00	0.00e+00	3.55e-27	4.47e-22	3.82e-17	2.04e-12	2.20e-07	8.91e-04	9.99e-01
 4.98204e+21	0.00e+00	0.00e+00	0.00e+00	0.00e+00	0.00e+00	0.00e+00	0.00e+00	0.00e+00	5.61e-27	6.56e-22	5.18e-17	2.57e-12	2.57e-07	9.62e-04	9.99e-01
 5.30475e+21	0.00e+00	0.00e+00	0.00e+00	0.00e+00	0.00e+00	0.00e+00	0.00e+00	0.00e+00	8.88e-27	9.61e-22	7.04e-17	3.23e-12	2.99e-07	1.04e-03	9.99e-01
 5.64036e+21	0.00e+00	0.00e+00	0.00e+00	0.00e+00	0.00e+00	0.00e+00	0.00e+00	0.00e+00	1.40e-26	1.41e-21	9.55e-17	4.06e-12	3.48e-07	1.12e-03	9.99e-01
 5.98940e+21	0.00e+00	0.00e+00	0.00e+00	0.00e+00	0.00e+00	0.00e+00	0.00e+00	0.00e+00	2.22e-26	2.06e-21	1.30e-16	5.11e-12	4.06e-07	1.21e-03	9.99e-01
 6.35241e+21	0.00e+00	0.00e+00	0.00e+00	0.00e+00	0.00e+00	0.00e+00	0.00e+00	0.00e+00	3.51e-26	3.02e-21	1.76e-16	6.42e-12	4.73e-07	1.31e-03	9.99e-01
 6.72993e+21	0.00e+00	0.00e+00	0.00e+00	0.00e+00	0.00e+00	0.00e+00	0.00e+00	0.00e+00	5.53e-26	4.41e-21	2.38e-16	8.06e-12	5.50e-07	1.41e-03	9.99e-01
 7.12255e+21	0.00e+00	0.00e+00	0.00e+00	0.00e+00	0.00e+00	0.00e+00	0.00e+00	0.00e+00	8.73e-26	6.46e-21	3.23e-16	1.01e-11	6.40e-07	1.52e-03	9.98e-01
 7.53088e+21	0.00e+00	0.00e+00	0.00e+00	0.00e+00	0.00e+00	0.00e+00	0.00e+00	0.00e+00	1.38e-25	9.44e-21	4.38e-16	1.27e-11	7.45e-07	1.64e-03	9.98e-01
 7.95555e+21	0.00e+00	0.00e+00	0.00e+00	0.00e+00	0.00e+00	0.00e+00	0.00e+00	0.00e+00	2.15e-25	1.38e-20	5.93e-16	1.60e-11	8.68e-07	1.77e-03	9.98e-01
 8.39719e+21	0.00e+00	0.00e+00	0.00e+00	0.00e+00	0.00e+00	0.00e+00	0.00e+00	0.00e+00	3.39e-25	2.02e-20	8.03e-16	2.00e-11	1.01e-06	1.91e-03	9.98e-01
 8.85651e+21	0.00e+00	0.00e+00	0.00e+00	0.00e+00	0.00e+00	0.00e+00	0.00e+00	0.00e+00	5.35e-25	2.94e-20	1.09e-15	2.51e-11	1.17e-06	2.06e-03	9.98e-01
 9.33420e+21	0.00e+00	0.00e+00	0.00e+00	0.00e+00	0.00e+00	0.00e+00	0.00e+00	0.00e+00	8.41e-25	4.29e-20	1.47e-15	3.15e-11	1.37e-06	2.22e-03	9.98e-01
 9.83099e+21	0.00e+00	0.00e+00	0.00e+00	0.00e+00	0.00e+00	0.00e+00	0.00e+00	0.00e+00	1.32e-24	6.26e-20	1.99e-15	3.95e-11	1.59e-06	2.39e-03	9.98e-01
 1.03477e+22	0.00e+00	0.00e+00	0.00e+00	0.00e+00	0.00e+00	0.00e+00	0.00e+00	0.00e+00	2.08e-24	9.13e-20	2.69e-15	4.96e-11	1.85e-06	2.58e-03	9.97e-01
 1.08850e+22	0.00e+00	0.00e+00	0.00e+00	0.00e+00	0.00e+00	0.00e+00	0.00e+00	0.00e+00	3.27e-24	1.33e-19	3.63e-15	6.21e-11	2.15e-06	2.78e-03	9.97e-01
 1.14438e+22	0.00e+00	0.00e+00	0.00e+00	0.00e+00	0.00e+00	0.00e+00	0.00e+00	0.00e+00	5.13e-24	1.94e-19	4.90e-15	7.78e-11	2.49e-06	3.00e-03	9.97e-01
 1.20250e+22	0.00e+00	0.00e+00	0.00e+00	0.00e+00	0.00e+00	0.00e+00	0.00e+00	0.00e+00	8.05e-24	2.82e-19	6.62e-15	9.74e-11	2.90e-06	3.23e-03	9.97e-01
 1.25929e+22	0.00e+00	0.00e+00	0.00e+00	0.00e+00	0.00e+00	0.00e+00	0.00e+00	0.00e+00	1.23e-23	4.01e-19	8.78e-15	1.20e-10	3.33e-06	3.46e-03	9.97e-01
 1.31333e+22	0.00e+00	0.00e+00	0.00e+00	0.00e+00	0.00e+00	0.00e+00	0.00e+00	0.00e+00	1.81e-23	5.54e-19	1.14e-14	1.46e-10	3.79e-06	3.69e-03	9.96e-01
 1.37319e+22	0.00e+00	0.00e+00	0.00e+00	0.00e+00	0.00e+00	0.00e+00	0.00e+00	0.00e+00	2.74e-23	7.82e-19	1.50e-14	1.80e-10	4.35e-06	3.96e-03	9.96e-01
 1.44046e+22	0.00e+00	0.00e+00	0.00e+00	0.00e+00	0.00e+00	0.00e+00	0.00e+00	0.00e+00	4.29e-23	1.14e-18	2.02e-14	2.25e-10	5.05e-06	4.26e-03	9.96e-01
 1.50660e+22	0.00e+00	0.00e+00	0.00e+00	0.00e+00	0.00e+00	0.00e+00	0.00e+00	1.18e-27	6.56e-23	1.62e-18	2.68e-14	2.78e-10	5.82e-06	4.57e-03	9.95e-01
 1.57022e+22	0.00e+00	0.00e+00	0.00e+00	0.00e+00	0.00e+00	0.00e+00	0.00e+00	1.86e-27	9.71e-23	2.24e-18	3.47e-14	3.38e-10	6.63e-06	4.88e-03	9.95e-01
 1.64022e+22	0.00e+00	0.00e+00	0.00e+00	0.00e+00	0.00e+00	0.00e+00	0.00e+00	3.01e-27	1.47e-22	3.17e-18	4.58e-14	4.15e-10	7.61e-06	5.23e-03	9.95e-01
 1.71817e+22	0.00e+00	0.00e+00	0.00e+00	0.00e+00	0.00e+00	0.00e+00	0.00e+00	5.07e-27	2.29e-22	4.59e-18	6.16e-14	5.19e-10	8.82e-06	5.63e-03	9.94e-01
 1.79535e+22	0.00e+00	0.00e+00	0.00e+00	0.00e+00	0.00e+00	0.00e+00	0.00e+00	8.31e-27	3.51e-22	6.54e-18	8.17e-14	6.41e-10	1.02e-05	6.04e-03	9.94e-01
 1.87562e+22	0.00e+00	0.00e+00	0.00e+00	0.00e+00	0.00e+00	0.00e+00	0.00e+00	1.36e-26	5.35e-22	9.29e-18	1.08e-13	7.91e-10	1.17e-05	6.48e-03	9.94e-01
 1.96074e+22	0.00e+00	0.00e+00	0.00e+00	0.00e+00	0.00e+00	0.00e+00	0.00e+00	2.25e-26	8.25e-22	1.33e-17	1.44e-13	9.81e-10	1.35e-05	6.96e-03	9.93e-01
 2.04411e+22	0.00e+00	0.00e+00	0.00e+00	0.00e+00	0.00e+00	0.00e+00	0.00e+00	3.62e-26	1.24e-21	1.87e-17	1.89e-13	1.20e-09	1.54e-05	7.44e-03	9.93e-01
 2.13306e+22	0.00e+00	0.00e+00	0.00e+00	0.00e+00	0.00e+00	0.00e+00	0.00e+00	5.89e-26	1.88e-21	2.65e-17	2.49e-13	1.48e-09	1.77e-05	7.97e-03	9.92e-01
 2.22868e+22	0.00e+00	0.00e+00	0.00e+00	0.00e+00	0.00e+00	0.00e+00	0.00e+00	9.76e-26	2.90e-21	3.80e-17	3.33e-13	1.83e-09	2.05e-05	8.56e-03	9.91e-01
 2.32249e+22	0.00e+00	0.00e+00	0.00e+00	0.00e+00	0.00e+00	0.00e+00	0.00e+00	1.57e-25	4.36e-21	5.33e-17	4.36e-13	2.25e-09	2.34e-05	9.16e-03	9.91e-01
 2.42210e+22	0.00e+00	0.00e+00	0.00e+00	0.00e+00	0.00e+00	0.00e+00	0.00e+00	2.54e-25	6.59e-21	7.53e-17	5.75e-13	2.76e-09	2.69e-05	9.81e-03	9.90e-01
 2.53133e+22	0.00e+00	0.00e+00	0.00e+00	0.00e+00	0.00e+00	0.00e+00	0.00e+00	4.24e-25	1.02e-20	1.09e-16	7.70e-13	3.44e-09	3.11e-05	1.05e-02	9.89e-01
 2.63112e+22	0.00e+00	0.00e+00	0.00e+00	0.00e+00	0.00e+00	0.00e+00	0.00e+00	6.68e-25	1.51e-20	1.50e-16	9.97e-13	4.17e-09	3.54e-05	1.12e-02	9.89e-01
 2.71584e+22	0.00e+00	0.00e+00	0.00e+00	0.00e+00	0.00e+00	0.00e+00	0.00e+00	9.67e-25	2.07e-20	1.95e-16	1.23e-12	4.88e-09	3.93e-05	1.18e-02	9.88e-01
 2.80924e+22	0.00e+00	0.00e+00	0.00e+00	0.00e+00	0.00e+00	0.00e+00	0.00e+00	1.43e-24	2.90e-20	2.59e-16	1.54e-12	5.78e-09	4.39e-05	1.25e-02	9.87e-01
 2.92545e+22	0.00e+00	0.00e+00	0.00e+00	0.00e+00	0.00e+00	0.00e+00	0.00e+00	2.31e-24	4.36e-20	3.63e-16	2.02e-12	7.07e-09	5.03e-05	1.34e-02	9.87e-01
 3.04364e+22	0.00e+00	0.00e+00	0.00e+00	0.00e+00	0.00e+00	0.00e+00	0.00e+00	3.69e-24	6.53e-20	5.08e-16	2.64e-12	8.64e-09	5.74e-05	1.43e-02	9.86e-01
 3.14714e+22	0.00e+00	0.00e+00	0.00e+00	0.00e+00	0.00e+00	0.00e+00	0.00e+00	5.47e-24	9.15e-20	6.73e-16	3.30e-12	1.02e-08	6.42e-05	1.51e-02	9.85e-01
 3.25919e+22	0.00e+00	0.00e+00	0.00e+00	0.00e+00	0.00e+00	0.00e+00	0.00e+00	8.23e-24	1.30e-19	9.01e-16	4.16e-12	1.22e-08	7.21e-05	1.60e-02	9.84e-01
 3.39514e+22	0.00e+00	0.00e+00	0.00e+00	0.00e+00	0.00e+00	0.00e+00	0.00e+00	1.34e-23	1.97e-19	1.27e-15	5.48e-12	1.49e-08	8.27e-05	1.71e-02	9.83e-01
 3.52953e+22	0.00e+00	0.00e+00	0.00e+00	0.00e+00	0.00e+00	0.00e+00	0.00e+00	2.13e-23	2.93e-19	1.77e-15	7.14e-12	1.82e-08	9.43e-05	1.83e-02	9.82e-01
 3.64712e+22	0.00e+00	0.00e+00	0.00e+00	0.00e+00	0.00e+00	0.00e+00	0.00e+00	3.14e-23	4.09e-19	2.34e-15	8.90e-12	2.14e-08	1.05e-04	1.93e-02	9.81e-01
 3.77550e+22	0.00e+00	0.00e+00	0.00e+00	0.00e+00	0.00e+00	0.00e+00	1.35e-27	4.72e-23	5.79e-19	3.13e-15	1.12e-11	2.55e-08	1.18e-04	2.04e-02	9.79e-01
 3.93120e+22	0.00e+00	0.00e+00	0.00e+00	0.00e+00	0.00e+00	0.00e+00	2.33e-27	7.63e-23	8.74e-19	4.41e-15	1.47e-11	3.13e-08	1.35e-04	2.18e-02	9.78e-01
 4.08606e+22	0.00e+00	0.00e+00	0.00e+00	0.00e+00	0.00e+00	0.00e+00	4.00e-27	1.22e-22	1.31e-18	6.17e-15	1.92e-11	3.82e-08	1.54e-04	2.33e-02	9.77e-01
 4.21050e+22	0.00e+00	0.00e+00	0.00e+00	0.00e+00	0.00e+00	0.00e+00	6.03e-27	1.75e-22	1.78e-18	7.98e-15	2.36e-11	4.44e-08	1.71e-04	2.45e-02	9.75e-01
 4.33174e+22	0.00e+00	0.00e+00	0.00e+00	0.00e+00	0.00e+00	0.00e+00	8.87e-27	2.45e-22	2.38e-18	1.01e-14	2.86e-11	5.13e-08	1.88e-04	2.57e-02	9.74e-01
 4.48934e+22	0.00e+00	0.00e+00	0.00e+00	0.00e+00	0.00e+00	0.00e+00	1.45e-26	3.77e-22	3.44e-18	1.38e-14	3.64e-11	6.15e-08	2.12e-04	2.73e-02	9.73e-01
 4.65327e+22	0.00e+00	0.00e+00	0.00e+00	0.00e+00	0.00e+00	0.00e+00	2.40e-26	5.85e-22	5.01e-18	1.89e-14	4.68e-11	7.40e-08	2.40e-04	2.90e-02	9.71e-01
 4.78739e+22	0.00e+00	0.00e+00	0.00e+00	0.00e+00	0.00e+00	0.00e+00	3.55e-26	8.24e-22	6.72e-18	2.41e-14	5.68e-11	8.56e-08	2.64e-04	3.04e-02	9.69e-01
 4.92369e+22	0.00e+00	0.00e+00	0.00e+00	0.00e+00	0.00e+00	0.00e+00	5.20e-26	1.15e-21	8.94e-18	3.05e-14	6.85e-11	9.85e-08	2.90e-04	3.18e-02	9.68e-01
 5.10089e+22	0.00e+00	0.00e+00	0.00e+00	0.00e+00	0.00e+00	0.00e+00	8.35e-26	1.74e-21	1.27e-17	4.10e-14	8.66e-11	1.17e-07	3.25e-04	3.37e-02	9.66e-01
 5.28873e+22	0.00e+00	0.00e+00	0.00e+00	0.00e+00	0.00e+00	0.00e+00	1.40e-25	2.74e-21	1.88e-17	5.67e-14	1.12e-10	1.42e-07	3.69e-04	3.58e-02	9.64e-01
 5.44338e+22	0.00e+00	0.00e+00	0.00e+00	0.00e+00	0.00e+00	0.00e+00	2.10e-25	3.90e-21	2.55e-17	7.30e-14	1.37e-10	1.65e-07	4.07e-04	3.76e-02	9.62e-01
 5.59739e+22	0.00e+00	0.00e+00	0.00e+00	0.00e+00	0.00e+00	0.00e+00	3.07e-25	5.43e-21	3.38e-17	9.24e-14	1.65e-10	1.90e-07	4.47e-04	3.94e-02	9.60e-01
 5.76361e+22	0.00e+00	0.00e+00	0.00e+00	0.00e+00	0.00e+00	0.00e+00	4.66e-25	7.82e-21	4.62e-17	1.20e-13	2.03e-10	2.21e-07	4.94e-04	4.13e-02	9.58e-01
 5.90778e+22	0.00e+00	0.00e+00	0.00e+00	0.00e+00	0.00e+00	0.00e+00	6.60e-25	1.06e-20	6.00e-17	1.49e-13	2.41e-10	2.51e-07	5.38e-04	4.31e-02	9.56e-01
 6.05729e+22	0.00e+00	0.00e+00	0.00e+00	0.00e+00	0.00e+00	0.00e+00	9.30e-25	1.43e-20	7.75e-17	1.84e-13	2.85e-10	2.85e-07	5.85e-04	4.49e-02	9.55e-01
 6.25166e+22	0.00e+00	0.00e+00	0.00e+00	0.00e+00	0.00e+00	0.00e+00	1.41e-24	2.06e-20	1.06e-16	2.40e-13	3.51e-10	3.33e-07	6.48e-04	4.72e-02	9.52e-01
 6.45357e+22	0.00e+00	0.00e+00	0.00e+00	0.00e+00	0.00e+00	0.00e+00	2.25e-24	3.09e-20	1.50e-16	3.20e-13	4.41e-10	3.94e-07	7.24e-04	4.98e-02	9.49e-01
 6.61234e+22	0.00e+00	0.00e+00	0.00e+00	0.00e+00	0.00e+00	0.00e+00	3.17e-24	4.18e-20	1.94e-16	3.96e-13	5.22e-10	4.47e-07	7.87e-04	5.19e-02	9.47e-01
 6.76576e+22	0.00e+00	0.00e+00	0.00e+00	0.00e+00	0.00e+00	0.00e+00	4.34e-24	5.50e-20	2.46e-16	4.82e-13	6.10e-10	5.02e-07	8.50e-04	5.38e-02	9.45e-01
 6.96522e+22	0.00e+00	0.00e+00	0.00e+00	0.00e+00	0.00e+00	0.00e+00	6.49e-24	7.81e-20	3.32e-16	6.19e-13	7.43e-10	5.82e-07	9.36e-04	5.64e-02	9.43e-01
 7.17600e+22	0.00e+00	0.00e+00	0.00e+00	0.00e+00	0.00e+00	0.00e+00	9.78e-24	1.12e-19	4.52e-16	8.01e-13	9.10e-10	6.76e-07	1.03e-03	5.92e-02	9.40e-01
 7.35422e+22	0.00e+00	0.00e+00	0.00e+00	0.00e+00	0.00e+00	0.00e+00	1.40e-23	1.53e-19	5.90e-16	1.00e-12	1.08e-09	7.71e-07	1.13e-03	6.17e-02	9.37e-01
 7.50102e+22	0.00e+00	0.00e+00	0.00e+00	0.00e+00	0.00e+00	0.00e+00	1.87e-23	1.97e-19	7.35e-16	1.20e-12	1.25e-09	8.58e-07	1.21e-03	6.38e-02	9.35e-01
 7.65423e+22	0.00e+00	0.00e+00	0.00e+00	0.00e+00	0.00e+00	0.00e+00	2.43e-23	2.47e-19	8.94e-16	1.41e-12	1.43e-09	9.44e-07	1.29e-03	6.58e-02	9.33e-01
 7.85342e+22	0.00e+00	0.00e+00	0.00e+00	0.00e+00	0.00e+00	0.00e+00	3.42e-23	3.34e-19	1.16e-15	1.75e-12	1.69e-09	1.07e-06	1.40e-03	6.84e-02	9.30e-01
 8.06526e+22	0.00e+00	0.00e+00	0.00e+00	0.00e+00	0.00e+00	0.00e+00	4.94e-23	4.60e-19	1.52e-15	2.20e-12	2.02e-09	1.23e-06	1.53e-03	7.14e-02	9.27e-01
 8.24710e+22	0.00e+00	0.00e+00	0.00e+00	0.00e+00	0.00e+00	2.15e-27	6.82e-23	6.10e-19	1.94e-15	2.70e-12	2.37e-09	1.38e-06	1.65e-03	7.41e-02	9.24e-01
 8.40925e+22	0.00e+00	0.00e+00	0.00e+00	0.00e+00	0.00e+00	2.91e-27	8.92e-23	7.72e-19	2.37e-15	3.19e-12	2.71e-09	1.52e-06	1.76e-03	7.64e-02	9.22e-01
 8.59226e+22	0.00e+00	0.00e+00	0.00e+00	0.00e+00	0.00e+00	4.01e-27	1.19e-22	9.89e-19	2.94e-15	3.81e-12	3.12e-09	1.69e-06	1.88e-03	7.89e-02	9.19e-01
 8.83017e+22	0.00e+00	0.00e+00	0.00e+00	0.00e+00	0.00e+00	5.93e-27	1.67e-22	1.34e-18	3.81e-15	4.73e-12	3.70e-09	1.92e-06	2.05e-03	8.21e-02	9.16e-01
 9.08159e+22	0.00e+00	0.00e+00	0.00e+00	0.00e+00	0.00e+00	9.31e-27	2.50e-22	1.90e-18	5.15e-15	6.09e-12	4.51e-09	2.22e-06	2.25e-03	8.59e-02	9.12e-01
 9.28541e+22	0.00e+00	0.00e+00	0.00e+00	0.00e+00	0.00e+00	1.33e-26	3.42e-22	2.50e-18	6.52e-15	7.41e-12	5.26e-09	2.49e-06	2.43e-03	8.90e-02	9.09e-01
 9.44643e+22	0.00e+00	0.00e+00	0.00e+00	0.00e+00	0.00e+00	1.74e-26	4.36e-22	3.09e-18	7.82e-15	8.63e-12	5.93e-09	2.73e-06	2.57e-03	9.15e-02	9.06e-01
 9.61699e+22	0.00e+00	0.00e+00	0.00e+00	0.00e+00	0.00e+00	2.25e-26	5.47e-22	3.77e-18	9.28e-15	9.95e-12	6.63e-09	2.96e-06	2.72e-03	9.39e-02	9.03e-01
 9.83871e+22	0.00e+00	0.00e+00	0.00e+00	0.00e+00	0.00e+00	3.14e-26	7.33e-22	4.87e-18	1.16e-14	1.20e-11	7.66e-09	3.30e-06	2.91e-03	9.70e-02	9.00e-01
 1.00823e+23	0.00e+00	0.00e+00	0.00e+00	0.00e+00	0.00e+00	4.47e-26	1.00e-21	6.42e-18	1.47e-14	1.46e-11	8.96e-09	3.70e-06	3.14e-03	1.00e-01	8.96e-01
 1.03045e+23	0.00e+00	0.00e+00	0.00e+00	0.00e+00	0.00e+00	6.31e-26	1.36e-21	8.38e-18	1.85e-14	1.77e-11	1.04e-08	4.14e-06	3.38e-03	1.04e-01	8.93e-01
 1.05043e+23	0.00e+00	0.00e+00	0.00e+00	0.00e+00	0.00e+00	8.37e-26	1.75e-21	1.04e-17	2.23e-14	2.07e-11	1.18e-08	4.54e-06	3.58e-03	1.07e-01	8.90e-01
 1.07247e+23	0.00e+00	0.00e+00	0.00e+00	0.00e+00	0.00e+00	1.12e-25	2.27e-21	1.31e-17	2.71e-14	2.43e-11	1.34e-08	4.99e-06	3.81e-03	1.10e-01	8.86e-01
 1.10113e+23	0.00e+00	0.00e+00	0.00e+00	0.00e+00	0.00e+00	1.59e-25	3.10e-21	1.72e-17	3.43e-14	2.96e-11	1.56e-08	5.60e-06	4.10e-03	1.14e-01	8.82e-01
 1.13127e+23	0.00e+00	0.00e+00	0.00e+00	0.00e+00	0.00e+00	2.40e-25	4.46e-21	2.37e-17	4.51e-14	3.73e-11	1.87e-08	6.40e-06	4.47e-03	1.19e-01	8.77e-01
 1.15544e+23	0.00e+00	0.00e+00	0.00e+00	0.00e+00	0.00e+00	3.31e-25	5.92e-21	3.03e-17	5.59e-14	4.46e-11	2.16e-08	7.10e-06	4.78e-03	1.22e-01	8.73e-01
 1.17568e+23	0.00e+00	0.00e+00	0.00e+00	0.00e+00	0.00e+00	4.18e-25	7.28e-21	3.63e-17	6.53e-14	5.08e-11	2.39e-08	7.66e-06	5.03e-03	1.25e-01	8.70e-01
 1.19869e+23	0.00e+00	0.00e+00	0.00e+00	0.00e+00	0.00e+00	5.46e-25	9.22e-21	4.47e-17	7.81e-14	5.90e-11	2.68e-08	8.36e-06	5.32e-03	1.28e-01	8.66e-01
 1.22860e+23	0.00e+00	0.00e+00	0.00e+00	0.00e+00	0.00e+00	7.46e-25	1.22e-20	5.70e-17	9.63e-14	7.03e-11	3.08e-08	9.26e-06	5.68e-03	1.32e-01	8.62e-01
 1.26157e+23	0.00e+00	0.00e+00	0.00e+00	0.00e+00	0.00e+00	1.08e-24	1.69e-20	7.59e-17	1.23e-13	8.65e-11	3.62e-08	1.04e-05	6.13e-03	1.37e-01	8.57e-01
 1.29054e+23	0.00e+00	0.00e+00	0.00e+00	0.00e+00	0.00e+00	1.49e-24	2.25e-20	9.78e-17	1.53e-13	1.04e-10	4.18e-08	1.16e-05	6.56e-03	1.41e-01	8.52e-01
 1.31548e+23	0.00e+00	0.00e+00	0.00e+00	0.00e+00	0.00e+00	1.93e-24	2.83e-20	1.19e-16	1.82e-13	1.20e-10	4.68e-08	1.26e-05	6.93e-03	1.45e-01	8.48e-01
 1.34316e+23	0.00e+00	0.00e+00	0.00e+00	0.00e+00	0.00e+00	2.49e-24	3.54e-20	1.45e-16	2.16e-13	1.38e-10	5.23e-08	1.37e-05	7.30e-03	1.48e-01	8.44e-01
 1.37914e+23	0.00e+00	0.00e+00	0.00e+00	0.00e+00	0.00e+00	3.34e-24	4.60e-20	1.83e-16	2.63e-13	1.63e-10	5.95e-08	1.51e-05	7.76e-03	1.53e-01	8.40e-01
 1.42591e+23	0.00e+00	0.00e+00	0.00e+00	0.00e+00	0.00e+00	4.89e-24	6.45e-20	2.46e-16	3.40e-13	2.02e-10	7.05e-08	1.71e-05	8.41e-03	1.58e-01	8.34e-01
 1.47386e+23	0.00e+00	0.00e+00	0.00e+00	0.00e+00	0.00e+00	7.63e-24	9.57e-20	3.48e-16	4.60e-13	2.60e-10	8.58e-08	1.98e-05	9.22e-03	1.65e-01	8.26e-01
 1.50910e+23	0.00e+00	0.00e+00	0.00e+00	0.00e+00	0.00e+00	1.06e-23	1.28e-19	4.48e-16	5.72e-13	3.13e-10	9.91e-08	2.20e-05	9.86e-03	1.70e-01	8.20e-01
 1.53544e+23	0.00e+00	0.00e+00	0.00e+00	0.00e+00	0.00e+00	1.29e-23	1.53e-19	5.25e-16	6.56e-13	3.51e-10	1.08e-07	2.35e-05	1.03e-02	1.73e-01	8.17e-01
 1.56444e+23	0.00e+00	0.00e+00	0.00e+00	0.00e+00	0.00e+00	1.58e-23	1.83e-19	6.14e-16	7.51e-13	3.93e-10	1.18e-07	2.51e-05	1.07e-02	1.76e-01	8.13e-01
 1.60214e+23	0.00e+00	0.00e+00	0.00e+00	0.00e+00	0.00e+00	2.03e-23	2.28e-19	7.46e-16	8.89e-13	4.52e-10	1.32e-07	2.72e-05	1.13e-02	1.80e-01	8.08e-01
 1.65116e+23	0.00e+00	0.00e+00	0.00e+00	0.00e+00	0.00e+00	2.67e-23	2.91e-19	9.23e-16	1.07e-12	5.28e-10	1.49e-07	2.97e-05	1.20e-02	1.85e-01	8.03e-01
 1.71306e+23	0.00e+00	0.00e+00	0.00e+00	0.00e+00	0.00e+00	3.76e-23	3.95e-19	1.21e-15	1.35e-12	6.42e-10	1.74e-07	3.32e-05	1.28e-02	1.91e-01	7.97e-01
 1.77805e+23	0.00e+00	0.00e+00	0.00e+00	0.00e+00	0.00e+00	5.57e-23	5.60e-19	1.64e-15	1.76e-12	8.03e-10	2.07e-07	3.78e-05	1.39e-02	1.97e-01	7.89e-01
 1.83290e+23	0.00e+00	0.00e+00	0.00e+00	0.00e+00	0.00e+00	7.70e-23	7.47e-19	2.11e-15	2.19e-12	9.65e-10	2.39e-07	4.20e-05	1.49e-02	2.03e-01	7.82e-01
 1.87916e+23	0.00e+00	0.00e+00	0.00e+00	0.00e+00	0.00e+00	9.54e-23	9.03e-19	2.50e-15	2.53e-12	1.09e-09	2.62e-07	4.50e-05	1.55e-02	2.07e-01	7.77e-01
 1.93029e+23	0.00e+00	0.00e+00	0.00e+00	0.00e+00	3.51e-27	1.18e-22	1.09e-18	2.95e-15	2.93e-12	1.23e-09	2.89e-07	4.83e-05	1.63e-02	2.11e-01	7.73e-01
 1.99675e+23	0.00e+00	0.00e+00	0.00e+00	0.00e+00	4.64e-27	1.52e-22	1.37e-18	3.59e-15	3.47e-12	1.42e-09	3.22e-07	5.24e-05	1.71e-02	2.16e-01	7.67e-01
 2.07561e+23	0.00e+00	0.00e+00	0.00e+00	0.00e+00	6.20e-27	1.97e-22	1.72e-18	4.40e-15	4.14e-12	1.65e-09	3.62e-07	5.70e-05	1.80e-02	2.21e-01	7.61e-01
 2.15987e+23	0.00e+00	0.00e+00	0.00e+00	0.00e+00	8.35e-27	2.58e-22	2.19e-18	5.43e-15	4.97e-12	1.92e-09	4.08e-07	6.22e-05	1.91e-02	2.26e-01	7.55e-01
 2.24543e+23	0.00e+00	0.00e+00	0.00e+00	0.00e+00	1.11e-26	3.32e-22	2.74e-18	6.62e-15	5.90e-12	2.22e-09	4.56e-07	6.76e-05	2.01e-02	2.31e-01	7.49e-01
 2.32637e+23	0.00e+00	0.00e+00	0.00e+00	0.00e+00	1.45e-26	4.23e-22	3.40e-18	8.01e-15	6.96e-12	2.55e-09	5.08e-07	7.31e-05	2.11e-02	2.35e-01	7.43e-01
 2.39921e+23	0.00e+00	0.00e+00	0.00e+00	0.00e+00	1.78e-26	5.10e-22	4.01e-18	9.26e-15	7.90e-12	2.83e-09	5.52e-07	7.77e-05	2.19e-02	2.39e-01	7.39e-01
 2.46477e+23	0.00e+00	0.00e+00	0.00e+00	0.00e+00	2.12e-26	5.98e-22	4.62e-18	1.05e-14	8.80e-12	3.10e-09	5.92e-07	8.18e-05	2.26e-02	2.42e-01	7.35e-01
 2.52378e+23	0.00e+00	0.00e+00	0.00e+00	0.00e+00	2.42e-26	6.74e-22	5.13e-18	1.15e-14	9.54e-12	3.32e-09	6.24e-07	8.50e-05	2.31e-02	2.45e-01	7.32e-01
 2.57688e+23	0.00e+00	0.00e+00	0.00e+00	0.00e+00	2.72e-26	7.48e-22	5.64e-18	1.25e-14	1.02e-11	3.52e-09	6.54e-07	8.79e-05	2.36e-02	2.47e-01	7.29e-01
 2.62467e+23	0.00e+00	0.00e+00	0.00e+00	0.00e+00	2.97e-26	8.09e-22	6.04e-18	1.33e-14	1.08e-11	3.68e-09	6.77e-07	9.02e-05	2.40e-02	2.49e-01	7.27e-01
 2.66769e+23	0.00e+00	0.00e+00	0.00e+00	0.00e+00	3.20e-26	8.66e-22	6.42e-18	1.40e-14	1.13e-11	3.83e-09	6.98e-07	9.22e-05	2.44e-02	2.50e-01	7.26e-01
 2.70640e+23	0.00e+00	0.00e+00	0.00e+00	0.00e+00	3.41e-26	9.16e-22	6.75e-18	1.47e-14	1.18e-11	3.95e-09	7.16e-07	9.39e-05	2.46e-02	2.51e-01	7.24e-01
 2.74124e+23	0.00e+00	0.00e+00	0.00e+00	0.00e+00	3.59e-26	9.59e-22	7.04e-18	1.52e-14	1.21e-11	4.06e-09	7.30e-07	9.53e-05	2.49e-02	2.52e-01	7.23e-01
 2.77302e+23	0.00e+00	0.00e+00	0.00e+00	0.00e+00	3.74e-26	9.94e-22	7.26e-18	1.56e-14	1.24e-11	4.14e-09	7.42e-07	9.64e-05	2.50e-02	2.53e-01	7.22e-01
 2.80357e+23	0.00e+00	0.00e+00	0.00e+00	0.00e+00	3.80e-26	1.01e-21	7.36e-18	1.58e-14	1.26e-11	4.18e-09	7.47e-07	9.69e-05	2.51e-02	2.53e-01	7.22e-01
 2.83412e+23	0.00e+00	0.00e+00	0.00e+00	0.00e+00	3.86e-26	1.02e-21	7.46e-18	1.60e-14	1.27e-11	4.21e-09	7.52e-07	9.73e-05	2.52e-02	2.53e-01	7.21e-01
 2.86467e+23	0.00e+00	0.00e+00	0.00e+00	0.00e+00	3.96e-26	1.05e-21	7.60e-18	1.63e-14	1.29e-11	4.26e-09	7.59e-07	9.80e-05	2.53e-02	2.54e-01	7.21e-01
 2.89521e+23	0.00e+00	0.00e+00	0.00e+00	0.00e+00	4.02e-26	1.06e-21	7.69e-18	1.64e-14	1.30e-11	4.30e-09	7.64e-07	9.85e-05	2.54e-02	2.54e-01	7.20e-01
 2.92576e+23	0.00e+00	0.00e+00	0.00e+00	0.00e+00	4.07e-26	1.07e-21	7.77e-18	1.66e-14	1.31e-11	4.32e-09	7.67e-07	9.88e-05	2.54e-02	2.54e-01	7.20e-01
 2.95631e+23	0.00e+00	0.00e+00	0.00e+00	0.00e+00	4.10e-26	1.08e-21	7.82e-18	1.67e-14	1.31e-11	4.34e-09	7.70e-07	9.90e-05	2.55e-02	2.55e-01	7.20e-01
 2.98686e+23	0.00e+00	0.00e+00	0.00e+00	0.00e+00	4.14e-26	1.09e-21	7.89e-18	1.68e-14	1.32e-11	4.37e-09	7.73e-07	9.94e-05	2.55e-02	2.55e-01	7.20e-01
 3.01741e+23	0.00e+00	0.00e+00	0.00e+00	0.00e+00	4.14e-26	1.09e-21	7.89e-18	1.68e-14	1.32e-11	4.37e-09	7.73e-07	9.94e-05	2.55e-02	2.55e-01	7.20e-01
 3.04375e+23	0.00e+00	0.00e+00	0.00e+00	0.00e+00	4.36e-26	1.14e-21	8.21e-18	1.74e-14	1.37e-11	4.48e-09	7.89e-07	1.01e-04	2.57e-02	2.56e-01	7.18e-01
