#depth	Ne	Ne+	Ne+2	Ne+3	Ne+4	Ne+5	Ne+6	Ne+7	Ne+8	Ne+9	Ne+10
 6.17135e+19	0.00e+00	0.00e+00	0.00e+00	0.00e+00	0.00e+00	0.00e+00	1.27e-24	8.68e-18	6.44e-11	1.50e-05	1.00e+00
 1.87609e+20	0.00e+00	0.00e+00	0.00e+00	0.00e+00	0.00e+00	0.00e+00	1.74e-24	1.10e-17	7.52e-11	1.63e-05	1.00e+00
 3.18540e+20	0.00e+00	0.00e+00	0.00e+00	0.00e+00	0.00e+00	0.00e+00	2.37e-24	1.39e-17	8.78e-11	1.76e-05	1.00e+00
 4.54709e+20	0.00e+00	0.00e+00	0.00e+00	0.00e+00	0.00e+00	0.00e+00	3.23e-24	1.75e-17	1.03e-10	1.90e-05	1.00e+00
 5.96324e+20	0.00e+00	0.00e+00	0.00e+00	0.00e+00	0.00e+00	0.00e+00	4.40e-24	2.21e-17	1.20e-10	2.05e-05	1.00e+00
 7.43604e+20	0.00e+00	0.00e+00	0.00e+00	0.00e+00	0.00e+00	0.00e+00	6.00e-24	2.79e-17	1.40e-10	2.22e-05	1.00e+00
 8.96775e+20	0.00e+00	0.00e+00	0.00e+00	0.00e+00	0.00e+00	0.00e+00	8.18e-24	3.51e-17	1.63e-10	2.40e-05	1.00e+00
 1.05607e+21	0.00e+00	0.00e+00	0.00e+00	0.00e+00	0.00e+00	0.00e+00	1.11e-23	4.43e-17	1.90e-10	2.59e-05	1.00e+00
 1.22174e+21	0.00e+00	0.00e+00	0.00e+00	0.00e+00	0.00e+00	0.00e+00	1.52e-23	5.59e-17	2.22e-10	2.80e-05	1.00e+00
 1.39404e+21	0.00e+00	0.00e+00	0.00e+00	0.00e+00	0.00e+00	0.00e+00	2.07e-23	7.05e-17	2.60e-10	3.02e-05	1.00e+00
 1.57323e+21	0.00e+00	0.00e+00	0.00e+00	0.00e+00	0.00e+00	0.00e+00	2.82e-23	8.89e-17	3.03e-10	3.26e-05	1.00e+00
 1.75958e+21	0.00e+00	0.00e+00	0.00e+00	0.00e+00	0.00e+00	0.00e+00	3.84e-23	1.12e-16	3.54e-10	3.53e-05	1.00e+00
 1.95339e+21	0.00e+00	0.00e+00	0.00e+00	0.00e+00	0.00e+00	0.00e+00	5.23e-23	1.41e-16	4.13e-10	3.81e-05	1.00e+00
 2.15496e+21	0.00e+00	0.00e+00	0.00e+00	0.00e+00	0.00e+00	0.00e+00	7.12e-23	1.78e-16	4.81e-10	4.11e-05	1.00e+00
 2.36458e+21	0.00e+00	0.00e+00	0.00e+00	0.00e+00	0.00e+00	0.00e+00	9.69e-23	2.24e-16	5.62e-10	4.44e-05	1.00e+00
 2.58259e+21	0.00e+00	0.00e+00	0.00e+00	0.00e+00	0.00e+00	0.00e+00	1.32e-22	2.83e-16	6.55e-10	4.80e-05	1.00e+00
 2.80932e+21	0.00e+00	0.00e+00	0.00e+00	0.00e+00	0.00e+00	0.00e+00	1.79e-22	3.56e-16	7.64e-10	5.18e-05	1.00e+00
 3.04512e+21	0.00e+00	0.00e+00	0.00e+00	0.00e+00	0.00e+00	0.00e+00	2.44e-22	4.48e-16	8.91e-10	5.60e-05	1.00e+00
 3.29036e+21	0.00e+00	0.00e+00	0.00e+00	0.00e+00	0.00e+00	0.00e+00	3.32e-22	5.64e-16	1.04e-09	6.05e-05	1.00e+00
 3.54540e+21	0.00e+00	0.00e+00	0.00e+00	0.00e+00	0.00e+00	0.00e+00	4.51e-22	7.11e-16	1.21e-09	6.53e-05	1.00e+00
 3.81064e+21	0.00e+00	0.00e+00	0.00e+00	0.00e+00	0.00e+00	0.00e+00	6.13e-22	8.94e-16	1.41e-09	7.05e-05	1.00e+00
 4.08649e+21	0.00e+00	0.00e+00	0.00e+00	0.00e+00	0.00e+00	0.00e+00	8.33e-22	1.13e-15	1.65e-09	7.61e-05	1.00e+00
 4.37338e+21	0.00e+00	0.00e+00	0.00e+00	0.00e+00	0.00e+00	3.98e-28	1.13e-21	1.42e-15	1.92e-09	8.22e-05	1.00e+00
 4.67174e+21	0.00e+00	0.00e+00	0.00e+00	0.00e+00	0.00e+00	5.83e-28	1.54e-21	1.78e-15	2.24e-09	8.87e-05	1.00e+00
 4.98204e+21	0.00e+00	0.00e+00	0.00e+00	0.00e+00	0.00e+00	8.54e-28	2.09e-21	2.24e-15	2.61e-09	9.58e-05	1.00e+00
 5.30475e+21	0.00e+00	0.00e+00	0.00e+00	0.00e+00	0.00e+00	1.25e-27	2.83e-21	2.82e-15	3.04e-09	1.03e-04	1.00e+00
 5.64036e+21	0.00e+00	0.00e+00	0.00e+00	0.00e+00	0.00e+00	1.83e-27	3.84e-21	3.54e-15	3.54e-09	1.12e-04	1.00e+00
 5.98940e+21	0.00e+00	0.00e+00	0.00e+00	0.00e+00	0.00e+00	2.68e-27	5.21e-21	4.45e-15	4.12e-09	1.20e-04	1.00e+00
 6.35241e+21	0.00e+00	0.00e+00	0.00e+00	0.00e+00	0.00e+00	3.93e-27	7.06e-21	5.59e-15	4.80e-09	1.30e-04	1.00e+00
 6.72993e+21	0.00e+00	0.00e+00	0.00e+00	0.00e+00	0.00e+00	5.74e-27	9.57e-21	7.02e-15	5.59e-09	1.40e-04	1.00e+00
 7.12255e+21	0.00e+00	0.00e+00	0.00e+00	0.00e+00	0.00e+00	8.40e-27	1.30e-20	8.81e-15	6.50e-09	1.51e-04	1.00e+00
 7.53088e+21	0.00e+00	0.00e+00	0.00e+00	0.00e+00	0.00e+00	1.23e-26	1.76e-20	1.11e-14	7.57e-09	1.63e-04	1.00e+00
 7.95555e+21	0.00e+00	0.00e+00	0.00e+00	0.00e+00	0.00e+00	1.79e-26	2.38e-20	1.39e-14	8.81e-09	1.76e-04	1.00e+00
 8.39719e+21	0.00e+00	0.00e+00	0.00e+00	0.00e+00	0.00e+00	2.62e-26	3.22e-20	1.74e-14	1.02e-08	1.90e-04	1.00e+00
 8.85651e+21	0.00e+00	0.00e+00	0.00e+00	0.00e+00	0.00e+00	3.82e-26	4.35e-20	2.18e-14	1.19e-08	2.05e-04	1.00e+00
 9.33420e+21	0.00e+00	0.00e+00	0.00e+00	0.00e+00	0.00e+00	5.50e-26	5.88e-20	2.74e-14	1.39e-08	2.21e-04	1.00e+00
 9.83099e+21	0.00e+00	0.00e+00	0.00e+00	0.00e+00	0.00e+00	8.02e-26	7.95e-20	3.43e-14	1.61e-08	2.38e-04	1.00e+00
 1.03477e+22	0.00e+00	0.00e+00	0.00e+00	0.00e+00	0.00e+00	1.17e-25	1.07e-19	4.29e-14	1.87e-08	2.57e-04	1.00e+00
 1.08850e+22	0.00e+00	0.00e+00	0.00e+00	0.00e+00	0.00e+00	1.70e-25	1.45e-19	5.37e-14	2.18e-08	2.77e-04	1.00e+00
 1.14438e+22	0.00e+00	0.00e+00	0.00e+00	0.00e+00	0.00e+00	2.48e-25	1.96e-19	6.72e-14	2.53e-08	2.99e-04	1.00e+00
 1.20250e+22	0.00e+00	0.00e+00	0.00e+00	0.00e+00	0.00e+00	3.60e-25	2.64e-19	8.41e-14	2.94e-08	3.22e-04	1.00e+00
 1.25929e+22	0.00e+00	0.00e+00	0.00e+00	0.00e+00	0.00e+00	5.12e-25	3.50e-19	1.04e-13	3.38e-08	3.46e-04	1.00e+00
 1.31333e+22	0.00e+00	0.00e+00	0.00e+00	0.00e+00	0.00e+00	7.07e-25	4.52e-19	1.26e-13	3.84e-08	3.69e-04	1.00e+00
 1.37319e+22	0.00e+00	0.00e+00	0.00e+00	0.00e+00	0.00e+00	9.96e-25	5.94e-19	1.54e-13	4.41e-08	3.95e-04	1.00e+00
 1.44046e+22	0.00e+00	0.00e+00	0.00e+00	0.00e+00	0.00e+00	1.45e-24	8.01e-19	1.93e-13	5.12e-08	4.26e-04	1.00e+00
 1.50660e+22	0.00e+00	0.00e+00	0.00e+00	0.00e+00	0.00e+00	2.06e-24	1.06e-18	2.38e-13	5.89e-08	4.57e-04	1.00e+00
 1.57022e+22	0.00e+00	0.00e+00	0.00e+00	0.00e+00	0.00e+00	2.85e-24	1.37e-18	2.89e-13	6.71e-08	4.88e-04	1.00e+00
 1.64022e+22	0.00e+00	0.00e+00	0.00e+00	0.00e+00	0.00e+00	4.02e-24	1.81e-18	3.55e-13	7.70e-08	5.23e-04	9.99e-01
 1.71817e+22	0.00e+00	0.00e+00	0.00e+00	0.00e+00	0.00e+00	5.81e-24	2.43e-18	4.42e-13	8.92e-08	5.63e-04	9.99e-01
 1.79535e+22	0.00e+00	0.00e+00	0.00e+00	0.00e+00	0.00e+00	8.27e-24	3.22e-18	5.46e-13	1.03e-07	6.04e-04	9.99e-01
 1.87562e+22	0.00e+00	0.00e+00	0.00e+00	0.00e+00	0.00e+00	1.17e-23	4.25e-18	6.71e-13	1.18e-07	6.48e-04	9.99e-01
 1.96074e+22	0.00e+00	0.00e+00	0.00e+00	0.00e+00	0.00e+00	1.68e-23	5.65e-18	8.31e-13	1.36e-07	6.97e-04	9.99e-01
 2.04411e+22	0.00e+00	0.00e+00	0.00e+00	0.00e+00	0.00e+00	2.35e-23	7.39e-18	1.02e-12	1.56e-07	7.46e-04	9.99e-01
 2.13306e+22	0.00e+00	0.00e+00	0.00e+00	0.00e+00	0.00e+00	3.32e-23	9.72e-18	1.25e-12	1.79e-07	7.99e-04	9.99e-01
 2.22868e+22	0.00e+00	0.00e+00	0.00e+00	0.00e+00	0.00e+00	4.74e-23	1.29e-17	1.54e-12	2.06e-07	8.59e-04	9.99e-01
 2.32249e+22	0.00e+00	0.00e+00	0.00e+00	0.00e+00	0.00e+00	6.65e-23	1.69e-17	1.88e-12	2.36e-07	9.19e-04	9.99e-01
 2.42210e+22	0.00e+00	0.00e+00	0.00e+00	0.00e+00	0.00e+00	9.36e-23	2.22e-17	2.30e-12	2.71e-07	9.85e-04	9.99e-01
 2.53133e+22	0.00e+00	0.00e+00	0.00e+00	0.00e+00	0.00e+00	1.34e-22	2.96e-17	2.85e-12	3.13e-07	1.06e-03	9.99e-01
 2.63112e+22	0.00e+00	0.00e+00	0.00e+00	0.00e+00	0.00e+00	1.85e-22	3.82e-17	3.45e-12	3.55e-07	1.13e-03	9.99e-01
 2.71584e+22	0.00e+00	0.00e+00	0.00e+00	0.00e+00	4.35e-28	2.41e-22	4.70e-17	4.02e-12	3.94e-07	1.19e-03	9.99e-01
 2.80924e+22	0.00e+00	0.00e+00	0.00e+00	0.00e+00	6.07e-28	3.17e-22	5.85e-17	4.73e-12	4.40e-07	1.26e-03	9.99e-01
 2.92545e+22	0.00e+00	0.00e+00	0.00e+00	0.00e+00	9.11e-28	4.44e-22	7.63e-17	5.76e-12	5.03e-07	1.35e-03	9.99e-01
 3.04364e+22	0.00e+00	0.00e+00	0.00e+00	0.00e+00	1.36e-27	6.18e-22	9.92e-17	6.99e-12	5.74e-07	1.44e-03	9.99e-01
 3.14714e+22	0.00e+00	0.00e+00	0.00e+00	0.00e+00	1.90e-27	8.15e-22	1.24e-16	8.23e-12	6.41e-07	1.53e-03	9.98e-01
 3.25919e+22	0.00e+00	0.00e+00	0.00e+00	0.00e+00	2.68e-27	1.09e-21	1.55e-16	9.72e-12	7.18e-07	1.62e-03	9.98e-01
 3.39514e+22	0.00e+00	0.00e+00	0.00e+00	0.00e+00	4.05e-27	1.52e-21	2.03e-16	1.19e-11	8.22e-07	1.73e-03	9.98e-01
 3.52953e+22	0.00e+00	0.00e+00	0.00e+00	0.00e+00	6.00e-27	2.11e-21	2.62e-16	1.43e-11	9.36e-07	1.85e-03	9.98e-01
 3.64712e+22	0.00e+00	0.00e+00	0.00e+00	0.00e+00	8.34e-27	2.77e-21	3.25e-16	1.68e-11	1.04e-06	1.96e-03	9.98e-01
 3.77550e+22	0.00e+00	0.00e+00	0.00e+00	0.00e+00	1.18e-26	3.68e-21	4.06e-16	1.98e-11	1.17e-06	2.08e-03	9.98e-01
 3.93120e+22	0.00e+00	0.00e+00	0.00e+00	0.00e+00	1.77e-26	5.15e-21	5.29e-16	2.40e-11	1.33e-06	2.22e-03	9.98e-01
 4.08606e+22	0.00e+00	0.00e+00	0.00e+00	0.00e+00	2.63e-26	7.15e-21	6.85e-16	2.90e-11	1.52e-06	2.38e-03	9.98e-01
 4.21050e+22	0.00e+00	0.00e+00	0.00e+00	0.00e+00	3.57e-26	9.19e-21	8.34e-16	3.35e-11	1.68e-06	2.50e-03	9.97e-01
 4.33174e+22	0.00e+00	0.00e+00	0.00e+00	0.00e+00	4.74e-26	1.16e-20	1.00e-15	3.83e-11	1.84e-06	2.63e-03	9.97e-01
 4.48934e+22	0.00e+00	0.00e+00	0.00e+00	0.00e+00	6.79e-26	1.56e-20	1.26e-15	4.54e-11	2.07e-06	2.79e-03	9.97e-01
 4.65327e+22	0.00e+00	0.00e+00	0.00e+00	0.00e+00	9.83e-26	2.12e-20	1.60e-15	5.40e-11	2.34e-06	2.97e-03	9.97e-01
 4.78739e+22	0.00e+00	0.00e+00	0.00e+00	0.00e+00	1.31e-25	2.69e-20	1.93e-15	6.19e-11	2.57e-06	3.12e-03	9.97e-01
 4.92369e+22	0.00e+00	0.00e+00	0.00e+00	0.00e+00	1.74e-25	3.38e-20	2.31e-15	7.05e-11	2.81e-06	3.27e-03	9.97e-01
 5.10089e+22	0.00e+00	0.00e+00	0.00e+00	0.00e+00	2.46e-25	4.50e-20	2.89e-15	8.29e-11	3.15e-06	3.47e-03	9.97e-01
 5.28873e+22	0.00e+00	0.00e+00	0.00e+00	0.00e+00	3.60e-25	6.14e-20	3.68e-15	9.87e-11	3.56e-06	3.70e-03	9.96e-01
 5.44338e+22	0.00e+00	0.00e+00	0.00e+00	0.00e+00	4.85e-25	7.84e-20	4.45e-15	1.13e-10	3.92e-06	3.89e-03	9.96e-01
 5.59739e+22	0.00e+00	0.00e+00	0.00e+00	0.00e+00	6.40e-25	9.84e-20	5.31e-15	1.29e-10	4.29e-06	4.08e-03	9.96e-01
 5.76361e+22	0.00e+00	0.00e+00	0.00e+00	0.00e+00	8.69e-25	1.26e-19	6.45e-15	1.48e-10	4.74e-06	4.30e-03	9.96e-01
 5.90778e+22	0.00e+00	0.00e+00	0.00e+00	0.00e+00	1.12e-24	1.56e-19	7.59e-15	1.66e-10	5.15e-06	4.49e-03	9.96e-01
 6.05729e+22	0.00e+00	0.00e+00	0.00e+00	0.00e+00	1.44e-24	1.91e-19	8.89e-15	1.86e-10	5.58e-06	4.68e-03	9.95e-01
 6.25166e+22	0.00e+00	0.00e+00	0.00e+00	0.00e+00	1.96e-24	2.46e-19	1.08e-14	2.14e-10	6.17e-06	4.93e-03	9.95e-01
 6.45357e+22	0.00e+00	0.00e+00	0.00e+00	0.00e+00	2.75e-24	3.24e-19	1.34e-14	2.49e-10	6.87e-06	5.22e-03	9.95e-01
 6.61234e+22	0.00e+00	0.00e+00	0.00e+00	0.00e+00	3.55e-24	3.99e-19	1.57e-14	2.80e-10	7.45e-06	5.45e-03	9.95e-01
 6.76576e+22	0.00e+00	0.00e+00	0.00e+00	0.00e+00	4.47e-24	4.81e-19	1.81e-14	3.10e-10	8.03e-06	5.67e-03	9.94e-01
 6.96522e+22	0.00e+00	0.00e+00	0.00e+00	0.00e+00	6.00e-24	6.11e-19	2.18e-14	3.53e-10	8.82e-06	5.96e-03	9.94e-01
 7.17600e+22	0.00e+00	0.00e+00	0.00e+00	0.00e+00	8.12e-24	7.82e-19	2.64e-14	4.05e-10	9.72e-06	6.27e-03	9.94e-01
 7.35422e+22	0.00e+00	0.00e+00	0.00e+00	0.00e+00	1.05e-23	9.67e-19	3.10e-14	4.54e-10	1.06e-05	6.55e-03	9.93e-01
 7.50102e+22	0.00e+00	0.00e+00	0.00e+00	0.00e+00	1.31e-23	1.15e-18	3.55e-14	4.99e-10	1.13e-05	6.79e-03	9.93e-01
 7.65423e+22	0.00e+00	0.00e+00	0.00e+00	0.00e+00	1.59e-23	1.35e-18	4.00e-14	5.44e-10	1.20e-05	7.02e-03	9.93e-01
 7.85342e+22	0.00e+00	0.00e+00	0.00e+00	0.00e+00	2.04e-23	1.66e-18	4.69e-14	6.09e-10	1.31e-05	7.33e-03	9.93e-01
 8.06526e+22	0.00e+00	0.00e+00	0.00e+00	0.00e+00	2.68e-23	2.07e-18	5.56e-14	6.87e-10	1.42e-05	7.67e-03	9.92e-01
 8.24710e+22	0.00e+00	0.00e+00	0.00e+00	0.00e+00	3.40e-23	2.51e-18	6.45e-14	7.62e-10	1.54e-05	7.98e-03	9.92e-01
 8.40925e+22	0.00e+00	0.00e+00	0.00e+00	0.00e+00	4.15e-23	2.95e-18	7.30e-14	8.32e-10	1.64e-05	8.25e-03	9.92e-01
 8.59226e+22	0.00e+00	0.00e+00	0.00e+00	0.00e+00	5.13e-23	3.50e-18	8.32e-14	9.13e-10	1.75e-05	8.55e-03	9.91e-01
 8.83017e+22	0.00e+00	0.00e+00	0.00e+00	0.00e+00	6.64e-23	4.32e-18	9.78e-14	1.02e-09	1.90e-05	8.93e-03	9.91e-01
 9.08159e+22	0.00e+00	0.00e+00	0.00e+00	0.00e+00	8.96e-23	5.51e-18	1.18e-13	1.17e-09	2.09e-05	9.38e-03	9.91e-01
 9.28541e+22	0.00e+00	0.00e+00	0.00e+00	0.00e+00	1.13e-22	6.66e-18	1.36e-13	1.29e-09	2.25e-05	9.75e-03	9.90e-01
 9.44643e+22	0.00e+00	0.00e+00	0.00e+00	0.00e+00	1.36e-22	7.73e-18	1.53e-13	1.40e-09	2.39e-05	1.01e-02	9.90e-01
 9.61699e+22	0.00e+00	0.00e+00	0.00e+00	0.00e+00	1.61e-22	8.88e-18	1.70e-13	1.51e-09	2.52e-05	1.03e-02	9.90e-01
 9.83871e+22	0.00e+00	0.00e+00	0.00e+00	7.49e-28	2.01e-22	1.06e-17	1.95e-13	1.66e-09	2.70e-05	1.07e-02	9.89e-01
 1.00823e+23	0.00e+00	0.00e+00	0.00e+00	9.94e-28	2.55e-22	1.29e-17	2.26e-13	1.85e-09	2.91e-05	1.12e-02	9.89e-01
 1.03045e+23	0.00e+00	0.00e+00	0.00e+00	1.31e-27	3.22e-22	1.56e-17	2.61e-13	2.04e-09	3.13e-05	1.16e-02	9.88e-01
 1.05043e+23	0.00e+00	0.00e+00	0.00e+00	1.64e-27	3.89e-22	1.82e-17	2.93e-13	2.22e-09	3.33e-05	1.20e-02	9.88e-01
 1.07247e+23	0.00e+00	0.00e+00	0.00e+00	2.08e-27	4.74e-22	2.13e-17	3.32e-13	2.42e-09	3.54e-05	1.24e-02	9.88e-01
 1.10113e+23	0.00e+00	0.00e+00	0.00e+00	2.76e-27	6.03e-22	2.59e-17	3.85e-13	2.69e-09	3.82e-05	1.28e-02	9.87e-01
 1.13127e+23	0.00e+00	0.00e+00	0.00e+00	3.85e-27	7.98e-22	3.26e-17	4.58e-13	3.04e-09	4.17e-05	1.34e-02	9.87e-01
 1.15544e+23	0.00e+00	0.00e+00	0.00e+00	5.00e-27	9.93e-22	3.89e-17	5.26e-13	3.35e-09	4.47e-05	1.39e-02	9.86e-01
 1.17568e+23	0.00e+00	0.00e+00	0.00e+00	6.04e-27	1.17e-21	4.43e-17	5.81e-13	3.59e-09	4.70e-05	1.43e-02	9.86e-01
 1.19869e+23	0.00e+00	0.00e+00	0.00e+00	7.51e-27	1.40e-21	5.15e-17	6.51e-13	3.89e-09	4.98e-05	1.47e-02	9.85e-01
 1.22860e+23	0.00e+00	0.00e+00	0.00e+00	9.71e-27	1.74e-21	6.14e-17	7.45e-13	4.28e-09	5.33e-05	1.53e-02	9.85e-01
 1.26157e+23	0.00e+00	0.00e+00	0.00e+00	1.32e-26	2.24e-21	7.56e-17	8.74e-13	4.80e-09	5.77e-05	1.59e-02	9.84e-01
 1.29054e+23	0.00e+00	0.00e+00	0.00e+00	1.72e-26	2.82e-21	9.10e-17	1.01e-12	5.31e-09	6.20e-05	1.65e-02	9.83e-01
 1.31548e+23	0.00e+00	0.00e+00	0.00e+00	2.13e-26	3.38e-21	1.05e-16	1.13e-12	5.75e-09	6.56e-05	1.70e-02	9.83e-01
 1.34316e+23	0.00e+00	0.00e+00	0.00e+00	2.63e-26	4.03e-21	1.22e-16	1.26e-12	6.22e-09	6.94e-05	1.75e-02	9.82e-01
 1.37914e+23	0.00e+00	0.00e+00	0.00e+00	3.36e-26	4.96e-21	1.44e-16	1.44e-12	6.82e-09	7.40e-05	1.80e-02	9.82e-01
 1.42591e+23	0.00e+00	0.00e+00	0.00e+00	4.63e-26	6.49e-21	1.80e-16	1.70e-12	7.69e-09	8.05e-05	1.88e-02	9.81e-01
 1.47386e+23	0.00e+00	0.00e+00	0.00e+00	6.75e-26	8.93e-21	2.33e-16	2.08e-12	8.87e-09	8.89e-05	1.98e-02	9.80e-01
 1.50910e+23	0.00e+00	0.00e+00	0.00e+00	8.89e-26	1.13e-20	2.82e-16	2.41e-12	9.84e-09	9.55e-05	2.05e-02	9.79e-01
 1.53544e+23	0.00e+00	0.00e+00	0.00e+00	1.06e-25	1.30e-20	3.18e-16	2.64e-12	1.05e-08	1.00e-04	2.10e-02	9.79e-01
 1.56444e+23	0.00e+00	0.00e+00	0.00e+00	1.25e-25	1.50e-20	3.58e-16	2.89e-12	1.12e-08	1.05e-04	2.15e-02	9.78e-01
 1.60214e+23	0.00e+00	0.00e+00	0.00e+00	1.55e-25	1.80e-20	4.15e-16	3.24e-12	1.22e-08	1.11e-04	2.21e-02	9.78e-01
 1.65116e+23	0.00e+00	0.00e+00	0.00e+00	1.96e-25	2.20e-20	4.88e-16	3.67e-12	1.33e-08	1.18e-04	2.28e-02	9.77e-01
 1.71306e+23	0.00e+00	0.00e+00	0.00e+00	2.63e-25	2.82e-20	5.98e-16	4.29e-12	1.49e-08	1.27e-04	2.37e-02	9.76e-01
 1.77805e+23	0.00e+00	0.00e+00	0.00e+00	3.69e-25	3.76e-20	7.58e-16	5.16e-12	1.70e-08	1.39e-04	2.48e-02	9.75e-01
 1.83290e+23	0.00e+00	0.00e+00	0.00e+00	4.89e-25	4.77e-20	9.21e-16	6.00e-12	1.89e-08	1.50e-04	2.57e-02	9.74e-01
 1.87916e+23	0.00e+00	0.00e+00	0.00e+00	5.89e-25	5.58e-20	1.05e-15	6.62e-12	2.03e-08	1.57e-04	2.63e-02	9.74e-01
 1.93029e+23	0.00e+00	0.00e+00	0.00e+00	7.10e-25	6.54e-20	1.19e-15	7.33e-12	2.18e-08	1.65e-04	2.70e-02	9.73e-01
 1.99675e+23	0.00e+00	0.00e+00	0.00e+00	8.84e-25	7.88e-20	1.39e-15	8.24e-12	2.38e-08	1.75e-04	2.78e-02	9.72e-01
 2.07561e+23	0.00e+00	0.00e+00	0.00e+00	1.11e-24	9.55e-20	1.63e-15	9.32e-12	2.60e-08	1.86e-04	2.86e-02	9.71e-01
 2.15987e+23	0.00e+00	0.00e+00	0.00e+00	1.40e-24	1.17e-19	1.92e-15	1.06e-11	2.85e-08	1.97e-04	2.95e-02	9.70e-01
 2.24543e+23	0.00e+00	0.00e+00	0.00e+00	1.75e-24	1.41e-19	2.24e-15	1.19e-11	3.10e-08	2.09e-04	3.04e-02	9.69e-01
 2.32637e+23	0.00e+00	0.00e+00	0.00e+00	2.18e-24	1.69e-19	2.61e-15	1.34e-11	3.37e-08	2.21e-04	3.12e-02	9.69e-01
 2.39921e+23	0.00e+00	0.00e+00	0.00e+00	2.56e-24	1.94e-19	2.92e-15	1.47e-11	3.60e-08	2.31e-04	3.19e-02	9.68e-01
 2.46477e+23	0.00e+00	0.00e+00	0.00e+00	2.95e-24	2.19e-19	3.23e-15	1.58e-11	3.80e-08	2.40e-04	3.25e-02	9.67e-01
 2.52378e+23	0.00e+00	0.00e+00	0.00e+00	3.27e-24	2.39e-19	3.47e-15	1.68e-11	3.96e-08	2.47e-04	3.29e-02	9.67e-01
 2.57688e+23	0.00e+00	0.00e+00	0.00e+00	3.60e-24	2.59e-19	3.71e-15	1.76e-11	4.11e-08	2.53e-04	3.33e-02	9.66e-01
 2.62467e+23	0.00e+00	0.00e+00	0.00e+00	3.85e-24	2.75e-19	3.89e-15	1.83e-11	4.22e-08	2.57e-04	3.36e-02	9.66e-01
 2.66769e+23	0.00e+00	0.00e+00	0.00e+00	4.09e-24	2.89e-19	4.06e-15	1.89e-11	4.32e-08	2.61e-04	3.39e-02	9.66e-01
 2.70640e+23	0.00e+00	0.00e+00	0.00e+00	4.31e-24	3.02e-19	4.20e-15	1.94e-11	4.41e-08	2.65e-04	3.41e-02	9.66e-01
 2.74124e+23	0.00e+00	0.00e+00	0.00e+00	4.48e-24	3.12e-19	4.32e-15	1.99e-11	4.48e-08	2.68e-04	3.43e-02	9.65e-01
 2.77302e+23	0.00e+00	0.00e+00	0.00e+00	4.62e-24	3.21e-19	4.42e-15	2.02e-11	4.53e-08	2.70e-04	3.44e-02	9.65e-01
 2.80357e+23	0.00e+00	0.00e+00	0.00e+00	4.68e-24	3.24e-19	4.46e-15	2.04e-11	4.56e-08	2.71e-04	3.45e-02	9.65e-01
 2.83412e+23	0.00e+00	0.00e+00	0.00e+00	4.74e-24	3.28e-19	4.50e-15	2.05e-11	4.58e-08	2.72e-04	3.45e-02	9.65e-01
 2.86467e+23	0.00e+00	0.00e+00	0.00e+00	4.84e-24	3.33e-19	4.56e-15	2.07e-11	4.62e-08	2.73e-04	3.46e-02	9.65e-01
 2.89521e+23	0.00e+00	0.00e+00	0.00e+00	4.89e-24	3.37e-19	4.60e-15	2.09e-11	4.64e-08	2.74e-04	3.47e-02	9.65e-01
 2.92576e+23	0.00e+00	0.00e+00	0.00e+00	4.94e-24	3.40e-19	4.63e-15	2.10e-11	4.66e-08	2.75e-04	3.47e-02	9.65e-01
 2.95631e+23	0.00e+00	0.00e+00	0.00e+00	4.97e-24	3.41e-19	4.65e-15	2.10e-11	4.67e-08	2.75e-04	3.47e-02	9.65e-01
 2.98686e+23	0.00e+00	0.00e+00	0.00e+00	5.02e-24	3.44e-19	4.68e-15	2.11e-11	4.68e-08	2.76e-04	3.48e-02	9.65e-01
 3.01741e+23	0.00e+00	0.00e+00	0.00e+00	5.02e-24	3.44e-19	4.68e-15	2.11e-11	4.68e-08	2.76e-04	3.48e-02	9.65e-01
 3.04375e+23	0.00e+00	0.00e+00	0.00e+00	5.23e-24	3.56e-19	4.82e-15	2.16e-11	4.76e-08	2.79e-04	3.50e-02	9.65e-01
