#depth	Mg	Mg+	Mg+2	Mg+3	Mg+4	Mg+5	Mg+6	Mg+7	Mg+8	Mg+9	Mg+10	Mg+11	Mg+12
 6.17135e+19	0.00e+00	0.00e+00	0.00e+00	0.00e+00	0.00e+00	0.00e+00	2.95e-29	1.28e-23	2.94e-18	3.66e-13	8.25e-08	5.57e-04	9.99e-01
 1.87609e+20	0.00e+00	0.00e+00	0.00e+00	0.00e+00	0.00e+00	0.00e+00	4.73e-29	1.91e-23	4.03e-18	4.63e-13	9.65e-08	6.02e-04	9.99e-01
 3.18540e+20	0.00e+00	0.00e+00	0.00e+00	0.00e+00	0.00e+00	0.00e+00	7.55e-29	2.81e-23	5.51e-18	5.85e-13	1.13e-07	6.51e-04	9.99e-01
 4.54709e+20	0.00e+00	0.00e+00	0.00e+00	0.00e+00	0.00e+00	0.00e+00	1.20e-28	4.15e-23	7.52e-18	7.39e-13	1.32e-07	7.04e-04	9.99e-01
 5.96324e+20	0.00e+00	0.00e+00	0.00e+00	0.00e+00	0.00e+00	0.00e+00	1.92e-28	6.11e-23	1.02e-17	9.32e-13	1.54e-07	7.61e-04	9.99e-01
 7.43604e+20	0.00e+00	0.00e+00	0.00e+00	0.00e+00	0.00e+00	0.00e+00	3.06e-28	9.02e-23	1.40e-17	1.18e-12	1.80e-07	8.22e-04	9.99e-01
 8.96775e+20	0.00e+00	0.00e+00	0.00e+00	0.00e+00	0.00e+00	0.00e+00	4.87e-28	1.33e-22	1.91e-17	1.48e-12	2.10e-07	8.88e-04	9.99e-01
 1.05607e+21	0.00e+00	0.00e+00	0.00e+00	0.00e+00	0.00e+00	0.00e+00	7.77e-28	1.96e-22	2.60e-17	1.87e-12	2.45e-07	9.60e-04	9.99e-01
 1.22174e+21	0.00e+00	0.00e+00	0.00e+00	0.00e+00	0.00e+00	0.00e+00	1.24e-27	2.89e-22	3.55e-17	2.36e-12	2.86e-07	1.04e-03	9.99e-01
 1.39404e+21	0.00e+00	0.00e+00	0.00e+00	0.00e+00	0.00e+00	0.00e+00	1.96e-27	4.27e-22	4.84e-17	2.98e-12	3.34e-07	1.12e-03	9.99e-01
 1.57323e+21	0.00e+00	0.00e+00	0.00e+00	0.00e+00	0.00e+00	0.00e+00	3.13e-27	6.29e-22	6.60e-17	3.77e-12	3.90e-07	1.21e-03	9.99e-01
 1.74532e+21	0.00e+00	0.00e+00	0.00e+00	0.00e+00	0.00e+00	0.00e+00	4.82e-27	9.02e-22	8.81e-17	4.67e-12	4.51e-07	1.30e-03	9.99e-01
 1.90456e+21	0.00e+00	0.00e+00	0.00e+00	0.00e+00	0.00e+00	0.00e+00	7.09e-27	1.24e-21	1.14e-16	5.66e-12	5.12e-07	1.39e-03	9.99e-01
 2.08445e+21	0.00e+00	0.00e+00	0.00e+00	0.00e+00	0.00e+00	0.00e+00	1.08e-26	1.76e-21	1.50e-16	6.98e-12	5.89e-07	1.49e-03	9.99e-01
 2.28610e+21	0.00e+00	0.00e+00	0.00e+00	0.00e+00	0.00e+00	0.00e+00	1.70e-26	2.58e-21	2.04e-16	8.76e-12	6.86e-07	1.61e-03	9.98e-01
 2.47812e+21	0.00e+00	0.00e+00	0.00e+00	0.00e+00	0.00e+00	0.00e+00	2.59e-26	3.65e-21	2.69e-16	1.08e-11	7.88e-07	1.72e-03	9.98e-01
 2.68298e+21	0.00e+00	0.00e+00	0.00e+00	0.00e+00	0.00e+00	0.00e+00	3.97e-26	5.22e-21	3.58e-16	1.34e-11	9.09e-07	1.85e-03	9.98e-01
 2.90534e+21	0.00e+00	0.00e+00	0.00e+00	0.00e+00	0.00e+00	0.00e+00	6.24e-26	7.60e-21	4.83e-16	1.67e-11	1.06e-06	1.99e-03	9.98e-01
 3.11561e+21	0.00e+00	0.00e+00	0.00e+00	0.00e+00	0.00e+00	0.00e+00	9.40e-26	1.07e-20	6.35e-16	2.05e-11	1.21e-06	2.14e-03	9.98e-01
 3.34269e+21	0.00e+00	0.00e+00	0.00e+00	0.00e+00	0.00e+00	0.00e+00	1.44e-25	1.53e-20	8.43e-16	2.53e-11	1.40e-06	2.29e-03	9.98e-01
 3.59079e+21	0.00e+00	0.00e+00	0.00e+00	0.00e+00	0.00e+00	0.00e+00	2.27e-25	2.22e-20	1.14e-15	3.17e-11	1.62e-06	2.47e-03	9.98e-01
 3.82509e+21	0.00e+00	0.00e+00	0.00e+00	0.00e+00	0.00e+00	0.00e+00	3.42e-25	3.13e-20	1.50e-15	3.89e-11	1.86e-06	2.65e-03	9.97e-01
 4.07780e+21	0.00e+00	0.00e+00	0.00e+00	0.00e+00	0.00e+00	0.00e+00	5.24e-25	4.46e-20	1.99e-15	4.81e-11	2.14e-06	2.84e-03	9.97e-01
 4.35856e+21	0.00e+00	0.00e+00	0.00e+00	0.00e+00	0.00e+00	0.00e+00	8.30e-25	6.55e-20	2.70e-15	6.05e-11	2.50e-06	3.07e-03	9.97e-01
 4.62493e+21	0.00e+00	0.00e+00	0.00e+00	0.00e+00	0.00e+00	0.00e+00	1.26e-24	9.29e-20	3.57e-15	7.45e-11	2.87e-06	3.29e-03	9.97e-01
 4.90772e+21	0.00e+00	0.00e+00	0.00e+00	0.00e+00	0.00e+00	9.63e-30	1.94e-24	1.33e-19	4.74e-15	9.21e-11	3.31e-06	3.53e-03	9.96e-01
 5.21939e+21	0.00e+00	0.00e+00	0.00e+00	0.00e+00	0.00e+00	1.65e-29	3.07e-24	1.95e-19	6.42e-15	1.16e-10	3.85e-06	3.81e-03	9.96e-01
 5.51844e+21	0.00e+00	0.00e+00	0.00e+00	0.00e+00	0.00e+00	2.70e-29	4.70e-24	2.77e-19	8.51e-15	1.43e-10	4.44e-06	4.09e-03	9.96e-01
 5.78246e+21	0.00e+00	0.00e+00	0.00e+00	0.00e+00	0.00e+00	4.13e-29	6.75e-24	3.74e-19	1.08e-14	1.71e-10	5.00e-06	4.34e-03	9.96e-01
 6.05824e+21	0.00e+00	0.00e+00	0.00e+00	0.00e+00	0.00e+00	6.34e-29	9.74e-24	5.08e-19	1.38e-14	2.05e-10	5.65e-06	4.62e-03	9.95e-01
 6.40012e+21	0.00e+00	0.00e+00	0.00e+00	0.00e+00	0.00e+00	1.07e-28	1.52e-23	7.34e-19	1.85e-14	2.54e-10	6.54e-06	4.97e-03	9.95e-01
 6.73252e+21	0.00e+00	0.00e+00	0.00e+00	0.00e+00	0.00e+00	1.74e-28	2.30e-23	1.04e-18	2.44e-14	3.13e-10	7.51e-06	5.33e-03	9.95e-01
 7.00396e+21	0.00e+00	0.00e+00	0.00e+00	0.00e+00	0.00e+00	2.55e-28	3.20e-23	1.36e-18	3.03e-14	3.68e-10	8.37e-06	5.62e-03	9.94e-01
 7.29153e+21	0.00e+00	0.00e+00	0.00e+00	0.00e+00	0.00e+00	3.79e-28	4.49e-23	1.81e-18	3.79e-14	4.34e-10	9.37e-06	5.95e-03	9.94e-01
 7.66487e+21	0.00e+00	0.00e+00	0.00e+00	0.00e+00	0.00e+00	6.27e-28	6.91e-23	2.58e-18	5.03e-14	5.36e-10	1.08e-05	6.39e-03	9.94e-01
 8.04797e+21	0.00e+00	0.00e+00	0.00e+00	0.00e+00	0.00e+00	1.04e-27	1.06e-22	3.69e-18	6.68e-14	6.62e-10	1.24e-05	6.86e-03	9.93e-01
 8.36378e+21	0.00e+00	0.00e+00	0.00e+00	0.00e+00	0.00e+00	1.54e-27	1.49e-22	4.90e-18	8.36e-14	7.82e-10	1.39e-05	7.26e-03	9.93e-01
 8.69384e+21	0.00e+00	0.00e+00	0.00e+00	0.00e+00	0.00e+00	2.31e-27	2.11e-22	6.53e-18	1.05e-13	9.27e-10	1.56e-05	7.69e-03	9.92e-01
 9.11971e+21	0.00e+00	0.00e+00	0.00e+00	0.00e+00	0.00e+00	3.85e-27	3.26e-22	9.37e-18	1.40e-13	1.15e-09	1.80e-05	8.26e-03	9.92e-01
 9.55315e+21	0.00e+00	0.00e+00	0.00e+00	0.00e+00	0.00e+00	6.40e-27	5.04e-22	1.34e-17	1.86e-13	1.42e-09	2.08e-05	8.87e-03	9.91e-01
 9.87883e+21	0.00e+00	0.00e+00	0.00e+00	0.00e+00	0.00e+00	9.27e-27	6.91e-22	1.75e-17	2.29e-13	1.65e-09	2.31e-05	9.34e-03	9.91e-01
 1.01393e+22	0.00e+00	0.00e+00	0.00e+00	0.00e+00	0.00e+00	1.24e-26	8.86e-22	2.15e-17	2.70e-13	1.87e-09	2.50e-05	9.74e-03	9.90e-01
 1.04359e+22	0.00e+00	0.00e+00	0.00e+00	0.00e+00	0.00e+00	1.71e-26	1.17e-21	2.69e-17	3.23e-13	2.13e-09	2.74e-05	1.02e-02	9.90e-01
 1.08214e+22	0.00e+00	0.00e+00	0.00e+00	0.00e+00	0.00e+00	2.57e-26	1.65e-21	3.59e-17	4.06e-13	2.53e-09	3.07e-05	1.08e-02	9.89e-01
 1.12289e+22	0.00e+00	0.00e+00	0.00e+00	0.00e+00	0.00e+00	3.97e-26	2.39e-21	4.89e-17	5.17e-13	3.02e-09	3.46e-05	1.15e-02	9.89e-01
 1.15728e+22	0.00e+00	0.00e+00	0.00e+00	0.00e+00	0.00e+00	5.65e-26	3.23e-21	6.27e-17	6.30e-13	3.50e-09	3.82e-05	1.20e-02	9.88e-01
 1.19278e+22	0.00e+00	0.00e+00	0.00e+00	0.00e+00	0.00e+00	8.04e-26	4.37e-21	8.05e-17	7.67e-13	4.04e-09	4.22e-05	1.27e-02	9.87e-01
 1.23894e+22	0.00e+00	0.00e+00	0.00e+00	0.00e+00	0.00e+00	1.26e-25	6.39e-21	1.10e-16	9.84e-13	4.86e-09	4.78e-05	1.35e-02	9.86e-01
 1.28546e+22	0.00e+00	0.00e+00	0.00e+00	0.00e+00	0.00e+00	1.98e-25	9.44e-21	1.52e-16	1.27e-12	5.87e-09	5.42e-05	1.44e-02	9.86e-01
 1.32164e+22	0.00e+00	0.00e+00	0.00e+00	0.00e+00	0.00e+00	2.78e-25	1.26e-20	1.93e-16	1.53e-12	6.74e-09	5.96e-05	1.50e-02	9.85e-01
 1.35142e+22	0.00e+00	0.00e+00	0.00e+00	0.00e+00	0.00e+00	3.71e-25	1.61e-20	2.37e-16	1.80e-12	7.57e-09	6.45e-05	1.57e-02	9.84e-01
 1.38373e+22	0.00e+00	0.00e+00	0.00e+00	0.00e+00	0.00e+00	4.93e-25	2.05e-20	2.90e-16	2.11e-12	8.52e-09	6.99e-05	1.63e-02	9.84e-01
 1.42574e+22	0.00e+00	0.00e+00	0.00e+00	0.00e+00	0.00e+00	7.13e-25	2.81e-20	3.75e-16	2.58e-12	9.91e-09	7.74e-05	1.71e-02	9.83e-01
 1.46934e+22	0.00e+00	0.00e+00	0.00e+00	0.00e+00	0.00e+00	1.06e-24	3.93e-20	4.96e-16	3.22e-12	1.16e-08	8.62e-05	1.81e-02	9.82e-01
 1.50474e+22	0.00e+00	0.00e+00	0.00e+00	0.00e+00	0.00e+00	1.44e-24	5.11e-20	6.16e-16	3.81e-12	1.32e-08	9.39e-05	1.89e-02	9.81e-01
 1.53577e+22	0.00e+00	0.00e+00	0.00e+00	0.00e+00	1.34e-29	1.89e-24	6.45e-20	7.46e-16	4.43e-12	1.47e-08	1.01e-04	1.96e-02	9.80e-01
 1.57139e+22	0.00e+00	0.00e+00	0.00e+00	0.00e+00	1.87e-29	2.53e-24	8.27e-20	9.17e-16	5.21e-12	1.66e-08	1.10e-04	2.04e-02	9.79e-01
 1.61770e+22	0.00e+00	0.00e+00	0.00e+00	0.00e+00	2.87e-29	3.67e-24	1.14e-19	1.19e-15	6.41e-12	1.94e-08	1.22e-04	2.15e-02	9.78e-01
 1.66553e+22	0.00e+00	0.00e+00	0.00e+00	0.00e+00	4.56e-29	5.49e-24	1.60e-19	1.58e-15	8.01e-12	2.28e-08	1.36e-04	2.27e-02	9.77e-01
 1.70374e+22	0.00e+00	0.00e+00	0.00e+00	0.00e+00	6.50e-29	7.47e-24	2.08e-19	1.97e-15	9.50e-12	2.58e-08	1.48e-04	2.37e-02	9.76e-01
 1.73450e+22	0.00e+00	0.00e+00	0.00e+00	0.00e+00	8.69e-29	9.62e-24	2.58e-19	2.35e-15	1.09e-11	2.86e-08	1.58e-04	2.45e-02	9.75e-01
 1.76717e+22	0.00e+00	0.00e+00	0.00e+00	0.00e+00	1.16e-28	1.23e-23	3.19e-19	2.80e-15	1.25e-11	3.17e-08	1.70e-04	2.53e-02	9.74e-01
 1.80964e+22	0.00e+00	0.00e+00	0.00e+00	0.00e+00	1.67e-28	1.70e-23	4.19e-19	3.51e-15	1.50e-11	3.61e-08	1.85e-04	2.65e-02	9.73e-01
 1.85392e+22	0.00e+00	0.00e+00	0.00e+00	0.00e+00	2.49e-28	2.40e-23	5.63e-19	4.48e-15	1.81e-11	4.15e-08	2.03e-04	2.77e-02	9.72e-01
 1.88995e+22	0.00e+00	0.00e+00	0.00e+00	0.00e+00	3.40e-28	3.15e-23	7.11e-19	5.43e-15	2.11e-11	4.64e-08	2.19e-04	2.88e-02	9.71e-01
 1.92620e+22	0.00e+00	0.00e+00	0.00e+00	0.00e+00	4.63e-28	4.12e-23	8.92e-19	6.55e-15	2.44e-11	5.17e-08	2.36e-04	2.98e-02	9.70e-01
 1.97332e+22	0.00e+00	0.00e+00	0.00e+00	0.00e+00	6.80e-28	5.75e-23	1.19e-18	8.30e-15	2.94e-11	5.93e-08	2.58e-04	3.12e-02	9.69e-01
 2.02110e+22	0.00e+00	0.00e+00	0.00e+00	0.00e+00	1.03e-27	8.24e-23	1.61e-18	1.07e-14	3.59e-11	6.86e-08	2.85e-04	3.28e-02	9.67e-01
 2.05796e+22	0.00e+00	0.00e+00	0.00e+00	0.00e+00	1.39e-27	1.07e-22	2.02e-18	1.29e-14	4.16e-11	7.64e-08	3.06e-04	3.40e-02	9.66e-01
 2.09410e+22	0.00e+00	0.00e+00	0.00e+00	0.00e+00	1.86e-27	1.38e-22	2.50e-18	1.54e-14	4.77e-11	8.46e-08	3.28e-04	3.51e-02	9.65e-01
 2.13444e+22	0.00e+00	0.00e+00	0.00e+00	0.00e+00	2.58e-27	1.83e-22	3.19e-18	1.88e-14	5.59e-11	9.49e-08	3.54e-04	3.65e-02	9.63e-01
 2.17146e+22	0.00e+00	0.00e+00	0.00e+00	0.00e+00	3.47e-27	2.37e-22	3.98e-18	2.26e-14	6.45e-11	1.05e-07	3.80e-04	3.77e-02	9.62e-01
 2.20510e+22	0.00e+00	0.00e+00	0.00e+00	0.00e+00	4.50e-27	2.98e-22	4.83e-18	2.65e-14	7.31e-11	1.16e-07	4.04e-04	3.89e-02	9.61e-01
 2.24312e+22	0.00e+00	0.00e+00	0.00e+00	0.00e+00	6.07e-27	3.86e-22	6.02e-18	3.18e-14	8.43e-11	1.28e-07	4.33e-04	4.03e-02	9.59e-01
 2.28583e+22	0.00e+00	0.00e+00	0.00e+00	0.00e+00	8.34e-27	5.09e-22	7.63e-18	3.87e-14	9.83e-11	1.44e-07	4.67e-04	4.18e-02	9.58e-01
 2.32670e+22	0.00e+00	0.00e+00	0.00e+00	0.00e+00	1.15e-26	6.71e-22	9.66e-18	4.71e-14	1.15e-10	1.61e-07	5.03e-04	4.33e-02	9.56e-01
 2.36491e+22	0.00e+00	0.00e+00	0.00e+00	0.00e+00	1.53e-26	8.63e-22	1.20e-17	5.63e-14	1.32e-10	1.78e-07	5.38e-04	4.48e-02	9.55e-01
 2.40172e+22	0.00e+00	0.00e+00	0.00e+00	0.00e+00	2.01e-26	1.09e-21	1.46e-17	6.65e-14	1.50e-10	1.96e-07	5.74e-04	4.62e-02	9.53e-01
 2.44369e+22	0.00e+00	0.00e+00	0.00e+00	0.00e+00	2.70e-26	1.41e-21	1.82e-17	7.97e-14	1.73e-10	2.18e-07	6.15e-04	4.78e-02	9.52e-01
 2.49057e+22	0.00e+00	0.00e+00	0.00e+00	0.00e+00	3.82e-26	1.91e-21	2.36e-17	9.88e-14	2.05e-10	2.46e-07	6.67e-04	4.97e-02	9.50e-01
 2.53297e+22	0.00e+00	0.00e+00	0.00e+00	0.00e+00	5.19e-26	2.49e-21	2.96e-17	1.19e-13	2.37e-10	2.75e-07	7.17e-04	5.15e-02	9.48e-01
 2.57088e+22	0.00e+00	0.00e+00	0.00e+00	0.00e+00	6.79e-26	3.15e-21	3.62e-17	1.41e-13	2.70e-10	3.02e-07	7.63e-04	5.31e-02	9.46e-01
 2.61382e+22	0.00e+00	0.00e+00	0.00e+00	0.00e+00	9.04e-26	4.04e-21	4.48e-17	1.68e-13	3.11e-10	3.35e-07	8.16e-04	5.48e-02	9.44e-01
 2.66182e+22	0.00e+00	0.00e+00	0.00e+00	0.00e+00	1.27e-25	5.42e-21	5.77e-17	2.07e-13	3.66e-10	3.77e-07	8.83e-04	5.70e-02	9.42e-01
 2.70533e+22	0.00e+00	0.00e+00	0.00e+00	0.00e+00	1.71e-25	7.03e-21	7.20e-17	2.49e-13	4.23e-10	4.20e-07	9.47e-04	5.89e-02	9.40e-01
 2.74420e+22	0.00e+00	0.00e+00	0.00e+00	0.00e+00	2.22e-25	8.82e-21	8.74e-17	2.93e-13	4.80e-10	4.60e-07	1.01e-03	6.07e-02	9.38e-01
 2.78812e+22	0.00e+00	0.00e+00	0.00e+00	0.00e+00	2.93e-25	1.12e-20	1.07e-16	3.47e-13	5.49e-10	5.08e-07	1.07e-03	6.26e-02	9.36e-01
 2.84523e+22	0.00e+00	0.00e+00	0.00e+00	0.00e+00	4.26e-25	1.56e-20	1.42e-16	4.38e-13	6.58e-10	5.81e-07	1.17e-03	6.53e-02	9.33e-01
 2.90258e+22	0.00e+00	0.00e+00	0.00e+00	0.00e+00	6.21e-25	2.16e-20	1.88e-16	5.54e-13	7.90e-10	6.64e-07	1.28e-03	6.81e-02	9.31e-01
 2.94581e+22	0.00e+00	0.00e+00	0.00e+00	0.00e+00	8.19e-25	2.75e-20	2.31e-16	6.57e-13	9.04e-10	7.33e-07	1.37e-03	7.03e-02	9.28e-01
 2.98756e+22	0.00e+00	0.00e+00	0.00e+00	0.00e+00	1.06e-24	3.43e-20	2.80e-16	7.69e-13	1.02e-09	8.03e-07	1.45e-03	7.23e-02	9.26e-01
 3.04184e+22	0.00e+00	0.00e+00	0.00e+00	0.00e+00	1.47e-24	4.57e-20	3.58e-16	9.44e-13	1.20e-09	9.04e-07	1.57e-03	7.50e-02	9.23e-01
 3.09909e+22	0.00e+00	0.00e+00	0.00e+00	1.35e-29	2.09e-24	6.21e-20	4.65e-16	1.17e-12	1.42e-09	1.02e-06	1.70e-03	7.80e-02	9.20e-01
 3.14741e+22	0.00e+00	0.00e+00	0.00e+00	1.88e-29	2.79e-24	7.99e-20	5.78e-16	1.41e-12	1.64e-09	1.14e-06	1.82e-03	8.05e-02	9.18e-01
 3.19743e+22	0.00e+00	0.00e+00	0.00e+00	2.60e-29	3.72e-24	1.03e-19	7.16e-16	1.68e-12	1.89e-09	1.26e-06	1.94e-03	8.31e-02	9.15e-01
 3.26245e+22	0.00e+00	0.00e+00	0.00e+00	3.94e-29	5.37e-24	1.41e-19	9.41e-16	2.11e-12	2.25e-09	1.44e-06	2.12e-03	8.66e-02	9.11e-01
 3.32706e+22	0.00e+00	0.00e+00	0.00e+00	6.03e-29	7.80e-24	1.96e-19	1.25e-15	2.67e-12	2.71e-09	1.64e-06	2.31e-03	9.02e-02	9.07e-01
 3.37605e+22	0.00e+00	0.00e+00	0.00e+00	8.22e-29	1.03e-23	2.48e-19	1.53e-15	3.16e-12	3.09e-09	1.81e-06	2.46e-03	9.30e-02	9.05e-01
 3.42466e+22	0.00e+00	0.00e+00	0.00e+00	1.10e-28	1.33e-23	3.11e-19	1.85e-15	3.71e-12	3.51e-09	1.99e-06	2.61e-03	9.56e-02	9.02e-01
 3.48784e+22	0.00e+00	0.00e+00	0.00e+00	1.61e-28	1.85e-23	4.15e-19	2.38e-15	4.57e-12	4.12e-09	2.24e-06	2.82e-03	9.92e-02	8.98e-01
 3.55405e+22	0.00e+00	0.00e+00	0.00e+00	2.40e-28	2.64e-23	5.65e-19	3.10e-15	5.69e-12	4.90e-09	2.54e-06	3.07e-03	1.03e-01	8.94e-01
 3.60909e+22	0.00e+00	0.00e+00	0.00e+00	3.31e-28	3.50e-23	7.24e-19	3.83e-15	6.80e-12	5.64e-09	2.82e-06	3.27e-03	1.06e-01	8.90e-01
 3.66556e+22	0.00e+00	0.00e+00	0.00e+00	4.48e-28	4.57e-23	9.13e-19	4.68e-15	8.03e-12	6.42e-09	3.10e-06	3.49e-03	1.09e-01	8.87e-01
 3.73897e+22	0.00e+00	0.00e+00	0.00e+00	6.77e-28	6.59e-23	1.25e-18	6.15e-15	1.01e-11	7.68e-09	3.53e-06	3.79e-03	1.14e-01	8.82e-01
 3.81285e+22	0.00e+00	0.00e+00	0.00e+00	1.02e-27	9.49e-23	1.73e-18	8.09e-15	1.27e-11	9.18e-09	4.03e-06	4.13e-03	1.18e-01	8.78e-01
 3.86960e+22	0.00e+00	0.00e+00	0.00e+00	1.39e-27	1.24e-22	2.18e-18	9.90e-15	1.50e-11	1.05e-08	4.44e-06	4.39e-03	1.22e-01	8.74e-01
 3.92563e+22	0.00e+00	0.00e+00	0.00e+00	1.85e-27	1.60e-22	2.72e-18	1.20e-14	1.76e-11	1.19e-08	4.86e-06	4.66e-03	1.25e-01	8.70e-01
 3.99848e+22	0.00e+00	0.00e+00	0.00e+00	2.66e-27	2.20e-22	3.60e-18	1.52e-14	2.15e-11	1.39e-08	5.46e-06	5.02e-03	1.29e-01	8.65e-01
 4.07651e+22	0.00e+00	0.00e+00	0.00e+00	3.95e-27	3.13e-22	4.88e-18	1.98e-14	2.68e-11	1.65e-08	6.19e-06	5.44e-03	1.34e-01	8.60e-01
 4.14387e+22	0.00e+00	0.00e+00	0.00e+00	5.51e-27	4.19e-22	6.30e-18	2.47e-14	3.22e-11	1.90e-08	6.88e-06	5.82e-03	1.39e-01	8.56e-01
 4.21401e+22	0.00e+00	0.00e+00	0.00e+00	7.61e-27	5.58e-22	8.08e-18	3.06e-14	3.85e-11	2.19e-08	7.63e-06	6.22e-03	1.43e-01	8.51e-01
 4.30520e+22	0.00e+00	0.00e+00	0.00e+00	1.15e-26	8.04e-22	1.11e-17	4.02e-14	4.84e-11	2.62e-08	8.70e-06	6.77e-03	1.48e-01	8.45e-01
 4.39897e+22	0.00e+00	0.00e+00	0.00e+00	1.78e-26	1.18e-21	1.55e-17	5.37e-14	6.15e-11	3.17e-08	9.98e-06	7.39e-03	1.54e-01	8.38e-01
 4.47103e+22	0.00e+00	0.00e+00	0.00e+00	2.45e-26	1.57e-21	1.99e-17	6.65e-14	7.36e-11	3.64e-08	1.11e-05	7.89e-03	1.59e-01	8.33e-01
 4.53055e+22	0.00e+00	0.00e+00	0.00e+00	3.15e-26	1.95e-21	2.41e-17	7.85e-14	8.45e-11	4.06e-08	1.20e-05	8.30e-03	1.63e-01	8.29e-01
 4.59883e+22	0.00e+00	0.00e+00	0.00e+00	4.21e-26	2.53e-21	3.02e-17	9.52e-14	9.93e-11	4.60e-08	1.31e-05	8.80e-03	1.67e-01	8.24e-01
 4.68759e+22	0.00e+00	0.00e+00	0.00e+00	5.97e-26	3.44e-21	3.95e-17	1.20e-13	1.20e-10	5.36e-08	1.47e-05	9.45e-03	1.72e-01	8.18e-01
 4.78508e+22	0.00e+00	0.00e+00	0.00e+00	8.87e-26	4.88e-21	5.37e-17	1.56e-13	1.50e-10	6.37e-08	1.66e-05	1.02e-02	1.79e-01	8.11e-01
 4.87172e+22	0.00e+00	0.00e+00	0.00e+00	1.25e-25	6.60e-21	6.99e-17	1.96e-13	1.82e-10	7.39e-08	1.86e-05	1.10e-02	1.84e-01	8.05e-01
 4.94849e+22	0.00e+00	0.00e+00	0.00e+00	1.67e-25	8.54e-21	8.75e-17	2.38e-13	2.13e-10	8.39e-08	2.04e-05	1.16e-02	1.89e-01	7.99e-01
 5.03465e+22	0.00e+00	0.00e+00	0.00e+00	2.27e-25	1.12e-20	1.11e-16	2.91e-13	2.53e-10	9.57e-08	2.24e-05	1.24e-02	1.94e-01	7.94e-01
 5.14665e+22	0.00e+00	0.00e+00	0.00e+00	3.38e-25	1.59e-20	1.51e-16	3.80e-13	3.15e-10	1.14e-07	2.54e-05	1.34e-02	2.01e-01	7.86e-01
 5.25806e+22	0.00e+00	0.00e+00	0.00e+00	5.10e-25	2.29e-20	2.07e-16	5.00e-13	3.96e-10	1.36e-07	2.90e-05	1.45e-02	2.08e-01	7.77e-01
 5.34215e+22	0.00e+00	0.00e+00	0.00e+00	6.82e-25	2.96e-20	2.59e-16	6.07e-13	4.66e-10	1.55e-07	3.18e-05	1.54e-02	2.13e-01	7.71e-01
 5.42491e+22	0.00e+00	0.00e+00	0.00e+00	8.88e-25	3.74e-20	3.17e-16	7.23e-13	5.39e-10	1.73e-07	3.45e-05	1.62e-02	2.18e-01	7.66e-01
 5.53250e+22	0.00e+00	0.00e+00	0.00e+00	1.26e-24	5.08e-20	4.14e-16	9.10e-13	6.54e-10	2.01e-07	3.85e-05	1.74e-02	2.25e-01	7.58e-01
 5.65051e+22	0.00e+00	0.00e+00	0.00e+00	1.84e-24	7.11e-20	5.56e-16	1.17e-12	8.08e-10	2.38e-07	4.34e-05	1.88e-02	2.32e-01	7.49e-01
 5.75554e+22	0.00e+00	0.00e+00	0.00e+00	2.56e-24	9.53e-20	7.19e-16	1.46e-12	9.72e-10	2.74e-07	4.82e-05	2.00e-02	2.38e-01	7.42e-01
 5.85095e+22	0.00e+00	0.00e+00	1.56e-29	3.42e-24	1.23e-19	8.97e-16	1.77e-12	1.14e-09	3.11e-07	5.28e-05	2.12e-02	2.44e-01	7.35e-01
 5.96036e+22	0.00e+00	0.00e+00	2.21e-29	4.67e-24	1.62e-19	1.14e-15	2.18e-12	1.36e-09	3.56e-07	5.82e-05	2.25e-02	2.50e-01	7.27e-01
 6.10260e+22	0.00e+00	0.00e+00	3.42e-29	6.92e-24	2.29e-19	1.55e-15	2.83e-12	1.68e-09	4.22e-07	6.58e-05	2.43e-02	2.58e-01	7.17e-01
 6.24515e+22	0.00e+00	0.00e+00	5.44e-29	1.05e-23	3.31e-19	2.13e-15	3.74e-12	2.12e-09	5.06e-07	7.50e-05	2.64e-02	2.67e-01	7.07e-01
 6.35288e+22	0.00e+00	0.00e+00	7.59e-29	1.41e-23	4.31e-19	2.68e-15	4.55e-12	2.51e-09	5.75e-07	8.23e-05	2.79e-02	2.73e-01	6.99e-01
 6.45768e+22	0.00e+00	0.00e+00	1.02e-28	1.84e-23	5.43e-19	3.28e-15	5.42e-12	2.90e-09	6.44e-07	8.93e-05	2.94e-02	2.79e-01	6.92e-01
 6.59393e+22	0.00e+00	0.00e+00	1.49e-28	2.59e-23	7.37e-19	4.28e-15	6.82e-12	3.50e-09	7.47e-07	9.94e-05	3.14e-02	2.86e-01	6.83e-01
 6.74361e+22	0.00e+00	0.00e+00	2.29e-28	3.80e-23	1.03e-18	5.76e-15	8.80e-12	4.34e-09	8.82e-07	1.12e-04	3.38e-02	2.94e-01	6.72e-01
 6.87653e+22	0.00e+00	0.00e+00	3.32e-28	5.29e-23	1.39e-18	7.44e-15	1.10e-11	5.21e-09	1.02e-06	1.24e-04	3.60e-02	3.01e-01	6.63e-01
 6.99660e+22	0.00e+00	0.00e+00	4.56e-28	7.03e-23	1.78e-18	9.26e-15	1.33e-11	6.10e-09	1.15e-06	1.35e-04	3.80e-02	3.08e-01	6.54e-01
 7.13420e+22	0.00e+00	0.00e+00	6.42e-28	9.56e-23	2.34e-18	1.17e-14	1.63e-11	7.23e-09	1.31e-06	1.49e-04	4.02e-02	3.14e-01	6.45e-01
 7.31308e+22	0.00e+00	0.00e+00	9.80e-28	1.40e-22	3.27e-18	1.57e-14	2.09e-11	8.91e-09	1.54e-06	1.67e-04	4.32e-02	3.23e-01	6.34e-01
 7.50339e+22	0.00e+00	0.00e+00	1.59e-27	2.15e-22	4.80e-18	2.20e-14	2.79e-11	1.14e-08	1.86e-06	1.91e-04	4.68e-02	3.32e-01	6.21e-01
 7.66041e+22	0.00e+00	0.00e+00	2.33e-27	3.04e-22	6.50e-18	2.86e-14	3.51e-11	1.37e-08	2.16e-06	2.12e-04	4.99e-02	3.40e-01	6.10e-01
 7.78940e+22	0.00e+00	0.00e+00	3.16e-27	3.98e-22	8.26e-18	3.53e-14	4.21e-11	1.60e-08	2.43e-06	2.31e-04	5.24e-02	3.46e-01	6.01e-01
 7.93011e+22	0.00e+00	0.00e+00	4.28e-27	5.23e-22	1.05e-17	4.35e-14	5.04e-11	1.85e-08	2.73e-06	2.51e-04	5.51e-02	3.52e-01	5.93e-01
 8.11302e+22	0.00e+00	0.00e+00	6.25e-27	7.34e-22	1.42e-17	5.65e-14	6.31e-11	2.24e-08	3.15e-06	2.78e-04	5.86e-02	3.60e-01	5.81e-01
 8.31470e+22	0.00e+00	0.00e+00	9.64e-27	1.08e-21	2.00e-17	7.63e-14	8.18e-11	2.77e-08	3.73e-06	3.12e-04	6.28e-02	3.68e-01	5.69e-01
 8.49451e+22	0.00e+00	0.00e+00	1.41e-26	1.52e-21	2.71e-17	9.94e-14	1.03e-10	3.35e-08	4.32e-06	3.47e-04	6.68e-02	3.76e-01	5.57e-01
 8.65524e+22	0.00e+00	0.00e+00	1.94e-26	2.03e-21	3.49e-17	1.24e-13	1.24e-10	3.93e-08	4.88e-06	3.78e-04	7.03e-02	3.82e-01	5.47e-01
 8.83742e+22	0.00e+00	0.00e+00	2.70e-26	2.72e-21	4.52e-17	1.56e-13	1.51e-10	4.62e-08	5.53e-06	4.12e-04	7.41e-02	3.88e-01	5.37e-01
 9.07427e+22	0.00e+00	0.00e+00	4.15e-26	4.00e-21	6.36e-17	2.09e-13	1.95e-10	5.72e-08	6.52e-06	4.63e-04	7.92e-02	3.96e-01	5.24e-01
 9.31984e+22	0.00e+00	0.00e+00	6.64e-26	6.10e-21	9.24e-17	2.90e-13	2.59e-10	7.23e-08	7.81e-06	5.25e-04	8.52e-02	4.05e-01	5.09e-01
 9.50168e+22	0.00e+00	0.00e+00	9.35e-26	8.29e-21	1.21e-16	3.68e-13	3.18e-10	8.57e-08	8.91e-06	5.75e-04	8.99e-02	4.11e-01	4.98e-01
 9.63757e+22	0.00e+00	0.00e+00	1.18e-25	1.02e-20	1.46e-16	4.31e-13	3.65e-10	9.60e-08	9.72e-06	6.12e-04	9.31e-02	4.16e-01	4.91e-01
 9.78881e+22	0.00e+00	0.00e+00	1.52e-25	1.28e-20	1.78e-16	5.15e-13	4.25e-10	1.09e-07	1.07e-05	6.55e-04	9.68e-02	4.20e-01	4.82e-01
 9.98543e+22	0.00e+00	0.00e+00	2.05e-25	1.68e-20	2.26e-16	6.33e-13	5.08e-10	1.26e-07	1.20e-05	7.08e-04	1.01e-01	4.25e-01	4.73e-01
 1.02410e+23	0.00e+00	0.00e+00	3.00e-25	2.36e-20	3.06e-16	8.25e-13	6.38e-10	1.53e-07	1.39e-05	7.83e-04	1.07e-01	4.32e-01	4.60e-01
 1.04894e+23	0.00e+00	0.00e+00	4.56e-25	3.44e-20	4.27e-16	1.10e-12	8.20e-10	1.88e-07	1.63e-05	8.75e-04	1.14e-01	4.39e-01	4.46e-01
 1.06566e+23	0.00e+00	0.00e+00	6.00e-25	4.40e-20	5.31e-16	1.33e-12	9.67e-10	2.16e-07	1.81e-05	9.40e-04	1.19e-01	4.43e-01	4.37e-01
 1.08020e+23	0.00e+00	0.00e+00	7.34e-25	5.27e-20	6.23e-16	1.53e-12	1.09e-09	2.38e-07	1.96e-05	9.91e-04	1.22e-01	4.46e-01	4.31e-01
 1.09910e+23	0.00e+00	0.00e+00	9.45e-25	6.61e-20	7.62e-16	1.83e-12	1.27e-09	2.70e-07	2.15e-05	1.06e-03	1.27e-01	4.50e-01	4.22e-01
 1.12026e+23	0.00e+00	0.00e+00	1.27e-24	8.64e-20	9.65e-16	2.25e-12	1.52e-09	3.14e-07	2.41e-05	1.14e-03	1.33e-01	4.54e-01	4.12e-01
 1.13907e+23	0.00e+00	0.00e+00	1.67e-24	1.10e-19	1.20e-15	2.71e-12	1.79e-09	3.59e-07	2.68e-05	1.23e-03	1.38e-01	4.58e-01	4.03e-01
 1.15481e+23	0.00e+00	0.00e+00	2.04e-24	1.32e-19	1.41e-15	3.12e-12	2.02e-09	3.97e-07	2.89e-05	1.29e-03	1.42e-01	4.60e-01	3.96e-01
 1.17186e+23	0.00e+00	0.00e+00	2.54e-24	1.61e-19	1.68e-15	3.64e-12	2.30e-09	4.43e-07	3.14e-05	1.37e-03	1.46e-01	4.63e-01	3.89e-01
 1.19402e+23	0.00e+00	0.00e+00	3.26e-24	2.02e-19	2.05e-15	4.32e-12	2.67e-09	5.01e-07	3.45e-05	1.46e-03	1.52e-01	4.66e-01	3.81e-01
 1.22283e+23	0.00e+00	0.00e+00	4.54e-24	2.71e-19	2.66e-15	5.44e-12	3.26e-09	5.92e-07	3.92e-05	1.59e-03	1.59e-01	4.70e-01	3.70e-01
 1.25131e+23	0.00e+00	0.00e+00	6.60e-24	3.80e-19	3.59e-15	7.07e-12	4.09e-09	7.14e-07	4.53e-05	1.75e-03	1.67e-01	4.74e-01	3.57e-01
 1.27096e+23	0.00e+00	0.00e+00	8.57e-24	4.81e-19	4.43e-15	8.49e-12	4.80e-09	8.15e-07	5.00e-05	1.87e-03	1.73e-01	4.76e-01	3.49e-01
 1.28489e+23	0.00e+00	0.00e+00	1.01e-23	5.56e-19	5.04e-15	9.49e-12	5.28e-09	8.83e-07	5.32e-05	1.95e-03	1.77e-01	4.78e-01	3.43e-01
 1.29979e+23	0.00e+00	0.00e+00	1.17e-23	6.37e-19	5.69e-15	1.06e-11	5.79e-09	9.52e-07	5.64e-05	2.03e-03	1.81e-01	4.79e-01	3.38e-01
 1.31917e+23	0.00e+00	0.00e+00	1.43e-23	7.62e-19	6.67e-15	1.21e-11	6.53e-09	1.05e-06	6.08e-05	2.13e-03	1.86e-01	4.81e-01	3.32e-01
 1.34436e+23	0.00e+00	2.40e-29	1.80e-23	9.38e-19	8.02e-15	1.42e-11	7.51e-09	1.18e-06	6.64e-05	2.26e-03	1.91e-01	4.82e-01	3.24e-01
 1.37710e+23	0.00e+00	3.32e-29	2.42e-23	1.23e-18	1.02e-14	1.76e-11	9.00e-09	1.37e-06	7.44e-05	2.44e-03	1.99e-01	4.84e-01	3.14e-01
 1.40997e+23	0.00e+00	4.86e-29	3.44e-23	1.69e-18	1.35e-14	2.25e-11	1.12e-08	1.64e-06	8.53e-05	2.67e-03	2.08e-01	4.86e-01	3.03e-01
 1.43318e+23	0.00e+00	6.48e-29	4.48e-23	2.14e-18	1.67e-14	2.71e-11	1.31e-08	1.87e-06	9.44e-05	2.85e-03	2.16e-01	4.87e-01	2.94e-01
 1.44995e+23	0.00e+00	7.64e-29	5.21e-23	2.45e-18	1.89e-14	3.01e-11	1.44e-08	2.02e-06	1.00e-04	2.96e-03	2.20e-01	4.88e-01	2.89e-01
 1.46818e+23	0.00e+00	8.92e-29	6.01e-23	2.79e-18	2.12e-14	3.33e-11	1.57e-08	2.17e-06	1.06e-04	3.07e-03	2.24e-01	4.88e-01	2.84e-01
 1.49187e+23	0.00e+00	1.09e-28	7.23e-23	3.30e-18	2.46e-14	3.79e-11	1.75e-08	2.38e-06	1.13e-04	3.22e-03	2.29e-01	4.89e-01	2.79e-01
 1.52267e+23	0.00e+00	1.39e-28	9.06e-23	4.05e-18	2.95e-14	4.44e-11	2.01e-08	2.68e-06	1.24e-04	3.40e-03	2.36e-01	4.89e-01	2.71e-01
 1.55743e+23	0.00e+00	1.90e-28	1.21e-22	5.25e-18	3.72e-14	5.44e-11	2.40e-08	3.10e-06	1.38e-04	3.66e-03	2.44e-01	4.90e-01	2.62e-01
 1.58785e+23	0.00e+00	2.52e-28	1.57e-22	6.66e-18	4.61e-14	6.56e-11	2.83e-08	3.54e-06	1.53e-04	3.91e-03	2.52e-01	4.90e-01	2.54e-01
 1.61157e+23	0.00e+00	3.13e-28	1.92e-22	7.99e-18	5.42e-14	7.56e-11	3.20e-08	3.92e-06	1.65e-04	4.11e-03	2.59e-01	4.89e-01	2.48e-01
 1.63604e+23	0.00e+00	3.68e-28	2.22e-22	9.15e-18	6.12e-14	8.40e-11	3.50e-08	4.23e-06	1.75e-04	4.27e-03	2.63e-01	4.89e-01	2.43e-01
 1.66786e+23	0.00e+00	4.56e-28	2.71e-22	1.10e-17	7.20e-14	9.68e-11	3.96e-08	4.69e-06	1.89e-04	4.49e-03	2.70e-01	4.89e-01	2.37e-01
 1.70922e+23	0.00e+00	5.78e-28	3.38e-22	1.34e-17	8.61e-14	1.13e-10	4.54e-08	5.24e-06	2.06e-04	4.74e-03	2.77e-01	4.88e-01	2.30e-01
 1.76300e+23	0.00e+00	7.75e-28	4.44e-22	1.72e-17	1.08e-13	1.38e-10	5.37e-08	6.03e-06	2.29e-04	5.07e-03	2.86e-01	4.87e-01	2.22e-01
 1.81853e+23	0.00e+00	1.15e-27	6.44e-22	2.41e-17	1.46e-13	1.80e-10	6.78e-08	7.32e-06	2.65e-04	5.57e-03	2.99e-01	4.85e-01	2.11e-01
 1.85743e+23	0.00e+00	1.59e-27	8.68e-22	3.17e-17	1.87e-13	2.23e-10	8.18e-08	8.54e-06	2.98e-04	6.00e-03	3.09e-01	4.82e-01	2.02e-01
 1.88132e+23	0.00e+00	1.83e-27	9.92e-22	3.58e-17	2.08e-13	2.45e-10	8.87e-08	9.13e-06	3.14e-04	6.20e-03	3.14e-01	4.81e-01	1.98e-01
 1.90461e+23	0.00e+00	2.06e-27	1.10e-21	3.95e-17	2.27e-13	2.64e-10	9.48e-08	9.65e-06	3.27e-04	6.37e-03	3.18e-01	4.80e-01	1.95e-01
 1.93489e+23	0.00e+00	2.37e-27	1.26e-21	4.47e-17	2.54e-13	2.92e-10	1.03e-07	1.04e-05	3.46e-04	6.59e-03	3.23e-01	4.79e-01	1.91e-01
 1.97426e+23	0.00e+00	2.74e-27	1.44e-21	5.05e-17	2.84e-13	3.21e-10	1.12e-07	1.11e-05	3.64e-04	6.81e-03	3.28e-01	4.78e-01	1.87e-01
 2.02543e+23	0.00e+00	3.22e-27	1.68e-21	5.80e-17	3.22e-13	3.58e-10	1.24e-07	1.20e-05	3.86e-04	7.07e-03	3.33e-01	4.76e-01	1.83e-01
 2.09195e+23	0.00e+00	3.90e-27	2.01e-21	6.85e-17	3.73e-13	4.08e-10	1.38e-07	1.32e-05	4.15e-04	7.39e-03	3.40e-01	4.74e-01	1.78e-01
 2.17276e+23	0.00e+00	3.87e-27	2.54e-21	8.48e-17	4.53e-13	4.83e-10	1.60e-07	1.49e-05	4.54e-04	7.83e-03	3.49e-01	4.71e-01	1.71e-01
 2.25549e+23	0.00e+00	6.72e-27	3.36e-21	1.10e-16	5.72e-13	5.93e-10	1.91e-07	1.72e-05	5.08e-04	8.40e-03	3.59e-01	4.68e-01	1.64e-01
 2.32413e+23	0.00e+00	6.88e-27	4.35e-21	1.39e-16	7.10e-13	7.15e-10	2.25e-07	1.97e-05	5.63e-04	8.96e-03	3.69e-01	4.64e-01	1.57e-01
 2.37758e+23	0.00e+00	7.98e-27	5.01e-21	1.59e-16	7.97e-13	7.91e-10	2.46e-07	2.12e-05	5.94e-04	9.27e-03	3.75e-01	4.62e-01	1.53e-01
 2.43350e+23	0.00e+00	8.59e-27	5.38e-21	1.69e-16	8.47e-13	8.34e-10	2.57e-07	2.20e-05	6.12e-04	9.43e-03	3.78e-01	4.61e-01	1.51e-01
 2.49459e+23	0.00e+00	9.99e-27	6.20e-21	1.93e-16	9.55e-13	9.27e-10	2.82e-07	2.38e-05	6.48e-04	9.78e-03	3.83e-01	4.58e-01	1.48e-01
 2.55061e+23	0.00e+00	1.12e-26	6.90e-21	2.13e-16	1.04e-12	1.00e-09	3.02e-07	2.51e-05	6.76e-04	1.00e-02	3.88e-01	4.57e-01	1.45e-01
 2.60103e+23	0.00e+00	1.23e-26	7.55e-21	2.32e-16	1.13e-12	1.07e-09	3.19e-07	2.63e-05	7.01e-04	1.03e-02	3.91e-01	4.55e-01	1.43e-01
 2.64641e+23	0.00e+00	1.34e-26	8.16e-21	2.49e-16	1.20e-12	1.13e-09	3.35e-07	2.74e-05	7.23e-04	1.05e-02	3.94e-01	4.54e-01	1.41e-01
 2.68725e+23	0.00e+00	1.42e-26	8.65e-21	2.63e-16	1.26e-12	1.18e-09	3.48e-07	2.83e-05	7.40e-04	1.06e-02	3.97e-01	4.53e-01	1.39e-01
 2.72401e+23	0.00e+00	1.50e-26	9.11e-21	2.76e-16	1.32e-12	1.23e-09	3.60e-07	2.91e-05	7.55e-04	1.08e-02	3.99e-01	4.52e-01	1.38e-01
 2.75709e+23	0.00e+00	1.57e-26	9.53e-21	2.88e-16	1.37e-12	1.27e-09	3.70e-07	2.98e-05	7.69e-04	1.09e-02	4.01e-01	4.51e-01	1.37e-01
 2.78803e+23	0.00e+00	1.62e-26	9.82e-21	2.96e-16	1.41e-12	1.30e-09	3.78e-07	3.03e-05	7.79e-04	1.10e-02	4.02e-01	4.50e-01	1.36e-01
 2.81858e+23	0.00e+00	1.65e-26	9.98e-21	3.00e-16	1.42e-12	1.31e-09	3.81e-07	3.05e-05	7.83e-04	1.10e-02	4.02e-01	4.50e-01	1.36e-01
 2.84913e+23	0.00e+00	1.68e-26	1.01e-20	3.05e-16	1.44e-12	1.33e-09	3.85e-07	3.07e-05	7.88e-04	1.10e-02	4.03e-01	4.50e-01	1.35e-01
 2.87968e+23	0.00e+00	1.70e-26	1.03e-20	3.09e-16	1.46e-12	1.34e-09	3.89e-07	3.10e-05	7.92e-04	1.11e-02	4.04e-01	4.49e-01	1.35e-01
 2.91022e+23	0.00e+00	1.74e-26	1.05e-20	3.15e-16	1.48e-12	1.36e-09	3.93e-07	3.13e-05	7.99e-04	1.11e-02	4.05e-01	4.49e-01	1.35e-01
 2.94077e+23	0.00e+00	1.75e-26	1.06e-20	3.16e-16	1.49e-12	1.37e-09	3.95e-07	3.14e-05	8.00e-04	1.12e-02	4.05e-01	4.49e-01	1.34e-01
 2.97132e+23	0.00e+00	1.76e-26	1.06e-20	3.18e-16	1.50e-12	1.37e-09	3.96e-07	3.14e-05	8.02e-04	1.12e-02	4.05e-01	4.49e-01	1.34e-01
 3.00187e+23	0.00e+00	1.77e-26	1.07e-20	3.19e-16	1.50e-12	1.38e-09	3.97e-07	3.15e-05	8.03e-04	1.12e-02	4.05e-01	4.49e-01	1.34e-01
 3.03242e+23	0.00e+00	1.79e-26	1.08e-20	3.23e-16	1.52e-12	1.39e-09	4.00e-07	3.18e-05	8.08e-04	1.12e-02	4.06e-01	4.48e-01	1.34e-01
 3.05125e+23	0.00e+00	1.86e-26	1.12e-20	3.33e-16	1.56e-12	1.42e-09	4.09e-07	3.23e-05	8.17e-04	1.13e-02	4.07e-01	4.48e-01	1.33e-01
