#depth	S	S+	S+2	S+3	S+4	S+5	S+6	S+7	S+8	S+9	S+10	S+11	S+12	S+13	S+14	S+15	S+16
 6.17135e+19	0.00e+00	0.00e+00	0.00e+00	0.00e+00	0.00e+00	0.00e+00	0.00e+00	0.00e+00	0.00e+00	1.56e-27	6.05e-23	1.17e-18	1.74e-14	1.88e-10	3.74e-06	3.58e-03	9.96e-01
 1.87609e+20	0.00e+00	0.00e+00	0.00e+00	0.00e+00	0.00e+00	0.00e+00	0.00e+00	0.00e+00	0.00e+00	2.71e-27	9.72e-23	1.74e-18	2.38e-14	2.38e-10	4.38e-06	3.87e-03	9.96e-01
 3.18540e+20	0.00e+00	0.00e+00	0.00e+00	0.00e+00	0.00e+00	0.00e+00	0.00e+00	0.00e+00	0.00e+00	4.66e-27	1.55e-22	2.57e-18	3.25e-14	3.01e-10	5.11e-06	4.18e-03	9.96e-01
 4.54709e+20	0.00e+00	0.00e+00	0.00e+00	0.00e+00	0.00e+00	0.00e+00	0.00e+00	0.00e+00	0.00e+00	8.02e-27	2.47e-22	3.79e-18	4.43e-14	3.80e-10	5.97e-06	4.51e-03	9.95e-01
 5.96324e+20	0.00e+00	0.00e+00	0.00e+00	0.00e+00	0.00e+00	0.00e+00	0.00e+00	0.00e+00	0.00e+00	1.38e-26	3.94e-22	5.58e-18	6.05e-14	4.79e-10	6.97e-06	4.88e-03	9.95e-01
 7.43604e+20	0.00e+00	0.00e+00	0.00e+00	0.00e+00	0.00e+00	0.00e+00	0.00e+00	0.00e+00	0.00e+00	2.38e-26	6.27e-22	8.23e-18	8.25e-14	6.05e-10	8.14e-06	5.27e-03	9.95e-01
 8.96775e+20	0.00e+00	0.00e+00	0.00e+00	0.00e+00	0.00e+00	0.00e+00	0.00e+00	0.00e+00	0.00e+00	4.10e-26	1.00e-21	1.21e-17	1.13e-13	7.63e-10	9.50e-06	5.69e-03	9.94e-01
 1.05607e+21	0.00e+00	0.00e+00	0.00e+00	0.00e+00	0.00e+00	0.00e+00	0.00e+00	0.00e+00	0.00e+00	7.05e-26	1.59e-21	1.79e-17	1.53e-13	9.63e-10	1.11e-05	6.15e-03	9.94e-01
 1.22174e+21	0.00e+00	0.00e+00	0.00e+00	0.00e+00	0.00e+00	0.00e+00	0.00e+00	0.00e+00	0.00e+00	1.22e-25	2.54e-21	2.64e-17	2.09e-13	1.22e-09	1.30e-05	6.64e-03	9.93e-01
 1.39404e+21	0.00e+00	0.00e+00	0.00e+00	0.00e+00	0.00e+00	0.00e+00	0.00e+00	0.00e+00	0.00e+00	2.09e-25	4.05e-21	3.89e-17	2.86e-13	1.53e-09	1.51e-05	7.18e-03	9.93e-01
 1.57323e+21	0.00e+00	0.00e+00	0.00e+00	0.00e+00	0.00e+00	0.00e+00	0.00e+00	0.00e+00	0.00e+00	3.60e-25	6.45e-21	5.74e-17	3.90e-13	1.94e-09	1.77e-05	7.75e-03	9.92e-01
 1.74532e+21	0.00e+00	0.00e+00	0.00e+00	0.00e+00	0.00e+00	0.00e+00	0.00e+00	0.00e+00	0.00e+00	5.97e-25	9.94e-21	8.23e-17	5.20e-13	2.40e-09	2.04e-05	8.33e-03	9.92e-01
 1.90456e+21	0.00e+00	0.00e+00	0.00e+00	0.00e+00	0.00e+00	0.00e+00	0.00e+00	0.00e+00	2.76e-29	9.35e-25	1.46e-20	1.13e-16	6.71e-13	2.91e-09	2.32e-05	8.87e-03	9.91e-01
 2.08445e+21	0.00e+00	0.00e+00	0.00e+00	0.00e+00	0.00e+00	0.00e+00	0.00e+00	0.00e+00	4.83e-29	1.52e-24	2.22e-20	1.61e-16	8.88e-13	3.59e-09	2.66e-05	9.51e-03	9.90e-01
 2.28610e+21	0.00e+00	0.00e+00	0.00e+00	0.00e+00	0.00e+00	0.00e+00	0.00e+00	0.00e+00	8.87e-29	2.59e-24	3.50e-20	2.35e-16	1.20e-12	4.51e-09	3.10e-05	1.03e-02	9.90e-01
 2.47812e+21	0.00e+00	0.00e+00	0.00e+00	0.00e+00	0.00e+00	0.00e+00	0.00e+00	0.00e+00	1.55e-28	4.22e-24	5.32e-20	3.33e-16	1.59e-12	5.55e-09	3.56e-05	1.10e-02	9.89e-01
 2.68298e+21	0.00e+00	0.00e+00	0.00e+00	0.00e+00	0.00e+00	0.00e+00	0.00e+00	0.00e+00	2.74e-28	6.96e-24	8.16e-20	4.75e-16	2.11e-12	6.87e-09	4.11e-05	1.18e-02	9.88e-01
 2.90534e+21	0.00e+00	0.00e+00	0.00e+00	0.00e+00	0.00e+00	0.00e+00	0.00e+00	0.00e+00	4.99e-28	1.18e-23	1.28e-19	6.92e-16	2.85e-12	8.61e-09	4.77e-05	1.27e-02	9.87e-01
 3.11561e+21	0.00e+00	0.00e+00	0.00e+00	0.00e+00	0.00e+00	0.00e+00	0.00e+00	0.00e+00	8.63e-28	1.90e-23	1.93e-19	9.74e-16	3.75e-12	1.06e-08	5.46e-05	1.36e-02	9.86e-01
 3.34269e+21	0.00e+00	0.00e+00	0.00e+00	0.00e+00	0.00e+00	0.00e+00	0.00e+00	0.00e+00	1.52e-27	3.12e-23	2.95e-19	1.39e-15	4.97e-12	1.31e-08	6.29e-05	1.46e-02	9.85e-01
 3.59079e+21	0.00e+00	0.00e+00	0.00e+00	0.00e+00	0.00e+00	0.00e+00	0.00e+00	0.00e+00	2.78e-27	5.28e-23	4.64e-19	2.02e-15	6.72e-12	1.64e-08	7.30e-05	1.57e-02	9.84e-01
 3.82509e+21	0.00e+00	0.00e+00	0.00e+00	0.00e+00	0.00e+00	0.00e+00	0.00e+00	0.00e+00	4.80e-27	8.53e-23	6.99e-19	2.85e-15	8.83e-12	2.01e-08	8.37e-05	1.68e-02	9.83e-01
 4.07780e+21	0.00e+00	0.00e+00	0.00e+00	0.00e+00	0.00e+00	0.00e+00	0.00e+00	0.00e+00	8.46e-27	1.40e-22	1.07e-18	4.06e-15	1.17e-11	2.48e-08	9.64e-05	1.80e-02	9.82e-01
 4.35856e+21	0.00e+00	0.00e+00	0.00e+00	0.00e+00	0.00e+00	0.00e+00	0.00e+00	0.00e+00	1.56e-26	2.39e-22	1.69e-18	5.95e-15	1.59e-11	3.12e-08	1.12e-04	1.94e-02	9.80e-01
 4.62493e+21	0.00e+00	0.00e+00	0.00e+00	0.00e+00	0.00e+00	0.00e+00	0.00e+00	0.00e+00	2.73e-26	3.90e-22	2.58e-18	8.45e-15	2.10e-11	3.84e-08	1.29e-04	2.08e-02	9.79e-01
 4.90772e+21	0.00e+00	0.00e+00	0.00e+00	0.00e+00	0.00e+00	0.00e+00	0.00e+00	0.00e+00	4.82e-26	6.43e-22	3.95e-18	1.21e-14	2.80e-11	4.76e-08	1.48e-04	2.23e-02	9.78e-01
 5.21939e+21	0.00e+00	0.00e+00	0.00e+00	0.00e+00	0.00e+00	0.00e+00	0.00e+00	0.00e+00	8.88e-26	1.10e-21	6.24e-18	1.77e-14	3.79e-11	5.98e-08	1.73e-04	2.40e-02	9.76e-01
 5.51844e+21	0.00e+00	0.00e+00	0.00e+00	0.00e+00	0.00e+00	0.00e+00	0.00e+00	0.00e+00	1.56e-25	1.79e-21	9.53e-18	2.51e-14	5.02e-11	7.38e-08	1.99e-04	2.57e-02	9.74e-01
 5.78246e+21	0.00e+00	0.00e+00	0.00e+00	0.00e+00	0.00e+00	0.00e+00	0.00e+00	0.00e+00	2.53e-25	2.74e-21	1.37e-17	3.40e-14	6.39e-11	8.83e-08	2.24e-04	2.73e-02	9.72e-01
 6.05824e+21	0.00e+00	0.00e+00	0.00e+00	0.00e+00	0.00e+00	0.00e+00	0.00e+00	0.00e+00	4.11e-25	4.19e-21	1.97e-17	4.60e-14	8.14e-11	1.06e-07	2.52e-04	2.90e-02	9.71e-01
 6.40012e+21	0.00e+00	0.00e+00	0.00e+00	0.00e+00	0.00e+00	0.00e+00	0.00e+00	2.78e-29	7.40e-25	7.00e-21	3.06e-17	6.65e-14	1.09e-10	1.32e-07	2.92e-04	3.11e-02	9.69e-01
 6.73252e+21	0.00e+00	0.00e+00	0.00e+00	0.00e+00	0.00e+00	0.00e+00	0.00e+00	5.19e-29	1.29e-24	1.14e-20	4.64e-17	9.40e-14	1.44e-10	1.62e-07	3.35e-04	3.33e-02	9.66e-01
 7.00396e+21	0.00e+00	0.00e+00	0.00e+00	0.00e+00	0.00e+00	0.00e+00	0.00e+00	8.47e-29	1.99e-24	1.66e-20	6.43e-17	1.23e-13	1.79e-10	1.91e-07	3.73e-04	3.51e-02	9.65e-01
 7.29153e+21	0.00e+00	0.00e+00	0.00e+00	0.00e+00	0.00e+00	0.00e+00	0.00e+00	1.41e-28	3.12e-24	2.47e-20	9.01e-17	1.63e-13	2.24e-10	2.26e-07	4.17e-04	3.71e-02	9.63e-01
 7.66487e+21	0.00e+00	0.00e+00	0.00e+00	0.00e+00	0.00e+00	0.00e+00	0.00e+00	2.67e-28	5.51e-24	4.06e-20	1.38e-16	2.33e-13	2.97e-10	2.79e-07	4.79e-04	3.97e-02	9.60e-01
 8.04797e+21	0.00e+00	0.00e+00	0.00e+00	0.00e+00	0.00e+00	0.00e+00	0.00e+00	5.05e-28	9.72e-24	6.67e-20	2.12e-16	3.33e-13	3.95e-10	3.45e-07	5.51e-04	4.25e-02	9.57e-01
 8.36378e+21	0.00e+00	0.00e+00	0.00e+00	0.00e+00	0.00e+00	0.00e+00	0.00e+00	8.38e-28	1.52e-23	9.89e-20	2.97e-16	4.41e-13	4.94e-10	4.08e-07	6.16e-04	4.49e-02	9.55e-01
 8.69384e+21	0.00e+00	0.00e+00	0.00e+00	0.00e+00	0.00e+00	0.00e+00	0.00e+00	1.40e-27	2.41e-23	1.48e-19	4.18e-16	5.88e-13	6.20e-10	4.84e-07	6.89e-04	4.74e-02	9.52e-01
 9.11971e+21	0.00e+00	0.00e+00	0.00e+00	0.00e+00	0.00e+00	0.00e+00	0.00e+00	2.68e-27	4.28e-23	2.44e-19	6.44e-16	8.42e-13	8.26e-10	5.99e-07	7.94e-04	5.08e-02	9.48e-01
 9.55315e+21	0.00e+00	0.00e+00	0.00e+00	0.00e+00	0.00e+00	0.00e+00	0.00e+00	5.10e-27	7.59e-23	4.03e-19	9.91e-16	1.21e-12	1.10e-09	7.42e-07	9.13e-04	5.43e-02	9.45e-01
 9.87883e+21	0.00e+00	0.00e+00	0.00e+00	0.00e+00	0.00e+00	0.00e+00	0.00e+00	8.15e-27	1.15e-22	5.80e-19	1.35e-15	1.57e-12	1.35e-09	8.66e-07	1.01e-03	5.71e-02	9.42e-01
 1.01393e+22	0.00e+00	0.00e+00	0.00e+00	0.00e+00	0.00e+00	0.00e+00	0.00e+00	1.18e-26	1.60e-22	7.72e-19	1.73e-15	1.92e-12	1.59e-09	9.78e-07	1.10e-03	5.94e-02	9.40e-01
 1.04359e+22	0.00e+00	0.00e+00	0.00e+00	0.00e+00	0.00e+00	0.00e+00	0.00e+00	1.77e-26	2.29e-22	1.06e-18	2.27e-15	2.41e-12	1.91e-09	1.12e-06	1.20e-03	6.20e-02	9.37e-01
 1.08214e+22	0.00e+00	0.00e+00	0.00e+00	0.00e+00	0.00e+00	0.00e+00	0.00e+00	2.95e-26	3.61e-22	1.58e-18	3.20e-15	3.20e-12	2.39e-09	1.33e-06	1.34e-03	6.54e-02	9.33e-01
 1.12289e+22	0.00e+00	0.00e+00	0.00e+00	0.00e+00	0.00e+00	0.00e+00	0.00e+00	5.10e-26	5.87e-22	2.41e-18	4.61e-15	4.35e-12	3.05e-09	1.59e-06	1.51e-03	6.92e-02	9.29e-01
 1.15728e+22	0.00e+00	0.00e+00	0.00e+00	0.00e+00	0.00e+00	0.00e+00	0.00e+00	7.95e-26	8.71e-22	3.41e-18	6.20e-15	5.57e-12	3.71e-09	1.84e-06	1.66e-03	7.25e-02	9.26e-01
 1.19278e+22	0.00e+00	0.00e+00	0.00e+00	0.00e+00	0.00e+00	0.00e+00	0.00e+00	1.24e-25	1.29e-21	4.81e-18	8.33e-15	7.13e-12	4.52e-09	2.13e-06	1.83e-03	7.59e-02	9.22e-01
 1.23894e+22	0.00e+00	0.00e+00	0.00e+00	0.00e+00	0.00e+00	0.00e+00	0.00e+00	2.17e-25	2.12e-21	7.43e-18	1.21e-14	9.74e-12	5.78e-09	2.56e-06	2.06e-03	8.04e-02	9.18e-01
 1.28546e+22	0.00e+00	0.00e+00	0.00e+00	0.00e+00	0.00e+00	0.00e+00	0.00e+00	3.83e-25	3.52e-21	1.16e-17	1.77e-14	1.34e-11	7.45e-09	3.09e-06	2.33e-03	8.52e-02	9.12e-01
 1.32164e+22	0.00e+00	0.00e+00	0.00e+00	0.00e+00	0.00e+00	0.00e+00	2.39e-29	5.84e-25	5.13e-21	1.61e-17	2.35e-14	1.70e-11	8.99e-09	3.56e-06	2.56e-03	8.90e-02	9.08e-01
 1.35142e+22	0.00e+00	0.00e+00	0.00e+00	0.00e+00	0.00e+00	0.00e+00	3.55e-29	8.33e-25	7.02e-21	2.12e-17	2.98e-14	2.07e-11	1.05e-08	4.00e-06	2.76e-03	9.23e-02	9.05e-01
 1.38373e+22	0.00e+00	0.00e+00	0.00e+00	0.00e+00	0.00e+00	0.00e+00	5.28e-29	1.19e-24	9.64e-21	2.80e-17	3.79e-14	2.53e-11	1.23e-08	4.50e-06	2.98e-03	9.57e-02	9.01e-01
 1.42574e+22	0.00e+00	0.00e+00	0.00e+00	0.00e+00	0.00e+00	0.00e+00	8.77e-29	1.88e-24	1.45e-20	4.00e-17	5.14e-14	3.26e-11	1.51e-08	5.23e-06	3.29e-03	1.00e-01	8.96e-01
 1.46934e+22	0.00e+00	0.00e+00	0.00e+00	0.00e+00	0.00e+00	0.00e+00	1.50e-28	3.05e-24	2.23e-20	5.84e-17	7.13e-14	4.28e-11	1.87e-08	6.15e-06	3.65e-03	1.05e-01	8.91e-01
 1.50474e+22	0.00e+00	0.00e+00	0.00e+00	0.00e+00	0.00e+00	0.00e+00	2.29e-28	4.46e-24	3.12e-20	7.84e-17	9.19e-14	5.30e-11	2.21e-08	6.97e-06	3.96e-03	1.09e-01	8.87e-01
 1.53577e+22	0.00e+00	0.00e+00	0.00e+00	0.00e+00	0.00e+00	0.00e+00	3.32e-28	6.23e-24	4.20e-20	1.02e-16	1.15e-13	6.39e-11	2.57e-08	7.78e-06	4.25e-03	1.13e-01	8.83e-01
 1.57139e+22	0.00e+00	0.00e+00	0.00e+00	0.00e+00	0.00e+00	0.00e+00	4.96e-28	8.93e-24	5.79e-20	1.35e-16	1.46e-13	7.82e-11	3.01e-08	8.76e-06	4.60e-03	1.17e-01	8.78e-01
 1.61770e+22	0.00e+00	0.00e+00	0.00e+00	0.00e+00	0.00e+00	0.00e+00	8.24e-28	1.41e-23	8.69e-20	1.92e-16	1.99e-13	1.01e-10	3.69e-08	1.02e-05	5.07e-03	1.23e-01	8.72e-01
 1.66553e+22	0.00e+00	0.00e+00	0.00e+00	0.00e+00	0.00e+00	0.00e+00	1.42e-27	2.30e-23	1.34e-19	2.82e-16	2.77e-13	1.33e-10	4.59e-08	1.20e-05	5.63e-03	1.29e-01	8.66e-01
 1.70374e+22	0.00e+00	0.00e+00	0.00e+00	0.00e+00	0.00e+00	0.00e+00	2.15e-27	3.35e-23	1.87e-19	3.77e-16	3.56e-13	1.64e-10	5.42e-08	1.36e-05	6.09e-03	1.34e-01	8.60e-01
 1.73450e+22	0.00e+00	0.00e+00	0.00e+00	0.00e+00	0.00e+00	0.00e+00	3.02e-27	4.55e-23	2.46e-19	4.79e-16	4.37e-13	1.95e-10	6.21e-08	1.50e-05	6.51e-03	1.38e-01	8.56e-01
 1.76717e+22	0.00e+00	0.00e+00	0.00e+00	0.00e+00	0.00e+00	0.00e+00	4.22e-27	6.14e-23	3.21e-19	6.06e-16	5.35e-13	2.31e-10	7.10e-08	1.66e-05	6.94e-03	1.42e-01	8.51e-01
 1.80964e+22	0.00e+00	0.00e+00	0.00e+00	0.00e+00	0.00e+00	0.00e+00	6.49e-27	9.05e-23	4.54e-19	8.19e-16	6.94e-13	2.88e-10	8.43e-08	1.88e-05	7.53e-03	1.47e-01	8.45e-01
 1.85392e+22	0.00e+00	0.00e+00	0.00e+00	0.00e+00	0.00e+00	0.00e+00	1.03e-26	1.37e-22	6.58e-19	1.13e-15	9.20e-13	3.64e-10	1.02e-07	2.16e-05	8.23e-03	1.53e-01	8.39e-01
 1.88995e+22	0.00e+00	0.00e+00	0.00e+00	0.00e+00	0.00e+00	0.00e+00	1.48e-26	1.90e-22	8.79e-19	1.46e-15	1.15e-12	4.38e-10	1.17e-07	2.41e-05	8.82e-03	1.58e-01	8.33e-01
 1.92620e+22	0.00e+00	0.00e+00	0.00e+00	0.00e+00	0.00e+00	0.00e+00	2.11e-26	2.62e-22	1.17e-18	1.88e-15	1.42e-12	5.25e-10	1.35e-07	2.68e-05	9.44e-03	1.63e-01	8.28e-01
 1.97332e+22	0.00e+00	0.00e+00	0.00e+00	0.00e+00	0.00e+00	0.00e+00	3.30e-26	3.92e-22	1.67e-18	2.57e-15	1.86e-12	6.58e-10	1.62e-07	3.05e-05	1.03e-02	1.69e-01	8.21e-01
 2.02110e+22	0.00e+00	0.00e+00	0.00e+00	0.00e+00	0.00e+00	0.00e+00	5.28e-26	5.99e-22	2.44e-18	3.59e-15	2.49e-12	8.38e-10	1.96e-07	3.52e-05	1.12e-02	1.76e-01	8.13e-01
 2.05796e+22	0.00e+00	0.00e+00	0.00e+00	0.00e+00	0.00e+00	0.00e+00	7.49e-26	8.20e-22	3.23e-18	4.58e-15	3.07e-12	1.00e-09	2.25e-07	3.90e-05	1.20e-02	1.81e-01	8.07e-01
 2.09410e+22	0.00e+00	0.00e+00	0.00e+00	0.00e+00	0.00e+00	0.00e+00	1.04e-25	1.10e-21	4.20e-18	5.78e-15	3.76e-12	1.19e-09	2.57e-07	4.30e-05	1.28e-02	1.86e-01	8.01e-01
 2.13444e+22	0.00e+00	0.00e+00	0.00e+00	0.00e+00	0.00e+00	0.00e+00	1.51e-25	1.54e-21	5.66e-18	7.51e-15	4.71e-12	1.43e-09	2.99e-07	4.80e-05	1.37e-02	1.92e-01	7.94e-01
 2.17146e+22	0.00e+00	0.00e+00	0.00e+00	0.00e+00	0.00e+00	0.00e+00	2.11e-25	2.09e-21	7.41e-18	9.52e-15	5.79e-12	1.70e-09	3.42e-07	5.31e-05	1.46e-02	1.97e-01	7.88e-01
 2.20510e+22	0.00e+00	0.00e+00	0.00e+00	0.00e+00	0.00e+00	0.00e+00	2.83e-25	2.72e-21	9.40e-18	1.17e-14	6.93e-12	1.98e-09	3.85e-07	5.80e-05	1.54e-02	2.02e-01	7.82e-01
 2.24312e+22	0.00e+00	0.00e+00	0.00e+00	0.00e+00	0.00e+00	0.00e+00	3.95e-25	3.68e-21	1.23e-17	1.49e-14	8.50e-12	2.35e-09	4.41e-07	6.41e-05	1.64e-02	2.08e-01	7.76e-01
 2.28583e+22	0.00e+00	0.00e+00	0.00e+00	0.00e+00	0.00e+00	0.00e+00	5.67e-25	5.09e-21	1.64e-17	1.91e-14	1.06e-11	2.83e-09	5.10e-07	7.13e-05	1.76e-02	2.14e-01	7.69e-01
 2.32670e+22	0.00e+00	0.00e+00	0.00e+00	0.00e+00	0.00e+00	2.06e-29	8.07e-25	7.00e-21	2.18e-17	2.46e-14	1.32e-11	3.40e-09	5.88e-07	7.92e-05	1.88e-02	2.20e-01	7.61e-01
 2.36491e+22	0.00e+00	0.00e+00	0.00e+00	0.00e+00	0.00e+00	2.93e-29	1.11e-24	9.36e-21	2.83e-17	3.09e-14	1.61e-11	4.02e-09	6.70e-07	8.72e-05	2.00e-02	2.26e-01	7.54e-01
 2.40172e+22	0.00e+00	0.00e+00	0.00e+00	0.00e+00	0.00e+00	4.08e-29	1.50e-24	1.23e-20	3.60e-17	3.83e-14	1.93e-11	4.69e-09	7.57e-07	9.54e-05	2.11e-02	2.31e-01	7.48e-01
 2.44369e+22	0.00e+00	0.00e+00	0.00e+00	0.00e+00	0.00e+00	5.86e-29	2.09e-24	1.66e-20	4.70e-17	4.84e-14	2.37e-11	5.56e-09	8.65e-07	1.05e-04	2.25e-02	2.37e-01	7.40e-01
 2.49057e+22	0.00e+00	0.00e+00	0.00e+00	0.00e+00	0.00e+00	8.89e-29	3.07e-24	2.34e-20	6.40e-17	6.35e-14	3.00e-11	6.79e-09	1.01e-06	1.18e-04	2.41e-02	2.44e-01	7.32e-01
 2.53297e+22	0.00e+00	0.00e+00	0.00e+00	0.00e+00	0.00e+00	1.28e-28	4.29e-24	3.17e-20	8.40e-17	8.06e-14	3.69e-11	8.08e-09	1.16e-06	1.30e-04	2.57e-02	2.50e-01	7.24e-01
 2.57088e+22	0.00e+00	0.00e+00	0.00e+00	0.00e+00	0.00e+00	1.77e-28	5.76e-24	4.14e-20	1.07e-16	9.94e-14	4.43e-11	9.42e-09	1.31e-06	1.42e-04	2.71e-02	2.56e-01	7.17e-01
 2.61382e+22	0.00e+00	0.00e+00	0.00e+00	0.00e+00	0.00e+00	2.50e-28	7.91e-24	5.50e-20	1.37e-16	1.24e-13	5.38e-11	1.11e-08	1.48e-06	1.56e-04	2.87e-02	2.62e-01	7.09e-01
 2.66182e+22	0.00e+00	0.00e+00	0.00e+00	0.00e+00	0.00e+00	3.73e-28	1.14e-23	7.67e-20	1.85e-16	1.62e-13	6.76e-11	1.34e-08	1.72e-06	1.74e-04	3.08e-02	2.69e-01	7.00e-01
 2.70533e+22	0.00e+00	0.00e+00	0.00e+00	0.00e+00	0.00e+00	5.31e-28	1.58e-23	1.03e-19	2.41e-16	2.04e-13	8.27e-11	1.59e-08	1.97e-06	1.92e-04	3.26e-02	2.76e-01	6.91e-01
 2.74420e+22	0.00e+00	0.00e+00	0.00e+00	0.00e+00	0.00e+00	7.22e-28	2.09e-23	1.33e-19	3.02e-16	2.49e-13	9.86e-11	1.85e-08	2.21e-06	2.09e-04	3.44e-02	2.81e-01	6.84e-01
 2.78812e+22	0.00e+00	0.00e+00	0.00e+00	0.00e+00	0.00e+00	1.01e-27	2.83e-23	1.75e-19	3.86e-16	3.09e-13	1.19e-10	2.16e-08	2.50e-06	2.29e-04	3.63e-02	2.88e-01	6.76e-01
 2.84523e+22	0.00e+00	0.00e+00	0.00e+00	0.00e+00	0.00e+00	1.56e-27	4.24e-23	2.52e-19	5.35e-16	4.13e-13	1.53e-10	2.67e-08	2.94e-06	2.58e-04	3.91e-02	2.96e-01	6.65e-01
 2.90258e+22	0.00e+00	0.00e+00	0.00e+00	0.00e+00	0.00e+00	2.42e-27	6.34e-23	3.63e-19	7.43e-16	5.51e-13	1.97e-10	3.31e-08	3.47e-06	2.91e-04	4.21e-02	3.04e-01	6.54e-01
 2.94581e+22	0.00e+00	0.00e+00	0.00e+00	0.00e+00	0.00e+00	1.69e-27	8.52e-23	4.74e-19	9.45e-16	6.81e-13	2.37e-10	3.86e-08	3.92e-06	3.17e-04	4.44e-02	3.10e-01	6.45e-01
 2.98756e+22	0.00e+00	0.00e+00	0.00e+00	0.00e+00	0.00e+00	4.48e-27	1.12e-22	6.08e-19	1.18e-15	8.28e-13	2.81e-10	4.46e-08	4.38e-06	3.44e-04	4.66e-02	3.16e-01	6.37e-01
 3.04184e+22	0.00e+00	0.00e+00	0.00e+00	0.00e+00	0.00e+00	3.31e-27	1.59e-22	8.36e-19	1.57e-15	1.07e-12	3.50e-10	5.37e-08	5.06e-06	3.82e-04	4.97e-02	3.23e-01	6.27e-01
 3.09909e+22	0.00e+00	0.00e+00	0.00e+00	0.00e+00	0.00e+00	4.97e-27	2.31e-22	1.17e-18	2.12e-15	1.39e-12	4.42e-10	6.53e-08	5.90e-06	4.26e-04	5.31e-02	3.31e-01	6.15e-01
 3.14741e+22	0.00e+00	0.00e+00	0.00e+00	0.00e+00	0.00e+00	6.94e-27	3.14e-22	1.55e-18	2.73e-15	1.74e-12	5.36e-10	7.69e-08	6.69e-06	4.67e-04	5.60e-02	3.37e-01	6.06e-01
 3.19743e+22	0.00e+00	0.00e+00	0.00e+00	0.00e+00	0.00e+00	9.62e-27	4.25e-22	2.04e-18	3.50e-15	2.16e-12	6.49e-10	9.02e-08	7.57e-06	5.10e-04	5.91e-02	3.44e-01	5.97e-01
 3.26245e+22	0.00e+00	0.00e+00	0.00e+00	0.00e+00	0.00e+00	1.46e-26	6.26e-22	2.90e-18	4.79e-15	2.86e-12	8.28e-10	1.11e-07	8.87e-06	5.72e-04	6.33e-02	3.52e-01	5.84e-01
 3.32706e+22	0.00e+00	0.00e+00	0.00e+00	0.00e+00	0.00e+00	2.25e-26	9.27e-22	4.15e-18	6.61e-15	3.80e-12	1.06e-09	1.37e-07	1.04e-05	6.41e-04	6.78e-02	3.60e-01	5.72e-01
 3.37605e+22	0.00e+00	0.00e+00	0.00e+00	0.00e+00	0.00e+00	3.06e-26	1.24e-21	5.39e-18	8.36e-15	4.67e-12	1.27e-09	1.59e-07	1.17e-05	6.98e-04	7.12e-02	3.66e-01	5.62e-01
 3.42466e+22	0.00e+00	0.00e+00	0.00e+00	0.00e+00	0.00e+00	4.09e-26	1.62e-21	6.89e-18	1.04e-14	5.68e-12	1.51e-09	1.83e-07	1.31e-05	7.55e-04	7.46e-02	3.72e-01	5.53e-01
 3.48784e+22	0.00e+00	0.00e+00	0.00e+00	0.00e+00	0.00e+00	5.95e-26	2.29e-21	9.45e-18	1.39e-14	7.30e-12	1.88e-09	2.21e-07	1.51e-05	8.35e-04	7.92e-02	3.79e-01	5.41e-01
 3.55405e+22	0.00e+00	0.00e+00	0.00e+00	0.00e+00	0.00e+00	8.89e-26	3.31e-21	1.32e-17	1.87e-14	9.54e-12	2.38e-09	2.69e-07	1.76e-05	9.30e-04	8.43e-02	3.86e-01	5.29e-01
 3.60909e+22	0.00e+00	0.00e+00	0.00e+00	0.00e+00	0.00e+00	1.22e-25	4.46e-21	1.73e-17	2.39e-14	1.18e-11	2.87e-09	3.14e-07	1.98e-05	1.01e-03	8.86e-02	3.92e-01	5.19e-01
 3.66556e+22	0.00e+00	0.00e+00	0.00e+00	0.00e+00	0.00e+00	1.66e-25	5.91e-21	2.24e-17	3.01e-14	1.45e-11	3.42e-09	3.64e-07	2.22e-05	1.10e-03	9.28e-02	3.97e-01	5.09e-01
 3.73897e+22	0.00e+00	0.00e+00	0.00e+00	0.00e+00	0.00e+00	2.48e-25	8.61e-21	3.16e-17	4.10e-14	1.91e-11	4.35e-09	4.46e-07	2.59e-05	1.22e-03	9.88e-02	4.04e-01	4.96e-01
 3.81285e+22	0.00e+00	0.00e+00	0.00e+00	0.00e+00	2.28e-29	3.74e-25	1.26e-20	4.46e-17	5.60e-14	2.51e-11	5.53e-09	5.45e-07	3.02e-05	1.36e-03	1.05e-01	4.11e-01	4.82e-01
 3.86960e+22	0.00e+00	0.00e+00	0.00e+00	0.00e+00	3.20e-29	5.06e-25	1.66e-20	5.76e-17	7.05e-14	3.08e-11	6.61e-09	6.33e-07	3.39e-05	1.48e-03	1.10e-01	4.16e-01	4.72e-01
 3.92563e+22	0.00e+00	0.00e+00	0.00e+00	0.00e+00	4.39e-29	6.69e-25	2.16e-20	7.32e-17	8.74e-14	3.72e-11	7.80e-09	7.26e-07	3.76e-05	1.59e-03	1.15e-01	4.21e-01	4.63e-01
 3.99848e+22	0.00e+00	0.00e+00	0.00e+00	0.00e+00	6.59e-29	9.57e-25	3.02e-20	9.93e-17	1.15e-13	4.74e-11	9.63e-09	8.67e-07	4.31e-05	1.75e-03	1.21e-01	4.26e-01	4.51e-01
 4.07651e+22	0.00e+00	0.00e+00	0.00e+00	0.00e+00	1.03e-28	1.42e-24	4.33e-20	1.38e-16	1.55e-13	6.16e-11	1.21e-08	1.05e-06	4.99e-05	1.93e-03	1.28e-01	4.32e-01	4.38e-01
 4.14387e+22	0.00e+00	0.00e+00	0.00e+00	0.00e+00	1.49e-28	1.96e-24	5.87e-20	1.82e-16	1.99e-13	7.69e-11	1.47e-08	1.23e-06	5.64e-05	2.10e-03	1.34e-01	4.37e-01	4.27e-01
 4.21401e+22	0.00e+00	0.00e+00	0.00e+00	0.00e+00	2.13e-28	2.69e-24	7.89e-20	2.39e-16	2.54e-13	9.53e-11	1.77e-08	1.44e-06	6.35e-05	2.28e-03	1.41e-01	4.41e-01	4.16e-01
 4.30520e+22	0.00e+00	0.00e+00	0.00e+00	0.00e+00	3.37e-28	4.03e-24	1.15e-19	3.38e-16	3.47e-13	1.25e-10	2.25e-08	1.76e-06	7.38e-05	2.53e-03	1.49e-01	4.46e-01	4.02e-01
 4.39897e+22	0.00e+00	0.00e+00	0.00e+00	0.00e+00	5.47e-28	6.19e-24	1.71e-19	4.85e-16	4.81e-13	1.67e-10	2.89e-08	2.17e-06	8.65e-05	2.82e-03	1.58e-01	4.51e-01	3.88e-01
 4.47103e+22	0.00e+00	0.00e+00	0.00e+00	0.00e+00	7.83e-28	8.49e-24	2.30e-19	6.36e-16	6.13e-13	2.07e-10	3.48e-08	2.53e-06	9.72e-05	3.05e-03	1.65e-01	4.55e-01	3.77e-01
 4.53055e+22	0.00e+00	0.00e+00	0.00e+00	0.00e+00	1.03e-27	1.08e-23	2.89e-19	7.84e-16	7.40e-13	2.45e-10	4.02e-08	2.85e-06	1.06e-04	3.25e-03	1.70e-01	4.57e-01	3.69e-01
 4.59883e+22	0.00e+00	0.00e+00	0.00e+00	0.00e+00	1.42e-27	1.43e-23	3.76e-19	9.99e-16	9.20e-13	2.96e-10	4.76e-08	3.27e-06	1.18e-04	3.49e-03	1.77e-01	4.60e-01	3.60e-01
 4.68759e+22	0.00e+00	0.00e+00	0.00e+00	0.00e+00	2.10e-27	2.02e-23	5.19e-19	1.34e-15	1.20e-12	3.74e-10	5.81e-08	3.86e-06	1.34e-04	3.80e-03	1.85e-01	4.63e-01	3.48e-01
 4.78508e+22	0.00e+00	0.00e+00	0.00e+00	0.00e+00	3.26e-27	2.99e-23	7.45e-19	1.87e-15	1.62e-12	4.86e-10	7.30e-08	4.66e-06	1.54e-04	4.18e-03	1.95e-01	4.65e-01	3.35e-01
 4.87172e+22	0.00e+00	0.00e+00	0.00e+00	0.00e+00	3.03e-27	4.18e-23	1.02e-18	2.49e-15	2.09e-12	6.10e-10	8.89e-08	5.49e-06	1.75e-04	4.54e-03	2.03e-01	4.68e-01	3.24e-01
 4.94849e+22	0.00e+00	0.00e+00	0.00e+00	0.00e+00	4.18e-27	5.55e-23	1.33e-18	3.17e-15	2.61e-12	7.40e-10	1.05e-07	6.30e-06	1.94e-04	4.86e-03	2.11e-01	4.69e-01	3.15e-01
 5.03465e+22	0.00e+00	0.00e+00	0.00e+00	0.00e+00	5.86e-27	7.49e-23	1.76e-18	4.10e-15	3.28e-12	9.06e-10	1.25e-07	7.27e-06	2.16e-04	5.22e-03	2.19e-01	4.70e-01	3.05e-01
 5.14665e+22	0.00e+00	0.00e+00	0.00e+00	0.00e+00	9.10e-27	1.10e-22	2.54e-18	5.73e-15	4.44e-12	1.18e-09	1.57e-07	8.77e-06	2.48e-04	5.73e-03	2.29e-01	4.72e-01	2.93e-01
 5.25806e+22	0.00e+00	0.00e+00	0.00e+00	0.00e+00	1.44e-26	1.65e-22	3.69e-18	8.07e-15	6.04e-12	1.55e-09	1.99e-07	1.06e-05	2.87e-04	6.31e-03	2.41e-01	4.72e-01	2.80e-01
 5.34215e+22	0.00e+00	0.00e+00	0.00e+00	0.00e+00	1.99e-26	2.19e-22	4.82e-18	1.03e-14	7.52e-12	1.87e-09	2.35e-07	1.22e-05	3.17e-04	6.74e-03	2.49e-01	4.73e-01	2.71e-01
 5.42491e+22	0.00e+00	0.00e+00	0.00e+00	0.00e+00	2.66e-26	2.84e-22	6.15e-18	1.29e-14	9.19e-12	2.23e-09	2.72e-07	1.38e-05	3.48e-04	7.16e-03	2.56e-01	4.73e-01	2.63e-01
 5.53250e+22	0.00e+00	0.00e+00	0.00e+00	0.00e+00	3.90e-26	3.97e-22	8.44e-18	1.72e-14	1.19e-11	2.80e-09	3.32e-07	1.62e-05	3.92e-04	7.75e-03	2.66e-01	4.72e-01	2.53e-01
 5.65051e+22	0.00e+00	0.00e+00	0.00e+00	0.00e+00	5.97e-26	5.77e-22	1.19e-17	2.37e-14	1.59e-11	3.61e-09	4.12e-07	1.93e-05	4.47e-04	8.44e-03	2.78e-01	4.71e-01	2.42e-01
 5.75554e+22	0.00e+00	0.00e+00	0.00e+00	0.00e+00	8.63e-26	7.98e-22	1.62e-17	3.12e-14	2.04e-11	4.49e-09	4.97e-07	2.25e-05	5.01e-04	9.08e-03	2.88e-01	4.70e-01	2.33e-01
 5.85095e+22	0.00e+00	0.00e+00	0.00e+00	0.00e+00	1.18e-25	1.05e-21	2.10e-17	3.97e-14	2.53e-11	5.42e-09	5.85e-07	2.57e-05	5.53e-04	9.68e-03	2.96e-01	4.69e-01	2.25e-01
 5.96036e+22	0.00e+00	0.00e+00	0.00e+00	0.00e+00	1.67e-25	1.43e-21	2.80e-17	5.17e-14	3.21e-11	6.66e-09	6.97e-07	2.97e-05	6.15e-04	1.04e-02	3.06e-01	4.67e-01	2.16e-01
 6.10260e+22	0.00e+00	0.00e+00	0.00e+00	0.00e+00	2.57e-25	2.09e-21	4.02e-17	7.18e-14	4.31e-11	8.62e-09	8.70e-07	3.55e-05	7.02e-04	1.13e-02	3.18e-01	4.64e-01	2.05e-01
 6.24515e+22	0.00e+00	0.00e+00	0.00e+00	3.08e-29	4.11e-25	3.14e-21	5.87e-17	1.02e-13	5.89e-11	1.13e-08	1.10e-06	4.30e-05	8.08e-04	1.23e-02	3.31e-01	4.61e-01	1.94e-01
 6.35288e+22	0.00e+00	0.00e+00	0.00e+00	4.45e-29	5.69e-25	4.19e-21	7.69e-17	1.30e-13	7.37e-11	1.38e-08	1.30e-06	4.92e-05	8.93e-04	1.31e-02	3.41e-01	4.58e-01	1.87e-01
 6.45768e+22	0.00e+00	0.00e+00	0.00e+00	6.13e-29	7.57e-25	5.39e-21	9.80e-17	1.63e-13	8.99e-11	1.63e-08	1.50e-06	5.53e-05	9.73e-04	1.39e-02	3.49e-01	4.55e-01	1.80e-01
 6.59393e+22	0.00e+00	0.00e+00	0.00e+00	9.38e-29	1.11e-24	7.52e-21	1.34e-16	2.17e-13	1.16e-10	2.05e-08	1.82e-06	6.47e-05	1.09e-03	1.49e-02	3.61e-01	4.52e-01	1.72e-01
 6.74361e+22	0.00e+00	0.00e+00	0.00e+00	1.51e-28	1.69e-24	1.09e-20	1.90e-16	2.99e-13	1.55e-10	2.63e-08	2.26e-06	7.69e-05	1.24e-03	1.61e-02	3.73e-01	4.47e-01	1.63e-01
 6.87653e+22	0.00e+00	0.00e+00	0.00e+00	2.28e-28	2.44e-24	1.50e-20	2.57e-16	3.94e-13	1.99e-10	3.27e-08	2.72e-06	8.93e-05	1.38e-03	1.73e-02	3.84e-01	4.42e-01	1.55e-01
 6.99660e+22	0.00e+00	0.00e+00	0.00e+00	3.24e-28	3.33e-24	1.97e-20	3.33e-16	5.00e-13	2.47e-10	3.93e-08	3.18e-06	1.01e-04	1.52e-03	1.83e-02	3.93e-01	4.38e-01	1.49e-01
 7.13420e+22	0.00e+00	0.00e+00	0.00e+00	4.71e-28	4.65e-24	2.65e-20	4.42e-16	6.47e-13	3.11e-10	4.80e-08	3.77e-06	1.16e-04	1.67e-03	1.94e-02	4.03e-01	4.34e-01	1.42e-01
 7.31308e+22	0.00e+00	0.00e+00	0.00e+00	7.54e-28	7.06e-24	3.83e-20	6.25e-16	8.89e-13	4.13e-10	6.14e-08	4.65e-06	1.37e-04	1.89e-03	2.09e-02	4.15e-01	4.28e-01	1.34e-01
 7.50339e+22	0.00e+00	0.00e+00	0.00e+00	1.29e-27	1.14e-23	5.80e-20	9.25e-16	1.28e-12	5.72e-10	8.15e-08	5.91e-06	1.67e-04	2.18e-03	2.28e-02	4.29e-01	4.20e-01	1.25e-01
 7.66041e+22	0.00e+00	0.00e+00	0.00e+00	1.98e-27	1.66e-23	8.07e-20	1.26e-15	1.70e-12	7.40e-10	1.02e-07	7.15e-06	1.94e-04	2.43e-03	2.44e-02	4.41e-01	4.14e-01	1.19e-01
 7.78940e+22	0.00e+00	0.00e+00	0.00e+00	2.75e-27	2.23e-23	1.04e-19	1.62e-15	2.13e-12	9.06e-10	1.21e-07	8.29e-06	2.19e-04	2.65e-03	2.57e-02	4.49e-01	4.09e-01	1.13e-01
 7.93011e+22	0.00e+00	0.00e+00	0.00e+00	3.83e-27	2.99e-23	1.35e-19	2.07e-15	2.68e-12	1.11e-09	1.45e-07	9.63e-06	2.47e-04	2.88e-03	2.70e-02	4.58e-01	4.04e-01	1.08e-01
 8.11302e+22	0.00e+00	0.00e+00	0.00e+00	5.81e-27	4.33e-23	1.86e-19	2.82e-15	3.55e-12	1.43e-09	1.80e-07	1.16e-05	2.86e-04	3.21e-03	2.88e-02	4.69e-01	3.97e-01	1.02e-01
 8.31470e+22	0.00e+00	0.00e+00	0.00e+00	9.41e-27	6.64e-23	2.70e-19	4.01e-15	4.92e-12	1.92e-09	2.32e-07	1.44e-05	3.39e-04	3.63e-03	3.09e-02	4.81e-01	3.89e-01	9.58e-02
 8.49451e+22	0.00e+00	0.00e+00	0.00e+00	1.43e-26	9.66e-23	3.75e-19	5.48e-15	6.54e-12	2.48e-09	2.90e-07	1.73e-05	3.94e-04	4.04e-03	3.30e-02	4.91e-01	3.81e-01	9.03e-02
 8.65524e+22	0.00e+00	0.00e+00	0.00e+00	2.03e-26	1.31e-22	4.90e-19	7.10e-15	8.31e-12	3.07e-09	3.49e-07	2.02e-05	4.46e-04	4.41e-03	3.47e-02	5.00e-01	3.75e-01	8.58e-02
 8.83742e+22	0.00e+00	0.00e+00	0.00e+00	2.91e-26	1.81e-22	6.49e-19	9.30e-15	1.06e-11	3.83e-09	4.22e-07	2.37e-05	5.06e-04	4.83e-03	3.66e-02	5.09e-01	3.68e-01	8.14e-02
 9.07427e+22	0.00e+00	0.00e+00	0.00e+00	4.65e-26	2.73e-22	9.28e-19	1.31e-14	1.47e-11	5.11e-09	5.41e-07	2.93e-05	5.98e-04	5.44e-03	3.92e-02	5.20e-01	3.59e-01	7.58e-02
 9.31984e+22	0.00e+00	0.00e+00	0.00e+00	7.85e-26	4.35e-22	1.38e-18	1.92e-14	2.08e-11	7.02e-09	7.11e-07	3.69e-05	7.18e-04	6.19e-03	4.22e-02	5.32e-01	3.49e-01	7.01e-02
 9.50168e+22	0.00e+00	0.00e+00	0.00e+00	1.15e-25	6.07e-22	1.85e-18	2.54e-14	2.69e-11	8.84e-09	8.66e-07	4.36e-05	8.20e-04	6.80e-03	4.45e-02	5.40e-01	3.42e-01	6.62e-02
 9.63757e+22	0.00e+00	0.00e+00	0.00e+00	1.47e-25	7.56e-22	2.24e-18	3.07e-14	3.20e-11	1.03e-08	9.90e-07	4.87e-05	8.95e-04	7.24e-03	4.61e-02	5.46e-01	3.37e-01	6.36e-02
 9.78881e+22	0.00e+00	0.00e+00	0.00e+00	1.93e-25	9.60e-22	2.76e-18	3.77e-14	3.88e-11	1.23e-08	1.15e-06	5.52e-05	9.88e-04	7.76e-03	4.80e-02	5.52e-01	3.31e-01	6.08e-02
 9.98543e+22	0.00e+00	0.00e+00	0.00e+00	2.67e-25	1.28e-21	3.54e-18	4.80e-14	4.85e-11	1.50e-08	1.36e-06	6.38e-05	1.11e-03	8.40e-03	5.02e-02	5.58e-01	3.24e-01	5.76e-02
 1.02410e+23	0.00e+00	0.00e+00	4.37e-29	4.06e-25	1.85e-21	4.86e-18	6.54e-14	6.46e-11	1.94e-08	1.70e-06	7.68e-05	1.28e-03	9.32e-03	5.31e-02	5.67e-01	3.16e-01	5.38e-02
 1.04894e+23	0.00e+00	0.00e+00	7.35e-29	6.46e-25	2.79e-21	6.90e-18	9.16e-14	8.83e-11	2.57e-08	2.17e-06	9.41e-05	1.51e-03	1.04e-02	5.65e-02	5.76e-01	3.06e-01	4.99e-02
 1.06566e+23	0.00e+00	0.00e+00	1.03e-28	8.70e-25	3.62e-21	8.65e-18	1.14e-13	1.08e-10	3.09e-08	2.54e-06	1.07e-04	1.67e-03	1.12e-02	5.88e-02	5.81e-01	3.00e-01	4.74e-02
 1.08020e+23	0.00e+00	0.00e+00	1.30e-28	1.08e-24	4.36e-21	1.02e-17	1.35e-13	1.26e-10	3.54e-08	2.85e-06	1.18e-04	1.80e-03	1.18e-02	6.06e-02	5.85e-01	2.95e-01	4.56e-02
 1.09910e+23	0.00e+00	0.00e+00	1.77e-28	1.42e-24	5.55e-21	1.25e-17	1.65e-13	1.53e-10	4.20e-08	3.30e-06	1.34e-04	1.99e-03	1.27e-02	6.28e-02	5.90e-01	2.89e-01	4.35e-02
 1.12026e+23	0.00e+00	0.00e+00	2.55e-28	1.96e-24	7.40e-21	1.60e-17	2.10e-13	1.91e-10	5.13e-08	3.92e-06	1.54e-04	2.22e-03	1.37e-02	6.55e-02	5.95e-01	2.82e-01	4.11e-02
 1.13907e+23	0.00e+00	0.00e+00	3.56e-28	2.64e-24	9.61e-21	2.00e-17	2.62e-13	2.34e-10	6.17e-08	4.58e-06	1.76e-04	2.47e-03	1.47e-02	6.81e-02	6.00e-01	2.76e-01	3.90e-02
 1.15481e+23	0.00e+00	0.00e+00	4.56e-28	3.29e-24	1.17e-20	2.37e-17	3.08e-13	2.72e-10	7.07e-08	5.15e-06	1.94e-04	2.66e-03	1.55e-02	7.01e-02	6.03e-01	2.71e-01	3.74e-02
 1.17186e+23	0.00e+00	0.00e+00	5.92e-28	4.15e-24	1.43e-20	2.81e-17	3.68e-13	3.21e-10	8.20e-08	5.84e-06	2.16e-04	2.89e-03	1.64e-02	7.22e-02	6.06e-01	2.66e-01	3.58e-02
 1.19402e+23	0.00e+00	0.00e+00	8.03e-28	5.45e-24	1.81e-20	3.46e-17	4.50e-13	3.87e-10	9.70e-08	6.75e-06	2.43e-04	3.17e-03	1.75e-02	7.48e-02	6.10e-01	2.60e-01	3.41e-02
 1.22283e+23	0.00e+00	0.00e+00	1.20e-27	7.77e-24	2.47e-20	4.50e-17	5.87e-13	4.96e-10	1.21e-07	8.16e-06	2.85e-04	3.60e-03	1.91e-02	7.82e-02	6.15e-01	2.52e-01	3.18e-02
 1.25131e+23	0.00e+00	0.00e+00	1.91e-27	1.18e-23	3.55e-20	6.11e-17	7.93e-13	6.58e-10	1.56e-07	1.01e-05	3.42e-04	4.15e-03	2.11e-02	8.23e-02	6.19e-01	2.44e-01	2.95e-02
 1.27096e+23	0.00e+00	0.00e+00	2.62e-27	1.56e-23	4.54e-20	7.54e-17	9.79e-13	8.01e-10	1.87e-07	1.18e-05	3.88e-04	4.58e-03	2.26e-02	8.52e-02	6.22e-01	2.37e-01	2.79e-02
 1.28489e+23	0.00e+00	0.00e+00	3.18e-27	1.85e-23	5.27e-20	8.57e-17	1.12e-12	9.04e-10	2.08e-07	1.29e-05	4.19e-04	4.86e-03	2.35e-02	8.70e-02	6.24e-01	2.34e-01	2.69e-02
 1.29979e+23	0.00e+00	0.00e+00	3.81e-27	2.17e-23	6.05e-20	9.66e-17	1.26e-12	1.01e-09	2.31e-07	1.41e-05	4.50e-04	5.14e-03	2.44e-02	8.87e-02	6.25e-01	2.30e-01	2.61e-02
 1.31917e+23	0.00e+00	0.00e+00	4.84e-27	2.69e-23	7.28e-20	1.13e-16	1.48e-12	1.18e-09	2.64e-07	1.58e-05	4.95e-04	5.54e-03	2.57e-02	9.11e-02	6.27e-01	2.25e-01	2.50e-02
 1.34436e+23	0.00e+00	0.00e+00	6.41e-27	3.45e-23	9.04e-20	1.36e-16	1.78e-12	1.40e-09	3.08e-07	1.81e-05	5.53e-04	6.03e-03	2.73e-02	9.38e-02	6.29e-01	2.20e-01	2.37e-02
 1.37710e+23	0.00e+00	0.00e+00	9.22e-27	4.76e-23	1.20e-19	1.72e-16	2.26e-12	1.75e-09	3.78e-07	2.15e-05	6.37e-04	6.74e-03	2.94e-02	9.74e-02	6.30e-01	2.13e-01	2.22e-02
 1.40997e+23	0.00e+00	0.00e+00	1.43e-26	7.01e-23	1.68e-19	2.28e-16	3.00e-12	2.29e-09	4.80e-07	2.63e-05	7.55e-04	7.70e-03	3.22e-02	1.02e-01	6.32e-01	2.05e-01	2.05e-02
 1.43318e+23	0.00e+00	0.00e+00	1.97e-26	9.34e-23	2.15e-19	2.82e-16	3.71e-12	2.79e-09	5.74e-07	3.06e-05	8.56e-04	8.49e-03	3.44e-02	1.05e-01	6.33e-01	1.99e-01	1.93e-02
 1.44995e+23	0.00e+00	0.00e+00	2.36e-26	1.09e-22	2.47e-19	3.17e-16	4.19e-12	3.13e-09	6.36e-07	3.34e-05	9.20e-04	8.98e-03	3.57e-02	1.07e-01	6.33e-01	1.95e-01	1.86e-02
 1.46818e+23	0.00e+00	0.00e+00	2.80e-26	1.27e-22	2.81e-19	3.54e-16	4.69e-12	3.48e-09	7.01e-07	3.62e-05	9.84e-04	9.46e-03	3.70e-02	1.09e-01	6.33e-01	1.92e-01	1.80e-02
 1.49187e+23	0.00e+00	0.00e+00	3.51e-26	1.55e-22	3.34e-19	4.09e-16	5.45e-12	4.00e-09	7.94e-07	4.03e-05	1.07e-03	1.01e-02	3.88e-02	1.11e-01	6.33e-01	1.88e-01	1.72e-02
 1.52267e+23	0.00e+00	0.00e+00	4.63e-26	1.98e-22	4.12e-19	4.88e-16	6.52e-12	4.75e-09	9.26e-07	4.59e-05	1.20e-03	1.10e-02	4.10e-02	1.14e-01	6.33e-01	1.83e-01	1.63e-02
 1.55743e+23	0.00e+00	0.00e+00	6.59e-26	2.71e-22	5.39e-19	6.11e-16	8.20e-12	5.89e-09	1.13e-06	5.41e-05	1.37e-03	1.22e-02	4.41e-02	1.18e-01	6.32e-01	1.76e-01	1.52e-02
 1.58785e+23	0.00e+00	0.00e+00	9.14e-26	3.61e-22	6.93e-19	7.53e-16	1.01e-11	7.19e-09	1.35e-06	6.29e-05	1.55e-03	1.35e-02	4.70e-02	1.22e-01	6.31e-01	1.70e-01	1.42e-02
 1.61157e+23	0.00e+00	0.00e+00	1.17e-25	4.48e-22	8.33e-19	8.79e-16	1.19e-11	8.36e-09	1.54e-06	7.05e-05	1.71e-03	1.45e-02	4.94e-02	1.25e-01	6.30e-01	1.66e-01	1.35e-02
 1.63604e+23	0.00e+00	0.00e+00	1.39e-25	5.23e-22	9.52e-19	9.85e-16	1.34e-11	9.36e-09	1.71e-06	7.68e-05	1.83e-03	1.53e-02	5.12e-02	1.27e-01	6.29e-01	1.63e-01	1.30e-02
 1.66786e+23	0.00e+00	0.00e+00	1.78e-25	6.48e-22	1.14e-18	1.15e-15	1.57e-11	1.09e-08	1.95e-06	8.61e-05	2.01e-03	1.65e-02	5.38e-02	1.30e-01	6.27e-01	1.58e-01	1.23e-02
 1.70922e+23	0.00e+00	0.00e+00	2.33e-25	8.24e-22	1.41e-18	1.37e-15	1.87e-11	1.28e-08	2.27e-06	9.76e-05	2.23e-03	1.78e-02	5.67e-02	1.33e-01	6.25e-01	1.53e-01	1.16e-02
 1.76300e+23	0.00e+00	0.00e+00	3.26e-25	1.11e-21	1.81e-18	1.69e-15	2.32e-11	1.58e-08	2.73e-06	1.14e-04	2.53e-03	1.97e-02	6.05e-02	1.37e-01	6.22e-01	1.47e-01	1.08e-02
 1.81853e+23	0.00e+00	0.00e+00	5.23e-25	1.68e-21	2.60e-18	2.27e-15	3.12e-11	2.09e-08	3.51e-06	1.41e-04	3.02e-03	2.26e-02	6.62e-02	1.42e-01	6.17e-01	1.39e-01	9.76e-03
 1.85743e+23	0.00e+00	0.00e+00	7.63e-25	2.34e-21	3.46e-18	2.87e-15	3.96e-11	2.62e-08	4.30e-06	1.67e-04	3.47e-03	2.51e-02	7.11e-02	1.46e-01	6.12e-01	1.33e-01	8.97e-03
 1.88132e+23	0.00e+00	0.00e+00	8.95e-25	2.69e-21	3.90e-18	3.18e-15	4.41e-11	2.89e-08	4.71e-06	1.80e-04	3.68e-03	2.63e-02	7.33e-02	1.48e-01	6.09e-01	1.30e-01	8.64e-03
 1.90461e+23	0.00e+00	0.00e+00	1.02e-24	3.01e-21	4.28e-18	3.44e-15	4.79e-11	3.13e-08	5.06e-06	1.91e-04	3.87e-03	2.73e-02	7.51e-02	1.50e-01	6.07e-01	1.28e-01	8.37e-03
 1.93489e+23	0.00e+00	0.00e+00	1.20e-24	3.48e-21	4.85e-18	3.81e-15	5.33e-11	3.47e-08	5.55e-06	2.07e-04	4.12e-03	2.87e-02	7.75e-02	1.52e-01	6.04e-01	1.25e-01	8.04e-03
 1.97426e+23	0.00e+00	0.00e+00	1.42e-24	4.03e-21	5.50e-18	4.23e-15	5.92e-11	3.84e-08	6.07e-06	2.23e-04	4.39e-03	3.01e-02	8.00e-02	1.54e-01	6.02e-01	1.22e-01	7.73e-03
 2.02543e+23	0.00e+00	0.00e+00	1.72e-24	4.77e-21	6.35e-18	4.77e-15	6.68e-11	4.30e-08	6.72e-06	2.43e-04	4.70e-03	3.17e-02	8.28e-02	1.56e-01	5.98e-01	1.19e-01	7.39e-03
 2.09195e+23	0.00e+00	0.00e+00	2.16e-24	5.82e-21	7.53e-18	5.51e-15	7.71e-11	4.93e-08	7.59e-06	2.69e-04	5.10e-03	3.38e-02	8.62e-02	1.58e-01	5.94e-01	1.16e-01	7.00e-03
 2.17276e+23	0.00e+00	7.62e-29	2.90e-24	7.56e-21	9.44e-18	6.63e-15	9.26e-11	5.87e-08	8.87e-06	3.06e-04	5.67e-03	3.66e-02	9.08e-02	1.61e-01	5.88e-01	1.11e-01	6.51e-03
 2.25549e+23	0.00e+00	1.14e-28	4.18e-24	1.04e-20	1.24e-17	8.32e-15	1.16e-10	7.24e-08	1.07e-05	3.58e-04	6.45e-03	4.04e-02	9.67e-02	1.65e-01	5.79e-01	1.05e-01	5.96e-03
 2.32413e+23	0.00e+00	1.66e-28	5.84e-24	1.40e-20	1.60e-17	1.02e-14	1.42e-10	8.78e-08	1.28e-05	4.14e-04	7.25e-03	4.42e-02	1.02e-01	1.69e-01	5.71e-01	1.00e-01	5.48e-03
 2.37758e+23	0.00e+00	2.03e-28	6.98e-24	1.64e-20	1.83e-17	1.15e-14	1.58e-10	9.76e-08	1.40e-05	4.47e-04	7.71e-03	4.63e-02	1.05e-01	1.70e-01	5.67e-01	9.77e-02	5.24e-03
 2.43350e+23	0.00e+00	2.23e-28	7.59e-24	1.76e-20	1.95e-17	1.21e-14	1.67e-10	1.03e-07	1.47e-05	4.65e-04	7.96e-03	4.74e-02	1.07e-01	1.71e-01	5.64e-01	9.63e-02	5.11e-03
 2.49459e+23	0.00e+00	2.76e-28	9.18e-24	2.08e-20	2.25e-17	1.36e-14	1.87e-10	1.15e-07	1.62e-05	5.04e-04	8.49e-03	4.98e-02	1.10e-01	1.73e-01	5.59e-01	9.35e-02	4.86e-03
 2.55061e+23	0.00e+00	3.22e-28	1.05e-23	2.35e-20	2.50e-17	1.48e-14	2.03e-10	1.24e-07	1.74e-05	5.35e-04	8.90e-03	5.16e-02	1.13e-01	1.74e-01	5.55e-01	9.15e-02	4.69e-03
 2.60103e+23	0.00e+00	3.67e-28	1.19e-23	2.60e-20	2.73e-17	1.60e-14	2.18e-10	1.33e-07	1.84e-05	5.62e-04	9.27e-03	5.32e-02	1.15e-01	1.75e-01	5.52e-01	8.98e-02	4.55e-03
 2.64641e+23	0.00e+00	4.10e-28	1.31e-23	2.84e-20	2.94e-17	1.70e-14	2.32e-10	1.41e-07	1.94e-05	5.87e-04	9.59e-03	5.46e-02	1.17e-01	1.76e-01	5.49e-01	8.84e-02	4.43e-03
 2.68725e+23	0.00e+00	4.47e-28	1.41e-23	3.04e-20	3.11e-17	1.78e-14	2.43e-10	1.47e-07	2.02e-05	6.06e-04	9.84e-03	5.57e-02	1.18e-01	1.77e-01	5.47e-01	8.73e-02	4.34e-03
 2.72401e+23	0.00e+00	4.82e-28	1.51e-23	3.23e-20	3.28e-17	1.86e-14	2.53e-10	1.53e-07	2.09e-05	6.23e-04	1.01e-02	5.66e-02	1.20e-01	1.78e-01	5.45e-01	8.64e-02	4.26e-03
 2.75709e+23	0.00e+00	5.15e-28	1.60e-23	3.40e-20	3.43e-17	1.93e-14	2.62e-10	1.58e-07	2.15e-05	6.39e-04	1.03e-02	5.75e-02	1.21e-01	1.78e-01	5.43e-01	8.55e-02	4.19e-03
 2.78803e+23	0.00e+00	5.38e-28	1.67e-23	3.51e-20	3.52e-17	1.97e-14	2.68e-10	1.61e-07	2.20e-05	6.50e-04	1.04e-02	5.81e-02	1.22e-01	1.78e-01	5.42e-01	8.49e-02	4.15e-03
 2.81858e+23	0.00e+00	5.50e-28	1.70e-23	3.58e-20	3.58e-17	2.00e-14	2.72e-10	1.63e-07	2.22e-05	6.55e-04	1.05e-02	5.84e-02	1.22e-01	1.79e-01	5.41e-01	8.47e-02	4.13e-03
 2.84913e+23	0.00e+00	5.63e-28	1.74e-23	3.65e-20	3.64e-17	2.03e-14	2.75e-10	1.65e-07	2.24e-05	6.61e-04	1.05e-02	5.87e-02	1.22e-01	1.79e-01	5.41e-01	8.44e-02	4.10e-03
 2.87968e+23	0.00e+00	5.75e-28	1.77e-23	3.71e-20	3.69e-17	2.05e-14	2.78e-10	1.67e-07	2.27e-05	6.66e-04	1.06e-02	5.90e-02	1.23e-01	1.79e-01	5.40e-01	8.41e-02	4.08e-03
 2.91022e+23	0.00e+00	5.91e-28	1.82e-23	3.79e-20	3.76e-17	2.08e-14	2.82e-10	1.69e-07	2.29e-05	6.73e-04	1.07e-02	5.93e-02	1.23e-01	1.79e-01	5.39e-01	8.38e-02	4.05e-03
 2.94077e+23	0.00e+00	5.96e-28	1.83e-23	3.82e-20	3.78e-17	2.09e-14	2.84e-10	1.70e-07	2.30e-05	6.75e-04	1.07e-02	5.94e-02	1.23e-01	1.79e-01	5.39e-01	8.37e-02	4.05e-03
 2.97132e+23	0.00e+00	6.00e-28	1.84e-23	3.83e-20	3.80e-17	2.10e-14	2.85e-10	1.71e-07	2.31e-05	6.77e-04	1.08e-02	5.95e-02	1.23e-01	1.79e-01	5.39e-01	8.36e-02	4.04e-03
 3.00187e+23	0.00e+00	6.05e-28	1.85e-23	3.86e-20	3.82e-17	2.11e-14	2.86e-10	1.71e-07	2.32e-05	6.79e-04	1.08e-02	5.96e-02	1.24e-01	1.79e-01	5.39e-01	8.35e-02	4.03e-03
 3.03242e+23	0.00e+00	6.16e-28	1.88e-23	3.91e-20	3.86e-17	2.13e-14	2.88e-10	1.73e-07	2.34e-05	6.84e-04	1.08e-02	5.99e-02	1.24e-01	1.79e-01	5.38e-01	8.33e-02	4.01e-03
 3.05125e+23	0.00e+00	6.51e-28	1.98e-23	4.10e-20	4.04e-17	2.21e-14	2.97e-10	1.77e-07	2.39e-05	6.96e-04	1.10e-02	6.05e-02	1.25e-01	1.80e-01	5.37e-01	8.27e-02	3.97e-03
