#depth	Ne	Ne+	Ne+2	Ne+3	Ne+4	Ne+5	Ne+6	Ne+7	Ne+8	Ne+9	Ne+10
 6.17135e+19	0.00e+00	0.00e+00	0.00e+00	0.00e+00	0.00e+00	8.09e-27	1.27e-20	8.68e-15	6.45e-09	1.51e-04	1.00e+00
 1.87609e+20	0.00e+00	0.00e+00	0.00e+00	0.00e+00	0.00e+00	1.20e-26	1.74e-20	1.10e-14	7.54e-09	1.63e-04	1.00e+00
 3.18540e+20	0.00e+00	0.00e+00	0.00e+00	0.00e+00	0.00e+00	1.77e-26	2.38e-20	1.39e-14	8.81e-09	1.76e-04	1.00e+00
 4.54709e+20	0.00e+00	0.00e+00	0.00e+00	0.00e+00	0.00e+00	2.61e-26	3.24e-20	1.75e-14	1.03e-08	1.90e-04	1.00e+00
 5.96324e+20	0.00e+00	0.00e+00	0.00e+00	0.00e+00	0.00e+00	3.85e-26	4.42e-20	2.21e-14	1.20e-08	2.06e-04	1.00e+00
 7.43604e+20	0.00e+00	0.00e+00	0.00e+00	0.00e+00	0.00e+00	5.67e-26	6.03e-20	2.79e-14	1.40e-08	2.22e-04	1.00e+00
 8.96775e+20	0.00e+00	0.00e+00	0.00e+00	0.00e+00	0.00e+00	8.36e-26	8.22e-20	3.51e-14	1.64e-08	2.40e-04	1.00e+00
 1.05607e+21	0.00e+00	0.00e+00	0.00e+00	0.00e+00	0.00e+00	1.23e-25	1.12e-19	4.43e-14	1.91e-08	2.60e-04	1.00e+00
 1.22174e+21	0.00e+00	0.00e+00	0.00e+00	0.00e+00	0.00e+00	1.82e-25	1.53e-19	5.59e-14	2.23e-08	2.81e-04	1.00e+00
 1.39404e+21	0.00e+00	0.00e+00	0.00e+00	0.00e+00	0.00e+00	2.68e-25	2.08e-19	7.05e-14	2.61e-08	3.04e-04	1.00e+00
 1.57323e+21	0.00e+00	0.00e+00	0.00e+00	0.00e+00	0.00e+00	3.95e-25	2.84e-19	8.89e-14	3.05e-08	3.28e-04	1.00e+00
 1.74532e+21	0.00e+00	0.00e+00	0.00e+00	0.00e+00	0.00e+00	5.66e-25	3.78e-19	1.10e-13	3.52e-08	3.53e-04	1.00e+00
 1.90456e+21	0.00e+00	0.00e+00	0.00e+00	0.00e+00	0.00e+00	7.79e-25	4.89e-19	1.33e-13	4.00e-08	3.76e-04	1.00e+00
 2.08445e+21	0.00e+00	0.00e+00	0.00e+00	0.00e+00	0.00e+00	1.10e-24	6.45e-19	1.64e-13	4.59e-08	4.03e-04	1.00e+00
 2.28610e+21	0.00e+00	0.00e+00	0.00e+00	0.00e+00	0.00e+00	1.61e-24	8.73e-19	2.06e-13	5.34e-08	4.35e-04	1.00e+00
 2.47812e+21	0.00e+00	0.00e+00	0.00e+00	0.00e+00	0.00e+00	2.28e-24	1.15e-18	2.53e-13	6.14e-08	4.67e-04	1.00e+00
 2.68298e+21	0.00e+00	0.00e+00	0.00e+00	0.00e+00	0.00e+00	3.26e-24	1.53e-18	3.13e-13	7.08e-08	5.01e-04	9.99e-01
 2.90534e+21	0.00e+00	0.00e+00	0.00e+00	0.00e+00	3.84e-30	4.74e-24	2.06e-18	3.92e-13	8.22e-08	5.40e-04	9.99e-01
 3.11561e+21	0.00e+00	0.00e+00	0.00e+00	0.00e+00	5.79e-30	6.66e-24	2.71e-18	4.80e-13	9.42e-08	5.79e-04	9.99e-01
 3.34269e+21	0.00e+00	0.00e+00	0.00e+00	0.00e+00	8.86e-30	9.49e-24	3.59e-18	5.92e-13	1.09e-07	6.21e-04	9.99e-01
 3.59079e+21	0.00e+00	0.00e+00	0.00e+00	0.00e+00	1.39e-29	1.38e-23	4.84e-18	7.40e-13	1.26e-07	6.70e-04	9.99e-01
 3.82509e+21	0.00e+00	0.00e+00	0.00e+00	0.00e+00	2.10e-29	1.94e-23	6.35e-18	9.06e-13	1.44e-07	7.17e-04	9.99e-01
 4.07780e+21	0.00e+00	0.00e+00	0.00e+00	0.00e+00	3.21e-29	2.76e-23	8.41e-18	1.12e-12	1.66e-07	7.70e-04	9.99e-01
 4.35856e+21	0.00e+00	0.00e+00	0.00e+00	0.00e+00	5.07e-29	4.04e-23	1.14e-17	1.40e-12	1.94e-07	8.32e-04	9.99e-01
 4.62493e+21	0.00e+00	0.00e+00	0.00e+00	0.00e+00	7.71e-29	5.73e-23	1.50e-17	1.72e-12	2.22e-07	8.92e-04	9.99e-01
 4.90772e+21	0.00e+00	0.00e+00	0.00e+00	0.00e+00	1.18e-28	8.16e-23	1.99e-17	2.12e-12	2.56e-07	9.58e-04	9.99e-01
 5.21939e+21	0.00e+00	0.00e+00	0.00e+00	0.00e+00	1.87e-28	1.19e-22	2.69e-17	2.66e-12	2.98e-07	1.03e-03	9.99e-01
 5.51844e+21	0.00e+00	0.00e+00	0.00e+00	0.00e+00	2.85e-28	1.69e-22	3.55e-17	3.27e-12	3.42e-07	1.11e-03	9.99e-01
 5.78246e+21	0.00e+00	0.00e+00	0.00e+00	0.00e+00	4.08e-28	2.28e-22	4.51e-17	3.90e-12	3.86e-07	1.18e-03	9.99e-01
 6.05824e+21	0.00e+00	0.00e+00	0.00e+00	0.00e+00	5.86e-28	3.09e-22	5.72e-17	4.65e-12	4.35e-07	1.25e-03	9.99e-01
 6.40012e+21	0.00e+00	0.00e+00	0.00e+00	0.00e+00	9.09e-28	4.44e-22	7.64e-17	5.76e-12	5.03e-07	1.35e-03	9.99e-01
 6.73252e+21	0.00e+00	0.00e+00	0.00e+00	0.00e+00	1.38e-27	6.27e-22	1.00e-16	7.05e-12	5.77e-07	1.45e-03	9.99e-01
 7.00396e+21	0.00e+00	0.00e+00	0.00e+00	0.00e+00	1.91e-27	8.21e-22	1.24e-16	8.26e-12	6.42e-07	1.53e-03	9.98e-01
 7.29153e+21	0.00e+00	0.00e+00	0.00e+00	0.00e+00	2.67e-27	1.08e-21	1.55e-16	9.72e-12	7.18e-07	1.62e-03	9.98e-01
 7.66487e+21	0.00e+00	0.00e+00	0.00e+00	0.00e+00	4.09e-27	1.54e-21	2.04e-16	1.19e-11	8.26e-07	1.74e-03	9.98e-01
 8.04797e+21	0.00e+00	0.00e+00	0.00e+00	0.00e+00	6.25e-27	2.19e-21	2.70e-16	1.46e-11	9.49e-07	1.87e-03	9.98e-01
 8.36378e+21	0.00e+00	0.00e+00	0.00e+00	0.00e+00	8.75e-27	2.89e-21	3.36e-16	1.72e-11	1.06e-06	1.98e-03	9.98e-01
 8.69384e+21	0.00e+00	0.00e+00	0.00e+00	0.00e+00	1.23e-26	3.83e-21	4.19e-16	2.03e-11	1.19e-06	2.09e-03	9.98e-01
 9.11971e+21	0.00e+00	0.00e+00	0.00e+00	0.00e+00	1.89e-26	5.46e-21	5.54e-16	2.49e-11	1.37e-06	2.25e-03	9.98e-01
 9.55315e+21	0.00e+00	0.00e+00	0.00e+00	0.00e+00	2.91e-26	7.78e-21	7.32e-16	3.05e-11	1.57e-06	2.42e-03	9.98e-01
 9.87883e+21	0.00e+00	0.00e+00	0.00e+00	0.00e+00	3.97e-26	1.01e-20	8.96e-16	3.53e-11	1.74e-06	2.55e-03	9.97e-01
 1.01393e+22	0.00e+00	0.00e+00	0.00e+00	0.00e+00	5.07e-26	1.23e-20	1.05e-15	3.96e-11	1.88e-06	2.66e-03	9.97e-01
 1.04359e+22	0.00e+00	0.00e+00	0.00e+00	0.00e+00	6.65e-26	1.54e-20	1.25e-15	4.50e-11	2.06e-06	2.78e-03	9.97e-01
 1.08214e+22	0.00e+00	0.00e+00	0.00e+00	0.00e+00	9.35e-26	2.03e-20	1.56e-15	5.29e-11	2.30e-06	2.95e-03	9.97e-01
 1.12289e+22	0.00e+00	0.00e+00	0.00e+00	0.00e+00	1.35e-25	2.74e-20	1.96e-15	6.26e-11	2.59e-06	3.13e-03	9.97e-01
 1.15728e+22	0.00e+00	0.00e+00	0.00e+00	0.00e+00	1.81e-25	3.50e-20	2.37e-15	7.18e-11	2.85e-06	3.29e-03	9.97e-01
 1.19278e+22	0.00e+00	0.00e+00	0.00e+00	0.00e+00	2.43e-25	4.45e-20	2.87e-15	8.24e-11	3.14e-06	3.46e-03	9.97e-01
 1.23894e+22	0.00e+00	0.00e+00	0.00e+00	0.00e+00	3.53e-25	6.04e-20	3.64e-15	9.79e-11	3.54e-06	3.69e-03	9.96e-01
 1.28546e+22	0.00e+00	0.00e+00	0.00e+00	0.00e+00	5.16e-25	8.25e-20	4.63e-15	1.17e-10	4.00e-06	3.93e-03	9.96e-01
 1.32164e+22	0.00e+00	0.00e+00	0.00e+00	0.00e+00	6.84e-25	1.04e-19	5.55e-15	1.33e-10	4.39e-06	4.12e-03	9.96e-01
 1.35142e+22	0.00e+00	0.00e+00	0.00e+00	0.00e+00	8.67e-25	1.26e-19	6.43e-15	1.48e-10	4.73e-06	4.29e-03	9.96e-01
 1.38373e+22	0.00e+00	0.00e+00	0.00e+00	0.00e+00	1.10e-24	1.53e-19	7.49e-15	1.65e-10	5.12e-06	4.47e-03	9.96e-01
 1.42574e+22	0.00e+00	0.00e+00	0.00e+00	0.00e+00	1.50e-24	1.97e-19	9.10e-15	1.90e-10	5.65e-06	4.71e-03	9.95e-01
 1.46934e+22	0.00e+00	0.00e+00	0.00e+00	0.00e+00	2.07e-24	2.57e-19	1.12e-14	2.19e-10	6.27e-06	4.98e-03	9.95e-01
 1.50474e+22	0.00e+00	0.00e+00	0.00e+00	4.43e-30	2.68e-24	3.17e-19	1.31e-14	2.46e-10	6.81e-06	5.20e-03	9.95e-01
 1.53577e+22	0.00e+00	0.00e+00	0.00e+00	5.78e-30	3.35e-24	3.80e-19	1.51e-14	2.72e-10	7.32e-06	5.40e-03	9.95e-01
 1.57139e+22	0.00e+00	0.00e+00	0.00e+00	7.71e-30	4.27e-24	4.63e-19	1.76e-14	3.04e-10	7.91e-06	5.62e-03	9.94e-01
 1.61770e+22	0.00e+00	0.00e+00	0.00e+00	1.11e-29	5.82e-24	5.96e-19	2.14e-14	3.49e-10	8.74e-06	5.93e-03	9.94e-01
 1.66553e+22	0.00e+00	0.00e+00	0.00e+00	1.65e-29	8.11e-24	7.82e-19	2.63e-14	4.04e-10	9.72e-06	6.27e-03	9.94e-01
 1.70374e+22	0.00e+00	0.00e+00	0.00e+00	2.23e-29	1.05e-23	9.62e-19	3.09e-14	4.53e-10	1.05e-05	6.54e-03	9.93e-01
 1.73450e+22	0.00e+00	0.00e+00	0.00e+00	2.86e-29	1.29e-23	1.14e-18	3.52e-14	4.96e-10	1.13e-05	6.78e-03	9.93e-01
 1.76717e+22	0.00e+00	0.00e+00	0.00e+00	3.65e-29	1.58e-23	1.35e-18	4.00e-14	5.44e-10	1.20e-05	7.02e-03	9.93e-01
 1.80964e+22	0.00e+00	0.00e+00	0.00e+00	5.00e-29	2.06e-23	1.67e-18	4.72e-14	6.12e-10	1.31e-05	7.34e-03	9.93e-01
 1.85392e+22	0.00e+00	0.00e+00	0.00e+00	7.03e-29	2.75e-23	2.11e-18	5.64e-14	6.94e-10	1.43e-05	7.70e-03	9.92e-01
 1.88995e+22	0.00e+00	0.00e+00	0.00e+00	9.19e-29	3.44e-23	2.53e-18	6.49e-14	7.66e-10	1.54e-05	7.99e-03	9.92e-01
 1.92620e+22	0.00e+00	0.00e+00	0.00e+00	1.19e-28	4.29e-23	3.03e-18	7.45e-14	8.44e-10	1.65e-05	8.30e-03	9.92e-01
 1.97332e+22	0.00e+00	0.00e+00	0.00e+00	1.66e-28	5.67e-23	3.80e-18	8.86e-14	9.55e-10	1.81e-05	8.69e-03	9.91e-01
 2.02110e+22	0.00e+00	0.00e+00	0.00e+00	2.37e-28	7.63e-23	4.83e-18	1.07e-13	1.09e-09	1.99e-05	9.13e-03	9.91e-01
 2.05796e+22	0.00e+00	0.00e+00	0.00e+00	3.08e-28	9.51e-23	5.78e-18	1.22e-13	1.20e-09	2.13e-05	9.47e-03	9.91e-01
 2.09410e+22	0.00e+00	0.00e+00	0.00e+00	3.94e-28	1.17e-22	6.84e-18	1.39e-13	1.31e-09	2.28e-05	9.81e-03	9.90e-01
 2.13444e+22	0.00e+00	0.00e+00	0.00e+00	5.21e-28	1.48e-22	8.29e-18	1.61e-13	1.45e-09	2.45e-05	1.02e-02	9.90e-01
 2.17146e+22	0.00e+00	0.00e+00	0.00e+00	6.73e-28	1.84e-22	9.87e-18	1.84e-13	1.60e-09	2.62e-05	1.06e-02	9.89e-01
 2.20510e+22	0.00e+00	0.00e+00	0.00e+00	8.42e-28	2.22e-22	1.15e-17	2.07e-13	1.74e-09	2.79e-05	1.09e-02	9.89e-01
 2.24312e+22	0.00e+00	0.00e+00	0.00e+00	1.09e-27	2.76e-22	1.37e-17	2.37e-13	1.91e-09	2.98e-05	1.13e-02	9.89e-01
 2.28583e+22	0.00e+00	0.00e+00	0.00e+00	1.43e-27	3.48e-22	1.66e-17	2.73e-13	2.11e-09	3.21e-05	1.17e-02	9.88e-01
 2.32670e+22	0.00e+00	0.00e+00	0.00e+00	1.89e-27	4.38e-22	2.00e-17	3.16e-13	2.34e-09	3.45e-05	1.22e-02	9.88e-01
 2.36491e+22	0.00e+00	0.00e+00	0.00e+00	2.43e-27	5.41e-22	2.37e-17	3.60e-13	2.56e-09	3.69e-05	1.26e-02	9.87e-01
 2.40172e+22	0.00e+00	0.00e+00	0.00e+00	3.07e-27	6.59e-22	2.79e-17	4.07e-13	2.79e-09	3.93e-05	1.30e-02	9.87e-01
 2.44369e+22	0.00e+00	0.00e+00	0.00e+00	3.97e-27	8.19e-22	3.33e-17	4.66e-13	3.08e-09	4.21e-05	1.35e-02	9.86e-01
 2.49057e+22	0.00e+00	0.00e+00	0.00e+00	5.38e-27	1.06e-21	4.09e-17	5.46e-13	3.44e-09	4.56e-05	1.41e-02	9.86e-01
 2.53297e+22	0.00e+00	0.00e+00	0.00e+00	7.02e-27	1.32e-21	4.92e-17	6.28e-13	3.80e-09	4.89e-05	1.46e-02	9.85e-01
 2.57088e+22	0.00e+00	0.00e+00	0.00e+00	8.89e-27	1.61e-21	5.78e-17	7.11e-13	4.14e-09	5.21e-05	1.51e-02	9.85e-01
 2.61382e+22	0.00e+00	0.00e+00	0.00e+00	1.14e-26	1.99e-21	6.87e-17	8.12e-13	4.56e-09	5.57e-05	1.56e-02	9.84e-01
 2.66182e+22	0.00e+00	0.00e+00	0.00e+00	1.54e-26	2.56e-21	8.42e-17	9.50e-13	5.09e-09	6.02e-05	1.62e-02	9.84e-01
 2.70533e+22	0.00e+00	0.00e+00	0.00e+00	2.00e-26	3.20e-21	1.01e-16	1.09e-12	5.61e-09	6.45e-05	1.68e-02	9.83e-01
 2.74420e+22	0.00e+00	0.00e+00	0.00e+00	2.52e-26	3.89e-21	1.18e-16	1.23e-12	6.12e-09	6.86e-05	1.73e-02	9.83e-01
 2.78812e+22	0.00e+00	0.00e+00	0.00e+00	3.22e-26	4.78e-21	1.40e-16	1.40e-12	6.71e-09	7.32e-05	1.79e-02	9.82e-01
 2.84523e+22	0.00e+00	0.00e+00	0.00e+00	4.49e-26	6.33e-21	1.76e-16	1.67e-12	7.61e-09	7.99e-05	1.87e-02	9.81e-01
 2.90258e+22	0.00e+00	0.00e+00	0.00e+00	6.28e-26	8.41e-21	2.22e-16	2.00e-12	8.63e-09	8.72e-05	1.96e-02	9.80e-01
 2.94581e+22	0.00e+00	0.00e+00	0.00e+00	8.04e-26	1.04e-20	2.63e-16	2.28e-12	9.48e-09	9.31e-05	2.03e-02	9.80e-01
 2.98756e+22	0.00e+00	0.00e+00	0.00e+00	1.01e-25	1.26e-20	3.08e-16	2.58e-12	1.03e-08	9.89e-05	2.09e-02	9.79e-01
 3.04184e+22	0.00e+00	0.00e+00	0.00e+00	1.36e-25	1.61e-20	3.78e-16	3.02e-12	1.16e-08	1.07e-04	2.17e-02	9.78e-01
 3.09909e+22	0.00e+00	0.00e+00	0.00e+00	1.86e-25	2.10e-20	4.71e-16	3.57e-12	1.30e-08	1.16e-04	2.26e-02	9.77e-01
 3.14741e+22	0.00e+00	0.00e+00	0.00e+00	2.42e-25	2.63e-20	5.64e-16	4.11e-12	1.44e-08	1.24e-04	2.34e-02	9.76e-01
 3.19743e+22	0.00e+00	0.00e+00	0.00e+00	3.13e-25	3.27e-20	6.76e-16	4.72e-12	1.59e-08	1.33e-04	2.42e-02	9.76e-01
 3.26245e+22	0.00e+00	0.00e+00	0.00e+00	4.36e-25	4.33e-20	8.51e-16	5.64e-12	1.81e-08	1.45e-04	2.53e-02	9.75e-01
 3.32706e+22	0.00e+00	0.00e+00	0.00e+00	6.13e-25	5.78e-20	1.08e-15	6.77e-12	2.06e-08	1.59e-04	2.65e-02	9.73e-01
 3.37605e+22	0.00e+00	0.00e+00	0.00e+00	7.87e-25	7.14e-20	1.28e-15	7.74e-12	2.27e-08	1.70e-04	2.73e-02	9.72e-01
 3.42466e+22	0.00e+00	0.00e+00	0.00e+00	9.95e-25	8.71e-20	1.51e-15	8.79e-12	2.49e-08	1.80e-04	2.82e-02	9.72e-01
 3.48784e+22	0.00e+00	0.00e+00	0.00e+00	1.35e-24	1.13e-19	1.87e-15	1.04e-11	2.80e-08	1.95e-04	2.93e-02	9.70e-01
 3.55405e+22	0.00e+00	0.00e+00	0.00e+00	1.86e-24	1.48e-19	2.34e-15	1.23e-11	3.18e-08	2.13e-04	3.06e-02	9.69e-01
 3.60909e+22	0.00e+00	0.00e+00	4.99e-30	2.42e-24	1.85e-19	2.81e-15	1.42e-11	3.52e-08	2.28e-04	3.16e-02	9.68e-01
 3.66556e+22	0.00e+00	0.00e+00	6.61e-30	3.09e-24	2.28e-19	3.33e-15	1.62e-11	3.87e-08	2.43e-04	3.27e-02	9.67e-01
 3.73897e+22	0.00e+00	0.00e+00	9.76e-30	4.32e-24	3.03e-19	4.22e-15	1.95e-11	4.42e-08	2.65e-04	3.41e-02	9.66e-01
 3.81285e+22	0.00e+00	0.00e+00	1.44e-29	6.05e-24	4.03e-19	5.34e-15	2.34e-11	5.04e-08	2.90e-04	3.56e-02	9.64e-01
 3.86960e+22	0.00e+00	0.00e+00	1.92e-29	7.77e-24	4.99e-19	6.36e-15	2.68e-11	5.56e-08	3.09e-04	3.68e-02	9.63e-01
 3.92563e+22	0.00e+00	0.00e+00	2.51e-29	9.80e-24	6.08e-19	7.48e-15	3.05e-11	6.10e-08	3.29e-04	3.79e-02	9.62e-01
 3.99848e+22	0.00e+00	0.00e+00	3.54e-29	1.32e-23	7.83e-19	9.23e-15	3.58e-11	6.86e-08	3.56e-04	3.94e-02	9.60e-01
 4.07651e+22	0.00e+00	0.00e+00	5.15e-29	1.83e-23	1.03e-18	1.16e-14	4.28e-11	7.81e-08	3.87e-04	4.11e-02	9.59e-01
 4.14387e+22	0.00e+00	0.00e+00	7.05e-29	2.40e-23	1.30e-18	1.40e-14	4.97e-11	8.70e-08	4.16e-04	4.25e-02	9.57e-01
 4.21401e+22	0.00e+00	0.00e+00	9.57e-29	3.12e-23	1.63e-18	1.69e-14	5.75e-11	9.67e-08	4.46e-04	4.40e-02	9.56e-01
 4.30520e+22	0.00e+00	0.00e+00	1.42e-28	4.39e-23	2.18e-18	2.15e-14	6.93e-11	1.11e-07	4.88e-04	4.60e-02	9.54e-01
 4.39897e+22	0.00e+00	0.00e+00	2.14e-28	6.27e-23	2.95e-18	2.76e-14	8.44e-11	1.28e-07	5.36e-04	4.81e-02	9.51e-01
 4.47103e+22	0.00e+00	0.00e+00	2.90e-28	8.18e-23	3.70e-18	3.33e-14	9.77e-11	1.42e-07	5.75e-04	4.98e-02	9.50e-01
 4.53055e+22	0.00e+00	0.00e+00	3.68e-28	1.00e-22	4.41e-18	3.85e-14	1.09e-10	1.54e-07	6.07e-04	5.11e-02	9.48e-01
 4.59883e+22	0.00e+00	0.00e+00	4.85e-28	1.28e-22	5.41e-18	4.56e-14	1.25e-10	1.70e-07	6.47e-04	5.27e-02	9.47e-01
 4.68759e+22	0.00e+00	0.00e+00	6.76e-28	1.70e-22	6.91e-18	5.59e-14	1.46e-10	1.91e-07	6.98e-04	5.47e-02	9.45e-01
 4.78508e+22	0.00e+00	0.00e+00	9.86e-28	2.36e-22	9.14e-18	7.05e-14	1.75e-10	2.18e-07	7.61e-04	5.70e-02	9.42e-01
 4.87172e+22	0.00e+00	0.00e+00	1.37e-27	3.14e-22	1.16e-17	8.61e-14	2.05e-10	2.44e-07	8.20e-04	5.91e-02	9.40e-01
 4.94849e+22	0.00e+00	0.00e+00	1.80e-27	3.99e-22	1.43e-17	1.02e-13	2.34e-10	2.69e-07	8.74e-04	6.09e-02	9.38e-01
 5.03465e+22	0.00e+00	0.00e+00	2.41e-27	5.13e-22	1.77e-17	1.22e-13	2.69e-10	2.97e-07	9.34e-04	6.29e-02	9.36e-01
 5.14665e+22	0.00e+00	0.00e+00	3.53e-27	7.15e-22	2.35e-17	1.54e-13	3.24e-10	3.40e-07	1.02e-03	6.56e-02	9.33e-01
 5.25806e+22	0.00e+00	0.00e+00	5.22e-27	1.01e-21	3.15e-17	1.96e-13	3.91e-10	3.90e-07	1.12e-03	6.85e-02	9.30e-01
 5.34215e+22	0.00e+00	0.00e+00	6.90e-27	1.28e-21	3.87e-17	2.33e-13	4.47e-10	4.30e-07	1.19e-03	7.06e-02	9.28e-01
 5.42491e+22	0.00e+00	0.00e+00	8.87e-27	1.59e-21	4.66e-17	2.72e-13	5.05e-10	4.70e-07	1.26e-03	7.26e-02	9.26e-01
 5.53250e+22	0.00e+00	0.00e+00	1.24e-26	2.12e-21	5.96e-17	3.34e-13	5.92e-10	5.28e-07	1.36e-03	7.53e-02	9.23e-01
 5.65051e+22	0.00e+00	0.00e+00	1.78e-26	2.92e-21	7.81e-17	4.18e-13	7.07e-10	6.01e-07	1.48e-03	7.84e-02	9.20e-01
 5.75554e+22	0.00e+00	0.00e+00	2.45e-26	3.85e-21	9.90e-17	5.08e-13	8.24e-10	6.72e-07	1.59e-03	8.11e-02	9.17e-01
 5.85095e+22	0.00e+00	0.00e+00	3.22e-26	4.89e-21	1.21e-16	6.02e-13	9.42e-10	7.40e-07	1.69e-03	8.36e-02	9.15e-01
 5.96036e+22	0.00e+00	0.00e+00	4.35e-26	6.34e-21	1.52e-16	7.25e-13	1.09e-09	8.23e-07	1.81e-03	8.64e-02	9.12e-01
 6.10260e+22	0.00e+00	0.00e+00	6.34e-26	8.79e-21	2.01e-16	9.14e-13	1.31e-09	9.40e-07	1.98e-03	9.00e-02	9.08e-01
 6.24515e+22	0.00e+00	0.00e+00	9.47e-26	1.25e-20	2.70e-16	1.17e-12	1.59e-09	1.08e-06	2.17e-03	9.40e-02	9.04e-01
 6.35288e+22	0.00e+00	0.00e+00	1.26e-25	1.60e-20	3.34e-16	1.40e-12	1.82e-09	1.20e-06	2.31e-03	9.69e-02	9.01e-01
 6.45768e+22	0.00e+00	0.00e+00	1.62e-25	1.99e-20	4.03e-16	1.63e-12	2.06e-09	1.31e-06	2.45e-03	9.96e-02	8.98e-01
 6.59393e+22	0.00e+00	0.00e+00	2.26e-25	2.65e-20	5.15e-16	2.00e-12	2.41e-09	1.47e-06	2.64e-03	1.03e-01	8.94e-01
 6.74361e+22	0.00e+00	0.00e+00	3.27e-25	3.66e-20	6.79e-16	2.52e-12	2.89e-09	1.68e-06	2.88e-03	1.07e-01	8.90e-01
 6.87653e+22	0.00e+00	0.00e+00	4.51e-25	4.83e-20	8.61e-16	3.07e-12	3.37e-09	1.88e-06	3.09e-03	1.11e-01	8.86e-01
 6.99660e+22	0.00e+00	0.00e+00	5.93e-25	6.14e-20	1.06e-15	3.63e-12	3.85e-09	2.07e-06	3.29e-03	1.14e-01	8.82e-01
 7.13420e+22	0.00e+00	0.00e+00	7.98e-25	7.94e-20	1.32e-15	4.37e-12	4.45e-09	2.30e-06	3.53e-03	1.18e-01	8.78e-01
 7.31308e+22	0.00e+00	0.00e+00	1.15e-24	1.09e-19	1.73e-15	5.47e-12	5.31e-09	2.61e-06	3.83e-03	1.23e-01	8.74e-01
 7.50339e+22	0.00e+00	0.00e+00	1.76e-24	1.58e-19	2.37e-15	7.11e-12	6.52e-09	3.03e-06	4.22e-03	1.28e-01	8.68e-01
 7.66041e+22	0.00e+00	0.00e+00	2.45e-24	2.11e-19	3.04e-15	8.74e-12	7.67e-09	3.41e-06	4.55e-03	1.33e-01	8.63e-01
 7.78940e+22	0.00e+00	0.00e+00	3.19e-24	2.65e-19	3.69e-15	1.03e-11	8.72e-09	3.74e-06	4.83e-03	1.36e-01	8.59e-01
 7.93011e+22	0.00e+00	5.66e-30	4.16e-24	3.34e-19	4.50e-15	1.21e-11	9.91e-09	4.11e-06	5.13e-03	1.40e-01	8.55e-01
 8.11302e+22	0.00e+00	8.23e-30	5.79e-24	4.44e-19	5.75e-15	1.49e-11	1.16e-08	4.61e-06	5.52e-03	1.45e-01	8.49e-01
 8.31470e+22	0.00e+00	1.27e-29	8.46e-24	6.19e-19	7.63e-15	1.88e-11	1.40e-08	5.27e-06	6.01e-03	1.51e-01	8.43e-01
 8.49451e+22	0.00e+00	1.85e-29	1.18e-23	8.28e-19	9.80e-15	2.32e-11	1.65e-08	5.93e-06	6.49e-03	1.56e-01	8.38e-01
 8.65524e+22	0.00e+00	2.55e-29	1.57e-23	1.06e-18	1.21e-14	2.75e-11	1.88e-08	6.54e-06	6.91e-03	1.60e-01	8.33e-01
 8.83742e+22	0.00e+00	3.53e-29	2.09e-23	1.36e-18	1.49e-14	3.29e-11	2.17e-08	7.24e-06	7.37e-03	1.65e-01	8.27e-01
 9.07427e+22	0.00e+00	5.44e-29	3.05e-23	1.89e-18	1.98e-14	4.16e-11	2.61e-08	8.27e-06	8.02e-03	1.72e-01	8.20e-01
 9.31984e+22	0.00e+00	8.73e-29	4.63e-23	2.71e-18	2.71e-14	5.39e-11	3.19e-08	9.57e-06	8.80e-03	1.79e-01	8.12e-01
 9.50168e+22	0.00e+00	1.23e-28	6.28e-23	3.53e-18	3.39e-14	6.51e-11	3.70e-08	1.06e-05	9.41e-03	1.84e-01	8.06e-01
 9.63757e+22	0.00e+00	1.55e-28	7.70e-23	4.22e-18	3.95e-14	7.39e-11	4.08e-08	1.14e-05	9.85e-03	1.88e-01	8.02e-01
 9.78881e+22	0.00e+00	2.01e-28	9.68e-23	5.15e-18	4.68e-14	8.51e-11	4.56e-08	1.24e-05	1.04e-02	1.92e-01	7.98e-01
 9.98543e+22	0.00e+00	2.72e-28	1.26e-22	6.47e-18	5.70e-14	1.00e-10	5.18e-08	1.36e-05	1.10e-02	1.97e-01	7.92e-01
 1.02410e+23	0.00e+00	4.00e-28	1.77e-22	8.71e-18	7.35e-14	1.24e-10	6.11e-08	1.53e-05	1.18e-02	2.04e-01	7.85e-01
 1.04894e+23	0.00e+00	6.12e-28	2.58e-22	1.21e-17	9.72e-14	1.56e-10	7.34e-08	1.74e-05	1.29e-02	2.11e-01	7.76e-01
 1.06566e+23	0.00e+00	8.10e-28	3.30e-22	1.49e-17	1.17e-13	1.82e-10	8.27e-08	1.90e-05	1.36e-02	2.16e-01	7.71e-01
 1.08020e+23	0.00e+00	9.94e-28	3.95e-22	1.75e-17	1.34e-13	2.04e-10	9.02e-08	2.02e-05	1.41e-02	2.20e-01	7.66e-01
 1.09910e+23	0.00e+00	1.29e-27	4.96e-22	2.13e-17	1.58e-13	2.35e-10	1.01e-07	2.19e-05	1.48e-02	2.24e-01	7.61e-01
 1.12026e+23	0.00e+00	1.74e-27	6.49e-22	2.69e-17	1.93e-13	2.77e-10	1.15e-07	2.40e-05	1.57e-02	2.30e-01	7.54e-01
 1.13907e+23	0.00e+00	2.31e-27	8.29e-22	3.33e-17	2.32e-13	3.23e-10	1.29e-07	2.62e-05	1.66e-02	2.35e-01	7.48e-01
 1.15481e+23	0.00e+00	2.84e-27	9.96e-22	3.90e-17	2.66e-13	3.62e-10	1.41e-07	2.79e-05	1.73e-02	2.39e-01	7.44e-01
 1.17186e+23	0.00e+00	3.56e-27	1.22e-21	4.64e-17	3.09e-13	4.10e-10	1.56e-07	2.99e-05	1.80e-02	2.43e-01	7.39e-01
 1.19402e+23	0.00e+00	4.60e-27	1.52e-21	5.64e-17	3.65e-13	4.71e-10	1.74e-07	3.23e-05	1.89e-02	2.48e-01	7.33e-01
 1.22283e+23	0.00e+00	6.47e-27	2.06e-21	7.33e-17	4.58e-13	5.69e-10	2.01e-07	3.59e-05	2.02e-02	2.55e-01	7.25e-01
 1.25131e+23	0.00e+00	9.56e-27	2.90e-21	9.89e-17	5.92e-13	7.05e-10	2.38e-07	4.04e-05	2.17e-02	2.63e-01	7.15e-01
 1.27096e+23	0.00e+00	1.25e-26	3.69e-21	1.22e-16	7.08e-13	8.19e-10	2.67e-07	4.39e-05	2.29e-02	2.68e-01	7.09e-01
 1.28489e+23	0.00e+00	1.48e-26	4.28e-21	1.38e-16	7.90e-13	8.97e-10	2.87e-07	4.62e-05	2.36e-02	2.72e-01	7.05e-01
 1.29979e+23	0.00e+00	1.74e-26	4.92e-21	1.56e-16	8.77e-13	9.79e-10	3.07e-07	4.85e-05	2.44e-02	2.75e-01	7.01e-01
 1.31917e+23	0.00e+00	2.14e-26	5.90e-21	1.83e-16	1.01e-12	1.10e-09	3.36e-07	5.17e-05	2.53e-02	2.79e-01	6.95e-01
 1.34436e+23	0.00e+00	2.72e-26	7.29e-21	2.20e-16	1.18e-12	1.25e-09	3.72e-07	5.56e-05	2.65e-02	2.84e-01	6.89e-01
 1.37710e+23	0.00e+00	3.72e-26	9.61e-21	2.80e-16	1.45e-12	1.49e-09	4.26e-07	6.12e-05	2.81e-02	2.91e-01	6.81e-01
 1.40997e+23	0.00e+00	5.39e-26	1.33e-20	3.72e-16	1.85e-12	1.83e-09	5.00e-07	6.85e-05	3.01e-02	2.99e-01	6.71e-01
 1.43318e+23	0.00e+00	7.13e-26	1.71e-20	4.61e-16	2.23e-12	2.13e-09	5.64e-07	7.46e-05	3.17e-02	3.05e-01	6.63e-01
 1.44995e+23	0.00e+00	8.36e-26	1.96e-20	5.21e-16	2.47e-12	2.33e-09	6.04e-07	7.83e-05	3.27e-02	3.08e-01	6.59e-01
 1.46818e+23	0.00e+00	9.73e-26	2.24e-20	5.84e-16	2.73e-12	2.53e-09	6.44e-07	8.19e-05	3.36e-02	3.12e-01	6.55e-01
 1.49187e+23	0.00e+00	1.18e-25	2.66e-20	6.79e-16	3.11e-12	2.82e-09	7.01e-07	8.70e-05	3.48e-02	3.16e-01	6.49e-01
 1.52267e+23	0.00e+00	1.51e-25	3.29e-20	8.17e-16	3.65e-12	3.22e-09	7.78e-07	9.36e-05	3.64e-02	3.21e-01	6.42e-01
 1.55743e+23	0.00e+00	2.04e-25	4.31e-20	1.03e-15	4.47e-12	3.82e-09	8.89e-07	1.03e-04	3.85e-02	3.28e-01	6.33e-01
 1.58785e+23	0.00e+00	2.71e-25	5.53e-20	1.28e-15	5.38e-12	4.47e-09	1.00e-06	1.12e-04	4.06e-02	3.34e-01	6.25e-01
 1.61157e+23	0.00e+00	3.36e-25	6.68e-20	1.51e-15	6.20e-12	5.03e-09	1.10e-06	1.20e-04	4.22e-02	3.39e-01	6.18e-01
 1.63604e+23	0.00e+00	3.94e-25	7.69e-20	1.71e-15	6.90e-12	5.50e-09	1.18e-06	1.25e-04	4.34e-02	3.43e-01	6.14e-01
 1.66786e+23	0.00e+00	4.89e-25	9.30e-20	2.02e-15	7.96e-12	6.20e-09	1.30e-06	1.34e-04	4.52e-02	3.48e-01	6.07e-01
 1.70922e+23	0.00e+00	6.18e-25	1.15e-19	2.42e-15	9.31e-12	7.07e-09	1.44e-06	1.44e-04	4.72e-02	3.53e-01	6.00e-01
 1.76300e+23	0.00e+00	8.31e-25	1.49e-19	3.03e-15	1.13e-11	8.34e-09	1.63e-06	1.58e-04	4.98e-02	3.60e-01	5.90e-01
 1.81853e+23	0.00e+00	1.25e-24	2.13e-19	4.15e-15	1.49e-11	1.05e-08	1.95e-06	1.78e-04	5.36e-02	3.69e-01	5.77e-01
 1.85743e+23	0.00e+00	1.73e-24	2.84e-19	5.33e-15	1.85e-11	1.26e-08	2.25e-06	1.97e-04	5.68e-02	3.76e-01	5.67e-01
 1.88132e+23	0.00e+00	1.99e-24	3.22e-19	5.95e-15	2.03e-11	1.36e-08	2.40e-06	2.06e-04	5.83e-02	3.80e-01	5.62e-01
 1.90461e+23	0.00e+00	2.24e-24	3.57e-19	6.51e-15	2.20e-11	1.45e-08	2.52e-06	2.13e-04	5.96e-02	3.82e-01	5.58e-01
 1.93489e+23	0.00e+00	2.60e-24	4.08e-19	7.31e-15	2.43e-11	1.58e-08	2.70e-06	2.23e-04	6.12e-02	3.86e-01	5.53e-01
 1.97426e+23	0.00e+00	3.02e-24	4.64e-19	8.19e-15	2.68e-11	1.72e-08	2.88e-06	2.34e-04	6.29e-02	3.89e-01	5.48e-01
 2.02543e+23	0.00e+00	3.56e-24	5.38e-19	9.30e-15	2.99e-11	1.89e-08	3.10e-06	2.46e-04	6.48e-02	3.93e-01	5.42e-01
 2.09195e+23	0.00e+00	4.33e-24	6.40e-19	1.08e-14	3.41e-11	2.11e-08	3.38e-06	2.61e-04	6.71e-02	3.97e-01	5.36e-01
 2.17276e+23	0.00e+00	5.59e-24	8.02e-19	1.32e-14	4.05e-11	2.44e-08	3.78e-06	2.82e-04	7.02e-02	4.03e-01	5.27e-01
 2.25549e+23	0.00e+00	7.63e-24	1.06e-18	1.68e-14	5.00e-11	2.91e-08	4.34e-06	3.11e-04	7.42e-02	4.10e-01	5.16e-01
 2.32413e+23	0.00e+00	1.02e-23	1.36e-18	2.09e-14	6.06e-11	3.42e-08	4.93e-06	3.39e-04	7.81e-02	4.16e-01	5.06e-01
 2.37758e+23	0.00e+00	1.18e-23	1.56e-18	2.35e-14	6.71e-11	3.72e-08	5.27e-06	3.56e-04	8.02e-02	4.19e-01	5.00e-01
 2.43350e+23	0.00e+00	1.28e-23	1.68e-18	2.51e-14	7.08e-11	3.90e-08	5.47e-06	3.65e-04	8.14e-02	4.21e-01	4.97e-01
 2.49459e+23	0.00e+00	1.51e-23	1.93e-18	2.84e-14	7.90e-11	4.28e-08	5.88e-06	3.83e-04	8.38e-02	4.24e-01	4.91e-01
 2.55061e+23	0.00e+00	1.70e-23	2.15e-18	3.11e-14	8.55e-11	4.57e-08	6.19e-06	3.97e-04	8.55e-02	4.27e-01	4.87e-01
 2.60103e+23	0.00e+00	1.88e-23	2.34e-18	3.36e-14	9.15e-11	4.84e-08	6.48e-06	4.10e-04	8.70e-02	4.29e-01	4.83e-01
 2.64641e+23	0.00e+00	2.04e-23	2.53e-18	3.60e-14	9.70e-11	5.09e-08	6.73e-06	4.21e-04	8.84e-02	4.31e-01	4.80e-01
 2.68725e+23	0.00e+00	2.18e-23	2.68e-18	3.78e-14	1.01e-10	5.28e-08	6.93e-06	4.30e-04	8.94e-02	4.32e-01	4.78e-01
 2.72401e+23	0.00e+00	2.31e-23	2.82e-18	3.95e-14	1.05e-10	5.45e-08	7.11e-06	4.37e-04	9.03e-02	4.33e-01	4.76e-01
 2.75709e+23	0.00e+00	2.43e-23	2.95e-18	4.11e-14	1.09e-10	5.61e-08	7.27e-06	4.44e-04	9.11e-02	4.34e-01	4.74e-01
 2.78803e+23	0.00e+00	2.52e-23	3.05e-18	4.23e-14	1.12e-10	5.73e-08	7.39e-06	4.49e-04	9.17e-02	4.35e-01	4.73e-01
 2.81858e+23	0.00e+00	2.56e-23	3.09e-18	4.28e-14	1.13e-10	5.78e-08	7.44e-06	4.51e-04	9.19e-02	4.36e-01	4.72e-01
 2.84913e+23	0.00e+00	2.61e-23	3.14e-18	4.34e-14	1.14e-10	5.84e-08	7.50e-06	4.54e-04	9.22e-02	4.36e-01	4.71e-01
 2.87968e+23	0.00e+00	2.65e-23	3.18e-18	4.40e-14	1.16e-10	5.89e-08	7.56e-06	4.56e-04	9.25e-02	4.36e-01	4.71e-01
 2.91022e+23	0.00e+00	2.71e-23	3.25e-18	4.47e-14	1.17e-10	5.97e-08	7.63e-06	4.59e-04	9.28e-02	4.37e-01	4.70e-01
 2.94077e+23	0.00e+00	2.72e-23	3.26e-18	4.49e-14	1.18e-10	5.99e-08	7.65e-06	4.60e-04	9.29e-02	4.37e-01	4.70e-01
 2.97132e+23	0.00e+00	2.74e-23	3.28e-18	4.51e-14	1.18e-10	6.00e-08	7.66e-06	4.61e-04	9.30e-02	4.37e-01	4.70e-01
 3.00187e+23	0.00e+00	2.75e-23	3.30e-18	4.53e-14	1.19e-10	6.03e-08	7.69e-06	4.61e-04	9.31e-02	4.37e-01	4.69e-01
 3.03242e+23	0.00e+00	2.79e-23	3.34e-18	4.58e-14	1.20e-10	6.08e-08	7.74e-06	4.64e-04	9.34e-02	4.37e-01	4.69e-01
 3.05125e+23	0.00e+00	2.89e-23	3.44e-18	4.71e-14	1.23e-10	6.19e-08	7.85e-06	4.68e-04	9.39e-02	4.38e-01	4.68e-01
