#depth	N	N+	N+2	N+3	N+4	N+5	N+6	N+7
 6.17135e+19	0.00e+00	0.00e+00	0.00e+00	3.44e-25	8.69e-18	5.57e-11	9.35e-06	1.00e+00
 1.87609e+20	0.00e+00	0.00e+00	0.00e+00	4.71e-25	1.10e-17	6.51e-11	1.01e-05	1.00e+00
 3.18540e+20	0.00e+00	0.00e+00	0.00e+00	6.43e-25	1.39e-17	7.60e-11	1.09e-05	1.00e+00
 4.54709e+20	0.00e+00	0.00e+00	0.00e+00	8.78e-25	1.75e-17	8.88e-11	1.18e-05	1.00e+00
 5.96324e+20	0.00e+00	0.00e+00	0.00e+00	1.20e-24	2.21e-17	1.04e-10	1.28e-05	1.00e+00
 7.43604e+20	0.00e+00	0.00e+00	0.00e+00	1.63e-24	2.79e-17	1.21e-10	1.38e-05	1.00e+00
 8.96775e+20	0.00e+00	0.00e+00	0.00e+00	2.23e-24	3.52e-17	1.41e-10	1.49e-05	1.00e+00
 1.05607e+21	0.00e+00	0.00e+00	0.00e+00	3.04e-24	4.44e-17	1.65e-10	1.61e-05	1.00e+00
 1.22174e+21	0.00e+00	0.00e+00	0.00e+00	4.14e-24	5.60e-17	1.93e-10	1.74e-05	1.00e+00
 1.39404e+21	0.00e+00	0.00e+00	0.00e+00	5.65e-24	7.07e-17	2.25e-10	1.88e-05	1.00e+00
 1.57323e+21	0.00e+00	0.00e+00	0.00e+00	7.70e-24	8.91e-17	2.63e-10	2.04e-05	1.00e+00
 1.74532e+21	0.00e+00	0.00e+00	0.00e+00	1.03e-23	1.11e-16	3.03e-10	2.19e-05	1.00e+00
 1.90456e+21	0.00e+00	0.00e+00	0.00e+00	1.33e-23	1.34e-16	3.45e-10	2.33e-05	1.00e+00
 2.08445e+21	0.00e+00	0.00e+00	0.00e+00	1.75e-23	1.65e-16	3.96e-10	2.50e-05	1.00e+00
 2.28610e+21	0.00e+00	0.00e+00	0.00e+00	2.37e-23	2.07e-16	4.61e-10	2.70e-05	1.00e+00
 2.47812e+21	0.00e+00	0.00e+00	0.00e+00	3.13e-23	2.54e-16	5.30e-10	2.90e-05	1.00e+00
 2.68298e+21	0.00e+00	0.00e+00	0.00e+00	4.16e-23	3.15e-16	6.11e-10	3.11e-05	1.00e+00
 2.90534e+21	0.00e+00	0.00e+00	0.00e+00	5.61e-23	3.94e-16	7.09e-10	3.35e-05	1.00e+00
 3.11561e+21	0.00e+00	0.00e+00	0.00e+00	7.37e-23	4.82e-16	8.12e-10	3.59e-05	1.00e+00
 3.34269e+21	0.00e+00	0.00e+00	0.00e+00	9.78e-23	5.96e-16	9.35e-10	3.86e-05	1.00e+00
 3.59079e+21	0.00e+00	0.00e+00	4.68e-30	1.32e-22	7.45e-16	1.09e-09	4.16e-05	1.00e+00
 3.82509e+21	0.00e+00	0.00e+00	6.59e-30	1.73e-22	9.13e-16	1.24e-09	4.46e-05	1.00e+00
 4.07780e+21	0.00e+00	0.00e+00	9.39e-30	2.30e-22	1.13e-15	1.43e-09	4.79e-05	1.00e+00
 4.35856e+21	0.00e+00	0.00e+00	1.38e-29	3.11e-22	1.41e-15	1.67e-09	5.17e-05	1.00e+00
 4.62493e+21	0.00e+00	0.00e+00	1.95e-29	4.11e-22	1.74e-15	1.91e-09	5.54e-05	1.00e+00
 4.90772e+21	0.00e+00	0.00e+00	2.78e-29	5.45e-22	2.14e-15	2.20e-09	5.96e-05	1.00e+00
 5.21939e+21	0.00e+00	0.00e+00	4.07e-29	7.38e-22	2.68e-15	2.56e-09	6.43e-05	1.00e+00
 5.51844e+21	0.00e+00	0.00e+00	5.79e-29	9.76e-22	3.30e-15	2.94e-09	6.90e-05	1.00e+00
 5.78246e+21	0.00e+00	0.00e+00	7.82e-29	1.24e-21	3.94e-15	3.31e-09	7.33e-05	1.00e+00
 6.05824e+21	0.00e+00	0.00e+00	1.06e-28	1.58e-21	4.71e-15	3.74e-09	7.80e-05	1.00e+00
 6.40012e+21	0.00e+00	0.00e+00	1.53e-28	2.11e-21	5.84e-15	4.32e-09	8.40e-05	1.00e+00
 6.73252e+21	0.00e+00	0.00e+00	2.16e-28	2.77e-21	7.16e-15	4.95e-09	9.00e-05	1.00e+00
 7.00396e+21	0.00e+00	0.00e+00	2.83e-28	3.43e-21	8.39e-15	5.50e-09	9.51e-05	1.00e+00
 7.29153e+21	0.00e+00	0.00e+00	3.74e-28	4.28e-21	9.87e-15	6.15e-09	1.01e-04	1.00e+00
 7.66487e+21	0.00e+00	0.00e+00	5.33e-28	5.66e-21	1.21e-14	7.06e-09	1.08e-04	1.00e+00
 8.04797e+21	0.00e+00	0.00e+00	7.57e-28	7.48e-21	1.49e-14	8.10e-09	1.16e-04	1.00e+00
 8.36378e+21	0.00e+00	0.00e+00	1.00e-27	9.33e-21	1.75e-14	9.04e-09	1.23e-04	1.00e+00
 8.69384e+21	0.00e+00	0.00e+00	1.33e-27	1.17e-20	2.06e-14	1.01e-08	1.30e-04	1.00e+00
 9.11971e+21	0.00e+00	0.00e+00	1.90e-27	1.55e-20	2.54e-14	1.16e-08	1.40e-04	1.00e+00
 9.55315e+21	0.00e+00	0.00e+00	2.71e-27	2.04e-20	3.11e-14	1.33e-08	1.51e-04	1.00e+00
 9.87883e+21	0.00e+00	0.00e+00	3.51e-27	2.50e-20	3.61e-14	1.47e-08	1.59e-04	1.00e+00
 1.01393e+22	0.00e+00	0.00e+00	4.30e-27	2.93e-20	4.05e-14	1.59e-08	1.66e-04	1.00e+00
 1.04359e+22	0.00e+00	0.00e+00	5.38e-27	3.49e-20	4.60e-14	1.74e-08	1.74e-04	1.00e+00
 1.08214e+22	0.00e+00	0.00e+00	7.14e-27	4.36e-20	5.40e-14	1.94e-08	1.84e-04	1.00e+00
 1.12289e+22	0.00e+00	0.00e+00	9.63e-27	5.50e-20	6.39e-14	2.18e-08	1.96e-04	1.00e+00
 1.15728e+22	0.00e+00	0.00e+00	1.23e-26	6.66e-20	7.33e-14	2.39e-08	2.06e-04	1.00e+00
 1.19278e+22	0.00e+00	0.00e+00	1.57e-26	8.04e-20	8.40e-14	2.63e-08	2.17e-04	1.00e+00
 1.23894e+22	0.00e+00	0.00e+00	2.13e-26	1.02e-19	9.98e-14	2.95e-08	2.31e-04	1.00e+00
 1.28546e+22	0.00e+00	0.00e+00	2.91e-26	1.30e-19	1.19e-13	3.32e-08	2.46e-04	1.00e+00
 1.32164e+22	0.00e+00	0.00e+00	3.67e-26	1.55e-19	1.35e-13	3.63e-08	2.58e-04	1.00e+00
 1.35142e+22	0.00e+00	0.00e+00	4.45e-26	1.80e-19	1.50e-13	3.90e-08	2.69e-04	1.00e+00
 1.38373e+22	0.00e+00	0.00e+00	5.41e-26	2.10e-19	1.67e-13	4.21e-08	2.80e-04	1.00e+00
 1.42574e+22	0.00e+00	0.00e+00	6.95e-26	2.54e-19	1.91e-13	4.63e-08	2.95e-04	1.00e+00
 1.46934e+22	0.00e+00	0.00e+00	9.05e-26	3.11e-19	2.21e-13	5.11e-08	3.12e-04	1.00e+00
 1.50474e+22	0.00e+00	0.00e+00	1.11e-25	3.65e-19	2.47e-13	5.52e-08	3.26e-04	1.00e+00
 1.53577e+22	0.00e+00	0.00e+00	1.33e-25	4.19e-19	2.71e-13	5.90e-08	3.39e-04	1.00e+00
 1.57139e+22	0.00e+00	0.00e+00	1.62e-25	4.86e-19	3.02e-13	6.36e-08	3.54e-04	1.00e+00
 1.61770e+22	0.00e+00	0.00e+00	2.08e-25	5.89e-19	3.45e-13	6.98e-08	3.73e-04	1.00e+00
 1.66553e+22	0.00e+00	0.00e+00	2.71e-25	7.20e-19	3.96e-13	7.69e-08	3.95e-04	1.00e+00
 1.70374e+22	0.00e+00	0.00e+00	3.32e-25	8.39e-19	4.41e-13	8.30e-08	4.12e-04	1.00e+00
 1.73450e+22	0.00e+00	0.00e+00	3.92e-25	9.50e-19	4.79e-13	8.81e-08	4.27e-04	1.00e+00
 1.76717e+22	0.00e+00	0.00e+00	4.61e-25	1.08e-18	5.23e-13	9.37e-08	4.43e-04	1.00e+00
 1.80964e+22	0.00e+00	0.00e+00	5.69e-25	1.26e-18	5.83e-13	1.01e-07	4.63e-04	1.00e+00
 1.85392e+22	0.00e+00	0.00e+00	7.12e-25	1.49e-18	6.53e-13	1.10e-07	4.86e-04	1.00e+00
 1.88995e+22	0.00e+00	0.00e+00	8.49e-25	1.70e-18	7.15e-13	1.17e-07	5.06e-04	9.99e-01
 1.92620e+22	0.00e+00	0.00e+00	1.01e-24	1.94e-18	7.80e-13	1.25e-07	5.25e-04	9.99e-01
 1.97332e+22	0.00e+00	0.00e+00	1.25e-24	2.28e-18	8.72e-13	1.35e-07	5.51e-04	9.99e-01
 2.02110e+22	0.00e+00	0.00e+00	1.57e-24	2.70e-18	9.75e-13	1.47e-07	5.79e-04	9.99e-01
 2.05796e+22	0.00e+00	0.00e+00	1.86e-24	3.06e-18	1.06e-12	1.56e-07	6.01e-04	9.99e-01
 2.09410e+22	0.00e+00	0.00e+00	2.18e-24	3.44e-18	1.15e-12	1.65e-07	6.23e-04	9.99e-01
 2.13444e+22	0.00e+00	0.00e+00	2.61e-24	3.93e-18	1.25e-12	1.76e-07	6.48e-04	9.99e-01
 2.17146e+22	0.00e+00	0.00e+00	3.06e-24	4.42e-18	1.35e-12	1.87e-07	6.72e-04	9.99e-01
 2.20510e+22	0.00e+00	0.00e+00	3.53e-24	4.92e-18	1.45e-12	1.96e-07	6.94e-04	9.99e-01
 2.24312e+22	0.00e+00	0.00e+00	4.15e-24	5.53e-18	1.57e-12	2.08e-07	7.20e-04	9.99e-01
 2.28583e+22	0.00e+00	0.00e+00	4.94e-24	6.29e-18	1.71e-12	2.22e-07	7.48e-04	9.99e-01
 2.32670e+22	0.00e+00	0.00e+00	5.85e-24	7.11e-18	1.85e-12	2.35e-07	7.78e-04	9.99e-01
 2.36491e+22	0.00e+00	0.00e+00	6.83e-24	7.96e-18	1.98e-12	2.49e-07	8.06e-04	9.99e-01
 2.40172e+22	0.00e+00	0.00e+00	7.89e-24	8.85e-18	2.12e-12	2.62e-07	8.33e-04	9.99e-01
 2.44369e+22	0.00e+00	0.00e+00	9.26e-24	9.95e-18	2.29e-12	2.77e-07	8.64e-04	9.99e-01
 2.49057e+22	0.00e+00	0.00e+00	1.11e-23	1.14e-17	2.49e-12	2.96e-07	9.01e-04	9.99e-01
 2.53297e+22	0.00e+00	0.00e+00	1.31e-23	1.28e-17	2.68e-12	3.13e-07	9.36e-04	9.99e-01
 2.57088e+22	0.00e+00	0.00e+00	1.50e-23	1.41e-17	2.86e-12	3.29e-07	9.67e-04	9.99e-01
 2.61382e+22	0.00e+00	0.00e+00	1.75e-23	1.58e-17	3.07e-12	3.48e-07	1.00e-03	9.99e-01
 2.66182e+22	0.00e+00	0.00e+00	2.09e-23	1.79e-17	3.32e-12	3.70e-07	1.04e-03	9.99e-01
 2.70533e+22	0.00e+00	0.00e+00	2.44e-23	2.01e-17	3.56e-12	3.91e-07	1.08e-03	9.99e-01
 2.74420e+22	0.00e+00	0.00e+00	2.80e-23	2.21e-17	3.78e-12	4.10e-07	1.12e-03	9.99e-01
 2.78812e+22	0.00e+00	0.00e+00	3.24e-23	2.46e-17	4.04e-12	4.32e-07	1.16e-03	9.99e-01
 2.84523e+22	0.00e+00	5.31e-30	3.93e-23	2.82e-17	4.40e-12	4.63e-07	1.21e-03	9.99e-01
 2.90258e+22	0.00e+00	6.82e-30	4.78e-23	3.24e-17	4.79e-12	4.95e-07	1.27e-03	9.99e-01
 2.94581e+22	0.00e+00	8.20e-30	5.51e-23	3.59e-17	5.09e-12	5.21e-07	1.31e-03	9.99e-01
 2.98756e+22	0.00e+00	9.71e-30	6.29e-23	3.94e-17	5.39e-12	5.46e-07	1.35e-03	9.99e-01
 3.04184e+22	0.00e+00	1.21e-29	7.45e-23	4.45e-17	5.80e-12	5.80e-07	1.41e-03	9.99e-01
 3.09909e+22	0.00e+00	1.53e-29	8.93e-23	5.06e-17	6.27e-12	6.19e-07	1.47e-03	9.99e-01
 3.14741e+22	0.00e+00	1.85e-29	1.04e-22	5.63e-17	6.69e-12	6.52e-07	1.53e-03	9.98e-01
 3.19743e+22	0.00e+00	2.24e-29	1.20e-22	6.25e-17	7.13e-12	6.88e-07	1.58e-03	9.98e-01
 3.26245e+22	0.00e+00	2.86e-29	1.45e-22	7.15e-17	7.73e-12	7.37e-07	1.65e-03	9.98e-01
 3.32706e+22	0.00e+00	3.68e-29	1.76e-22	8.20e-17	8.38e-12	7.89e-07	1.73e-03	9.98e-01
 3.37605e+22	0.00e+00	4.41e-29	2.03e-22	9.07e-17	8.91e-12	8.30e-07	1.79e-03	9.98e-01
 3.42466e+22	0.00e+00	5.25e-29	2.32e-22	9.98e-17	9.43e-12	8.72e-07	1.85e-03	9.98e-01
 3.48784e+22	0.00e+00	6.56e-29	2.76e-22	1.13e-16	1.02e-11	9.28e-07	1.93e-03	9.98e-01
 3.55405e+22	0.00e+00	8.31e-29	3.32e-22	1.29e-16	1.10e-11	9.92e-07	2.01e-03	9.98e-01
 3.60909e+22	0.00e+00	1.01e-28	3.85e-22	1.43e-16	1.17e-11	1.05e-06	2.09e-03	9.98e-01
 3.66556e+22	0.00e+00	1.21e-28	4.45e-22	1.58e-16	1.25e-11	1.11e-06	2.16e-03	9.98e-01
 3.73897e+22	0.00e+00	1.55e-28	5.38e-22	1.81e-16	1.35e-11	1.18e-06	2.26e-03	9.98e-01
 3.81285e+22	0.00e+00	1.98e-28	6.52e-22	2.08e-16	1.47e-11	1.27e-06	2.36e-03	9.98e-01
 3.86960e+22	0.00e+00	2.38e-28	7.53e-22	2.31e-16	1.56e-11	1.34e-06	2.44e-03	9.98e-01
 3.92563e+22	0.00e+00	2.84e-28	8.62e-22	2.54e-16	1.66e-11	1.41e-06	2.52e-03	9.97e-01
 3.99848e+22	0.00e+00	3.54e-28	1.03e-21	2.88e-16	1.79e-11	1.51e-06	2.63e-03	9.97e-01
 4.07651e+22	0.00e+00	4.51e-28	1.24e-21	3.30e-16	1.95e-11	1.62e-06	2.74e-03	9.97e-01
 4.14387e+22	0.00e+00	5.53e-28	1.45e-21	3.70e-16	2.09e-11	1.72e-06	2.85e-03	9.97e-01
 4.21401e+22	0.00e+00	6.76e-28	1.70e-21	4.14e-16	2.24e-11	1.82e-06	2.95e-03	9.97e-01
 4.30520e+22	0.00e+00	8.74e-28	2.08e-21	4.80e-16	2.46e-11	1.97e-06	3.09e-03	9.97e-01
 4.39897e+22	0.00e+00	1.15e-27	2.58e-21	5.60e-16	2.71e-11	2.13e-06	3.24e-03	9.97e-01
 4.47103e+22	0.00e+00	1.40e-27	3.02e-21	6.29e-16	2.91e-11	2.27e-06	3.36e-03	9.97e-01
 4.53055e+22	0.00e+00	1.65e-27	3.43e-21	6.90e-16	3.09e-11	2.38e-06	3.46e-03	9.97e-01
 4.59883e+22	0.00e+00	1.98e-27	3.96e-21	7.66e-16	3.30e-11	2.51e-06	3.57e-03	9.96e-01
 4.68759e+22	0.00e+00	2.47e-27	4.73e-21	8.73e-16	3.59e-11	2.69e-06	3.72e-03	9.96e-01
 4.78508e+22	0.00e+00	3.19e-27	5.78e-21	1.01e-15	3.95e-11	2.91e-06	3.88e-03	9.96e-01
 4.87172e+22	0.00e+00	3.98e-27	6.89e-21	1.15e-15	4.29e-11	3.11e-06	4.04e-03	9.96e-01
 4.94849e+22	0.00e+00	4.81e-27	8.01e-21	1.29e-15	4.62e-11	3.30e-06	4.17e-03	9.96e-01
 5.03465e+22	0.00e+00	5.87e-27	9.39e-21	1.45e-15	4.99e-11	3.51e-06	4.32e-03	9.96e-01
 5.14665e+22	0.00e+00	7.63e-27	1.16e-20	1.69e-15	5.52e-11	3.80e-06	4.52e-03	9.95e-01
 5.25806e+22	0.00e+00	1.00e-26	1.44e-20	1.99e-15	6.13e-11	4.13e-06	4.73e-03	9.95e-01
 5.34215e+22	0.00e+00	1.21e-26	1.68e-20	2.23e-15	6.61e-11	4.39e-06	4.89e-03	9.95e-01
 5.42491e+22	0.00e+00	1.45e-26	1.93e-20	2.48e-15	7.10e-11	4.64e-06	5.04e-03	9.95e-01
 5.53250e+22	0.00e+00	1.83e-26	2.32e-20	2.85e-15	7.78e-11	4.98e-06	5.25e-03	9.95e-01
 5.65051e+22	0.00e+00	2.36e-26	2.86e-20	3.32e-15	8.63e-11	5.40e-06	5.48e-03	9.95e-01
 5.75554e+22	0.00e+00	2.96e-26	3.42e-20	3.81e-15	9.45e-11	5.79e-06	5.69e-03	9.94e-01
 5.85095e+22	0.00e+00	3.60e-26	4.00e-20	4.29e-15	1.02e-10	6.16e-06	5.88e-03	9.94e-01
 5.96036e+22	0.00e+00	4.46e-26	4.76e-20	4.88e-15	1.12e-10	6.58e-06	6.10e-03	9.94e-01
 6.10260e+22	0.00e+00	5.85e-26	5.91e-20	5.76e-15	1.25e-10	7.17e-06	6.38e-03	9.94e-01
 6.24515e+22	0.00e+00	7.80e-26	7.46e-20	6.86e-15	1.41e-10	7.84e-06	6.69e-03	9.93e-01
 6.35288e+22	0.00e+00	9.60e-26	8.82e-20	7.79e-15	1.53e-10	8.37e-06	6.93e-03	9.93e-01
 6.45768e+22	0.00e+00	1.15e-25	1.02e-19	8.72e-15	1.66e-10	8.87e-06	7.14e-03	9.93e-01
 6.59393e+22	0.00e+00	1.47e-25	1.24e-19	1.01e-14	1.83e-10	9.57e-06	7.43e-03	9.93e-01
 6.74361e+22	0.00e+00	1.93e-25	1.55e-19	1.20e-14	2.06e-10	1.04e-05	7.77e-03	9.92e-01
 6.87653e+22	0.00e+00	2.44e-25	1.88e-19	1.38e-14	2.27e-10	1.12e-05	8.07e-03	9.92e-01
 6.99660e+22	0.00e+00	2.99e-25	2.21e-19	1.57e-14	2.48e-10	1.19e-05	8.35e-03	9.92e-01
 7.13420e+22	0.00e+00	3.73e-25	2.65e-19	1.80e-14	2.73e-10	1.28e-05	8.65e-03	9.91e-01
 7.31308e+22	0.00e+00	4.90e-25	3.30e-19	2.13e-14	3.07e-10	1.40e-05	9.04e-03	9.91e-01
 7.50339e+22	0.00e+00	6.73e-25	4.27e-19	2.60e-14	3.51e-10	1.54e-05	9.52e-03	9.90e-01
 7.66041e+22	0.00e+00	8.65e-25	5.24e-19	3.04e-14	3.92e-10	1.67e-05	9.91e-03	9.90e-01
 7.78940e+22	0.00e+00	1.06e-24	6.16e-19	3.44e-14	4.27e-10	1.77e-05	1.02e-02	9.90e-01
 7.93011e+22	0.00e+00	1.29e-24	7.26e-19	3.91e-14	4.67e-10	1.89e-05	1.06e-02	9.89e-01
 8.11302e+22	0.00e+00	1.66e-24	8.91e-19	4.57e-14	5.21e-10	2.04e-05	1.10e-02	9.89e-01
 8.31470e+22	0.00e+00	2.22e-24	1.13e-18	5.49e-14	5.92e-10	2.24e-05	1.15e-02	9.88e-01
 8.49451e+22	0.00e+00	2.88e-24	1.39e-18	6.46e-14	6.64e-10	2.42e-05	1.20e-02	9.88e-01
 8.65524e+22	0.00e+00	3.57e-24	1.66e-18	7.40e-14	7.30e-10	2.59e-05	1.24e-02	9.88e-01
 8.83742e+22	0.00e+00	4.46e-24	2.00e-18	8.52e-14	8.06e-10	2.78e-05	1.29e-02	9.87e-01
 9.07427e+22	0.00e+00	6.00e-24	2.54e-18	1.03e-13	9.19e-10	3.05e-05	1.35e-02	9.87e-01
 9.31984e+22	0.00e+00	8.31e-24	3.32e-18	1.26e-13	1.06e-09	3.37e-05	1.42e-02	9.86e-01
 9.50168e+22	0.00e+00	1.05e-23	4.03e-18	1.47e-13	1.18e-09	3.63e-05	1.47e-02	9.85e-01
 9.63757e+22	0.00e+00	1.24e-23	4.60e-18	1.63e-13	1.27e-09	3.81e-05	1.51e-02	9.85e-01
 9.78881e+22	0.00e+00	1.49e-23	5.34e-18	1.82e-13	1.38e-09	4.03e-05	1.55e-02	9.84e-01
 9.98543e+22	0.00e+00	1.83e-23	6.34e-18	2.08e-13	1.51e-09	4.30e-05	1.60e-02	9.84e-01
 1.02410e+23	0.00e+00	2.41e-23	7.92e-18	2.48e-13	1.71e-09	4.68e-05	1.67e-02	9.83e-01
 1.04894e+23	0.00e+00	3.25e-23	1.01e-17	3.00e-13	1.96e-09	5.12e-05	1.75e-02	9.82e-01
 1.06566e+23	0.00e+00	3.96e-23	1.19e-17	3.41e-13	2.14e-09	5.45e-05	1.80e-02	9.82e-01
 1.08020e+23	0.00e+00	4.58e-23	1.34e-17	3.74e-13	2.28e-09	5.70e-05	1.84e-02	9.82e-01
 1.09910e+23	0.00e+00	5.50e-23	1.56e-17	4.20e-13	2.48e-09	6.03e-05	1.89e-02	9.81e-01
 1.12026e+23	0.00e+00	6.84e-23	1.87e-17	4.83e-13	2.74e-09	6.44e-05	1.96e-02	9.80e-01
 1.13907e+23	8.39e-30	8.36e-23	2.20e-17	5.49e-13	3.00e-09	6.84e-05	2.02e-02	9.80e-01
 1.15481e+23	1.00e-29	9.71e-23	2.49e-17	6.04e-13	3.21e-09	7.16e-05	2.06e-02	9.79e-01
 1.17186e+23	1.22e-29	1.14e-22	2.85e-17	6.70e-13	3.46e-09	7.53e-05	2.11e-02	9.79e-01
 1.19402e+23	1.51e-29	1.38e-22	3.31e-17	7.54e-13	3.76e-09	7.97e-05	2.17e-02	9.78e-01
 1.22283e+23	2.03e-29	1.76e-22	4.07e-17	8.85e-13	4.21e-09	8.59e-05	2.26e-02	9.77e-01
 1.25131e+23	2.84e-29	2.35e-22	5.14e-17	1.06e-12	4.79e-09	9.36e-05	2.35e-02	9.76e-01
 1.27096e+23	3.59e-29	2.87e-22	6.06e-17	1.21e-12	5.25e-09	9.95e-05	2.43e-02	9.76e-01
 1.28489e+23	4.15e-29	3.24e-22	6.71e-17	1.31e-12	5.55e-09	1.03e-04	2.47e-02	9.75e-01
 1.29979e+23	4.76e-29	3.64e-22	7.38e-17	1.41e-12	5.85e-09	1.07e-04	2.51e-02	9.75e-01
 1.31917e+23	5.71e-29	4.25e-22	8.38e-17	1.55e-12	6.27e-09	1.12e-04	2.57e-02	9.74e-01
 1.34436e+23	7.05e-29	5.08e-22	9.71e-17	1.74e-12	6.81e-09	1.18e-04	2.64e-02	9.73e-01
 1.37710e+23	9.28e-29	6.41e-22	1.18e-16	2.03e-12	7.57e-09	1.27e-04	2.73e-02	9.73e-01
 1.40997e+23	1.29e-28	8.47e-22	1.48e-16	2.42e-12	8.59e-09	1.38e-04	2.85e-02	9.71e-01
 1.43318e+23	1.65e-28	1.05e-21	1.76e-16	2.78e-12	9.46e-09	1.47e-04	2.94e-02	9.70e-01
 1.44995e+23	1.90e-28	1.18e-21	1.94e-16	3.00e-12	9.99e-09	1.52e-04	2.99e-02	9.70e-01
 1.46818e+23	2.17e-28	1.32e-21	2.13e-16	3.23e-12	1.05e-08	1.58e-04	3.04e-02	9.69e-01
 1.49187e+23	2.59e-28	1.53e-21	2.41e-16	3.55e-12	1.13e-08	1.65e-04	3.11e-02	9.69e-01
 1.52267e+23	3.21e-28	1.84e-21	2.80e-16	4.00e-12	1.22e-08	1.74e-04	3.19e-02	9.68e-01
 1.55743e+23	4.23e-28	2.33e-21	3.40e-16	4.65e-12	1.36e-08	1.87e-04	3.30e-02	9.67e-01
 1.58785e+23	5.45e-28	2.89e-21	4.07e-16	5.34e-12	1.50e-08	1.99e-04	3.41e-02	9.66e-01
 1.61157e+23	6.62e-28	3.40e-21	4.66e-16	5.95e-12	1.62e-08	2.09e-04	3.49e-02	9.65e-01
 1.63604e+23	7.65e-28	3.85e-21	5.16e-16	6.44e-12	1.72e-08	2.17e-04	3.56e-02	9.64e-01
 1.66786e+23	9.32e-28	4.55e-21	5.93e-16	7.18e-12	1.85e-08	2.28e-04	3.64e-02	9.63e-01
 1.70922e+23	1.15e-27	5.46e-21	6.89e-16	8.07e-12	2.02e-08	2.41e-04	3.74e-02	9.62e-01
 1.76300e+23	1.51e-27	6.88e-21	8.34e-16	9.38e-12	2.24e-08	2.58e-04	3.87e-02	9.61e-01
 1.81853e+23	2.20e-27	9.46e-21	1.09e-15	1.15e-11	2.60e-08	2.84e-04	4.05e-02	9.59e-01
 1.85743e+23	2.98e-27	1.22e-20	1.34e-15	1.36e-11	2.92e-08	3.07e-04	4.20e-02	9.58e-01
 1.88132e+23	3.40e-27	1.37e-20	1.47e-15	1.47e-11	3.08e-08	3.17e-04	4.27e-02	9.57e-01
 1.90461e+23	3.80e-27	1.50e-20	1.59e-15	1.56e-11	3.21e-08	3.27e-04	4.33e-02	9.56e-01
 1.93489e+23	4.37e-27	1.70e-20	1.76e-15	1.69e-11	3.40e-08	3.38e-04	4.41e-02	9.56e-01
 1.97426e+23	5.02e-27	1.91e-20	1.94e-15	1.82e-11	3.58e-08	3.51e-04	4.49e-02	9.55e-01
 2.02543e+23	5.86e-27	2.17e-20	2.16e-15	1.98e-11	3.81e-08	3.65e-04	4.57e-02	9.54e-01
 2.09195e+23	7.04e-27	2.54e-20	2.46e-15	2.20e-11	4.10e-08	3.82e-04	4.68e-02	9.53e-01
 2.17276e+23	8.96e-27	3.12e-20	2.92e-15	2.51e-11	4.51e-08	4.07e-04	4.82e-02	9.51e-01
 2.25549e+23	1.20e-26	4.02e-20	3.60e-15	2.96e-11	5.07e-08	4.39e-04	5.00e-02	9.50e-01
 2.32413e+23	1.58e-26	5.07e-20	4.37e-15	3.45e-11	5.64e-08	4.70e-04	5.17e-02	9.48e-01
 2.37758e+23	1.82e-26	5.72e-20	4.83e-15	3.73e-11	5.98e-08	4.88e-04	5.26e-02	9.47e-01
 2.43350e+23	1.97e-26	6.12e-20	5.11e-15	3.90e-11	6.16e-08	4.98e-04	5.32e-02	9.46e-01
 2.49459e+23	2.30e-26	6.99e-20	5.71e-15	4.26e-11	6.56e-08	5.18e-04	5.42e-02	9.45e-01
 2.55061e+23	2.58e-26	7.70e-20	6.19e-15	4.54e-11	6.86e-08	5.34e-04	5.49e-02	9.45e-01
 2.60103e+23	2.84e-26	8.35e-20	6.62e-15	4.79e-11	7.13e-08	5.47e-04	5.56e-02	9.44e-01
 2.64641e+23	3.08e-26	8.96e-20	7.02e-15	5.01e-11	7.37e-08	5.59e-04	5.62e-02	9.43e-01
 2.68725e+23	3.28e-26	9.46e-20	7.34e-15	5.19e-11	7.55e-08	5.68e-04	5.66e-02	9.43e-01
 2.72401e+23	3.47e-26	9.91e-20	7.64e-15	5.36e-11	7.72e-08	5.76e-04	5.70e-02	9.42e-01
 2.75709e+23	3.64e-26	1.03e-19	7.91e-15	5.51e-11	7.88e-08	5.84e-04	5.74e-02	9.42e-01
 2.78803e+23	3.77e-26	1.06e-19	8.11e-15	5.62e-11	7.98e-08	5.89e-04	5.76e-02	9.42e-01
 2.81858e+23	3.83e-26	1.08e-19	8.19e-15	5.66e-11	8.03e-08	5.91e-04	5.77e-02	9.42e-01
 2.84913e+23	3.89e-26	1.09e-19	8.29e-15	5.72e-11	8.09e-08	5.94e-04	5.78e-02	9.42e-01
 2.87968e+23	3.95e-26	1.11e-19	8.38e-15	5.77e-11	8.14e-08	5.96e-04	5.80e-02	9.41e-01
 2.91022e+23	4.04e-26	1.13e-19	8.51e-15	5.84e-11	8.21e-08	6.00e-04	5.81e-02	9.41e-01
 2.94077e+23	4.06e-26	1.13e-19	8.55e-15	5.86e-11	8.23e-08	6.00e-04	5.81e-02	9.41e-01
 2.97132e+23	4.08e-26	1.14e-19	8.57e-15	5.87e-11	8.24e-08	6.01e-04	5.82e-02	9.41e-01
 3.00187e+23	4.11e-26	1.14e-19	8.61e-15	5.89e-11	8.26e-08	6.02e-04	5.82e-02	9.41e-01
 3.03242e+23	4.16e-26	1.16e-19	8.70e-15	5.94e-11	8.31e-08	6.04e-04	5.83e-02	9.41e-01
 3.05125e+23	4.29e-26	1.19e-19	8.89e-15	6.04e-11	8.42e-08	6.09e-04	5.86e-02	9.41e-01
