#depth	Ar	Ar+	Ar+2	Ar+3	Ar+4	Ar+5	Ar+6	Ar+7	Ar+8	Ar+9	Ar+10	Ar+11	Ar+12	Ar+13	Ar+14	Ar+15	Ar+16	Ar+17	Ar+18
 6.17135e+19	0.00e+00	0.00e+00	0.00e+00	0.00e+00	0.00e+00	0.00e+00	0.00e+00	0.00e+00	0.00e+00	0.00e+00	0.00e+00	1.08e-24	1.39e-20	9.97e-17	5.68e-13	2.50e-09	1.78e-05	7.60e-03	9.92e-01
 1.87609e+20	0.00e+00	0.00e+00	0.00e+00	0.00e+00	0.00e+00	0.00e+00	0.00e+00	0.00e+00	0.00e+00	0.00e+00	0.00e+00	1.87e-24	2.23e-20	1.48e-16	7.79e-13	3.16e-09	2.08e-05	8.21e-03	9.92e-01
 3.18540e+20	0.00e+00	0.00e+00	0.00e+00	0.00e+00	0.00e+00	0.00e+00	0.00e+00	0.00e+00	0.00e+00	0.00e+00	1.64e-28	3.23e-24	3.56e-20	2.18e-16	1.06e-12	3.99e-09	2.43e-05	8.87e-03	9.91e-01
 4.54709e+20	0.00e+00	0.00e+00	0.00e+00	0.00e+00	0.00e+00	0.00e+00	0.00e+00	0.00e+00	0.00e+00	0.00e+00	3.06e-28	5.57e-24	5.67e-20	3.22e-16	1.45e-12	5.03e-09	2.84e-05	9.58e-03	9.90e-01
 5.96324e+20	0.00e+00	0.00e+00	0.00e+00	0.00e+00	0.00e+00	0.00e+00	0.00e+00	0.00e+00	0.00e+00	0.00e+00	5.68e-28	9.57e-24	9.02e-20	4.74e-16	1.98e-12	6.35e-09	3.31e-05	1.03e-02	9.90e-01
 7.43604e+20	0.00e+00	0.00e+00	0.00e+00	0.00e+00	0.00e+00	0.00e+00	0.00e+00	0.00e+00	0.00e+00	0.00e+00	1.06e-27	1.65e-23	1.44e-19	6.98e-16	2.69e-12	8.01e-09	3.87e-05	1.12e-02	9.89e-01
 8.96775e+20	0.00e+00	0.00e+00	0.00e+00	0.00e+00	0.00e+00	0.00e+00	0.00e+00	0.00e+00	0.00e+00	0.00e+00	1.96e-27	2.83e-23	2.29e-19	1.03e-15	3.67e-12	1.01e-08	4.51e-05	1.21e-02	9.88e-01
 1.05607e+21	0.00e+00	0.00e+00	0.00e+00	0.00e+00	0.00e+00	0.00e+00	0.00e+00	0.00e+00	0.00e+00	0.00e+00	3.65e-27	4.88e-23	3.65e-19	1.52e-15	5.01e-12	1.27e-08	5.27e-05	1.30e-02	9.87e-01
 1.22174e+21	0.00e+00	0.00e+00	0.00e+00	0.00e+00	0.00e+00	0.00e+00	0.00e+00	0.00e+00	0.00e+00	0.00e+00	6.79e-27	8.40e-23	5.81e-19	2.24e-15	6.83e-12	1.61e-08	6.15e-05	1.41e-02	9.86e-01
 1.39404e+21	0.00e+00	0.00e+00	0.00e+00	0.00e+00	0.00e+00	0.00e+00	0.00e+00	0.00e+00	0.00e+00	0.00e+00	1.26e-26	1.45e-22	9.25e-19	3.29e-15	9.31e-12	2.03e-08	7.18e-05	1.52e-02	9.85e-01
 1.57323e+21	0.00e+00	0.00e+00	0.00e+00	0.00e+00	0.00e+00	0.00e+00	0.00e+00	0.00e+00	0.00e+00	0.00e+00	2.34e-26	2.49e-22	1.47e-18	4.85e-15	1.27e-11	2.56e-08	8.37e-05	1.64e-02	9.84e-01
 1.74532e+21	0.00e+00	0.00e+00	0.00e+00	0.00e+00	0.00e+00	0.00e+00	0.00e+00	0.00e+00	0.00e+00	0.00e+00	4.16e-26	4.11e-22	2.27e-18	6.95e-15	1.69e-11	3.17e-08	9.66e-05	1.76e-02	9.82e-01
 1.90456e+21	0.00e+00	0.00e+00	0.00e+00	0.00e+00	0.00e+00	0.00e+00	0.00e+00	0.00e+00	0.00e+00	0.00e+00	6.94e-26	6.43e-22	3.33e-18	9.57e-15	2.18e-11	3.84e-08	1.10e-04	1.87e-02	9.81e-01
 2.08445e+21	0.00e+00	0.00e+00	0.00e+00	0.00e+00	0.00e+00	0.00e+00	0.00e+00	0.00e+00	0.00e+00	0.00e+00	1.21e-25	1.05e-21	5.05e-18	1.36e-14	2.88e-11	4.73e-08	1.26e-04	2.01e-02	9.80e-01
 2.28610e+21	0.00e+00	0.00e+00	0.00e+00	0.00e+00	0.00e+00	0.00e+00	0.00e+00	0.00e+00	0.00e+00	0.00e+00	2.22e-25	1.78e-21	7.96e-18	1.98e-14	3.91e-11	5.94e-08	1.46e-04	2.16e-02	9.78e-01
 2.47812e+21	0.00e+00	0.00e+00	0.00e+00	0.00e+00	0.00e+00	0.00e+00	0.00e+00	0.00e+00	0.00e+00	0.00e+00	3.88e-25	2.90e-21	1.21e-17	2.80e-14	5.15e-11	7.30e-08	1.68e-04	2.31e-02	9.77e-01
 2.68298e+21	0.00e+00	0.00e+00	0.00e+00	0.00e+00	0.00e+00	0.00e+00	0.00e+00	0.00e+00	0.00e+00	0.00e+00	6.84e-25	4.76e-21	1.85e-17	4.00e-14	6.84e-11	9.04e-08	1.94e-04	2.48e-02	9.75e-01
 2.90534e+21	0.00e+00	0.00e+00	0.00e+00	0.00e+00	0.00e+00	0.00e+00	0.00e+00	0.00e+00	0.00e+00	0.00e+00	1.25e-24	8.04e-21	2.90e-17	5.81e-14	9.23e-11	1.13e-07	2.25e-04	2.67e-02	9.73e-01
 3.11561e+21	0.00e+00	0.00e+00	0.00e+00	0.00e+00	0.00e+00	0.00e+00	0.00e+00	0.00e+00	0.00e+00	1.60e-28	2.15e-24	1.30e-20	4.36e-17	8.17e-14	1.21e-10	1.39e-07	2.57e-04	2.85e-02	9.71e-01
 3.34269e+21	0.00e+00	0.00e+00	0.00e+00	0.00e+00	0.00e+00	0.00e+00	0.00e+00	0.00e+00	0.00e+00	3.03e-28	3.78e-24	2.13e-20	6.67e-17	1.16e-13	1.61e-10	1.71e-07	2.96e-04	3.06e-02	9.69e-01
 3.59079e+21	0.00e+00	0.00e+00	0.00e+00	0.00e+00	0.00e+00	0.00e+00	0.00e+00	0.00e+00	0.00e+00	5.95e-28	6.89e-24	3.59e-20	1.05e-16	1.69e-13	2.17e-10	2.14e-07	3.43e-04	3.29e-02	9.67e-01
 3.82509e+21	0.00e+00	0.00e+00	0.00e+00	0.00e+00	0.00e+00	0.00e+00	0.00e+00	0.00e+00	0.00e+00	1.10e-27	1.19e-23	5.79e-20	1.57e-16	2.38e-13	2.84e-10	2.62e-07	3.92e-04	3.51e-02	9.64e-01
 4.07780e+21	0.00e+00	0.00e+00	0.00e+00	0.00e+00	0.00e+00	0.00e+00	0.00e+00	0.00e+00	0.00e+00	2.07e-27	2.09e-23	9.48e-20	2.40e-16	3.39e-13	3.77e-10	3.24e-07	4.51e-04	3.76e-02	9.62e-01
 4.35856e+21	0.00e+00	0.00e+00	0.00e+00	0.00e+00	0.00e+00	0.00e+00	0.00e+00	0.00e+00	0.00e+00	4.11e-27	3.84e-23	1.62e-19	3.80e-16	4.96e-13	5.11e-10	4.07e-07	5.24e-04	4.05e-02	9.59e-01
 4.62493e+21	0.00e+00	0.00e+00	0.00e+00	0.00e+00	0.00e+00	0.00e+00	0.00e+00	0.00e+00	0.00e+00	7.68e-27	6.69e-23	2.63e-19	5.76e-16	7.02e-13	6.74e-10	5.00e-07	6.01e-04	4.33e-02	9.56e-01
 4.90772e+21	0.00e+00	0.00e+00	0.00e+00	0.00e+00	0.00e+00	0.00e+00	0.00e+00	0.00e+00	0.00e+00	1.45e-26	1.18e-22	4.31e-19	8.81e-16	1.00e-12	8.94e-10	6.18e-07	6.92e-04	4.64e-02	9.53e-01
 5.21939e+21	0.00e+00	0.00e+00	0.00e+00	0.00e+00	0.00e+00	0.00e+00	0.00e+00	0.00e+00	0.00e+00	2.87e-26	2.16e-22	7.33e-19	1.39e-15	1.46e-12	1.21e-09	7.75e-07	8.03e-04	4.99e-02	9.49e-01
 5.51844e+21	0.00e+00	0.00e+00	0.00e+00	0.00e+00	0.00e+00	0.00e+00	0.00e+00	0.00e+00	0.00e+00	5.39e-26	3.78e-22	1.20e-18	2.11e-15	2.07e-12	1.60e-09	9.54e-07	9.21e-04	5.33e-02	9.46e-01
 5.78246e+21	0.00e+00	0.00e+00	0.00e+00	0.00e+00	0.00e+00	0.00e+00	0.00e+00	0.00e+00	0.00e+00	9.23e-26	6.11e-22	1.82e-18	3.03e-15	2.80e-12	2.03e-09	1.14e-06	1.04e-03	5.64e-02	9.43e-01
 6.05824e+21	0.00e+00	0.00e+00	0.00e+00	0.00e+00	0.00e+00	0.00e+00	0.00e+00	0.00e+00	0.00e+00	1.59e-25	9.89e-22	2.77e-18	4.35e-15	3.78e-12	2.58e-09	1.37e-06	1.17e-03	5.98e-02	9.39e-01
 6.40012e+21	0.00e+00	0.00e+00	0.00e+00	0.00e+00	0.00e+00	0.00e+00	0.00e+00	0.00e+00	0.00e+00	3.06e-25	1.77e-21	4.62e-18	6.73e-15	5.44e-12	3.45e-09	1.70e-06	1.35e-03	6.40e-02	9.35e-01
 6.73252e+21	0.00e+00	0.00e+00	0.00e+00	0.00e+00	0.00e+00	0.00e+00	0.00e+00	0.00e+00	0.00e+00	5.67e-25	3.07e-21	7.47e-18	1.02e-14	7.68e-12	4.54e-09	2.08e-06	1.54e-03	6.83e-02	9.30e-01
 7.00396e+21	0.00e+00	0.00e+00	0.00e+00	0.00e+00	0.00e+00	0.00e+00	0.00e+00	0.00e+00	0.00e+00	9.20e-25	4.72e-21	1.09e-17	1.41e-14	1.01e-11	5.63e-09	2.44e-06	1.71e-03	7.19e-02	9.26e-01
 7.29153e+21	0.00e+00	0.00e+00	0.00e+00	0.00e+00	0.00e+00	0.00e+00	0.00e+00	0.00e+00	1.48e-28	1.52e-24	7.36e-21	1.61e-17	1.96e-14	1.33e-11	7.02e-09	2.88e-06	1.91e-03	7.57e-02	9.22e-01
 7.66487e+21	0.00e+00	0.00e+00	0.00e+00	0.00e+00	0.00e+00	0.00e+00	0.00e+00	0.00e+00	2.98e-28	2.86e-24	1.29e-20	2.63e-17	3.00e-14	1.89e-11	9.29e-09	3.55e-06	2.19e-03	8.08e-02	9.17e-01
 8.04797e+21	0.00e+00	0.00e+00	0.00e+00	0.00e+00	0.00e+00	0.00e+00	0.00e+00	0.00e+00	6.01e-28	5.36e-24	2.26e-20	4.30e-17	4.57e-14	2.68e-11	1.23e-08	4.37e-06	2.51e-03	8.63e-02	9.11e-01
 8.36378e+21	0.00e+00	0.00e+00	0.00e+00	0.00e+00	0.00e+00	0.00e+00	0.00e+00	0.00e+00	1.05e-27	8.84e-24	3.53e-20	6.34e-17	6.38e-14	3.54e-11	1.53e-08	5.16e-06	2.79e-03	9.08e-02	9.06e-01
 8.69384e+21	0.00e+00	0.00e+00	0.00e+00	0.00e+00	0.00e+00	0.00e+00	0.00e+00	0.00e+00	1.84e-27	1.47e-23	5.54e-20	9.41e-17	8.95e-14	4.70e-11	1.92e-08	6.10e-06	3.12e-03	9.57e-02	9.01e-01
 9.11971e+21	0.00e+00	0.00e+00	0.00e+00	0.00e+00	0.00e+00	0.00e+00	0.00e+00	0.00e+00	3.73e-27	2.77e-23	9.75e-20	1.54e-16	1.37e-13	6.71e-11	2.54e-08	7.53e-06	3.58e-03	1.02e-01	8.94e-01
 9.55315e+21	0.00e+00	0.00e+00	0.00e+00	0.00e+00	0.00e+00	0.00e+00	0.00e+00	0.00e+00	7.53e-27	5.23e-23	1.71e-19	2.53e-16	2.09e-13	9.56e-11	3.37e-08	9.28e-06	4.10e-03	1.09e-01	8.87e-01
 9.87883e+21	0.00e+00	0.00e+00	0.00e+00	0.00e+00	0.00e+00	0.00e+00	0.00e+00	0.00e+00	1.25e-26	8.28e-23	2.58e-19	3.62e-16	2.85e-13	1.24e-10	4.13e-08	1.08e-05	4.52e-03	1.14e-01	8.82e-01
 1.01393e+22	0.00e+00	0.00e+00	0.00e+00	0.00e+00	0.00e+00	0.00e+00	0.00e+00	0.00e+00	1.87e-26	1.19e-22	3.55e-19	4.79e-16	3.63e-13	1.51e-10	4.85e-08	1.22e-05	4.89e-03	1.18e-01	8.77e-01
 1.04359e+22	0.00e+00	0.00e+00	0.00e+00	0.00e+00	0.00e+00	0.00e+00	0.00e+00	0.00e+00	2.91e-26	1.77e-22	5.06e-19	6.54e-16	4.73e-13	1.89e-10	5.78e-08	1.39e-05	5.32e-03	1.23e-01	8.72e-01
 1.08214e+22	0.00e+00	0.00e+00	0.00e+00	0.00e+00	0.00e+00	0.00e+00	0.00e+00	0.00e+00	5.08e-26	2.92e-22	7.91e-19	9.67e-16	6.63e-13	2.50e-10	7.22e-08	1.64e-05	5.93e-03	1.29e-01	8.65e-01
 1.12289e+22	0.00e+00	0.00e+00	0.00e+00	0.00e+00	0.00e+00	0.00e+00	0.00e+00	0.00e+00	9.18e-26	4.98e-22	1.27e-18	1.47e-15	9.49e-13	3.37e-10	9.16e-08	1.95e-05	6.64e-03	1.36e-01	8.57e-01
 1.15728e+22	0.00e+00	0.00e+00	0.00e+00	0.00e+00	0.00e+00	0.00e+00	0.00e+00	0.00e+00	1.49e-25	7.68e-22	1.87e-18	2.06e-15	1.27e-12	4.30e-10	1.11e-07	2.25e-05	7.28e-03	1.42e-01	8.51e-01
 1.19278e+22	0.00e+00	0.00e+00	0.00e+00	0.00e+00	0.00e+00	0.00e+00	0.00e+00	0.00e+00	2.40e-25	1.18e-21	2.75e-18	2.88e-15	1.70e-12	5.47e-10	1.34e-07	2.59e-05	7.99e-03	1.48e-01	8.44e-01
 1.23894e+22	0.00e+00	0.00e+00	0.00e+00	0.00e+00	0.00e+00	0.00e+00	0.00e+00	0.00e+00	4.39e-25	2.04e-21	4.46e-18	4.40e-15	2.44e-12	7.42e-10	1.71e-07	3.10e-05	8.96e-03	1.56e-01	8.35e-01
 1.28546e+22	0.00e+00	0.00e+00	0.00e+00	0.00e+00	0.00e+00	0.00e+00	0.00e+00	0.00e+00	8.11e-25	3.54e-21	7.30e-18	6.79e-15	3.55e-12	1.01e-09	2.19e-07	3.72e-05	1.01e-02	1.64e-01	8.26e-01
 1.32164e+22	0.00e+00	0.00e+00	0.00e+00	0.00e+00	0.00e+00	0.00e+00	0.00e+00	0.00e+00	1.28e-24	5.34e-21	1.05e-17	9.36e-15	4.68e-12	1.28e-09	2.63e-07	4.26e-05	1.10e-02	1.71e-01	8.18e-01
 1.35142e+22	0.00e+00	0.00e+00	0.00e+00	0.00e+00	0.00e+00	0.00e+00	0.00e+00	0.00e+00	1.87e-24	7.52e-21	1.43e-17	1.22e-14	5.89e-12	1.55e-09	3.06e-07	4.77e-05	1.18e-02	1.76e-01	8.12e-01
 1.38373e+22	0.00e+00	0.00e+00	0.00e+00	0.00e+00	0.00e+00	0.00e+00	0.00e+00	1.88e-28	2.74e-24	1.06e-20	1.94e-17	1.60e-14	7.43e-12	1.88e-09	3.56e-07	5.35e-05	1.27e-02	1.82e-01	8.05e-01
 1.42574e+22	0.00e+00	0.00e+00	0.00e+00	0.00e+00	0.00e+00	0.00e+00	0.00e+00	3.22e-28	4.48e-24	1.65e-20	2.88e-17	2.26e-14	1.00e-11	2.41e-09	4.34e-07	6.18e-05	1.39e-02	1.90e-01	7.96e-01
 1.46934e+22	0.00e+00	0.00e+00	0.00e+00	0.00e+00	0.00e+00	0.00e+00	0.00e+00	5.68e-28	7.52e-24	2.64e-20	4.37e-17	3.27e-14	1.38e-11	3.14e-09	5.34e-07	7.21e-05	1.54e-02	1.98e-01	7.87e-01
 1.50474e+22	0.00e+00	0.00e+00	0.00e+00	0.00e+00	0.00e+00	0.00e+00	0.00e+00	8.85e-28	1.13e-23	3.81e-20	6.06e-17	4.35e-14	1.76e-11	3.86e-09	6.29e-07	8.13e-05	1.66e-02	2.05e-01	7.79e-01
 1.53577e+22	0.00e+00	0.00e+00	0.00e+00	0.00e+00	0.00e+00	0.00e+00	0.00e+00	1.30e-27	1.61e-23	5.24e-20	8.06e-17	5.59e-14	2.19e-11	4.63e-09	7.25e-07	9.04e-05	1.77e-02	2.11e-01	7.72e-01
 1.57139e+22	0.00e+00	0.00e+00	0.00e+00	0.00e+00	0.00e+00	0.00e+00	0.00e+00	1.99e-27	2.36e-23	7.42e-20	1.10e-16	7.33e-14	2.76e-11	5.63e-09	8.46e-07	1.01e-04	1.91e-02	2.17e-01	7.64e-01
 1.61770e+22	0.00e+00	0.00e+00	0.00e+00	0.00e+00	0.00e+00	0.00e+00	0.00e+00	3.39e-27	3.84e-23	1.15e-19	1.63e-16	1.03e-13	3.72e-11	7.21e-09	1.03e-06	1.17e-04	2.09e-02	2.26e-01	7.53e-01
 1.66553e+22	0.00e+00	0.00e+00	0.00e+00	0.00e+00	0.00e+00	0.00e+00	0.00e+00	5.98e-27	6.45e-23	1.84e-19	2.47e-16	1.50e-13	5.12e-11	9.42e-09	1.27e-06	1.36e-04	2.30e-02	2.35e-01	7.42e-01
 1.70374e+22	0.00e+00	0.00e+00	0.00e+00	0.00e+00	0.00e+00	0.00e+00	0.00e+00	9.22e-27	9.58e-23	2.63e-19	3.40e-16	1.98e-13	6.52e-11	1.15e-08	1.49e-06	1.53e-04	2.47e-02	2.42e-01	7.33e-01
 1.73450e+22	0.00e+00	0.00e+00	0.00e+00	0.00e+00	0.00e+00	0.00e+00	0.00e+00	1.31e-26	1.32e-22	3.52e-19	4.41e-16	2.49e-13	7.95e-11	1.36e-08	1.69e-06	1.69e-04	2.63e-02	2.48e-01	7.25e-01
 1.76717e+22	0.00e+00	0.00e+00	0.00e+00	0.00e+00	0.00e+00	0.00e+00	0.00e+00	1.86e-26	1.82e-22	4.69e-19	5.70e-16	3.12e-13	9.66e-11	1.60e-08	1.92e-06	1.85e-04	2.79e-02	2.54e-01	7.18e-01
 1.80964e+22	0.00e+00	0.00e+00	0.00e+00	0.00e+00	0.00e+00	0.00e+00	0.00e+00	1.12e-26	2.74e-22	6.79e-19	7.92e-16	4.17e-13	1.24e-10	1.98e-08	2.27e-06	2.09e-04	3.00e-02	2.62e-01	7.08e-01
 1.85392e+22	0.00e+00	0.00e+00	0.00e+00	0.00e+00	0.00e+00	0.00e+00	0.00e+00	4.68e-26	4.23e-22	1.01e-18	1.13e-15	5.70e-13	1.63e-10	2.48e-08	2.71e-06	2.38e-04	3.25e-02	2.71e-01	6.97e-01
 1.88995e+22	0.00e+00	0.00e+00	0.00e+00	0.00e+00	0.00e+00	0.00e+00	0.00e+00	2.63e-26	5.96e-22	1.38e-18	1.49e-15	7.27e-13	2.01e-10	2.96e-08	3.11e-06	2.63e-04	3.46e-02	2.77e-01	6.88e-01
 1.92620e+22	0.00e+00	0.00e+00	0.00e+00	0.00e+00	0.00e+00	0.00e+00	0.00e+00	3.77e-26	8.34e-22	1.86e-18	1.95e-15	9.23e-13	2.47e-10	3.52e-08	3.56e-06	2.91e-04	3.68e-02	2.84e-01	6.79e-01
 1.97332e+22	0.00e+00	0.00e+00	0.00e+00	0.00e+00	0.00e+00	0.00e+00	0.00e+00	5.98e-26	1.27e-21	2.73e-18	2.74e-15	1.25e-12	3.21e-10	4.37e-08	4.21e-06	3.29e-04	3.97e-02	2.93e-01	6.67e-01
 2.02110e+22	0.00e+00	0.00e+00	0.00e+00	0.00e+00	0.00e+00	0.00e+00	0.00e+00	9.73e-26	1.98e-21	4.07e-18	3.93e-15	1.71e-12	4.23e-10	5.51e-08	5.05e-06	3.75e-04	4.31e-02	3.02e-01	6.55e-01
 2.05796e+22	0.00e+00	0.00e+00	0.00e+00	0.00e+00	0.00e+00	0.00e+00	0.00e+00	1.39e-25	2.74e-21	5.48e-18	5.12e-15	2.16e-12	5.18e-10	6.53e-08	5.76e-06	4.13e-04	4.57e-02	3.08e-01	6.46e-01
 2.09410e+22	0.00e+00	0.00e+00	0.00e+00	0.00e+00	0.00e+00	0.00e+00	0.00e+00	1.93e-25	3.73e-21	7.24e-18	6.58e-15	2.69e-12	6.27e-10	7.67e-08	6.52e-06	4.52e-04	4.83e-02	3.15e-01	6.37e-01
 2.13444e+22	0.00e+00	0.00e+00	0.00e+00	0.00e+00	0.00e+00	0.00e+00	0.00e+00	2.83e-25	5.27e-21	9.92e-18	8.72e-15	3.46e-12	7.79e-10	9.19e-08	7.51e-06	5.01e-04	5.14e-02	3.22e-01	6.26e-01
 2.17146e+22	0.00e+00	0.00e+00	0.00e+00	0.00e+00	0.00e+00	0.00e+00	0.00e+00	3.98e-25	7.22e-21	1.32e-17	1.13e-14	4.33e-12	9.47e-10	1.08e-07	8.53e-06	5.50e-04	5.43e-02	3.28e-01	6.17e-01
 2.20510e+22	0.00e+00	0.00e+00	0.00e+00	0.00e+00	0.00e+00	0.00e+00	0.00e+00	5.37e-25	9.51e-21	1.69e-17	1.41e-14	5.28e-12	1.12e-09	1.25e-07	9.54e-06	5.96e-04	5.70e-02	3.34e-01	6.08e-01
 2.24312e+22	0.00e+00	0.00e+00	0.00e+00	0.00e+00	0.00e+00	0.00e+00	0.00e+00	7.51e-25	1.30e-20	2.25e-17	1.81e-14	6.60e-12	1.37e-09	1.47e-07	1.08e-05	6.53e-04	6.03e-02	3.41e-01	5.98e-01
 2.28583e+22	0.00e+00	0.00e+00	0.00e+00	0.00e+00	0.00e+00	0.00e+00	0.00e+00	1.09e-24	1.82e-20	3.05e-17	2.39e-14	8.40e-12	1.69e-09	1.75e-07	1.24e-05	7.20e-04	6.39e-02	3.48e-01	5.88e-01
 2.32670e+22	0.00e+00	0.00e+00	0.00e+00	0.00e+00	0.00e+00	0.00e+00	1.61e-28	1.55e-24	2.52e-20	4.11e-17	3.12e-14	1.06e-11	2.07e-09	2.09e-07	1.42e-05	7.93e-04	6.77e-02	3.54e-01	5.77e-01
 2.36491e+22	0.00e+00	0.00e+00	0.00e+00	0.00e+00	0.00e+00	0.00e+00	2.31e-28	2.14e-24	3.39e-20	5.39e-17	3.98e-14	1.32e-11	2.50e-09	2.44e-07	1.60e-05	8.66e-04	7.13e-02	3.61e-01	5.67e-01
 2.40172e+22	0.00e+00	0.00e+00	0.00e+00	0.00e+00	0.00e+00	0.00e+00	3.25e-28	2.90e-24	4.49e-20	6.95e-17	5.00e-14	1.62e-11	2.98e-09	2.83e-07	1.79e-05	9.39e-04	7.48e-02	3.66e-01	5.58e-01
 2.44369e+22	0.00e+00	0.00e+00	0.00e+00	0.00e+00	0.00e+00	0.00e+00	4.71e-28	4.04e-24	6.10e-20	9.19e-17	6.43e-14	2.02e-11	3.62e-09	3.32e-07	2.03e-05	1.03e-03	7.89e-02	3.72e-01	5.48e-01
 2.49057e+22	0.00e+00	0.00e+00	0.00e+00	0.00e+00	0.00e+00	0.00e+00	7.26e-28	5.93e-24	8.68e-20	1.27e-16	8.58e-14	2.61e-11	4.52e-09	4.01e-07	2.35e-05	1.14e-03	8.38e-02	3.80e-01	5.35e-01
 2.53297e+22	0.00e+00	0.00e+00	0.00e+00	0.00e+00	0.00e+00	0.00e+00	1.06e-27	8.31e-24	1.18e-19	1.68e-16	1.11e-13	3.26e-11	5.51e-09	4.72e-07	2.66e-05	1.25e-03	8.83e-02	3.86e-01	5.25e-01
 2.57088e+22	0.00e+00	0.00e+00	0.00e+00	0.00e+00	0.00e+00	0.00e+00	1.47e-27	1.11e-23	1.55e-19	2.16e-16	1.38e-13	3.98e-11	6.54e-09	5.46e-07	2.98e-05	1.35e-03	9.25e-02	3.91e-01	5.15e-01
 2.61382e+22	0.00e+00	0.00e+00	0.00e+00	0.00e+00	0.00e+00	0.00e+00	2.10e-27	1.52e-23	2.08e-19	2.81e-16	1.76e-13	4.91e-11	7.87e-09	6.36e-07	3.35e-05	1.47e-03	9.71e-02	3.97e-01	5.05e-01
 2.66182e+22	0.00e+00	0.00e+00	0.00e+00	0.00e+00	0.00e+00	0.00e+00	3.18e-27	2.20e-23	2.91e-19	3.83e-16	2.32e-13	6.29e-11	9.76e-09	7.62e-07	3.85e-05	1.62e-03	1.03e-01	4.03e-01	4.93e-01
 2.70533e+22	0.00e+00	0.00e+00	0.00e+00	0.00e+00	0.00e+00	0.00e+00	4.57e-27	3.04e-23	3.93e-19	5.03e-16	2.97e-13	7.82e-11	1.18e-08	8.94e-07	4.34e-05	1.76e-03	1.08e-01	4.08e-01	4.82e-01
 2.74420e+22	0.00e+00	0.00e+00	0.00e+00	0.00e+00	0.00e+00	0.00e+00	6.27e-27	4.01e-23	5.09e-19	6.38e-16	3.68e-13	9.45e-11	1.39e-08	1.03e-06	4.83e-05	1.90e-03	1.13e-01	4.13e-01	4.73e-01
 2.78812e+22	0.00e+00	0.00e+00	0.00e+00	0.00e+00	0.00e+00	0.00e+00	8.78e-27	5.41e-23	6.73e-19	8.23e-16	4.63e-13	1.16e-10	1.66e-08	1.19e-06	5.40e-05	2.06e-03	1.18e-01	4.18e-01	4.62e-01
 2.84523e+22	0.00e+00	0.00e+00	0.00e+00	0.00e+00	0.00e+00	0.00e+00	1.37e-26	8.03e-23	9.73e-19	1.15e-15	6.28e-13	1.52e-10	2.11e-08	1.45e-06	6.28e-05	2.29e-03	1.25e-01	4.24e-01	4.49e-01
 2.90258e+22	0.00e+00	0.00e+00	0.00e+00	0.00e+00	0.00e+00	0.00e+00	2.17e-26	1.20e-22	1.41e-18	1.62e-15	8.53e-13	1.99e-10	2.68e-08	1.77e-06	7.31e-05	2.54e-03	1.33e-01	4.30e-01	4.35e-01
 2.94581e+22	0.00e+00	0.00e+00	0.00e+00	0.00e+00	0.00e+00	0.00e+00	1.51e-26	1.61e-22	1.85e-18	2.08e-15	1.07e-12	2.43e-10	3.18e-08	2.04e-06	8.16e-05	2.74e-03	1.38e-01	4.34e-01	4.25e-01
 2.98756e+22	0.00e+00	0.00e+00	0.00e+00	0.00e+00	0.00e+00	0.00e+00	4.07e-26	2.09e-22	2.37e-18	2.61e-15	1.31e-12	2.92e-10	3.74e-08	2.34e-06	9.03e-05	2.94e-03	1.44e-01	4.37e-01	4.16e-01
 3.04184e+22	0.00e+00	0.00e+00	0.00e+00	0.00e+00	0.00e+00	0.00e+00	3.00e-26	2.95e-22	3.27e-18	3.51e-15	1.71e-12	3.70e-10	4.60e-08	2.78e-06	1.03e-04	3.22e-03	1.51e-01	4.42e-01	4.04e-01
 3.09909e+22	0.00e+00	0.00e+00	0.00e+00	0.00e+00	0.00e+00	0.00e+00	4.57e-26	4.27e-22	4.60e-18	4.80e-15	2.28e-12	4.76e-10	5.73e-08	3.33e-06	1.18e-04	3.54e-03	1.59e-01	4.46e-01	3.91e-01
 3.14741e+22	0.00e+00	0.00e+00	0.00e+00	0.00e+00	0.00e+00	0.00e+00	6.44e-26	5.77e-22	6.09e-18	6.22e-15	2.88e-12	5.86e-10	6.87e-08	3.88e-06	1.33e-04	3.83e-03	1.66e-01	4.49e-01	3.80e-01
 3.19743e+22	0.00e+00	0.00e+00	0.00e+00	0.00e+00	0.00e+00	0.00e+00	8.96e-26	7.74e-22	8.04e-18	8.03e-15	3.62e-12	7.19e-10	8.22e-08	4.50e-06	1.48e-04	4.14e-03	1.73e-01	4.52e-01	3.70e-01
 3.26245e+22	0.00e+00	0.00e+00	0.00e+00	0.00e+00	0.00e+00	0.00e+00	1.38e-25	1.13e-21	1.14e-17	1.11e-14	4.87e-12	9.34e-10	1.03e-07	5.44e-06	1.71e-04	4.57e-03	1.83e-01	4.56e-01	3.57e-01
 3.32706e+22	0.00e+00	0.00e+00	0.00e+00	0.00e+00	0.00e+00	0.00e+00	2.15e-25	1.66e-21	1.64e-17	1.55e-14	6.58e-12	1.22e-09	1.30e-07	6.60e-06	1.98e-04	5.04e-03	1.93e-01	4.59e-01	3.43e-01
 3.37605e+22	0.00e+00	0.00e+00	0.00e+00	0.00e+00	0.00e+00	0.00e+00	2.96e-25	2.20e-21	2.13e-17	1.97e-14	8.19e-12	1.48e-09	1.55e-07	7.59e-06	2.20e-04	5.41e-03	2.00e-01	4.61e-01	3.34e-01
 3.42466e+22	0.00e+00	0.00e+00	0.00e+00	0.00e+00	0.00e+00	0.00e+00	3.96e-25	2.85e-21	2.73e-17	2.48e-14	1.01e-11	1.78e-09	1.81e-07	8.66e-06	2.43e-04	5.79e-03	2.07e-01	4.62e-01	3.25e-01
 3.48784e+22	0.00e+00	0.00e+00	0.00e+00	0.00e+00	0.00e+00	0.00e+00	5.82e-25	4.00e-21	3.75e-17	3.33e-14	1.31e-11	2.25e-09	2.23e-07	1.03e-05	2.76e-04	6.30e-03	2.16e-01	4.64e-01	3.13e-01
 3.55405e+22	0.00e+00	0.00e+00	0.00e+00	0.00e+00	0.00e+00	0.00e+00	8.83e-25	5.75e-21	5.26e-17	4.55e-14	1.74e-11	2.89e-09	2.78e-07	1.23e-05	3.16e-04	6.90e-03	2.27e-01	4.65e-01	3.01e-01
 3.60909e+22	0.00e+00	0.00e+00	0.00e+00	0.00e+00	0.00e+00	1.91e-28	1.23e-24	7.68e-21	6.90e-17	5.85e-14	2.19e-11	3.54e-09	3.31e-07	1.42e-05	3.52e-04	7.41e-03	2.35e-01	4.66e-01	2.91e-01
 3.66556e+22	0.00e+00	0.00e+00	0.00e+00	0.00e+00	0.00e+00	2.70e-28	1.67e-24	1.01e-20	8.95e-17	7.42e-14	2.72e-11	4.28e-09	3.90e-07	1.63e-05	3.89e-04	7.93e-03	2.43e-01	4.67e-01	2.82e-01
 3.73897e+22	0.00e+00	0.00e+00	0.00e+00	0.00e+00	0.00e+00	4.31e-28	2.53e-24	1.45e-20	1.26e-16	1.02e-13	3.63e-11	5.54e-09	4.88e-07	1.96e-05	4.46e-04	8.68e-03	2.54e-01	4.67e-01	2.70e-01
 3.81285e+22	0.00e+00	0.00e+00	0.00e+00	0.00e+00	0.00e+00	7.01e-28	3.89e-24	2.11e-20	1.79e-16	1.41e-13	4.87e-11	7.17e-09	6.12e-07	2.36e-05	5.12e-04	9.49e-03	2.66e-01	4.66e-01	2.58e-01
 3.86960e+22	0.00e+00	0.00e+00	0.00e+00	0.00e+00	0.00e+00	9.96e-28	5.31e-24	2.76e-20	2.31e-16	1.79e-13	6.04e-11	8.68e-09	7.22e-07	2.70e-05	5.66e-04	1.01e-02	2.74e-01	4.66e-01	2.49e-01
 3.92563e+22	0.00e+00	0.00e+00	0.00e+00	0.00e+00	0.00e+00	1.37e-27	7.05e-24	3.55e-20	2.94e-16	2.24e-13	7.40e-11	1.04e-08	8.43e-07	3.06e-05	6.21e-04	1.08e-02	2.82e-01	4.65e-01	2.41e-01
 3.99848e+22	0.00e+00	0.00e+00	0.00e+00	0.00e+00	0.00e+00	2.09e-27	1.02e-23	4.91e-20	4.00e-16	2.97e-13	9.57e-11	1.30e-08	1.03e-06	3.60e-05	7.00e-04	1.16e-02	2.93e-01	4.63e-01	2.31e-01
 4.07651e+22	0.00e+00	0.00e+00	0.00e+00	0.00e+00	0.00e+00	3.31e-27	1.54e-23	7.01e-20	5.59e-16	4.05e-13	1.27e-10	1.67e-08	1.27e-06	4.29e-05	7.96e-04	1.26e-02	3.04e-01	4.61e-01	2.21e-01
 4.14387e+22	0.00e+00	0.00e+00	0.00e+00	0.00e+00	0.00e+00	4.86e-27	2.16e-23	9.43e-20	7.39e-16	5.25e-13	1.60e-10	2.05e-08	1.52e-06	4.96e-05	8.87e-04	1.35e-02	3.14e-01	4.59e-01	2.12e-01
 4.21401e+22	0.00e+00	0.00e+00	0.00e+00	0.00e+00	0.00e+00	7.00e-27	2.98e-23	1.25e-19	9.72e-16	6.77e-13	2.02e-10	2.51e-08	1.81e-06	5.72e-05	9.83e-04	1.45e-02	3.24e-01	4.57e-01	2.04e-01
 4.30520e+22	0.00e+00	0.00e+00	0.00e+00	0.00e+00	0.00e+00	1.13e-26	4.55e-23	1.81e-19	1.38e-15	9.37e-13	2.71e-10	3.25e-08	2.26e-06	6.85e-05	1.12e-03	1.57e-02	3.37e-01	4.53e-01	1.93e-01
 4.39897e+22	0.00e+00	0.00e+00	0.00e+00	0.00e+00	0.00e+00	1.87e-26	7.13e-23	2.68e-19	1.99e-15	1.32e-12	3.68e-10	4.26e-08	2.86e-06	8.28e-05	1.29e-03	1.72e-02	3.50e-01	4.49e-01	1.83e-01
 4.47103e+22	0.00e+00	0.00e+00	0.00e+00	0.00e+00	0.00e+00	2.72e-26	9.93e-23	3.58e-19	2.62e-15	1.69e-12	4.63e-10	5.21e-08	3.40e-06	9.52e-05	1.43e-03	1.83e-02	3.60e-01	4.46e-01	1.75e-01
 4.53055e+22	0.00e+00	0.00e+00	0.00e+00	0.00e+00	0.00e+00	3.62e-26	1.28e-22	4.47e-19	3.24e-15	2.06e-12	5.53e-10	6.09e-08	3.89e-06	1.06e-04	1.54e-03	1.92e-02	3.67e-01	4.43e-01	1.69e-01
 4.59883e+22	0.00e+00	0.00e+00	0.00e+00	0.00e+00	0.00e+00	5.03e-26	1.71e-22	5.77e-19	4.14e-15	2.59e-12	6.80e-10	7.29e-08	4.54e-06	1.20e-04	1.69e-03	2.04e-02	3.76e-01	4.39e-01	1.62e-01
 4.68759e+22	0.00e+00	0.00e+00	0.00e+00	0.00e+00	0.00e+00	7.55e-26	2.45e-22	7.91e-19	5.58e-15	3.42e-12	8.72e-10	9.06e-08	5.47e-06	1.40e-04	1.89e-03	2.18e-02	3.87e-01	4.35e-01	1.55e-01
 4.78508e+22	0.00e+00	0.00e+00	0.00e+00	0.00e+00	0.00e+00	1.20e-25	3.69e-22	1.13e-18	7.82e-15	4.67e-12	1.16e-09	1.16e-07	6.76e-06	1.66e-04	2.13e-03	2.35e-02	3.99e-01	4.29e-01	1.46e-01
 4.87172e+22	0.00e+00	0.00e+00	0.00e+00	0.00e+00	0.00e+00	1.79e-25	5.26e-22	1.54e-18	1.05e-14	6.12e-12	1.48e-09	1.44e-07	8.11e-06	1.92e-04	2.37e-03	2.51e-02	4.10e-01	4.24e-01	1.39e-01
 4.94849e+22	0.00e+00	0.00e+00	0.00e+00	0.00e+00	0.00e+00	2.50e-25	7.08e-22	2.00e-18	1.34e-14	7.71e-12	1.82e-09	1.72e-07	9.47e-06	2.17e-04	2.59e-03	2.65e-02	4.19e-01	4.19e-01	1.33e-01
 5.03465e+22	0.00e+00	0.00e+00	0.00e+00	0.00e+00	0.00e+00	3.56e-25	9.67e-22	2.63e-18	1.75e-14	9.83e-12	2.26e-09	2.08e-07	1.11e-05	2.47e-04	2.84e-03	2.80e-02	4.28e-01	4.14e-01	1.27e-01
 5.14665e+22	0.00e+00	0.00e+00	0.00e+00	0.00e+00	0.00e+00	5.64e-25	1.45e-21	3.75e-18	2.46e-14	1.35e-11	3.01e-09	2.67e-07	1.38e-05	2.92e-04	3.21e-03	3.01e-02	4.40e-01	4.07e-01	1.19e-01
 5.25806e+22	0.00e+00	0.00e+00	0.00e+00	0.00e+00	0.00e+00	9.18e-25	2.24e-21	5.45e-18	3.49e-14	1.87e-11	4.03e-09	3.44e-07	1.71e-05	3.47e-04	3.64e-03	3.24e-02	4.52e-01	3.99e-01	1.12e-01
 5.34215e+22	0.00e+00	0.00e+00	0.00e+00	0.00e+00	2.61e-28	1.28e-24	3.01e-21	7.08e-18	4.48e-14	2.35e-11	4.96e-09	4.12e-07	1.99e-05	3.92e-04	3.97e-03	3.42e-02	4.61e-01	3.94e-01	1.07e-01
 5.42491e+22	0.00e+00	0.00e+00	0.00e+00	0.00e+00	3.65e-28	1.74e-24	3.94e-21	8.96e-18	5.63e-14	2.90e-11	5.99e-09	4.85e-07	2.29e-05	4.38e-04	4.29e-03	3.58e-02	4.69e-01	3.89e-01	1.02e-01
 5.53250e+22	0.00e+00	0.00e+00	0.00e+00	0.00e+00	5.71e-28	2.60e-24	5.62e-21	1.22e-17	7.58e-14	3.82e-11	7.67e-09	6.01e-07	2.74e-05	5.06e-04	4.75e-03	3.80e-02	4.78e-01	3.82e-01	9.67e-02
 5.65051e+22	0.00e+00	0.00e+00	0.00e+00	0.00e+00	9.41e-28	4.07e-24	8.37e-21	1.73e-17	1.05e-13	5.17e-11	1.01e-08	7.61e-07	3.35e-05	5.92e-04	5.32e-03	4.06e-02	4.89e-01	3.74e-01	9.08e-02
 5.75554e+22	0.00e+00	0.00e+00	0.00e+00	0.00e+00	1.45e-27	6.00e-24	1.18e-20	2.34e-17	1.40e-13	6.73e-11	1.28e-08	9.35e-07	3.99e-05	6.79e-04	5.86e-03	4.29e-02	4.98e-01	3.66e-01	8.58e-02
 5.85095e+22	0.00e+00	0.00e+00	0.00e+00	0.00e+00	2.10e-27	8.36e-24	1.58e-20	3.02e-17	1.79e-13	8.46e-11	1.57e-08	1.12e-06	4.63e-05	7.65e-04	6.37e-03	4.51e-02	5.06e-01	3.60e-01	8.16e-02
 5.96036e+22	0.00e+00	0.00e+00	0.00e+00	0.00e+00	3.14e-27	1.20e-23	2.18e-20	4.00e-17	2.35e-13	1.09e-10	1.96e-08	1.35e-06	5.45e-05	8.69e-04	6.97e-03	4.75e-02	5.14e-01	3.53e-01	7.72e-02
 6.10260e+22	0.00e+00	0.00e+00	0.00e+00	0.00e+00	5.22e-27	1.90e-23	3.27e-20	5.70e-17	3.29e-13	1.48e-10	2.59e-08	1.72e-06	6.68e-05	1.02e-03	7.80e-03	5.06e-02	5.24e-01	3.44e-01	7.20e-02
 6.24515e+22	0.00e+00	0.00e+00	0.00e+00	0.00e+00	9.06e-27	3.11e-23	5.08e-20	8.34e-17	4.71e-13	2.07e-10	3.49e-08	2.23e-06	8.29e-05	1.21e-03	8.79e-03	5.41e-02	5.34e-01	3.35e-01	6.68e-02
 6.35288e+22	0.00e+00	0.00e+00	0.00e+00	0.00e+00	1.33e-26	4.40e-23	6.90e-20	1.09e-16	6.09e-13	2.62e-10	4.31e-08	2.67e-06	9.66e-05	1.36e-03	9.56e-03	5.67e-02	5.41e-01	3.28e-01	6.32e-02
 6.45768e+22	0.00e+00	0.00e+00	0.00e+00	0.00e+00	1.86e-26	5.94e-23	8.99e-20	1.38e-16	7.65e-13	3.23e-10	5.20e-08	3.14e-06	1.11e-04	1.51e-03	1.03e-02	5.91e-02	5.47e-01	3.21e-01	6.02e-02
 6.59393e+22	0.00e+00	0.00e+00	0.00e+00	0.00e+00	2.91e-26	8.87e-23	1.28e-19	1.88e-16	1.03e-12	4.25e-10	6.64e-08	3.88e-06	1.32e-04	1.74e-03	1.13e-02	6.24e-02	5.55e-01	3.13e-01	5.64e-02
 6.74361e+22	0.00e+00	0.00e+00	0.00e+00	0.00e+00	4.81e-26	1.40e-22	1.92e-19	2.66e-16	1.43e-12	5.77e-10	8.73e-08	4.90e-06	1.61e-04	2.02e-03	1.26e-02	6.61e-02	5.63e-01	3.04e-01	5.24e-02
 6.87653e+22	0.00e+00	0.00e+00	0.00e+00	0.00e+00	7.43e-26	2.06e-22	2.71e-19	3.59e-16	1.91e-12	7.52e-10	1.11e-07	6.01e-06	1.90e-04	2.31e-03	1.38e-02	6.95e-02	5.69e-01	2.96e-01	4.91e-02
 6.99660e+22	0.00e+00	0.00e+00	0.00e+00	0.00e+00	1.07e-25	2.86e-22	3.61e-19	4.62e-16	2.44e-12	9.43e-10	1.35e-07	7.14e-06	2.20e-04	2.58e-03	1.49e-02	7.25e-02	5.75e-01	2.89e-01	4.64e-02
 7.13420e+22	0.00e+00	0.00e+00	0.00e+00	0.00e+00	1.59e-25	4.08e-22	4.94e-19	6.08e-16	3.18e-12	1.20e-09	1.68e-07	8.61e-06	2.57e-04	2.92e-03	1.62e-02	7.58e-02	5.80e-01	2.81e-01	4.36e-02
 7.31308e+22	0.00e+00	0.00e+00	0.00e+00	0.00e+00	2.61e-25	6.36e-22	7.33e-19	8.58e-16	4.43e-12	1.63e-09	2.20e-07	1.08e-05	3.11e-04	3.38e-03	1.79e-02	8.00e-02	5.86e-01	2.72e-01	4.03e-02
 7.50339e+22	0.00e+00	0.00e+00	0.00e+00	0.00e+00	4.61e-25	1.06e-21	1.15e-18	1.27e-15	6.42e-12	2.30e-09	3.00e-07	1.41e-05	3.88e-04	4.01e-03	2.01e-02	8.51e-02	5.92e-01	2.61e-01	3.68e-02
 7.66041e+22	0.00e+00	0.00e+00	0.00e+00	0.00e+00	7.23e-25	1.59e-21	1.65e-18	1.73e-15	8.64e-12	3.03e-09	3.83e-07	1.74e-05	4.61e-04	4.58e-03	2.21e-02	8.92e-02	5.97e-01	2.53e-01	3.43e-02
 7.78940e+22	0.00e+00	0.00e+00	0.00e+00	0.00e+00	1.02e-24	2.17e-21	2.17e-18	2.19e-15	1.09e-11	3.76e-09	4.64e-07	2.05e-05	5.28e-04	5.09e-03	2.37e-02	9.25e-02	6.00e-01	2.46e-01	3.23e-02
 7.93011e+22	0.00e+00	0.00e+00	0.00e+00	2.40e-28	1.45e-24	2.97e-21	2.85e-18	2.79e-15	1.38e-11	4.66e-09	5.62e-07	2.41e-05	6.05e-04	5.64e-03	2.54e-02	9.59e-02	6.03e-01	2.39e-01	3.04e-02
 8.11302e+22	0.00e+00	0.00e+00	0.00e+00	3.90e-28	2.25e-24	4.40e-21	4.04e-18	3.78e-15	1.85e-11	6.11e-09	7.15e-07	2.96e-05	7.17e-04	6.42e-03	2.77e-02	1.00e-01	6.05e-01	2.31e-01	2.82e-02
 8.31470e+22	0.00e+00	0.00e+00	0.00e+00	6.85e-28	3.76e-24	6.97e-21	6.07e-18	5.36e-15	2.59e-11	8.32e-09	9.41e-07	3.74e-05	8.70e-04	7.45e-03	3.07e-02	1.05e-01	6.08e-01	2.22e-01	2.59e-02
 8.49451e+22	0.00e+00	0.00e+00	0.00e+00	1.12e-27	5.88e-24	1.04e-20	8.65e-18	7.28e-15	3.48e-11	1.09e-08	1.20e-06	4.60e-05	1.03e-03	8.48e-03	3.34e-02	1.10e-01	6.10e-01	2.13e-01	2.39e-02
 8.65524e+22	0.00e+00	0.00e+00	0.00e+00	1.68e-27	8.50e-24	1.45e-20	1.16e-17	9.37e-15	4.45e-11	1.37e-08	1.47e-06	5.46e-05	1.19e-03	9.45e-03	3.59e-02	1.14e-01	6.11e-01	2.07e-01	2.24e-02
 8.83742e+22	0.00e+00	0.00e+00	0.00e+00	2.56e-27	1.24e-23	2.04e-20	1.56e-17	1.22e-14	5.74e-11	1.73e-08	1.80e-06	6.51e-05	1.37e-03	1.05e-02	3.86e-02	1.18e-01	6.11e-01	2.00e-01	2.09e-02
 9.07427e+22	0.00e+00	0.00e+00	0.00e+00	4.43e-27	2.04e-23	3.17e-20	2.30e-17	1.70e-14	7.97e-11	2.35e-08	2.36e-06	8.19e-05	1.66e-03	1.22e-02	4.25e-02	1.23e-01	6.11e-01	1.90e-01	1.90e-02
 9.31984e+22	0.00e+00	0.00e+00	0.00e+00	8.19e-27	3.57e-23	5.23e-20	3.57e-17	2.48e-14	1.14e-10	3.28e-08	3.18e-06	1.05e-04	2.04e-03	1.42e-02	4.71e-02	1.29e-01	6.09e-01	1.81e-01	1.72e-02
 9.50168e+22	0.00e+00	0.00e+00	0.00e+00	1.28e-26	5.33e-23	7.49e-20	4.91e-17	3.26e-14	1.49e-10	4.18e-08	3.94e-06	1.26e-04	2.37e-03	1.59e-02	5.07e-02	1.34e-01	6.08e-01	1.74e-01	1.59e-02
 9.63757e+22	0.00e+00	0.00e+00	0.00e+00	1.70e-26	6.92e-23	9.46e-20	6.01e-17	3.89e-14	1.78e-10	4.92e-08	4.55e-06	1.43e-04	2.62e-03	1.72e-02	5.32e-02	1.37e-01	6.06e-01	1.69e-01	1.51e-02
 9.78881e+22	0.00e+00	0.00e+00	0.00e+00	2.35e-26	9.25e-23	1.22e-19	7.52e-17	4.73e-14	2.16e-10	5.89e-08	5.34e-06	1.63e-04	2.92e-03	1.86e-02	5.61e-02	1.40e-01	6.04e-01	1.64e-01	1.42e-02
 9.98543e+22	0.00e+00	0.00e+00	0.00e+00	3.44e-26	1.31e-22	1.67e-19	9.87e-17	5.97e-14	2.71e-10	7.27e-08	6.43e-06	1.91e-04	3.32e-03	2.05e-02	5.97e-02	1.44e-01	6.01e-01	1.58e-01	1.33e-02
 1.02410e+23	0.00e+00	0.00e+00	0.00e+00	5.61e-26	2.03e-22	2.47e-19	1.39e-16	8.04e-14	3.63e-10	9.51e-08	8.16e-06	2.34e-04	3.91e-03	2.32e-02	6.46e-02	1.49e-01	5.97e-01	1.50e-01	1.21e-02
 1.04894e+23	0.00e+00	0.00e+00	0.00e+00	9.71e-26	3.34e-22	3.86e-19	2.06e-16	1.12e-13	4.98e-10	1.28e-07	1.06e-05	2.91e-04	4.68e-03	2.65e-02	7.03e-02	1.54e-01	5.91e-01	1.42e-01	1.10e-02
 1.06566e+23	0.00e+00	0.00e+00	0.00e+00	1.38e-25	4.59e-22	5.11e-19	2.64e-16	1.38e-13	6.13e-10	1.55e-07	1.25e-05	3.36e-04	5.26e-03	2.89e-02	7.43e-02	1.58e-01	5.87e-01	1.37e-01	1.02e-02
 1.08020e+23	0.00e+00	0.00e+00	0.00e+00	1.77e-25	5.74e-22	6.23e-19	3.13e-16	1.61e-13	7.15e-10	1.78e-07	1.42e-05	3.72e-04	5.72e-03	3.08e-02	7.73e-02	1.60e-01	5.83e-01	1.33e-01	9.74e-03
 1.09910e+23	0.00e+00	0.00e+00	0.00e+00	2.44e-25	7.67e-22	8.08e-19	3.92e-16	1.95e-13	8.65e-10	2.12e-07	1.66e-05	4.25e-04	6.36e-03	3.33e-02	8.11e-02	1.63e-01	5.78e-01	1.28e-01	9.13e-03
 1.12026e+23	0.00e+00	0.00e+00	0.00e+00	3.58e-25	1.09e-21	1.10e-18	5.15e-16	2.45e-13	1.08e-09	2.61e-07	1.99e-05	4.95e-04	7.20e-03	3.65e-02	8.59e-02	1.67e-01	5.72e-01	1.23e-01	8.46e-03
 1.13907e+23	0.00e+00	0.00e+00	0.00e+00	5.08e-25	1.49e-21	1.46e-18	6.58e-16	3.02e-13	1.33e-09	3.15e-07	2.35e-05	5.69e-04	8.07e-03	3.96e-02	9.04e-02	1.70e-01	5.66e-01	1.18e-01	7.87e-03
 1.15481e+23	0.00e+00	0.00e+00	0.00e+00	6.58e-25	1.88e-21	1.80e-18	7.88e-16	3.53e-13	1.55e-09	3.63e-07	2.66e-05	6.31e-04	8.77e-03	4.21e-02	9.39e-02	1.72e-01	5.61e-01	1.14e-01	7.46e-03
 1.17186e+23	0.00e+00	0.00e+00	0.00e+00	8.64e-25	2.40e-21	2.23e-18	9.51e-16	4.14e-13	1.82e-09	4.22e-07	3.04e-05	7.06e-04	9.60e-03	4.50e-02	9.77e-02	1.74e-01	5.56e-01	1.10e-01	7.03e-03
 1.19402e+23	0.00e+00	0.00e+00	0.00e+00	1.19e-24	3.21e-21	2.88e-18	1.19e-15	5.02e-13	2.19e-09	5.01e-07	3.54e-05	8.01e-04	1.06e-02	4.84e-02	1.02e-01	1.77e-01	5.49e-01	1.06e-01	6.56e-03
 1.22283e+23	0.00e+00	0.00e+00	4.19e-28	1.80e-24	4.67e-21	4.02e-18	1.59e-15	6.41e-13	2.80e-09	6.28e-07	4.31e-05	9.46e-04	1.21e-02	5.34e-02	1.08e-01	1.80e-01	5.39e-01	1.00e-01	5.98e-03
 1.25131e+23	0.00e+00	0.00e+00	7.16e-28	2.95e-24	7.28e-21	5.97e-18	2.24e-15	8.54e-13	3.69e-09	8.12e-07	5.41e-05	1.14e-03	1.41e-02	5.96e-02	1.16e-01	1.84e-01	5.27e-01	9.37e-02	5.37e-03
 1.27096e+23	0.00e+00	0.00e+00	1.03e-27	4.12e-24	9.83e-21	7.80e-18	2.82e-15	1.04e-12	4.47e-09	9.70e-07	6.32e-05	1.30e-03	1.57e-02	6.42e-02	1.21e-01	1.86e-01	5.18e-01	8.93e-02	4.98e-03
 1.28489e+23	0.00e+00	0.00e+00	1.29e-27	5.02e-24	1.18e-20	9.13e-18	3.23e-15	1.17e-12	5.04e-09	1.08e-06	6.96e-05	1.41e-03	1.67e-02	6.71e-02	1.24e-01	1.87e-01	5.12e-01	8.67e-02	4.74e-03
 1.29979e+23	0.00e+00	0.00e+00	1.58e-27	6.07e-24	1.39e-20	1.06e-17	3.68e-15	1.30e-12	5.63e-09	1.20e-06	7.61e-05	1.52e-03	1.77e-02	7.00e-02	1.27e-01	1.88e-01	5.07e-01	8.43e-02	4.53e-03
 1.31917e+23	0.00e+00	0.00e+00	2.08e-27	7.79e-24	1.74e-20	1.29e-17	4.36e-15	1.51e-12	6.49e-09	1.37e-06	8.55e-05	1.67e-03	1.91e-02	7.40e-02	1.31e-01	1.89e-01	4.99e-01	8.12e-02	4.26e-03
 1.34436e+23	0.00e+00	0.00e+00	2.87e-27	1.04e-23	2.27e-20	1.63e-17	5.34e-15	1.78e-12	7.68e-09	1.60e-06	9.79e-05	1.87e-03	2.09e-02	7.88e-02	1.36e-01	1.91e-01	4.90e-01	7.76e-02	3.97e-03
 1.37710e+23	0.00e+00	0.00e+00	4.35e-27	1.52e-23	3.19e-20	2.21e-17	6.92e-15	2.22e-12	9.53e-09	1.95e-06	1.17e-04	2.16e-03	2.35e-02	8.54e-02	1.42e-01	1.92e-01	4.78e-01	7.31e-02	3.61e-03
 1.40997e+23	0.00e+00	0.00e+00	7.20e-27	2.41e-23	4.82e-20	3.19e-17	9.52e-15	2.89e-12	1.23e-08	2.46e-06	1.43e-04	2.56e-03	2.68e-02	9.38e-02	1.49e-01	1.93e-01	4.63e-01	6.78e-02	3.22e-03
 1.43318e+23	0.00e+00	0.00e+00	1.04e-26	3.38e-23	6.54e-20	4.17e-17	1.20e-14	3.51e-12	1.48e-08	2.93e-06	1.67e-04	2.91e-03	2.96e-02	1.00e-01	1.55e-01	1.94e-01	4.51e-01	6.41e-02	2.95e-03
 1.44995e+23	0.00e+00	0.00e+00	1.28e-26	4.07e-23	7.72e-20	4.82e-17	1.36e-14	3.91e-12	1.65e-08	3.24e-06	1.82e-04	3.12e-03	3.13e-02	1.04e-01	1.58e-01	1.94e-01	4.44e-01	6.19e-02	2.80e-03
 1.46818e+23	0.00e+00	0.00e+00	1.56e-26	4.86e-23	9.04e-20	5.54e-17	1.53e-14	4.32e-12	1.82e-08	3.55e-06	1.97e-04	3.33e-03	3.30e-02	1.08e-01	1.61e-01	1.94e-01	4.37e-01	6.00e-02	2.66e-03
 1.49187e+23	0.00e+00	0.00e+00	2.01e-26	6.14e-23	1.12e-19	6.68e-17	1.80e-14	4.94e-12	2.08e-08	4.01e-06	2.19e-04	3.63e-03	3.52e-02	1.13e-01	1.65e-01	1.94e-01	4.28e-01	5.75e-02	2.50e-03
 1.52267e+23	0.00e+00	0.00e+00	2.76e-26	8.18e-23	1.44e-19	8.37e-17	2.18e-14	5.81e-12	2.43e-08	4.64e-06	2.48e-04	4.03e-03	3.82e-02	1.20e-01	1.69e-01	1.94e-01	4.17e-01	5.45e-02	2.30e-03
 1.55743e+23	0.00e+00	0.00e+00	4.13e-26	1.18e-22	2.01e-19	1.12e-16	2.80e-14	7.15e-12	2.96e-08	5.57e-06	2.91e-04	4.60e-03	4.23e-02	1.28e-01	1.75e-01	1.94e-01	4.03e-01	5.08e-02	2.08e-03
 1.58785e+23	0.00e+00	0.00e+00	6.01e-26	1.66e-22	2.73e-19	1.47e-16	3.54e-14	8.67e-12	3.56e-08	6.59e-06	3.37e-04	5.18e-03	4.64e-02	1.36e-01	1.80e-01	1.93e-01	3.89e-01	4.75e-02	1.88e-03
 1.61157e+23	0.00e+00	0.00e+00	7.93e-26	2.14e-22	3.42e-19	1.79e-16	4.19e-14	9.99e-12	4.08e-08	7.48e-06	3.76e-04	5.67e-03	4.97e-02	1.43e-01	1.84e-01	1.92e-01	3.78e-01	4.51e-02	1.74e-03
 1.63604e+23	0.00e+00	0.00e+00	9.70e-26	2.57e-22	4.03e-19	2.07e-16	4.73e-14	1.11e-11	4.52e-08	8.21e-06	4.08e-04	6.05e-03	5.23e-02	1.48e-01	1.87e-01	1.91e-01	3.71e-01	4.34e-02	1.65e-03
 1.66786e+23	0.00e+00	0.00e+00	1.28e-25	3.30e-22	5.05e-19	2.52e-16	5.61e-14	1.27e-11	5.17e-08	9.30e-06	4.54e-04	6.61e-03	5.59e-02	1.54e-01	1.90e-01	1.90e-01	3.60e-01	4.11e-02	1.52e-03
 1.70922e+23	0.00e+00	0.00e+00	1.74e-25	4.37e-22	6.49e-19	3.15e-16	6.78e-14	1.49e-11	6.00e-08	1.07e-05	5.11e-04	7.27e-03	6.01e-02	1.62e-01	1.94e-01	1.88e-01	3.48e-01	3.86e-02	1.39e-03
 1.76300e+23	0.00e+00	0.00e+00	2.55e-25	6.18e-22	8.86e-19	4.14e-16	8.56e-14	1.81e-11	7.21e-08	1.26e-05	5.91e-04	8.18e-03	6.57e-02	1.71e-01	1.99e-01	1.86e-01	3.33e-01	3.57e-02	1.24e-03
 1.81853e+23	0.00e+00	0.00e+00	4.37e-25	1.01e-21	1.38e-18	6.11e-16	1.20e-13	2.38e-11	9.22e-08	1.58e-05	7.19e-04	9.58e-03	7.40e-02	1.84e-01	2.04e-01	1.82e-01	3.12e-01	3.19e-02	1.06e-03
 1.85743e+23	0.00e+00	0.00e+00	6.71e-25	1.49e-21	1.95e-18	8.32e-16	1.56e-13	2.95e-11	1.12e-07	1.90e-05	8.39e-04	1.08e-02	8.12e-02	1.95e-01	2.08e-01	1.78e-01	2.95e-01	2.91e-02	9.32e-04
 1.88132e+23	0.00e+00	0.00e+00	8.02e-25	1.75e-21	2.26e-18	9.44e-16	1.73e-13	3.24e-11	1.23e-07	2.06e-05	8.98e-04	1.14e-02	8.44e-02	2.00e-01	2.10e-01	1.77e-01	2.88e-01	2.79e-02	8.79e-04
 1.90461e+23	0.00e+00	0.00e+00	9.26e-25	1.99e-21	2.53e-18	1.04e-15	1.89e-13	3.48e-11	1.31e-07	2.19e-05	9.48e-04	1.20e-02	8.72e-02	2.04e-01	2.11e-01	1.75e-01	2.82e-01	2.69e-02	8.37e-04
 1.93489e+23	0.00e+00	0.00e+00	1.12e-24	2.37e-21	2.96e-18	1.20e-15	2.12e-13	3.82e-11	1.43e-07	2.37e-05	1.02e-03	1.26e-02	9.08e-02	2.09e-01	2.12e-01	1.73e-01	2.75e-01	2.58e-02	7.86e-04
 1.97426e+23	0.00e+00	0.00e+00	1.35e-24	2.81e-21	3.45e-18	1.37e-15	2.37e-13	4.20e-11	1.56e-07	2.57e-05	1.09e-03	1.33e-02	9.44e-02	2.14e-01	2.14e-01	1.71e-01	2.67e-01	2.46e-02	7.39e-04
 2.02543e+23	0.00e+00	0.00e+00	1.68e-24	3.42e-21	4.10e-18	1.59e-15	2.70e-13	4.68e-11	1.72e-07	2.81e-05	1.17e-03	1.41e-02	9.86e-02	2.19e-01	2.15e-01	1.69e-01	2.59e-01	2.34e-02	6.88e-04
 2.09195e+23	0.00e+00	0.00e+00	2.16e-24	4.30e-21	5.05e-18	1.91e-15	3.16e-13	5.33e-11	1.93e-07	3.12e-05	1.28e-03	1.52e-02	1.04e-01	2.26e-01	2.16e-01	1.66e-01	2.49e-01	2.20e-02	6.32e-04
 2.17276e+23	0.00e+00	0.00e+00	3.01e-24	5.83e-21	6.63e-18	2.44e-15	3.88e-13	6.31e-11	2.24e-07	3.57e-05	1.44e-03	1.66e-02	1.11e-01	2.34e-01	2.18e-01	1.62e-01	2.36e-01	2.02e-02	5.64e-04
 2.25549e+23	0.00e+00	0.00e+00	4.54e-24	8.47e-21	9.28e-18	3.28e-15	5.00e-13	7.75e-11	2.68e-07	4.20e-05	1.65e-03	1.85e-02	1.19e-01	2.44e-01	2.19e-01	1.57e-01	2.21e-01	1.82e-02	4.90e-04
 2.32413e+23	0.00e+00	0.00e+00	6.59e-24	1.19e-20	1.26e-17	4.29e-15	6.31e-13	9.37e-11	3.15e-07	4.86e-05	1.86e-03	2.04e-02	1.28e-01	2.53e-01	2.19e-01	1.52e-01	2.08e-01	1.65e-02	4.29e-04
 2.37758e+23	0.00e+00	0.00e+00	8.01e-24	1.42e-20	1.48e-17	4.94e-15	7.10e-13	1.04e-10	3.45e-07	5.27e-05	1.99e-03	2.14e-02	1.32e-01	2.58e-01	2.20e-01	1.50e-01	2.01e-01	1.57e-02	4.00e-04
 2.43350e+23	0.00e+00	0.00e+00	8.79e-24	1.54e-20	1.59e-17	5.26e-15	7.48e-13	1.08e-10	3.61e-07	5.49e-05	2.06e-03	2.20e-02	1.35e-01	2.60e-01	2.20e-01	1.48e-01	1.97e-01	1.52e-02	3.85e-04
 2.49459e+23	0.00e+00	0.00e+00	1.09e-23	1.88e-20	1.90e-17	6.14e-15	8.55e-13	1.21e-10	3.94e-07	5.94e-05	2.20e-03	2.32e-02	1.40e-01	2.65e-01	2.19e-01	1.45e-01	1.90e-01	1.44e-02	3.56e-04
 2.55061e+23	0.00e+00	0.00e+00	1.27e-23	2.16e-20	2.15e-17	6.87e-15	9.40e-13	1.30e-10	4.21e-07	6.31e-05	2.31e-03	2.41e-02	1.44e-01	2.69e-01	2.19e-01	1.43e-01	1.85e-01	1.38e-02	3.36e-04
 2.60103e+23	0.00e+00	0.00e+00	1.44e-23	2.43e-20	2.39e-17	7.54e-15	1.02e-12	1.39e-10	4.45e-07	6.64e-05	2.41e-03	2.49e-02	1.47e-01	2.72e-01	2.19e-01	1.41e-01	1.80e-01	1.33e-02	3.20e-04
 2.64641e+23	0.00e+00	0.00e+00	1.61e-23	2.68e-20	2.62e-17	8.16e-15	1.09e-12	1.47e-10	4.67e-07	6.93e-05	2.50e-03	2.56e-02	1.50e-01	2.74e-01	2.19e-01	1.40e-01	1.76e-01	1.29e-02	3.07e-04
 2.68725e+23	0.00e+00	0.00e+00	1.75e-23	2.90e-20	2.80e-17	8.67e-15	1.15e-12	1.54e-10	4.84e-07	7.16e-05	2.57e-03	2.61e-02	1.52e-01	2.76e-01	2.19e-01	1.38e-01	1.74e-01	1.26e-02	2.97e-04
 2.72401e+23	0.00e+00	0.00e+00	1.89e-23	3.10e-20	2.98e-17	9.14e-15	1.20e-12	1.60e-10	5.00e-07	7.36e-05	2.63e-03	2.66e-02	1.54e-01	2.78e-01	2.18e-01	1.37e-01	1.71e-01	1.23e-02	2.89e-04
 2.75709e+23	0.00e+00	0.00e+00	2.01e-23	3.29e-20	3.14e-17	9.58e-15	1.25e-12	1.65e-10	5.14e-07	7.55e-05	2.69e-03	2.70e-02	1.55e-01	2.79e-01	2.18e-01	1.36e-01	1.69e-01	1.21e-02	2.82e-04
 2.78803e+23	0.00e+00	0.00e+00	2.10e-23	3.42e-20	3.25e-17	9.88e-15	1.28e-12	1.68e-10	5.24e-07	7.68e-05	2.72e-03	2.73e-02	1.56e-01	2.80e-01	2.18e-01	1.36e-01	1.68e-01	1.19e-02	2.77e-04
 2.81858e+23	0.00e+00	0.00e+00	2.15e-23	3.49e-20	3.31e-17	1.00e-14	1.30e-12	1.70e-10	5.29e-07	7.74e-05	2.74e-03	2.75e-02	1.57e-01	2.81e-01	2.18e-01	1.35e-01	1.67e-01	1.18e-02	2.74e-04
 2.84913e+23	0.00e+00	0.00e+00	2.20e-23	3.56e-20	3.37e-17	1.02e-14	1.32e-12	1.72e-10	5.35e-07	7.81e-05	2.76e-03	2.76e-02	1.58e-01	2.81e-01	2.18e-01	1.35e-01	1.66e-01	1.18e-02	2.72e-04
 2.87968e+23	0.00e+00	0.00e+00	2.25e-23	3.63e-20	3.43e-17	1.04e-14	1.34e-12	1.74e-10	5.39e-07	7.88e-05	2.78e-03	2.78e-02	1.58e-01	2.82e-01	2.18e-01	1.35e-01	1.65e-01	1.17e-02	2.70e-04
 2.91022e+23	0.00e+00	0.00e+00	2.31e-23	3.72e-20	3.51e-17	1.06e-14	1.36e-12	1.77e-10	5.46e-07	7.96e-05	2.81e-03	2.80e-02	1.59e-01	2.82e-01	2.18e-01	1.34e-01	1.65e-01	1.16e-02	2.67e-04
 2.94077e+23	0.00e+00	0.00e+00	2.33e-23	3.75e-20	3.54e-17	1.06e-14	1.36e-12	1.77e-10	5.48e-07	7.99e-05	2.81e-03	2.80e-02	1.59e-01	2.82e-01	2.18e-01	1.34e-01	1.64e-01	1.16e-02	2.66e-04
 2.97132e+23	0.00e+00	0.00e+00	2.34e-23	3.77e-20	3.55e-17	1.07e-14	1.37e-12	1.78e-10	5.49e-07	8.00e-05	2.82e-03	2.80e-02	1.59e-01	2.82e-01	2.18e-01	1.34e-01	1.64e-01	1.15e-02	2.65e-04
 3.00187e+23	0.00e+00	0.00e+00	2.36e-23	3.80e-20	3.58e-17	1.07e-14	1.38e-12	1.79e-10	5.51e-07	8.03e-05	2.83e-03	2.81e-02	1.59e-01	2.83e-01	2.18e-01	1.34e-01	1.64e-01	1.15e-02	2.65e-04
 3.03242e+23	0.00e+00	0.00e+00	2.40e-23	3.86e-20	3.63e-17	1.09e-14	1.39e-12	1.80e-10	5.55e-07	8.08e-05	2.84e-03	2.82e-02	1.60e-01	2.83e-01	2.17e-01	1.34e-01	1.63e-01	1.15e-02	2.63e-04
 3.05125e+23	0.00e+00	0.00e+00	2.54e-23	4.07e-20	3.81e-17	1.14e-14	1.45e-12	1.86e-10	5.68e-07	8.24e-05	2.88e-03	2.86e-02	1.61e-01	2.84e-01	2.17e-01	1.33e-01	1.62e-01	1.13e-02	2.58e-04
