#depth	Cl	Cl+	Cl+2	Cl+3	Cl+4	Cl+5	Cl+6	Cl+7	Cl+8	Cl+9	Cl+10	Cl+11	Cl+12	Cl+13	Cl+14	Cl+15	Cl+16	Cl+17
 6.17135e+19	0.00e+00	0.00e+00	0.00e+00	0.00e+00	0.00e+00	0.00e+00	0.00e+00	0.00e+00	0.00e+00	0.00e+00	6.07e-26	1.16e-21	1.27e-17	1.07e-13	7.15e-10	8.38e-06	5.28e-03	9.95e-01
 1.87609e+20	0.00e+00	0.00e+00	0.00e+00	0.00e+00	0.00e+00	0.00e+00	0.00e+00	0.00e+00	0.00e+00	0.00e+00	1.05e-25	1.86e-21	1.88e-17	1.47e-13	9.04e-10	9.79e-06	5.70e-03	9.94e-01
 3.18540e+20	0.00e+00	0.00e+00	0.00e+00	0.00e+00	0.00e+00	0.00e+00	0.00e+00	0.00e+00	0.00e+00	0.00e+00	1.82e-25	2.97e-21	2.78e-17	2.00e-13	1.14e-09	1.14e-05	6.16e-03	9.94e-01
 4.54709e+20	0.00e+00	0.00e+00	0.00e+00	0.00e+00	0.00e+00	0.00e+00	0.00e+00	0.00e+00	0.00e+00	0.00e+00	3.11e-25	4.73e-21	4.10e-17	2.73e-13	1.44e-09	1.34e-05	6.66e-03	9.93e-01
 5.96324e+20	0.00e+00	0.00e+00	0.00e+00	0.00e+00	0.00e+00	0.00e+00	0.00e+00	0.00e+00	0.00e+00	0.00e+00	5.35e-25	7.53e-21	6.04e-17	3.72e-13	1.82e-09	1.56e-05	7.19e-03	9.93e-01
 7.43604e+20	0.00e+00	0.00e+00	0.00e+00	0.00e+00	0.00e+00	0.00e+00	0.00e+00	0.00e+00	0.00e+00	0.00e+00	9.21e-25	1.20e-20	8.90e-17	5.07e-13	2.29e-09	1.82e-05	7.77e-03	9.92e-01
 8.96775e+20	0.00e+00	0.00e+00	0.00e+00	0.00e+00	0.00e+00	0.00e+00	0.00e+00	0.00e+00	0.00e+00	0.00e+00	1.59e-24	1.91e-20	1.31e-16	6.92e-13	2.89e-09	2.12e-05	8.39e-03	9.92e-01
 1.05607e+21	0.00e+00	0.00e+00	0.00e+00	0.00e+00	0.00e+00	0.00e+00	0.00e+00	0.00e+00	0.00e+00	0.00e+00	2.73e-24	3.05e-20	1.93e-16	9.44e-13	3.65e-09	2.48e-05	9.06e-03	9.91e-01
 1.22174e+21	0.00e+00	0.00e+00	0.00e+00	0.00e+00	0.00e+00	0.00e+00	0.00e+00	0.00e+00	0.00e+00	0.00e+00	4.70e-24	4.85e-20	2.85e-16	1.29e-12	4.61e-09	2.89e-05	9.79e-03	9.90e-01
 1.39404e+21	0.00e+00	0.00e+00	0.00e+00	0.00e+00	0.00e+00	0.00e+00	0.00e+00	0.00e+00	0.00e+00	0.00e+00	8.10e-24	7.73e-20	4.20e-16	1.76e-12	5.82e-09	3.38e-05	1.06e-02	9.89e-01
 1.57323e+21	0.00e+00	0.00e+00	0.00e+00	0.00e+00	0.00e+00	0.00e+00	0.00e+00	0.00e+00	0.00e+00	0.00e+00	1.39e-23	1.23e-19	6.20e-16	2.39e-12	7.34e-09	3.94e-05	1.14e-02	9.89e-01
 1.74532e+21	0.00e+00	0.00e+00	0.00e+00	0.00e+00	0.00e+00	0.00e+00	0.00e+00	0.00e+00	0.00e+00	0.00e+00	2.31e-23	1.90e-19	8.88e-16	3.19e-12	9.10e-09	4.55e-05	1.23e-02	9.88e-01
 1.90456e+21	0.00e+00	0.00e+00	0.00e+00	0.00e+00	0.00e+00	0.00e+00	0.00e+00	0.00e+00	0.00e+00	2.31e-27	3.61e-23	2.78e-19	1.22e-15	4.12e-12	1.10e-08	5.17e-05	1.31e-02	9.87e-01
 2.08445e+21	0.00e+00	0.00e+00	0.00e+00	0.00e+00	0.00e+00	0.00e+00	0.00e+00	0.00e+00	0.00e+00	4.04e-27	5.88e-23	4.23e-19	1.73e-15	5.45e-12	1.36e-08	5.94e-05	1.40e-02	9.86e-01
 2.28610e+21	0.00e+00	0.00e+00	0.00e+00	0.00e+00	0.00e+00	0.00e+00	0.00e+00	0.00e+00	0.00e+00	7.42e-27	1.00e-22	6.67e-19	2.53e-15	7.38e-12	1.71e-08	6.91e-05	1.51e-02	9.85e-01
 2.47812e+21	0.00e+00	0.00e+00	0.00e+00	0.00e+00	0.00e+00	0.00e+00	0.00e+00	0.00e+00	0.00e+00	1.29e-26	1.63e-22	1.01e-18	3.59e-15	9.74e-12	2.10e-08	7.94e-05	1.62e-02	9.84e-01
 2.68298e+21	0.00e+00	0.00e+00	0.00e+00	0.00e+00	0.00e+00	0.00e+00	0.00e+00	0.00e+00	0.00e+00	2.29e-26	2.68e-22	1.55e-18	5.12e-15	1.29e-11	2.60e-08	9.15e-05	1.73e-02	9.83e-01
 2.90534e+21	0.00e+00	0.00e+00	0.00e+00	0.00e+00	0.00e+00	0.00e+00	0.00e+00	0.00e+00	0.00e+00	4.17e-26	4.53e-22	2.44e-18	7.45e-15	1.75e-11	3.25e-08	1.06e-04	1.87e-02	9.81e-01
 3.11561e+21	0.00e+00	0.00e+00	0.00e+00	0.00e+00	0.00e+00	0.00e+00	0.00e+00	0.00e+00	0.00e+00	7.19e-26	7.30e-22	3.67e-18	1.05e-14	2.29e-11	3.99e-08	1.22e-04	2.00e-02	9.80e-01
 3.34269e+21	0.00e+00	0.00e+00	0.00e+00	0.00e+00	0.00e+00	0.00e+00	0.00e+00	0.00e+00	0.00e+00	1.27e-25	1.20e-21	5.61e-18	1.49e-14	3.04e-11	4.93e-08	1.40e-04	2.14e-02	9.78e-01
 3.59079e+21	0.00e+00	0.00e+00	0.00e+00	0.00e+00	0.00e+00	0.00e+00	0.00e+00	0.00e+00	0.00e+00	2.31e-25	2.03e-21	8.80e-18	2.18e-14	4.11e-11	6.17e-08	1.62e-04	2.30e-02	9.77e-01
 3.82509e+21	0.00e+00	0.00e+00	0.00e+00	0.00e+00	0.00e+00	0.00e+00	0.00e+00	0.00e+00	0.00e+00	3.98e-25	3.27e-21	1.33e-17	3.06e-14	5.40e-11	7.57e-08	1.86e-04	2.46e-02	9.75e-01
 4.07780e+21	0.00e+00	0.00e+00	0.00e+00	0.00e+00	0.00e+00	0.00e+00	0.00e+00	0.00e+00	0.00e+00	7.01e-25	5.37e-21	2.03e-17	4.36e-14	7.16e-11	9.36e-08	2.14e-04	2.64e-02	9.73e-01
 4.35856e+21	0.00e+00	0.00e+00	0.00e+00	0.00e+00	0.00e+00	0.00e+00	0.00e+00	0.00e+00	0.00e+00	1.29e-24	9.16e-21	3.21e-17	6.38e-14	9.71e-11	1.18e-07	2.49e-04	2.84e-02	9.71e-01
 4.62493e+21	0.00e+00	0.00e+00	0.00e+00	0.00e+00	0.00e+00	0.00e+00	0.00e+00	0.00e+00	0.00e+00	2.25e-24	1.49e-20	4.87e-17	9.05e-14	1.28e-10	1.45e-07	2.86e-04	3.04e-02	9.69e-01
 4.90772e+21	0.00e+00	0.00e+00	0.00e+00	0.00e+00	0.00e+00	0.00e+00	0.00e+00	0.00e+00	0.00e+00	3.98e-24	2.45e-20	7.46e-17	1.29e-13	1.70e-10	1.79e-07	3.29e-04	3.26e-02	9.67e-01
 5.21939e+21	0.00e+00	0.00e+00	0.00e+00	0.00e+00	0.00e+00	0.00e+00	0.00e+00	0.00e+00	0.00e+00	7.31e-24	4.18e-20	1.18e-16	1.89e-13	2.31e-10	2.25e-07	3.83e-04	3.51e-02	9.65e-01
 5.51844e+21	0.00e+00	0.00e+00	0.00e+00	0.00e+00	0.00e+00	0.00e+00	0.00e+00	0.00e+00	0.00e+00	1.28e-23	6.83e-20	1.79e-16	2.68e-13	3.05e-10	2.77e-07	4.39e-04	3.76e-02	9.62e-01
 5.78246e+21	0.00e+00	0.00e+00	0.00e+00	0.00e+00	0.00e+00	0.00e+00	0.00e+00	0.00e+00	1.72e-27	2.07e-23	1.04e-19	2.57e-16	3.62e-13	3.88e-10	3.32e-07	4.95e-04	3.98e-02	9.60e-01
 6.05824e+21	0.00e+00	0.00e+00	0.00e+00	0.00e+00	0.00e+00	0.00e+00	0.00e+00	0.00e+00	2.97e-27	3.37e-23	1.59e-19	3.70e-16	4.90e-13	4.94e-10	3.97e-07	5.58e-04	4.22e-02	9.57e-01
 6.40012e+21	0.00e+00	0.00e+00	0.00e+00	0.00e+00	0.00e+00	0.00e+00	0.00e+00	0.00e+00	5.73e-27	6.04e-23	2.65e-19	5.74e-16	7.07e-13	6.62e-10	4.94e-07	6.44e-04	4.53e-02	9.54e-01
 6.73252e+21	0.00e+00	0.00e+00	0.00e+00	0.00e+00	0.00e+00	0.00e+00	0.00e+00	0.00e+00	1.06e-26	1.05e-22	4.30e-19	8.69e-16	9.99e-13	8.71e-10	6.07e-07	7.38e-04	4.84e-02	9.51e-01
 7.00396e+21	0.00e+00	0.00e+00	0.00e+00	0.00e+00	0.00e+00	0.00e+00	0.00e+00	0.00e+00	1.73e-26	1.62e-22	6.28e-19	1.20e-15	1.31e-12	1.08e-09	7.14e-07	8.21e-04	5.10e-02	9.48e-01
 7.29153e+21	0.00e+00	0.00e+00	0.00e+00	0.00e+00	0.00e+00	0.00e+00	0.00e+00	0.00e+00	2.87e-26	2.53e-22	9.28e-19	1.68e-15	1.73e-12	1.35e-09	8.43e-07	9.17e-04	5.38e-02	9.45e-01
 7.66487e+21	0.00e+00	0.00e+00	0.00e+00	0.00e+00	0.00e+00	0.00e+00	0.00e+00	0.00e+00	5.42e-26	4.45e-22	1.52e-18	2.57e-15	2.47e-12	1.79e-09	1.04e-06	1.05e-03	5.75e-02	9.41e-01
 8.04797e+21	0.00e+00	0.00e+00	0.00e+00	0.00e+00	0.00e+00	0.00e+00	0.00e+00	0.00e+00	1.02e-25	7.83e-22	2.50e-18	3.94e-15	3.52e-12	2.38e-09	1.28e-06	1.21e-03	6.15e-02	9.37e-01
 8.36378e+21	0.00e+00	0.00e+00	0.00e+00	0.00e+00	0.00e+00	0.00e+00	0.00e+00	0.00e+00	1.69e-25	1.22e-21	3.69e-18	5.50e-15	4.66e-12	2.97e-09	1.52e-06	1.35e-03	6.48e-02	9.34e-01
 8.69384e+21	0.00e+00	0.00e+00	0.00e+00	0.00e+00	0.00e+00	0.00e+00	0.00e+00	0.00e+00	2.82e-25	1.93e-21	5.50e-18	7.74e-15	6.19e-12	3.72e-09	1.80e-06	1.51e-03	6.84e-02	9.30e-01
 9.11971e+21	0.00e+00	0.00e+00	0.00e+00	0.00e+00	0.00e+00	0.00e+00	0.00e+00	0.00e+00	5.35e-25	3.41e-21	9.06e-18	1.19e-14	8.85e-12	4.95e-09	2.22e-06	1.74e-03	7.32e-02	9.25e-01
 9.55315e+21	0.00e+00	0.00e+00	0.00e+00	0.00e+00	0.00e+00	0.00e+00	0.00e+00	0.00e+00	1.01e-24	6.02e-21	1.49e-17	1.82e-14	1.26e-11	6.57e-09	2.75e-06	1.99e-03	7.82e-02	9.20e-01
 9.87883e+21	0.00e+00	0.00e+00	0.00e+00	0.00e+00	0.00e+00	0.00e+00	0.00e+00	0.00e+00	1.61e-24	9.10e-21	2.14e-17	2.49e-14	1.64e-11	8.07e-09	3.20e-06	2.20e-03	8.20e-02	9.16e-01
 1.01393e+22	0.00e+00	0.00e+00	0.00e+00	0.00e+00	0.00e+00	0.00e+00	0.00e+00	0.00e+00	2.32e-24	1.26e-20	2.84e-17	3.17e-14	2.01e-11	9.49e-09	3.61e-06	2.39e-03	8.52e-02	9.12e-01
 1.04359e+22	0.00e+00	0.00e+00	0.00e+00	0.00e+00	0.00e+00	0.00e+00	0.00e+00	0.00e+00	3.47e-24	1.80e-20	3.88e-17	4.15e-14	2.51e-11	1.13e-08	4.13e-06	2.60e-03	8.88e-02	9.09e-01
 1.08214e+22	0.00e+00	0.00e+00	0.00e+00	0.00e+00	0.00e+00	0.00e+00	0.00e+00	0.00e+00	5.77e-24	2.82e-20	5.77e-17	5.83e-14	3.33e-11	1.42e-08	4.88e-06	2.90e-03	9.35e-02	9.04e-01
 1.12289e+22	0.00e+00	0.00e+00	0.00e+00	0.00e+00	0.00e+00	0.00e+00	0.00e+00	0.00e+00	9.89e-24	4.57e-20	8.79e-17	8.37e-14	4.51e-11	1.81e-08	5.84e-06	3.26e-03	9.88e-02	8.98e-01
 1.15728e+22	0.00e+00	0.00e+00	0.00e+00	0.00e+00	0.00e+00	0.00e+00	0.00e+00	0.00e+00	1.53e-23	6.75e-20	1.24e-16	1.12e-13	5.77e-11	2.19e-08	6.75e-06	3.59e-03	1.03e-01	8.93e-01
 1.19278e+22	0.00e+00	0.00e+00	0.00e+00	0.00e+00	0.00e+00	0.00e+00	0.00e+00	2.21e-27	2.38e-23	9.95e-20	1.74e-16	1.50e-13	7.36e-11	2.66e-08	7.80e-06	3.94e-03	1.08e-01	8.88e-01
 1.23894e+22	0.00e+00	0.00e+00	0.00e+00	0.00e+00	0.00e+00	0.00e+00	0.00e+00	4.08e-27	4.13e-23	1.63e-19	2.67e-16	2.18e-13	1.00e-10	3.40e-08	9.36e-06	4.44e-03	1.14e-01	8.81e-01
 1.28546e+22	0.00e+00	0.00e+00	0.00e+00	0.00e+00	0.00e+00	0.00e+00	0.00e+00	7.61e-27	7.24e-23	2.68e-19	4.15e-16	3.18e-13	1.37e-10	4.37e-08	1.13e-05	5.01e-03	1.21e-01	8.74e-01
 1.32164e+22	0.00e+00	0.00e+00	0.00e+00	0.00e+00	0.00e+00	0.00e+00	0.00e+00	1.21e-26	1.10e-22	3.88e-19	5.74e-16	4.20e-13	1.74e-10	5.25e-08	1.29e-05	5.47e-03	1.26e-01	8.69e-01
 1.35142e+22	0.00e+00	0.00e+00	0.00e+00	0.00e+00	0.00e+00	0.00e+00	0.00e+00	1.78e-26	1.55e-22	5.29e-19	7.53e-16	5.31e-13	2.11e-10	6.13e-08	1.45e-05	5.90e-03	1.30e-01	8.64e-01
 1.38373e+22	0.00e+00	0.00e+00	0.00e+00	0.00e+00	0.00e+00	0.00e+00	0.00e+00	2.63e-26	2.21e-22	7.23e-19	9.90e-16	6.72e-13	2.57e-10	7.17e-08	1.63e-05	6.36e-03	1.35e-01	8.59e-01
 1.42574e+22	0.00e+00	0.00e+00	0.00e+00	0.00e+00	0.00e+00	0.00e+00	0.00e+00	4.33e-26	3.46e-22	1.08e-18	1.41e-15	9.09e-13	3.31e-10	8.75e-08	1.89e-05	7.00e-03	1.41e-01	8.52e-01
 1.46934e+22	0.00e+00	0.00e+00	0.00e+00	0.00e+00	0.00e+00	0.00e+00	0.00e+00	7.35e-26	5.58e-22	1.65e-18	2.04e-15	1.25e-12	4.33e-10	1.08e-07	2.22e-05	7.75e-03	1.47e-01	8.45e-01
 1.50474e+22	0.00e+00	0.00e+00	0.00e+00	0.00e+00	0.00e+00	0.00e+00	0.00e+00	1.11e-25	8.10e-22	2.30e-18	2.73e-15	1.61e-12	5.34e-10	1.28e-07	2.51e-05	8.39e-03	1.53e-01	8.39e-01
 1.53577e+22	0.00e+00	0.00e+00	0.00e+00	0.00e+00	0.00e+00	0.00e+00	0.00e+00	1.60e-25	1.12e-21	3.08e-18	3.53e-15	2.01e-12	6.42e-10	1.48e-07	2.79e-05	8.99e-03	1.58e-01	8.33e-01
 1.57139e+22	0.00e+00	0.00e+00	0.00e+00	0.00e+00	0.00e+00	0.00e+00	0.00e+00	2.36e-25	1.60e-21	4.21e-18	4.65e-15	2.55e-12	7.83e-10	1.73e-07	3.14e-05	9.69e-03	1.63e-01	8.27e-01
 1.61770e+22	0.00e+00	0.00e+00	0.00e+00	0.00e+00	0.00e+00	0.00e+00	0.00e+00	3.89e-25	2.50e-21	6.28e-18	6.60e-15	3.44e-12	1.01e-09	2.11e-07	3.64e-05	1.07e-02	1.70e-01	8.19e-01
 1.66553e+22	0.00e+00	0.00e+00	0.00e+00	0.00e+00	0.00e+00	0.00e+00	0.00e+00	6.61e-25	4.04e-21	9.63e-18	9.61e-15	4.77e-12	1.32e-09	2.61e-07	4.26e-05	1.18e-02	1.78e-01	8.10e-01
 1.70374e+22	0.00e+00	0.00e+00	0.00e+00	0.00e+00	0.00e+00	0.00e+00	0.00e+00	9.93e-25	5.83e-21	1.33e-17	1.28e-14	6.10e-12	1.63e-09	3.08e-07	4.81e-05	1.27e-02	1.84e-01	8.03e-01
 1.73450e+22	0.00e+00	0.00e+00	0.00e+00	0.00e+00	0.00e+00	0.00e+00	0.00e+00	1.38e-24	7.86e-21	1.74e-17	1.62e-14	7.47e-12	1.93e-09	3.52e-07	5.31e-05	1.36e-02	1.89e-01	7.97e-01
 1.76717e+22	0.00e+00	0.00e+00	0.00e+00	0.00e+00	0.00e+00	0.00e+00	0.00e+00	1.91e-24	1.05e-20	2.26e-17	2.03e-14	9.11e-12	2.28e-09	4.01e-07	5.85e-05	1.44e-02	1.94e-01	7.91e-01
 1.80964e+22	0.00e+00	0.00e+00	0.00e+00	0.00e+00	0.00e+00	0.00e+00	0.00e+00	2.91e-24	1.54e-20	3.17e-17	2.74e-14	1.18e-11	2.82e-09	4.74e-07	6.63e-05	1.56e-02	2.01e-01	7.83e-01
 1.85392e+22	0.00e+00	0.00e+00	0.00e+00	0.00e+00	0.00e+00	0.00e+00	0.00e+00	4.57e-24	2.31e-20	4.55e-17	3.77e-14	1.55e-11	3.55e-09	5.69e-07	7.58e-05	1.70e-02	2.09e-01	7.74e-01
 1.88995e+22	0.00e+00	0.00e+00	0.00e+00	0.00e+00	0.00e+00	0.00e+00	0.00e+00	6.50e-24	3.18e-20	6.05e-17	4.83e-14	1.92e-11	4.26e-09	6.56e-07	8.42e-05	1.82e-02	2.15e-01	7.67e-01
 1.92620e+22	0.00e+00	0.00e+00	0.00e+00	0.00e+00	0.00e+00	0.00e+00	0.00e+00	9.17e-24	4.34e-20	7.99e-17	6.17e-14	2.38e-11	5.08e-09	7.54e-07	9.33e-05	1.94e-02	2.21e-01	7.60e-01
 1.97332e+22	0.00e+00	0.00e+00	0.00e+00	0.00e+00	0.00e+00	0.00e+00	0.00e+00	1.41e-23	6.41e-20	1.13e-16	8.39e-14	3.10e-11	6.34e-09	8.97e-07	1.06e-04	2.10e-02	2.28e-01	7.51e-01
 2.02110e+22	0.00e+00	0.00e+00	0.00e+00	0.00e+00	0.00e+00	0.00e+00	0.00e+00	2.23e-23	9.68e-20	1.64e-16	1.16e-13	4.11e-11	8.04e-09	1.08e-06	1.22e-04	2.29e-02	2.37e-01	7.40e-01
 2.05796e+22	0.00e+00	0.00e+00	0.00e+00	0.00e+00	0.00e+00	0.00e+00	0.00e+00	3.13e-23	1.31e-19	2.15e-16	1.48e-13	5.05e-11	9.57e-09	1.24e-06	1.34e-04	2.44e-02	2.43e-01	7.33e-01
 2.09410e+22	0.00e+00	0.00e+00	0.00e+00	0.00e+00	0.00e+00	0.00e+00	2.59e-27	4.30e-23	1.75e-19	2.78e-16	1.85e-13	6.15e-11	1.13e-08	1.41e-06	1.48e-04	2.59e-02	2.49e-01	7.25e-01
 2.13444e+22	0.00e+00	0.00e+00	0.00e+00	0.00e+00	0.00e+00	0.00e+00	3.83e-27	6.16e-23	2.42e-19	3.71e-16	2.39e-13	7.67e-11	1.36e-08	1.63e-06	1.65e-04	2.76e-02	2.56e-01	7.17e-01
 2.17146e+22	0.00e+00	0.00e+00	0.00e+00	0.00e+00	0.00e+00	0.00e+00	5.45e-27	8.52e-23	3.25e-19	4.83e-16	3.01e-13	9.38e-11	1.61e-08	1.86e-06	1.81e-04	2.94e-02	2.62e-01	7.09e-01
 2.20510e+22	0.00e+00	0.00e+00	0.00e+00	0.00e+00	0.00e+00	0.00e+00	7.45e-27	1.13e-22	4.21e-19	6.08e-16	3.69e-13	1.12e-10	1.86e-08	2.08e-06	1.97e-04	3.09e-02	2.67e-01	7.01e-01
 2.24312e+22	0.00e+00	0.00e+00	0.00e+00	0.00e+00	0.00e+00	0.00e+00	1.06e-26	1.56e-22	5.63e-19	7.89e-16	4.64e-13	1.37e-10	2.20e-08	2.38e-06	2.17e-04	3.28e-02	2.74e-01	6.93e-01
 2.28583e+22	0.00e+00	0.00e+00	0.00e+00	0.00e+00	0.00e+00	0.00e+00	1.55e-26	2.21e-22	7.71e-19	1.04e-15	5.95e-13	1.69e-10	2.64e-08	2.74e-06	2.41e-04	3.50e-02	2.81e-01	6.84e-01
 2.32670e+22	0.00e+00	0.00e+00	0.00e+00	0.00e+00	0.00e+00	0.00e+00	2.24e-26	3.11e-22	1.05e-18	1.38e-15	7.59e-13	2.09e-10	3.15e-08	3.14e-06	2.66e-04	3.73e-02	2.88e-01	6.75e-01
 2.36491e+22	0.00e+00	0.00e+00	0.00e+00	0.00e+00	0.00e+00	0.00e+00	3.14e-26	4.24e-22	1.39e-18	1.77e-15	9.48e-13	2.54e-10	3.71e-08	3.57e-06	2.92e-04	3.94e-02	2.94e-01	6.66e-01
 2.40172e+22	0.00e+00	0.00e+00	0.00e+00	0.00e+00	0.00e+00	0.00e+00	4.31e-26	5.66e-22	1.81e-18	2.24e-15	1.17e-12	3.04e-10	4.32e-08	4.01e-06	3.18e-04	4.16e-02	3.00e-01	6.58e-01
 2.44369e+22	0.00e+00	0.00e+00	0.00e+00	0.00e+00	0.00e+00	0.00e+00	6.09e-26	7.79e-22	2.41e-18	2.90e-15	1.47e-12	3.70e-10	5.09e-08	4.56e-06	3.50e-04	4.40e-02	3.06e-01	6.49e-01
 2.49057e+22	0.00e+00	0.00e+00	0.00e+00	0.00e+00	0.00e+00	0.00e+00	9.07e-26	1.12e-21	3.36e-18	3.91e-15	1.91e-12	4.66e-10	6.18e-08	5.31e-06	3.90e-04	4.70e-02	3.14e-01	6.38e-01
 2.53297e+22	0.00e+00	0.00e+00	0.00e+00	0.00e+00	0.00e+00	0.00e+00	1.29e-25	1.55e-21	4.51e-18	5.08e-15	2.41e-12	5.71e-10	7.32e-08	6.05e-06	4.29e-04	4.98e-02	3.21e-01	6.29e-01
 2.57088e+22	0.00e+00	0.00e+00	0.00e+00	0.00e+00	0.00e+00	0.00e+00	1.75e-25	2.06e-21	5.83e-18	6.40e-15	2.95e-12	6.81e-10	8.50e-08	6.80e-06	4.67e-04	5.24e-02	3.27e-01	6.20e-01
 2.61382e+22	0.00e+00	0.00e+00	0.00e+00	0.00e+00	0.00e+00	0.00e+00	2.44e-25	2.79e-21	7.68e-18	8.20e-15	3.67e-12	8.23e-10	9.96e-08	7.69e-06	5.10e-04	5.53e-02	3.33e-01	6.11e-01
 2.66182e+22	0.00e+00	0.00e+00	0.00e+00	0.00e+00	0.00e+00	0.00e+00	1.57e-25	3.96e-21	1.06e-17	1.09e-14	4.73e-12	1.03e-09	1.20e-07	8.88e-06	5.67e-04	5.89e-02	3.41e-01	6.00e-01
 2.70533e+22	0.00e+00	0.00e+00	0.00e+00	0.00e+00	0.00e+00	0.00e+00	5.00e-25	5.41e-21	1.40e-17	1.41e-14	5.93e-12	1.25e-09	1.42e-07	1.01e-05	6.21e-04	6.22e-02	3.47e-01	5.90e-01
 2.74420e+22	0.00e+00	0.00e+00	0.00e+00	0.00e+00	0.00e+00	0.00e+00	2.94e-25	7.09e-21	1.79e-17	1.76e-14	7.21e-12	1.48e-09	1.63e-07	1.13e-05	6.73e-04	6.53e-02	3.53e-01	5.81e-01
 2.78812e+22	0.00e+00	0.00e+00	0.00e+00	0.00e+00	0.00e+00	0.00e+00	4.03e-25	9.48e-21	2.33e-17	2.22e-14	8.89e-12	1.78e-09	1.90e-07	1.27e-05	7.32e-04	6.87e-02	3.59e-01	5.72e-01
 2.84523e+22	0.00e+00	0.00e+00	0.00e+00	0.00e+00	0.00e+00	0.00e+00	6.10e-25	1.39e-20	3.31e-17	3.05e-14	1.18e-11	2.27e-09	2.34e-07	1.48e-05	8.20e-04	7.34e-02	3.67e-01	5.59e-01
 2.90258e+22	0.00e+00	0.00e+00	0.00e+00	0.00e+00	0.00e+00	0.00e+00	9.30e-25	2.05e-20	4.71e-17	4.19e-14	1.56e-11	2.90e-09	2.87e-07	1.74e-05	9.18e-04	7.85e-02	3.75e-01	5.46e-01
 2.94581e+22	0.00e+00	0.00e+00	0.00e+00	0.00e+00	0.00e+00	0.00e+00	1.26e-24	2.72e-20	6.09e-17	5.28e-14	1.91e-11	3.47e-09	3.34e-07	1.95e-05	9.98e-04	8.24e-02	3.80e-01	5.36e-01
 2.98756e+22	0.00e+00	0.00e+00	0.00e+00	0.00e+00	0.00e+00	0.00e+00	1.67e-24	3.52e-20	7.73e-17	6.53e-14	2.31e-11	4.09e-09	3.83e-07	2.17e-05	1.08e-03	8.62e-02	3.85e-01	5.27e-01
 3.04184e+22	0.00e+00	0.00e+00	0.00e+00	0.00e+00	0.00e+00	0.00e+00	2.39e-24	4.93e-20	1.05e-16	8.61e-14	2.95e-11	5.07e-09	4.58e-07	2.49e-05	1.19e-03	9.12e-02	3.92e-01	5.16e-01
 3.09909e+22	0.00e+00	0.00e+00	0.00e+00	0.00e+00	0.00e+00	0.00e+00	3.52e-24	7.03e-20	1.45e-16	1.15e-13	3.82e-11	6.36e-09	5.54e-07	2.88e-05	1.32e-03	9.68e-02	3.99e-01	5.03e-01
 3.14741e+22	0.00e+00	0.00e+00	0.00e+00	0.00e+00	0.00e+00	0.00e+00	4.83e-24	9.42e-20	1.90e-16	1.47e-13	4.74e-11	7.67e-09	6.48e-07	3.25e-05	1.43e-03	1.02e-01	4.04e-01	4.93e-01
 3.19743e+22	0.00e+00	0.00e+00	0.00e+00	0.00e+00	0.00e+00	0.00e+00	6.58e-24	1.26e-19	2.47e-16	1.86e-13	5.85e-11	9.22e-09	7.57e-07	3.66e-05	1.56e-03	1.07e-01	4.10e-01	4.82e-01
 3.26245e+22	0.00e+00	0.00e+00	0.00e+00	0.00e+00	0.00e+00	0.00e+00	9.78e-24	1.82e-19	3.47e-16	2.53e-13	7.67e-11	1.17e-08	9.22e-07	4.26e-05	1.73e-03	1.13e-01	4.16e-01	4.69e-01
 3.32706e+22	0.00e+00	0.00e+00	0.00e+00	0.00e+00	0.00e+00	0.00e+00	1.47e-23	2.65e-19	4.88e-16	3.45e-13	1.01e-10	1.49e-08	1.13e-06	4.96e-05	1.93e-03	1.20e-01	4.23e-01	4.55e-01
 3.37605e+22	0.00e+00	0.00e+00	0.00e+00	0.00e+00	0.00e+00	2.32e-27	1.97e-23	3.48e-19	6.27e-16	4.32e-13	1.24e-10	1.77e-08	1.31e-06	5.55e-05	2.08e-03	1.26e-01	4.27e-01	4.45e-01
 3.42466e+22	0.00e+00	0.00e+00	0.00e+00	0.00e+00	0.00e+00	3.17e-27	2.59e-23	4.51e-19	7.95e-16	5.35e-13	1.49e-10	2.09e-08	1.50e-06	6.16e-05	2.24e-03	1.31e-01	4.31e-01	4.36e-01
 3.48784e+22	0.00e+00	0.00e+00	0.00e+00	0.00e+00	0.00e+00	4.73e-27	3.70e-23	6.28e-19	1.08e-15	7.04e-13	1.90e-10	2.58e-08	1.79e-06	7.05e-05	2.46e-03	1.38e-01	4.36e-01	4.23e-01
 3.55405e+22	0.00e+00	0.00e+00	0.00e+00	0.00e+00	0.00e+00	7.28e-27	5.41e-23	8.92e-19	1.49e-15	9.43e-13	2.47e-10	3.24e-08	2.16e-06	8.14e-05	2.72e-03	1.46e-01	4.41e-01	4.10e-01
 3.60909e+22	0.00e+00	0.00e+00	0.00e+00	0.00e+00	0.00e+00	1.03e-26	7.32e-23	1.18e-18	1.93e-15	1.19e-12	3.04e-10	3.88e-08	2.51e-06	9.12e-05	2.94e-03	1.52e-01	4.45e-01	4.00e-01
 3.66556e+22	0.00e+00	0.00e+00	0.00e+00	0.00e+00	0.00e+00	1.42e-26	9.74e-23	1.55e-18	2.47e-15	1.49e-12	3.70e-10	4.60e-08	2.89e-06	1.02e-04	3.17e-03	1.59e-01	4.48e-01	3.90e-01
 3.73897e+22	0.00e+00	0.00e+00	0.00e+00	0.00e+00	0.00e+00	2.19e-26	1.43e-22	2.22e-18	3.43e-15	2.01e-12	4.82e-10	5.80e-08	3.51e-06	1.17e-04	3.50e-03	1.67e-01	4.52e-01	3.77e-01
 3.81285e+22	0.00e+00	0.00e+00	0.00e+00	0.00e+00	0.00e+00	3.41e-26	2.11e-22	3.18e-18	4.78e-15	2.71e-12	6.29e-10	7.32e-08	4.26e-06	1.36e-04	3.87e-03	1.77e-01	4.56e-01	3.63e-01
 3.86960e+22	0.00e+00	0.00e+00	0.00e+00	0.00e+00	0.00e+00	4.71e-26	2.80e-22	4.16e-18	6.11e-15	3.39e-12	7.66e-10	8.69e-08	4.91e-06	1.51e-04	4.16e-03	1.84e-01	4.59e-01	3.53e-01
 3.92563e+22	0.00e+00	0.00e+00	0.00e+00	0.00e+00	0.00e+00	6.35e-26	3.65e-22	5.34e-18	7.69e-15	4.17e-12	9.21e-10	1.02e-07	5.60e-06	1.67e-04	4.45e-03	1.90e-01	4.61e-01	3.44e-01
 3.99848e+22	0.00e+00	0.00e+00	0.00e+00	0.00e+00	0.00e+00	9.34e-26	5.12e-22	7.34e-18	1.03e-14	5.43e-12	1.16e-09	1.25e-07	6.63e-06	1.90e-04	4.85e-03	1.99e-01	4.63e-01	3.33e-01
 4.07651e+22	0.00e+00	0.00e+00	0.00e+00	0.00e+00	0.00e+00	1.42e-25	7.43e-22	1.04e-17	1.42e-14	7.25e-12	1.50e-09	1.56e-07	7.96e-06	2.18e-04	5.32e-03	2.09e-01	4.65e-01	3.20e-01
 4.14387e+22	0.00e+00	0.00e+00	0.00e+00	0.00e+00	0.00e+00	2.02e-25	1.01e-21	1.39e-17	1.85e-14	9.23e-12	1.86e-09	1.88e-07	9.28e-06	2.44e-04	5.74e-03	2.17e-01	4.67e-01	3.10e-01
 4.21401e+22	0.00e+00	0.00e+00	0.00e+00	0.00e+00	0.00e+00	2.84e-25	1.36e-21	1.84e-17	2.40e-14	1.17e-11	2.29e-09	2.25e-07	1.08e-05	2.73e-04	6.18e-03	2.26e-01	4.68e-01	3.00e-01
 4.30520e+22	0.00e+00	0.00e+00	0.00e+00	0.00e+00	0.00e+00	2.50e-25	2.01e-21	2.65e-17	3.35e-14	1.58e-11	2.99e-09	2.83e-07	1.30e-05	3.14e-04	6.79e-03	2.37e-01	4.69e-01	2.87e-01
 4.39897e+22	0.00e+00	0.00e+00	0.00e+00	0.00e+00	0.00e+00	3.98e-25	3.01e-21	3.86e-17	4.75e-14	2.17e-11	3.95e-09	3.61e-07	1.59e-05	3.64e-04	7.49e-03	2.49e-01	4.69e-01	2.74e-01
 4.47103e+22	0.00e+00	0.00e+00	0.00e+00	0.00e+00	0.00e+00	5.61e-25	4.07e-21	5.12e-17	6.16e-14	2.74e-11	4.86e-09	4.31e-07	1.84e-05	4.06e-04	8.05e-03	2.58e-01	4.69e-01	2.65e-01
 4.53055e+22	0.00e+00	0.00e+00	0.00e+00	0.00e+00	0.00e+00	7.28e-25	5.13e-21	6.39e-17	7.54e-14	3.29e-11	5.71e-09	4.96e-07	2.06e-05	4.42e-04	8.51e-03	2.65e-01	4.69e-01	2.57e-01
 4.59883e+22	0.00e+00	0.00e+00	0.00e+00	0.00e+00	0.00e+00	9.85e-25	6.69e-21	8.22e-17	9.52e-14	4.06e-11	6.88e-09	5.82e-07	2.35e-05	4.87e-04	9.07e-03	2.73e-01	4.68e-01	2.49e-01
 4.68759e+22	0.00e+00	0.00e+00	0.00e+00	0.00e+00	0.00e+00	1.43e-24	9.29e-21	1.12e-16	1.26e-13	5.25e-11	8.61e-09	7.06e-07	2.75e-05	5.47e-04	9.79e-03	2.83e-01	4.67e-01	2.39e-01
 4.78508e+22	0.00e+00	0.00e+00	0.00e+00	0.00e+00	0.00e+00	2.19e-24	1.35e-20	1.58e-16	1.74e-13	7.01e-11	1.11e-08	8.79e-07	3.29e-05	6.24e-04	1.07e-02	2.95e-01	4.66e-01	2.28e-01
 4.87172e+22	0.00e+00	0.00e+00	0.00e+00	0.00e+00	0.00e+00	3.15e-24	1.86e-20	2.14e-16	2.30e-13	9.00e-11	1.38e-08	1.06e-06	3.83e-05	6.99e-04	1.15e-02	3.05e-01	4.64e-01	2.19e-01
 4.94849e+22	0.00e+00	0.00e+00	0.00e+00	0.00e+00	0.00e+00	4.28e-24	2.43e-20	2.77e-16	2.91e-13	1.11e-10	1.67e-08	1.25e-06	4.37e-05	7.70e-04	1.22e-02	3.14e-01	4.62e-01	2.11e-01
 5.03465e+22	0.00e+00	0.00e+00	0.00e+00	0.00e+00	0.00e+00	5.91e-24	3.24e-20	3.63e-16	3.73e-13	1.39e-10	2.03e-08	1.47e-06	5.00e-05	8.50e-04	1.30e-02	3.23e-01	4.60e-01	2.03e-01
 5.14665e+22	0.00e+00	0.00e+00	0.00e+00	0.00e+00	0.00e+00	9.00e-24	4.68e-20	5.15e-16	5.15e-13	1.86e-10	2.62e-08	1.84e-06	5.98e-05	9.69e-04	1.41e-02	3.36e-01	4.56e-01	1.93e-01
 5.25806e+22	0.00e+00	0.00e+00	0.00e+00	0.00e+00	0.00e+00	1.40e-23	6.89e-20	7.38e-16	7.18e-13	2.52e-10	3.41e-08	2.30e-06	7.17e-05	1.11e-03	1.54e-02	3.49e-01	4.52e-01	1.82e-01
 5.34215e+22	0.00e+00	0.00e+00	0.00e+00	0.00e+00	3.09e-27	1.91e-23	9.03e-20	9.53e-16	9.09e-13	3.11e-10	4.11e-08	2.70e-06	8.16e-05	1.22e-03	1.63e-02	3.58e-01	4.49e-01	1.75e-01
 5.42491e+22	0.00e+00	0.00e+00	0.00e+00	0.00e+00	4.22e-27	2.51e-23	1.15e-19	1.21e-15	1.13e-12	3.78e-10	4.87e-08	3.11e-06	9.16e-05	1.32e-03	1.72e-02	3.66e-01	4.46e-01	1.69e-01
 5.53250e+22	0.00e+00	0.00e+00	0.00e+00	0.00e+00	6.38e-27	3.63e-23	1.59e-19	1.64e-15	1.49e-12	4.87e-10	6.07e-08	3.76e-06	1.07e-04	1.48e-03	1.84e-02	3.77e-01	4.42e-01	1.61e-01
 5.65051e+22	0.00e+00	0.00e+00	0.00e+00	0.00e+00	1.01e-26	5.46e-23	2.28e-19	2.29e-15	2.03e-12	6.43e-10	7.75e-08	4.63e-06	1.26e-04	1.67e-03	1.99e-02	3.89e-01	4.37e-01	1.52e-01
 5.75554e+22	0.00e+00	0.00e+00	0.00e+00	0.00e+00	1.51e-26	7.79e-23	3.11e-19	3.07e-15	2.66e-12	8.20e-10	9.58e-08	5.54e-06	1.46e-04	1.85e-03	2.12e-02	4.00e-01	4.32e-01	1.45e-01
 5.85095e+22	0.00e+00	0.00e+00	0.00e+00	0.00e+00	2.12e-26	1.05e-22	4.05e-19	3.95e-15	3.36e-12	1.01e-09	1.15e-07	6.48e-06	1.65e-04	2.03e-03	2.24e-02	4.09e-01	4.27e-01	1.39e-01
 5.96036e+22	0.00e+00	0.00e+00	0.00e+00	0.00e+00	3.07e-26	1.46e-22	5.42e-19	5.22e-15	4.34e-12	1.27e-09	1.40e-07	7.67e-06	1.89e-04	2.24e-03	2.38e-02	4.19e-01	4.22e-01	1.33e-01
 6.10260e+22	0.00e+00	0.00e+00	0.00e+00	0.00e+00	4.91e-26	2.22e-22	7.81e-19	7.38e-15	5.97e-12	1.69e-09	1.80e-07	9.48e-06	2.24e-04	2.53e-03	2.57e-02	4.31e-01	4.16e-01	1.25e-01
 6.24515e+22	0.00e+00	0.00e+00	0.00e+00	0.00e+00	8.15e-26	3.49e-22	1.16e-18	1.06e-14	8.38e-12	2.30e-09	2.35e-07	1.19e-05	2.68e-04	2.87e-03	2.77e-02	4.44e-01	4.08e-01	1.17e-01
 6.35288e+22	0.00e+00	0.00e+00	0.00e+00	0.00e+00	1.16e-25	4.78e-22	1.52e-18	1.38e-14	1.07e-11	2.86e-09	2.84e-07	1.39e-05	3.04e-04	3.15e-03	2.93e-02	4.53e-01	4.03e-01	1.12e-01
 6.45768e+22	0.00e+00	0.00e+00	0.00e+00	0.00e+00	1.58e-25	6.28e-22	1.94e-18	1.75e-14	1.32e-11	3.46e-09	3.35e-07	1.60e-05	3.40e-04	3.41e-03	3.07e-02	4.61e-01	3.98e-01	1.07e-01
 6.59393e+22	0.00e+00	0.00e+00	0.00e+00	0.00e+00	2.39e-25	9.04e-22	2.67e-18	2.37e-14	1.75e-11	4.45e-09	4.17e-07	1.92e-05	3.93e-04	3.79e-03	3.27e-02	4.71e-01	3.91e-01	1.01e-01
 6.74361e+22	0.00e+00	0.00e+00	0.00e+00	0.00e+00	3.79e-25	1.36e-21	3.82e-18	3.33e-14	2.39e-11	5.89e-09	5.32e-07	2.36e-05	4.63e-04	4.25e-03	3.50e-02	4.83e-01	3.83e-01	9.47e-02
 6.87653e+22	0.00e+00	0.00e+00	0.00e+00	0.00e+00	5.66e-25	1.94e-21	5.21e-18	4.46e-14	3.13e-11	7.51e-09	6.56e-07	2.82e-05	5.32e-04	4.70e-03	3.72e-02	4.92e-01	3.76e-01	8.95e-02
 6.99660e+22	0.00e+00	0.00e+00	0.00e+00	0.00e+00	7.92e-25	2.62e-21	6.77e-18	5.73e-14	3.95e-11	9.24e-09	7.85e-07	3.28e-05	6.00e-04	5.11e-03	3.90e-02	5.01e-01	3.69e-01	8.52e-02
 7.13420e+22	0.00e+00	0.00e+00	0.00e+00	0.00e+00	1.14e-24	3.62e-21	8.99e-18	7.53e-14	5.07e-11	1.16e-08	9.53e-07	3.86e-05	6.82e-04	5.60e-03	4.12e-02	5.09e-01	3.63e-01	8.07e-02
 7.31308e+22	0.00e+00	0.00e+00	0.00e+00	0.00e+00	1.80e-24	5.42e-21	1.28e-17	1.06e-13	6.91e-11	1.53e-08	1.21e-06	4.71e-05	7.98e-04	6.26e-03	4.39e-02	5.20e-01	3.54e-01	7.54e-02
 7.50339e+22	0.00e+00	0.00e+00	0.00e+00	0.00e+00	3.03e-24	8.62e-21	1.91e-17	1.55e-13	9.84e-11	2.10e-08	1.59e-06	5.94e-05	9.57e-04	7.11e-03	4.73e-02	5.31e-01	3.44e-01	6.97e-02
 7.66041e+22	0.00e+00	0.00e+00	0.00e+00	0.00e+00	4.59e-24	1.24e-20	2.63e-17	2.09e-13	1.30e-10	2.69e-08	1.98e-06	7.12e-05	1.10e-03	7.86e-03	5.00e-02	5.40e-01	3.36e-01	6.54e-02
 7.78940e+22	0.00e+00	0.00e+00	0.00e+00	0.00e+00	6.31e-24	1.65e-20	3.37e-17	2.66e-13	1.62e-10	3.28e-08	2.35e-06	8.21e-05	1.23e-03	8.50e-03	5.23e-02	5.47e-01	3.29e-01	6.21e-02
 7.93011e+22	0.00e+00	0.00e+00	0.00e+00	0.00e+00	8.69e-24	2.19e-20	4.32e-17	3.39e-13	2.03e-10	4.01e-08	2.79e-06	9.47e-05	1.38e-03	9.19e-03	5.46e-02	5.53e-01	3.23e-01	5.89e-02
 8.11302e+22	0.00e+00	0.00e+00	0.00e+00	0.00e+00	1.30e-23	3.13e-20	5.91e-17	4.57e-13	2.67e-10	5.13e-08	3.45e-06	1.13e-04	1.59e-03	1.01e-02	5.77e-02	5.61e-01	3.14e-01	5.52e-02
 8.31470e+22	0.00e+00	0.00e+00	0.00e+00	4.59e-27	2.09e-23	4.74e-20	8.47e-17	6.44e-13	3.67e-10	6.82e-08	4.40e-06	1.39e-04	1.86e-03	1.13e-02	6.13e-02	5.70e-01	3.05e-01	5.11e-02
 8.49451e+22	0.00e+00	0.00e+00	0.00e+00	7.26e-27	3.15e-23	6.82e-20	1.16e-16	8.72e-13	4.86e-10	8.76e-08	5.46e-06	1.66e-04	2.14e-03	1.25e-02	6.47e-02	5.77e-01	2.96e-01	4.77e-02
 8.65524e+22	0.00e+00	0.00e+00	0.00e+00	1.06e-26	4.41e-23	9.19e-20	1.51e-16	1.12e-12	6.13e-10	1.08e-07	6.53e-06	1.92e-04	2.40e-03	1.35e-02	6.76e-02	5.82e-01	2.89e-01	4.50e-02
 8.83742e+22	0.00e+00	0.00e+00	0.00e+00	1.56e-26	6.26e-23	1.25e-19	1.98e-16	1.46e-12	7.81e-10	1.34e-07	7.86e-06	2.24e-04	2.70e-03	1.47e-02	7.06e-02	5.88e-01	2.82e-01	4.24e-02
 9.07427e+22	0.00e+00	0.00e+00	0.00e+00	2.60e-26	9.86e-23	1.87e-19	2.79e-16	2.05e-12	1.07e-09	1.77e-07	1.00e-05	2.74e-04	3.16e-03	1.63e-02	7.48e-02	5.94e-01	2.72e-01	3.91e-02
 9.31984e+22	0.00e+00	0.00e+00	0.00e+00	4.60e-26	1.65e-22	2.94e-19	4.12e-16	2.97e-12	1.51e-09	2.41e-07	1.30e-05	3.41e-04	3.74e-03	1.84e-02	7.96e-02	6.01e-01	2.61e-01	3.57e-02
 9.50168e+22	0.00e+00	0.00e+00	0.00e+00	6.95e-26	2.38e-22	4.07e-19	5.46e-16	3.90e-12	1.94e-09	3.02e-07	1.58e-05	4.00e-04	4.23e-03	2.00e-02	8.32e-02	6.05e-01	2.54e-01	3.34e-02
 9.63757e+22	0.00e+00	0.00e+00	0.00e+00	9.09e-26	3.03e-22	5.02e-19	6.57e-16	4.68e-12	2.29e-09	3.52e-07	1.80e-05	4.45e-04	4.60e-03	2.11e-02	8.57e-02	6.08e-01	2.48e-01	3.19e-02
 9.78881e+22	0.00e+00	0.00e+00	0.00e+00	1.23e-25	3.95e-22	6.33e-19	8.03e-16	5.72e-12	2.77e-09	4.16e-07	2.08e-05	5.01e-04	5.04e-03	2.25e-02	8.85e-02	6.11e-01	2.43e-01	3.03e-02
 9.98543e+22	0.00e+00	0.00e+00	0.00e+00	1.75e-25	5.42e-22	8.37e-19	1.02e-15	7.25e-12	3.44e-09	5.05e-07	2.45e-05	5.74e-04	5.60e-03	2.41e-02	9.18e-02	6.13e-01	2.36e-01	2.85e-02
 1.02410e+23	0.00e+00	0.00e+00	0.00e+00	2.75e-25	8.14e-22	1.20e-18	1.39e-15	9.81e-12	4.55e-09	6.49e-07	3.04e-05	6.85e-04	6.41e-03	2.65e-02	9.62e-02	6.17e-01	2.27e-01	2.64e-02
 1.04894e+23	0.00e+00	0.00e+00	0.00e+00	4.58e-25	1.29e-21	1.79e-18	1.96e-15	1.36e-11	6.18e-09	8.54e-07	3.84e-05	8.30e-04	7.43e-03	2.93e-02	1.01e-01	6.19e-01	2.18e-01	2.42e-02
 1.06566e+23	0.00e+00	0.00e+00	0.00e+00	6.35e-25	1.72e-21	2.31e-18	2.44e-15	1.69e-11	7.56e-09	1.02e-06	4.48e-05	9.42e-04	8.19e-03	3.12e-02	1.04e-01	6.20e-01	2.12e-01	2.28e-02
 1.08020e+23	0.00e+00	0.00e+00	0.00e+00	8.00e-25	2.11e-21	2.76e-18	2.86e-15	1.99e-11	8.76e-09	1.17e-06	5.01e-05	1.03e-03	8.78e-03	3.27e-02	1.07e-01	6.21e-01	2.07e-01	2.18e-02
 1.09910e+23	0.00e+00	0.00e+00	0.00e+00	1.08e-24	2.76e-21	3.49e-18	3.50e-15	2.42e-11	1.05e-08	1.38e-06	5.77e-05	1.16e-03	9.59e-03	3.47e-02	1.10e-01	6.22e-01	2.02e-01	2.07e-02
 1.12026e+23	0.00e+00	0.00e+00	0.00e+00	1.55e-24	3.80e-21	4.61e-18	4.44e-15	3.06e-11	1.31e-08	1.67e-06	6.81e-05	1.33e-03	1.06e-02	3.72e-02	1.14e-01	6.22e-01	1.95e-01	1.94e-02
 1.13907e+23	0.00e+00	0.00e+00	0.00e+00	2.14e-24	5.08e-21	5.95e-18	5.52e-15	3.79e-11	1.60e-08	2.00e-06	7.92e-05	1.50e-03	1.17e-02	3.96e-02	1.17e-01	6.22e-01	1.90e-01	1.82e-02
 1.15481e+23	0.00e+00	0.00e+00	0.00e+00	2.72e-24	6.29e-21	7.18e-18	6.48e-15	4.45e-11	1.85e-08	2.28e-06	8.87e-05	1.65e-03	1.25e-02	4.15e-02	1.20e-01	6.22e-01	1.85e-01	1.74e-02
 1.17186e+23	0.00e+00	0.00e+00	0.00e+00	3.51e-24	7.88e-21	8.73e-18	7.67e-15	5.28e-11	2.18e-08	2.63e-06	1.00e-04	1.82e-03	1.35e-02	4.37e-02	1.23e-01	6.21e-01	1.80e-01	1.65e-02
 1.19402e+23	0.00e+00	0.00e+00	0.00e+00	4.73e-24	1.03e-20	1.10e-17	9.37e-15	6.44e-11	2.61e-08	3.10e-06	1.15e-04	2.03e-03	1.47e-02	4.62e-02	1.26e-01	6.20e-01	1.75e-01	1.56e-02
 1.22283e+23	0.00e+00	0.00e+00	0.00e+00	6.98e-24	1.45e-20	1.49e-17	1.21e-14	8.32e-11	3.32e-08	3.84e-06	1.38e-04	2.36e-03	1.65e-02	4.97e-02	1.30e-01	6.18e-01	1.68e-01	1.44e-02
 1.25131e+23	0.00e+00	0.00e+00	0.00e+00	1.10e-23	2.18e-20	2.12e-17	1.63e-14	1.12e-10	4.37e-08	4.91e-06	1.70e-04	2.80e-03	1.88e-02	5.41e-02	1.35e-01	6.15e-01	1.60e-01	1.32e-02
 1.27096e+23	0.00e+00	0.00e+00	0.00e+00	1.51e-23	2.88e-20	2.70e-17	2.00e-14	1.37e-10	5.29e-08	5.83e-06	1.97e-04	3.14e-03	2.05e-02	5.73e-02	1.39e-01	6.13e-01	1.55e-01	1.24e-02
 1.28489e+23	0.00e+00	0.00e+00	0.00e+00	1.82e-23	3.40e-20	3.12e-17	2.27e-14	1.55e-10	5.95e-08	6.47e-06	2.15e-04	3.38e-03	2.16e-02	5.94e-02	1.41e-01	6.11e-01	1.52e-01	1.19e-02
 1.29979e+23	0.00e+00	0.00e+00	0.00e+00	2.17e-23	3.97e-20	3.57e-17	2.54e-14	1.75e-10	6.64e-08	7.14e-06	2.34e-04	3.61e-03	2.28e-02	6.14e-02	1.43e-01	6.09e-01	1.49e-01	1.15e-02
 1.31917e+23	0.00e+00	0.00e+00	3.89e-27	2.74e-23	4.88e-20	4.26e-17	2.96e-14	2.04e-10	7.66e-08	8.13e-06	2.61e-04	3.95e-03	2.43e-02	6.41e-02	1.46e-01	6.06e-01	1.44e-01	1.09e-02
 1.34436e+23	0.00e+00	0.00e+00	5.27e-27	3.60e-23	6.22e-20	5.26e-17	3.54e-14	2.44e-10	9.06e-08	9.44e-06	2.96e-04	4.37e-03	2.63e-02	6.73e-02	1.49e-01	6.03e-01	1.40e-01	1.03e-02
 1.37710e+23	0.00e+00	0.00e+00	7.82e-27	5.13e-23	8.52e-20	6.91e-17	4.46e-14	3.08e-10	1.13e-07	1.15e-05	3.49e-04	4.99e-03	2.90e-02	7.17e-02	1.52e-01	5.98e-01	1.34e-01	9.50e-03
 1.40997e+23	0.00e+00	0.00e+00	1.26e-26	7.87e-23	1.25e-19	9.62e-17	5.88e-14	4.04e-10	1.45e-07	1.44e-05	4.23e-04	5.83e-03	3.26e-02	7.72e-02	1.57e-01	5.91e-01	1.27e-01	8.65e-03
 1.43318e+23	0.00e+00	0.00e+00	1.79e-26	1.08e-22	1.65e-19	1.23e-16	7.21e-14	4.96e-10	1.76e-07	1.71e-05	4.89e-04	6.54e-03	3.55e-02	8.16e-02	1.60e-01	5.86e-01	1.22e-01	8.05e-03
 1.44995e+23	0.00e+00	0.00e+00	2.17e-26	1.29e-22	1.92e-19	1.40e-16	8.07e-14	5.58e-10	1.96e-07	1.88e-05	5.31e-04	6.98e-03	3.73e-02	8.41e-02	1.62e-01	5.82e-01	1.19e-01	7.72e-03
 1.46818e+23	0.00e+00	0.00e+00	2.61e-26	1.52e-22	2.22e-19	1.59e-16	8.99e-14	6.23e-10	2.17e-07	2.07e-05	5.74e-04	7.43e-03	3.90e-02	8.65e-02	1.64e-01	5.79e-01	1.16e-01	7.41e-03
 1.49187e+23	0.00e+00	0.00e+00	3.34e-26	1.89e-22	2.70e-19	1.88e-16	1.04e-13	7.18e-10	2.48e-07	2.33e-05	6.34e-04	8.04e-03	4.14e-02	8.98e-02	1.66e-01	5.74e-01	1.13e-01	7.04e-03
 1.52267e+23	0.00e+00	0.00e+00	4.50e-26	2.47e-22	3.42e-19	2.30e-16	1.23e-13	8.54e-10	2.92e-07	2.69e-05	7.17e-04	8.87e-03	4.45e-02	9.39e-02	1.69e-01	5.68e-01	1.09e-01	6.59e-03
 1.55743e+23	0.00e+00	0.00e+00	6.60e-26	3.49e-22	4.64e-19	2.99e-16	1.53e-13	1.06e-09	3.58e-07	3.24e-05	8.37e-04	1.00e-02	4.87e-02	9.93e-02	1.72e-01	5.60e-01	1.03e-01	6.06e-03
 1.58785e+23	0.00e+00	0.00e+00	9.42e-26	4.80e-22	6.16e-19	3.82e-16	1.87e-13	1.30e-09	4.33e-07	3.83e-05	9.65e-04	1.12e-02	5.29e-02	1.04e-01	1.75e-01	5.51e-01	9.86e-02	5.60e-03
 1.61157e+23	0.00e+00	0.00e+00	1.23e-25	6.08e-22	7.58e-19	4.56e-16	2.18e-13	1.51e-09	4.99e-07	4.35e-05	1.07e-03	1.22e-02	5.63e-02	1.08e-01	1.77e-01	5.45e-01	9.51e-02	5.27e-03
 1.63604e+23	0.00e+00	0.00e+00	1.49e-25	7.23e-22	8.82e-19	5.19e-16	2.43e-13	1.69e-09	5.54e-07	4.78e-05	1.16e-03	1.30e-02	5.89e-02	1.11e-01	1.78e-01	5.40e-01	9.25e-02	5.03e-03
 1.66786e+23	0.00e+00	0.00e+00	1.94e-25	9.15e-22	1.09e-18	6.20e-16	2.81e-13	1.97e-09	6.38e-07	5.43e-05	1.29e-03	1.41e-02	6.26e-02	1.16e-01	1.80e-01	5.32e-01	8.90e-02	4.73e-03
 1.70922e+23	0.00e+00	0.00e+00	2.60e-25	1.19e-21	1.37e-18	7.58e-16	3.33e-13	2.33e-09	7.46e-07	6.23e-05	1.45e-03	1.55e-02	6.69e-02	1.20e-01	1.82e-01	5.24e-01	8.52e-02	4.41e-03
 1.76300e+23	0.00e+00	0.00e+00	3.74e-25	1.65e-21	1.83e-18	9.69e-16	4.09e-13	2.86e-09	9.04e-07	7.41e-05	1.68e-03	1.73e-02	7.26e-02	1.26e-01	1.84e-01	5.13e-01	8.06e-02	4.03e-03
 1.81853e+23	0.00e+00	0.00e+00	6.23e-25	2.62e-21	2.74e-18	1.37e-15	5.45e-13	3.77e-09	1.17e-06	9.36e-05	2.04e-03	2.02e-02	8.10e-02	1.34e-01	1.87e-01	4.97e-01	7.45e-02	3.56e-03
 1.85743e+23	0.00e+00	0.00e+00	9.37e-25	3.77e-21	3.79e-18	1.81e-15	6.85e-13	4.71e-09	1.44e-06	1.13e-04	2.38e-03	2.28e-02	8.83e-02	1.41e-01	1.89e-01	4.84e-01	6.98e-02	3.20e-03
 1.88132e+23	0.00e+00	0.00e+00	1.11e-24	4.40e-21	4.33e-18	2.03e-15	7.56e-13	5.20e-09	1.58e-06	1.22e-04	2.55e-03	2.40e-02	9.16e-02	1.44e-01	1.89e-01	4.78e-01	6.77e-02	3.06e-03
 1.90461e+23	0.00e+00	0.00e+00	1.28e-24	4.97e-21	4.81e-18	2.22e-15	8.15e-13	5.62e-09	1.70e-06	1.31e-04	2.69e-03	2.50e-02	9.44e-02	1.46e-01	1.90e-01	4.72e-01	6.61e-02	2.94e-03
 1.93489e+23	0.00e+00	0.00e+00	1.53e-24	5.85e-21	5.55e-18	2.51e-15	9.01e-13	6.21e-09	1.87e-06	1.42e-04	2.89e-03	2.64e-02	9.81e-02	1.50e-01	1.90e-01	4.66e-01	6.40e-02	2.80e-03
 1.97426e+23	0.00e+00	0.00e+00	1.83e-24	6.87e-21	6.40e-18	2.83e-15	9.95e-13	6.85e-09	2.05e-06	1.54e-04	3.09e-03	2.79e-02	1.02e-01	1.53e-01	1.91e-01	4.59e-01	6.19e-02	2.67e-03
 2.02543e+23	0.00e+00	0.00e+00	2.25e-24	8.25e-21	7.52e-18	3.25e-15	1.12e-12	7.66e-09	2.27e-06	1.69e-04	3.34e-03	2.95e-02	1.06e-01	1.56e-01	1.91e-01	4.51e-01	5.97e-02	2.52e-03
 2.09195e+23	0.00e+00	0.00e+00	2.87e-24	1.03e-20	9.12e-18	3.84e-15	1.28e-12	8.74e-09	2.57e-06	1.89e-04	3.66e-03	3.17e-02	1.11e-01	1.60e-01	1.91e-01	4.42e-01	5.71e-02	2.35e-03
 2.17276e+23	0.00e+00	0.00e+00	3.96e-24	1.37e-20	1.17e-17	4.77e-15	1.53e-12	1.03e-08	3.00e-06	2.17e-04	4.11e-03	3.46e-02	1.18e-01	1.65e-01	1.92e-01	4.30e-01	5.38e-02	2.15e-03
 2.25549e+23	0.00e+00	0.00e+00	5.86e-24	1.95e-20	1.60e-17	6.22e-15	1.91e-12	1.27e-08	3.63e-06	2.57e-04	4.73e-03	3.85e-02	1.27e-01	1.72e-01	1.91e-01	4.14e-01	5.00e-02	1.92e-03
 2.32413e+23	0.00e+00	0.00e+00	8.38e-24	2.69e-20	2.13e-17	7.94e-15	2.33e-12	1.53e-08	4.31e-06	3.00e-04	5.37e-03	4.24e-02	1.36e-01	1.77e-01	1.91e-01	3.99e-01	4.65e-02	1.73e-03
 2.37758e+23	0.00e+00	0.00e+00	1.01e-23	3.18e-20	2.47e-17	9.02e-15	2.60e-12	1.69e-08	4.73e-06	3.26e-04	5.75e-03	4.46e-02	1.41e-01	1.80e-01	1.90e-01	3.92e-01	4.48e-02	1.64e-03
 2.43350e+23	0.00e+00	0.00e+00	1.11e-23	3.44e-20	2.65e-17	9.54e-15	2.73e-12	1.78e-08	4.96e-06	3.40e-04	5.95e-03	4.58e-02	1.43e-01	1.82e-01	1.90e-01	3.87e-01	4.38e-02	1.59e-03
 2.49459e+23	0.00e+00	0.00e+00	1.36e-23	4.14e-20	3.11e-17	1.10e-14	3.05e-12	1.97e-08	5.45e-06	3.70e-04	6.39e-03	4.82e-02	1.48e-01	1.85e-01	1.90e-01	3.79e-01	4.20e-02	1.49e-03
 2.55061e+23	0.00e+00	0.00e+00	1.58e-23	4.73e-20	3.50e-17	1.21e-14	3.32e-12	2.12e-08	5.85e-06	3.94e-04	6.72e-03	5.01e-02	1.52e-01	1.87e-01	1.89e-01	3.73e-01	4.07e-02	1.42e-03
 2.60103e+23	0.00e+00	0.00e+00	1.78e-23	5.29e-20	3.86e-17	1.32e-14	3.56e-12	2.26e-08	6.20e-06	4.15e-04	7.02e-03	5.17e-02	1.55e-01	1.89e-01	1.88e-01	3.67e-01	3.97e-02	1.37e-03
 2.64641e+23	0.00e+00	0.00e+00	1.99e-23	5.82e-20	4.20e-17	1.42e-14	3.78e-12	2.39e-08	6.52e-06	4.35e-04	7.28e-03	5.32e-02	1.58e-01	1.90e-01	1.88e-01	3.63e-01	3.87e-02	1.32e-03
 2.68725e+23	0.00e+00	0.00e+00	2.15e-23	6.26e-20	4.48e-17	1.50e-14	3.95e-12	2.49e-08	6.78e-06	4.50e-04	7.49e-03	5.43e-02	1.60e-01	1.91e-01	1.88e-01	3.59e-01	3.81e-02	1.29e-03
 2.72401e+23	0.00e+00	0.00e+00	2.31e-23	6.67e-20	4.74e-17	1.57e-14	4.11e-12	2.58e-08	7.01e-06	4.63e-04	7.68e-03	5.52e-02	1.62e-01	1.92e-01	1.87e-01	3.56e-01	3.75e-02	1.26e-03
 2.75709e+23	0.00e+00	0.00e+00	2.46e-23	7.06e-20	4.98e-17	1.64e-14	4.26e-12	2.67e-08	7.22e-06	4.75e-04	7.84e-03	5.61e-02	1.64e-01	1.93e-01	1.87e-01	3.53e-01	3.69e-02	1.23e-03
 2.78803e+23	0.00e+00	0.00e+00	2.57e-23	7.32e-20	5.14e-17	1.68e-14	4.36e-12	2.72e-08	7.36e-06	4.84e-04	7.96e-03	5.67e-02	1.65e-01	1.94e-01	1.87e-01	3.52e-01	3.66e-02	1.22e-03
 2.81858e+23	0.00e+00	0.00e+00	2.62e-23	7.46e-20	5.23e-17	1.71e-14	4.41e-12	2.76e-08	7.43e-06	4.88e-04	8.01e-03	5.70e-02	1.66e-01	1.94e-01	1.87e-01	3.51e-01	3.64e-02	1.21e-03
 2.84913e+23	0.00e+00	0.00e+00	2.68e-23	7.62e-20	5.32e-17	1.74e-14	4.47e-12	2.79e-08	7.51e-06	4.93e-04	8.08e-03	5.74e-02	1.66e-01	1.94e-01	1.86e-01	3.50e-01	3.62e-02	1.20e-03
 2.87968e+23	0.00e+00	0.00e+00	2.74e-23	7.76e-20	5.41e-17	1.76e-14	4.52e-12	2.82e-08	7.58e-06	4.97e-04	8.13e-03	5.76e-02	1.67e-01	1.94e-01	1.86e-01	3.49e-01	3.61e-02	1.19e-03
 2.91022e+23	0.00e+00	0.00e+00	2.81e-23	7.94e-20	5.52e-17	1.79e-14	4.59e-12	2.85e-08	7.68e-06	5.02e-04	8.21e-03	5.80e-02	1.68e-01	1.95e-01	1.86e-01	3.48e-01	3.58e-02	1.18e-03
 2.94077e+23	0.00e+00	0.00e+00	2.83e-23	8.00e-20	5.56e-17	1.80e-14	4.61e-12	2.87e-08	7.71e-06	5.04e-04	8.23e-03	5.81e-02	1.68e-01	1.95e-01	1.86e-01	3.47e-01	3.58e-02	1.18e-03
 2.97132e+23	0.00e+00	0.00e+00	2.85e-23	8.04e-20	5.59e-17	1.81e-14	4.63e-12	2.88e-08	7.73e-06	5.05e-04	8.24e-03	5.82e-02	1.68e-01	1.95e-01	1.86e-01	3.47e-01	3.57e-02	1.18e-03
 3.00187e+23	0.00e+00	0.00e+00	2.87e-23	8.10e-20	5.62e-17	1.82e-14	4.65e-12	2.89e-08	7.76e-06	5.07e-04	8.27e-03	5.83e-02	1.68e-01	1.95e-01	1.86e-01	3.47e-01	3.57e-02	1.17e-03
 3.03242e+23	0.00e+00	0.00e+00	2.92e-23	8.22e-20	5.69e-17	1.84e-14	4.69e-12	2.91e-08	7.81e-06	5.11e-04	8.31e-03	5.86e-02	1.69e-01	1.95e-01	1.86e-01	3.46e-01	3.55e-02	1.17e-03
 3.05125e+23	0.00e+00	0.00e+00	3.08e-23	8.65e-20	5.96e-17	1.92e-14	4.85e-12	2.99e-08	8.00e-06	5.21e-04	8.44e-03	5.93e-02	1.70e-01	1.96e-01	1.86e-01	3.44e-01	3.52e-02	1.15e-03
