#depth	Si	Si+	Si+2	Si+3	Si+4	Si+5	Si+6	Si+7	Si+8	Si+9	Si+10	Si+11	Si+12	Si+13	Si+14
 6.17135e+19	0.00e+00	0.00e+00	0.00e+00	0.00e+00	0.00e+00	0.00e+00	1.31e-28	6.14e-24	1.01e-19	7.32e-16	3.53e-12	1.08e-08	6.69e-05	1.54e-02	9.85e-01
 1.87609e+20	0.00e+00	0.00e+00	0.00e+00	0.00e+00	0.00e+00	0.00e+00	2.53e-28	1.09e-23	1.65e-19	1.10e-15	4.90e-12	1.38e-08	7.86e-05	1.67e-02	9.83e-01
 3.18540e+20	0.00e+00	0.00e+00	0.00e+00	0.00e+00	0.00e+00	0.00e+00	4.86e-28	1.93e-23	2.70e-19	1.66e-15	6.78e-12	1.76e-08	9.23e-05	1.81e-02	9.82e-01
 4.54709e+20	0.00e+00	0.00e+00	0.00e+00	0.00e+00	0.00e+00	0.00e+00	9.37e-28	3.44e-23	4.42e-19	2.50e-15	9.40e-12	2.24e-08	1.09e-04	1.96e-02	9.80e-01
 5.74414e+20	0.00e+00	0.00e+00	0.00e+00	0.00e+00	0.00e+00	0.00e+00	1.65e-27	5.62e-23	6.73e-19	3.55e-15	1.24e-11	2.76e-08	1.25e-04	2.10e-02	9.79e-01
 6.66526e+20	0.00e+00	0.00e+00	0.00e+00	0.00e+00	0.00e+00	0.00e+00	2.50e-27	8.11e-23	9.22e-19	4.62e-15	1.53e-11	3.22e-08	1.38e-04	2.21e-02	9.78e-01
 7.48596e+20	0.00e+00	0.00e+00	0.00e+00	0.00e+00	0.00e+00	0.00e+00	3.61e-27	1.12e-22	1.21e-18	5.80e-15	1.84e-11	3.69e-08	1.51e-04	2.31e-02	9.77e-01
 8.41157e+20	0.00e+00	0.00e+00	0.00e+00	0.00e+00	0.00e+00	0.00e+00	5.42e-27	1.59e-22	1.64e-18	7.47e-15	2.24e-11	4.29e-08	1.67e-04	2.43e-02	9.76e-01
 9.61486e+20	0.00e+00	0.00e+00	0.00e+00	0.00e+00	0.00e+00	0.00e+00	9.02e-27	2.48e-22	2.40e-18	1.03e-14	2.89e-11	5.18e-08	1.90e-04	2.58e-02	9.74e-01
 1.08400e+21	0.00e+00	0.00e+00	0.00e+00	0.00e+00	0.00e+00	0.00e+00	1.51e-26	3.89e-22	3.53e-18	1.41e-14	3.73e-11	6.26e-08	2.15e-04	2.75e-02	9.72e-01
 1.18233e+21	0.00e+00	0.00e+00	0.00e+00	0.00e+00	0.00e+00	0.00e+00	2.28e-26	5.58e-22	4.81e-18	1.83e-14	4.57e-11	7.29e-08	2.38e-04	2.89e-02	9.71e-01
 1.26938e+21	0.00e+00	0.00e+00	0.00e+00	0.00e+00	0.00e+00	0.00e+00	3.23e-26	7.58e-22	6.25e-18	2.27e-14	5.43e-11	8.30e-08	2.59e-04	3.01e-02	9.70e-01
 1.36880e+21	0.00e+00	0.00e+00	0.00e+00	0.00e+00	0.00e+00	0.00e+00	4.78e-26	1.07e-21	8.39e-18	2.90e-14	6.59e-11	9.59e-08	2.85e-04	3.16e-02	9.68e-01
 1.49805e+21	0.00e+00	0.00e+00	0.00e+00	0.00e+00	0.00e+00	1.04e-30	7.84e-26	1.64e-21	1.21e-17	3.95e-14	8.42e-11	1.15e-07	3.22e-04	3.35e-02	9.66e-01
 1.63197e+21	0.00e+00	0.00e+00	0.00e+00	0.00e+00	0.00e+00	1.86e-30	1.32e-25	2.59e-21	1.79e-17	5.45e-14	1.09e-10	1.39e-07	3.65e-04	3.57e-02	9.64e-01
 1.73932e+21	0.00e+00	0.00e+00	0.00e+00	0.00e+00	0.00e+00	2.92e-30	1.96e-25	3.66e-21	2.41e-17	6.99e-14	1.33e-10	1.61e-07	4.03e-04	3.74e-02	9.62e-01
 1.84621e+21	0.00e+00	0.00e+00	0.00e+00	0.00e+00	0.00e+00	4.53e-30	2.89e-25	5.14e-21	3.23e-17	8.91e-14	1.61e-10	1.86e-07	4.43e-04	3.92e-02	9.60e-01
 1.95991e+21	0.00e+00	0.00e+00	0.00e+00	0.00e+00	0.00e+00	7.22e-30	4.37e-25	7.38e-21	4.40e-17	1.15e-13	1.97e-10	2.17e-07	4.89e-04	4.11e-02	9.58e-01
 2.05746e+21	0.00e+00	0.00e+00	0.00e+00	0.00e+00	0.00e+00	1.06e-29	6.16e-25	9.97e-21	5.69e-17	1.43e-13	2.33e-10	2.46e-07	5.32e-04	4.29e-02	9.57e-01
 2.15925e+21	0.00e+00	0.00e+00	0.00e+00	0.00e+00	0.00e+00	1.59e-29	8.79e-25	1.36e-20	7.42e-17	1.78e-13	2.78e-10	2.80e-07	5.80e-04	4.47e-02	9.55e-01
 2.27412e+21	0.00e+00	0.00e+00	0.00e+00	0.00e+00	0.00e+00	2.49e-29	1.31e-24	1.92e-20	1.00e-16	2.28e-13	3.38e-10	3.24e-07	6.39e-04	4.69e-02	9.53e-01
 2.38233e+21	0.00e+00	0.00e+00	0.00e+00	0.00e+00	0.00e+00	3.76e-29	1.88e-24	2.65e-20	1.31e-16	2.87e-13	4.05e-10	3.71e-07	6.98e-04	4.89e-02	9.50e-01
 2.48114e+21	0.00e+00	0.00e+00	0.00e+00	0.00e+00	0.00e+00	5.44e-29	2.62e-24	3.53e-20	1.68e-16	3.52e-13	4.76e-10	4.19e-07	7.56e-04	5.08e-02	9.48e-01
 2.59137e+21	0.00e+00	0.00e+00	0.00e+00	0.00e+00	0.00e+00	8.21e-29	3.77e-24	4.85e-20	2.21e-16	4.42e-13	5.70e-10	4.79e-07	8.26e-04	5.31e-02	9.46e-01
 2.71332e+21	0.00e+00	0.00e+00	0.00e+00	0.00e+00	0.00e+00	1.28e-28	5.59e-24	6.85e-20	2.97e-16	5.65e-13	6.93e-10	5.53e-07	9.08e-04	5.56e-02	9.44e-01
 2.82560e+21	0.00e+00	0.00e+00	0.00e+00	0.00e+00	0.00e+00	1.92e-28	8.01e-24	9.38e-20	3.89e-16	7.08e-13	8.27e-10	6.31e-07	9.91e-04	5.80e-02	9.41e-01
 2.93009e+21	0.00e+00	0.00e+00	0.00e+00	0.00e+00	0.00e+00	2.78e-28	1.11e-23	1.25e-19	4.97e-16	8.68e-13	9.72e-10	7.12e-07	1.07e-03	6.02e-02	9.39e-01
 3.02927e+21	0.00e+00	0.00e+00	0.00e+00	0.00e+00	0.00e+00	3.94e-28	1.51e-23	1.64e-19	6.27e-16	1.05e-12	1.13e-09	7.98e-07	1.16e-03	6.24e-02	9.36e-01
 3.12236e+21	0.00e+00	0.00e+00	0.00e+00	0.00e+00	0.00e+00	5.45e-28	2.02e-23	2.10e-19	7.77e-16	1.26e-12	1.30e-09	8.86e-07	1.24e-03	6.45e-02	9.34e-01
 3.22766e+21	0.00e+00	0.00e+00	0.00e+00	0.00e+00	0.00e+00	7.85e-28	2.79e-23	2.79e-19	9.91e-16	1.54e-12	1.53e-09	9.98e-07	1.34e-03	6.70e-02	9.32e-01
 3.34305e+21	0.00e+00	0.00e+00	0.00e+00	0.00e+00	0.00e+00	1.16e-27	3.95e-23	3.78e-19	1.29e-15	1.92e-12	1.82e-09	1.13e-06	1.45e-03	6.97e-02	9.29e-01
 3.44778e+21	0.00e+00	0.00e+00	0.00e+00	0.00e+00	0.00e+00	1.65e-27	5.37e-23	4.95e-19	1.62e-15	2.33e-12	2.12e-09	1.27e-06	1.57e-03	7.23e-02	9.26e-01
 3.56013e+21	0.00e+00	0.00e+00	0.00e+00	0.00e+00	0.00e+00	2.39e-27	7.48e-23	6.61e-19	2.08e-15	2.86e-12	2.49e-09	1.43e-06	1.70e-03	7.51e-02	9.23e-01
 3.68068e+21	0.00e+00	0.00e+00	0.00e+00	0.00e+00	0.00e+00	3.55e-27	1.06e-22	8.97e-19	2.70e-15	3.56e-12	2.96e-09	1.63e-06	1.84e-03	7.81e-02	9.20e-01
 3.78627e+21	0.00e+00	0.00e+00	0.00e+00	0.00e+00	0.00e+00	4.99e-27	1.44e-22	1.17e-18	3.39e-15	4.31e-12	3.44e-09	1.82e-06	1.98e-03	8.09e-02	9.17e-01
 3.89789e+21	0.00e+00	0.00e+00	0.00e+00	0.00e+00	0.00e+00	7.13e-27	1.97e-22	1.54e-18	4.30e-15	5.25e-12	4.01e-09	2.04e-06	2.14e-03	8.38e-02	9.14e-01
 4.02200e+21	0.00e+00	0.00e+00	0.00e+00	0.00e+00	0.00e+00	1.05e-26	2.76e-22	2.07e-18	5.55e-15	6.50e-12	4.75e-09	2.32e-06	2.32e-03	8.71e-02	9.11e-01
 4.13776e+21	0.00e+00	0.00e+00	0.00e+00	0.00e+00	0.00e+00	1.51e-26	3.83e-22	2.76e-18	7.09e-15	7.97e-12	5.58e-09	2.61e-06	2.51e-03	9.04e-02	9.07e-01
 4.23732e+21	0.00e+00	0.00e+00	0.00e+00	0.00e+00	0.00e+00	2.05e-26	5.03e-22	3.50e-18	8.71e-15	9.46e-12	6.38e-09	2.88e-06	2.68e-03	9.32e-02	9.04e-01
 4.34040e+21	0.00e+00	0.00e+00	0.00e+00	0.00e+00	0.00e+00	2.81e-26	6.64e-22	4.46e-18	1.07e-14	1.13e-11	7.32e-09	3.19e-06	2.86e-03	9.62e-02	9.01e-01
 4.45671e+21	0.00e+00	0.00e+00	0.00e+00	0.00e+00	0.00e+00	3.99e-26	9.06e-22	5.85e-18	1.36e-14	1.37e-11	8.53e-09	3.58e-06	3.08e-03	9.96e-02	8.97e-01
 4.56652e+21	0.00e+00	0.00e+00	0.00e+00	0.00e+00	0.00e+00	5.54e-26	1.21e-21	7.55e-18	1.69e-14	1.64e-11	9.85e-09	3.98e-06	3.30e-03	1.03e-01	8.94e-01
 4.66846e+21	0.00e+00	0.00e+00	0.00e+00	0.00e+00	9.66e-31	7.49e-26	1.58e-21	9.54e-18	2.06e-14	1.94e-11	1.12e-08	4.39e-06	3.52e-03	1.06e-01	8.91e-01
 4.78384e+21	0.00e+00	0.00e+00	0.00e+00	0.00e+00	1.40e-30	1.04e-25	2.13e-21	1.23e-17	2.58e-14	2.34e-11	1.30e-08	4.90e-06	3.77e-03	1.09e-01	8.87e-01
 4.90827e+21	0.00e+00	0.00e+00	0.00e+00	0.00e+00	2.07e-30	1.48e-25	2.90e-21	1.62e-17	3.26e-14	2.85e-11	1.52e-08	5.49e-06	4.06e-03	1.13e-01	8.83e-01
 5.01875e+21	0.00e+00	0.00e+00	0.00e+00	0.00e+00	2.97e-30	2.05e-25	3.87e-21	2.09e-17	4.05e-14	3.42e-11	1.75e-08	6.10e-06	4.35e-03	1.17e-01	8.79e-01
 5.11865e+21	0.00e+00	0.00e+00	0.00e+00	0.00e+00	4.07e-30	2.72e-25	4.97e-21	2.60e-17	4.89e-14	4.00e-11	1.98e-08	6.69e-06	4.61e-03	1.20e-01	8.75e-01
 5.23046e+21	0.00e+00	0.00e+00	0.00e+00	0.00e+00	5.74e-30	3.70e-25	6.53e-21	3.30e-17	6.01e-14	4.75e-11	2.27e-08	7.40e-06	4.92e-03	1.24e-01	8.71e-01
 5.37581e+21	0.00e+00	0.00e+00	0.00e+00	0.00e+00	8.90e-30	5.49e-25	9.25e-21	4.48e-17	7.83e-14	5.94e-11	2.70e-08	8.42e-06	5.35e-03	1.29e-01	8.66e-01
 5.52218e+21	0.00e+00	0.00e+00	0.00e+00	0.00e+00	1.39e-29	8.19e-25	1.32e-20	6.11e-17	1.02e-13	7.44e-11	3.22e-08	9.59e-06	5.82e-03	1.34e-01	8.60e-01
 5.63284e+21	0.00e+00	0.00e+00	0.00e+00	0.00e+00	1.93e-29	1.10e-24	1.72e-20	7.70e-17	1.25e-13	8.79e-11	3.67e-08	1.06e-05	6.19e-03	1.38e-01	8.56e-01
 5.73967e+21	0.00e+00	0.00e+00	0.00e+00	0.00e+00	2.64e-29	1.46e-24	2.20e-20	9.57e-17	1.51e-13	1.03e-10	4.15e-08	1.16e-05	6.57e-03	1.41e-01	8.52e-01
 5.87855e+21	0.00e+00	0.00e+00	0.00e+00	0.00e+00	3.95e-29	2.09e-24	3.03e-20	1.27e-16	1.92e-13	1.26e-10	4.87e-08	1.30e-05	7.08e-03	1.46e-01	8.47e-01
 6.02305e+21	0.00e+00	0.00e+00	0.00e+00	0.00e+00	6.00e-29	3.05e-24	4.23e-20	1.70e-16	2.48e-13	1.56e-10	5.75e-08	1.47e-05	7.66e-03	1.52e-01	8.41e-01
 6.14283e+21	0.00e+00	0.00e+00	0.00e+00	0.00e+00	8.43e-29	4.14e-24	5.55e-20	2.15e-16	3.04e-13	1.85e-10	6.58e-08	1.63e-05	8.16e-03	1.56e-01	8.36e-01
 6.26653e+21	0.00e+00	0.00e+00	0.00e+00	0.00e+00	1.19e-28	5.63e-24	7.29e-20	2.74e-16	3.74e-13	2.20e-10	7.53e-08	1.80e-05	8.70e-03	1.61e-01	8.31e-01
 6.42733e+21	0.00e+00	0.00e+00	0.00e+00	0.00e+00	1.84e-28	8.35e-24	1.04e-19	3.72e-16	4.88e-13	2.75e-10	8.96e-08	2.04e-05	9.45e-03	1.67e-01	8.24e-01
 6.58515e+21	0.00e+00	0.00e+00	0.00e+00	0.00e+00	2.85e-28	1.23e-23	1.46e-19	5.05e-16	6.35e-13	3.43e-10	1.07e-07	2.32e-05	1.02e-02	1.73e-01	8.17e-01
 6.70230e+21	0.00e+00	0.00e+00	0.00e+00	0.00e+00	3.90e-28	1.64e-23	1.88e-19	6.29e-16	7.68e-13	4.02e-10	1.21e-07	2.55e-05	1.09e-02	1.77e-01	8.12e-01
 6.81780e+21	0.00e+00	0.00e+00	0.00e+00	0.00e+00	5.26e-28	2.14e-23	2.39e-19	7.76e-16	9.21e-13	4.68e-10	1.36e-07	2.78e-05	1.15e-02	1.82e-01	8.07e-01
 6.96795e+21	0.00e+00	0.00e+00	0.00e+00	0.00e+00	7.76e-28	3.04e-23	3.26e-19	1.02e-15	1.17e-12	5.71e-10	1.59e-07	3.12e-05	1.24e-02	1.87e-01	8.00e-01
 7.12717e+21	0.00e+00	0.00e+00	0.00e+00	0.00e+00	1.17e-27	4.40e-23	4.53e-19	1.36e-15	1.50e-12	7.04e-10	1.87e-07	3.52e-05	1.33e-02	1.94e-01	7.93e-01
 7.26348e+21	0.00e+00	0.00e+00	0.00e+00	0.00e+00	1.65e-27	5.99e-23	5.96e-19	1.73e-15	1.85e-12	8.39e-10	2.14e-07	3.89e-05	1.42e-02	1.99e-01	7.87e-01
 7.38501e+21	0.00e+00	0.00e+00	0.00e+00	0.00e+00	2.23e-27	7.85e-23	7.58e-19	2.14e-15	2.22e-12	9.79e-10	2.42e-07	4.25e-05	1.50e-02	2.04e-01	7.81e-01
 7.52202e+21	0.00e+00	0.00e+00	0.00e+00	0.00e+00	3.11e-27	1.06e-22	9.89e-19	2.70e-15	2.72e-12	1.16e-09	2.76e-07	4.68e-05	1.60e-02	2.09e-01	7.75e-01
 7.70013e+21	0.00e+00	0.00e+00	0.00e+00	0.00e+00	4.76e-27	1.55e-22	1.39e-18	3.64e-15	3.52e-12	1.44e-09	3.27e-07	5.30e-05	1.73e-02	2.17e-01	7.66e-01
 7.87663e+21	0.00e+00	0.00e+00	0.00e+00	0.00e+00	7.26e-27	2.27e-22	1.95e-18	4.91e-15	4.56e-12	1.79e-09	3.87e-07	6.00e-05	1.87e-02	2.24e-01	7.57e-01
 8.01057e+21	0.00e+00	0.00e+00	0.00e+00	0.00e+00	9.91e-27	3.00e-22	2.50e-18	6.11e-15	5.51e-12	2.10e-09	4.38e-07	6.57e-05	1.98e-02	2.29e-01	7.51e-01
 8.14421e+21	0.00e+00	0.00e+00	0.00e+00	0.00e+00	1.34e-26	3.94e-22	3.18e-18	7.54e-15	6.62e-12	2.45e-09	4.94e-07	7.18e-05	2.09e-02	2.35e-01	7.44e-01
 8.31794e+21	0.00e+00	0.00e+00	0.00e+00	0.00e+00	1.97e-26	5.58e-22	4.33e-18	9.91e-15	8.39e-12	2.99e-09	5.77e-07	8.03e-05	2.24e-02	2.42e-01	7.36e-01
 8.50179e+21	0.00e+00	0.00e+00	0.00e+00	0.00e+00	2.97e-26	8.06e-22	6.01e-18	1.32e-14	1.08e-11	3.69e-09	6.79e-07	9.05e-05	2.41e-02	2.49e-01	7.27e-01
 8.65597e+21	0.00e+00	0.00e+00	0.00e+00	0.00e+00	4.14e-26	1.09e-21	7.86e-18	1.67e-14	1.32e-11	4.38e-09	7.76e-07	9.98e-05	2.56e-02	2.55e-01	7.19e-01
 8.79094e+21	0.00e+00	0.00e+00	0.00e+00	0.00e+00	5.51e-26	1.41e-21	9.88e-18	2.05e-14	1.57e-11	5.07e-09	8.69e-07	1.08e-04	2.70e-02	2.61e-01	7.12e-01
 8.94375e+21	0.00e+00	0.00e+00	0.00e+00	0.00e+00	7.55e-26	1.87e-21	1.27e-17	2.56e-14	1.91e-11	5.96e-09	9.86e-07	1.19e-04	2.86e-02	2.67e-01	7.05e-01
 9.14241e+21	0.00e+00	0.00e+00	0.00e+00	0.00e+00	1.13e-25	2.69e-21	1.76e-17	3.40e-14	2.45e-11	7.33e-09	1.16e-06	1.34e-04	3.07e-02	2.74e-01	6.95e-01
 9.34548e+21	0.00e+00	0.00e+00	0.00e+00	0.00e+00	1.71e-25	3.90e-21	2.45e-17	4.55e-14	3.15e-11	9.07e-09	1.37e-06	1.51e-04	3.30e-02	2.82e-01	6.84e-01
 9.50894e+21	0.00e+00	0.00e+00	0.00e+00	1.32e-30	2.35e-25	5.21e-21	3.17e-17	5.71e-14	3.84e-11	1.07e-08	1.55e-06	1.65e-04	3.50e-02	2.89e-01	6.76e-01
 9.67608e+21	0.00e+00	0.00e+00	0.00e+00	1.87e-30	3.23e-25	6.93e-21	4.09e-17	7.14e-14	4.66e-11	1.26e-08	1.76e-06	1.81e-04	3.70e-02	2.95e-01	6.68e-01
 9.89335e+21	0.00e+00	0.00e+00	0.00e+00	2.92e-30	4.85e-25	1.00e-20	5.66e-17	9.52e-14	5.98e-11	1.55e-08	2.07e-06	2.03e-04	3.98e-02	3.03e-01	6.57e-01
 1.01202e+22	0.00e+00	0.00e+00	0.00e+00	4.63e-30	7.39e-25	1.46e-20	7.95e-17	1.28e-13	7.76e-11	1.93e-08	2.45e-06	2.30e-04	4.28e-02	3.12e-01	6.45e-01
 1.03005e+22	0.00e+00	0.00e+00	0.00e+00	6.61e-30	1.02e-24	1.96e-20	1.03e-16	1.62e-13	9.48e-11	2.28e-08	2.79e-06	2.52e-04	4.53e-02	3.18e-01	6.36e-01
 1.04523e+22	0.00e+00	0.00e+00	0.00e+00	8.85e-30	1.34e-24	2.50e-20	1.28e-16	1.95e-13	1.12e-10	2.62e-08	3.10e-06	2.72e-04	4.74e-02	3.24e-01	6.28e-01
 1.06259e+22	0.00e+00	0.00e+00	0.00e+00	1.22e-29	1.80e-24	3.27e-20	1.63e-16	2.41e-13	1.34e-10	3.05e-08	3.49e-06	2.96e-04	5.00e-02	3.30e-01	6.20e-01
 1.08515e+22	0.00e+00	0.00e+00	0.00e+00	1.86e-29	2.64e-24	4.62e-20	2.21e-16	3.16e-13	1.70e-10	3.71e-08	4.06e-06	3.30e-04	5.33e-02	3.38e-01	6.09e-01
 1.10888e+22	0.00e+00	0.00e+00	0.00e+00	2.87e-29	3.93e-24	6.62e-20	3.05e-16	4.19e-13	2.17e-10	4.55e-08	4.76e-06	3.70e-04	5.71e-02	3.46e-01	5.97e-01
 1.12894e+22	0.00e+00	0.00e+00	0.00e+00	4.11e-29	5.46e-24	8.90e-20	3.98e-16	5.29e-13	2.65e-10	5.38e-08	5.42e-06	4.06e-04	6.03e-02	3.53e-01	5.87e-01
 1.14985e+22	0.00e+00	0.00e+00	0.00e+00	5.88e-29	7.59e-24	1.20e-19	5.18e-16	6.67e-13	3.24e-10	6.37e-08	6.17e-06	4.45e-04	6.38e-02	3.59e-01	5.77e-01
 1.17703e+22	0.00e+00	0.00e+00	0.00e+00	9.31e-29	1.16e-23	1.75e-19	7.27e-16	8.99e-13	4.20e-10	7.90e-08	7.28e-06	5.01e-04	6.84e-02	3.68e-01	5.63e-01
 1.20454e+22	0.00e+00	0.00e+00	0.00e+00	1.48e-28	1.77e-23	2.57e-19	1.02e-15	1.22e-12	5.46e-10	9.83e-08	8.62e-06	5.64e-04	7.34e-02	3.76e-01	5.50e-01
 1.22537e+22	0.00e+00	0.00e+00	0.00e+00	1.41e-28	2.42e-23	3.41e-19	1.32e-15	1.52e-12	6.61e-10	1.15e-07	9.74e-06	6.15e-04	7.72e-02	3.82e-01	5.40e-01
 1.24533e+22	0.00e+00	0.00e+00	0.00e+00	1.93e-28	3.22e-23	4.42e-19	1.66e-15	1.86e-12	7.88e-10	1.34e-07	1.09e-05	6.66e-04	8.09e-02	3.88e-01	5.31e-01
 1.27128e+22	0.00e+00	0.00e+00	0.00e+00	2.88e-28	4.66e-23	6.16e-19	2.23e-15	2.41e-12	9.88e-10	1.61e-07	1.26e-05	7.38e-04	8.59e-02	3.95e-01	5.19e-01
 1.29881e+22	0.00e+00	0.00e+00	0.00e+00	4.41e-28	6.88e-23	8.77e-19	3.06e-15	3.18e-12	1.26e-09	1.97e-07	1.47e-05	8.21e-04	9.14e-02	4.02e-01	5.06e-01
 1.32234e+22	0.00e+00	0.00e+00	0.00e+00	6.27e-28	9.51e-23	1.18e-18	3.97e-15	4.00e-12	1.53e-09	2.32e-07	1.67e-05	8.97e-04	9.62e-02	4.08e-01	4.95e-01
 1.34689e+22	0.00e+00	0.00e+00	0.00e+00	8.92e-28	1.32e-22	1.58e-18	5.16e-15	5.04e-12	1.87e-09	2.73e-07	1.89e-05	9.80e-04	1.01e-01	4.14e-01	4.84e-01
 1.37881e+22	0.00e+00	0.00e+00	0.00e+00	1.40e-27	2.00e-22	2.30e-18	7.23e-15	6.77e-12	2.41e-09	3.38e-07	2.22e-05	1.10e-03	1.08e-01	4.21e-01	4.70e-01
 1.41119e+22	0.00e+00	0.00e+00	0.00e+00	2.23e-27	3.05e-22	3.37e-18	1.02e-14	9.13e-12	3.12e-09	4.19e-07	2.62e-05	1.23e-03	1.15e-01	4.28e-01	4.56e-01
 1.43690e+22	0.00e+00	0.00e+00	0.00e+00	3.17e-27	4.21e-22	4.51e-18	1.32e-14	1.15e-11	3.81e-09	4.94e-07	2.97e-05	1.34e-03	1.21e-01	4.33e-01	4.44e-01
 1.45929e+22	0.00e+00	0.00e+00	0.00e+00	4.27e-27	5.54e-22	5.79e-18	1.65e-14	1.39e-11	4.51e-09	5.67e-07	3.30e-05	1.44e-03	1.26e-01	4.37e-01	4.35e-01
 1.48464e+22	0.00e+00	0.00e+00	0.00e+00	5.94e-27	7.52e-22	7.62e-18	2.10e-14	1.73e-11	5.42e-09	6.61e-07	3.70e-05	1.56e-03	1.32e-01	4.42e-01	4.25e-01
 1.51758e+22	0.00e+00	0.00e+00	0.00e+00	9.05e-27	1.11e-21	1.08e-17	2.88e-14	2.28e-11	6.88e-09	8.04e-07	4.30e-05	1.73e-03	1.40e-01	4.47e-01	4.11e-01
 1.55148e+22	0.00e+00	0.00e+00	0.00e+00	1.40e-26	1.65e-21	1.55e-17	3.98e-14	3.02e-11	8.78e-09	9.85e-07	5.01e-05	1.93e-03	1.48e-01	4.53e-01	3.97e-01
 1.57906e+22	0.00e+00	0.00e+00	0.00e+00	1.97e-26	2.26e-21	2.07e-17	5.13e-14	3.78e-11	1.06e-08	1.15e-06	5.65e-05	2.09e-03	1.55e-01	4.57e-01	3.87e-01
 1.60737e+22	0.00e+00	0.00e+00	0.00e+00	2.76e-26	3.09e-21	2.74e-17	6.59e-14	4.70e-11	1.29e-08	1.35e-06	6.36e-05	2.27e-03	1.62e-01	4.60e-01	3.76e-01
 1.64416e+22	0.00e+00	0.00e+00	1.09e-30	4.24e-26	4.60e-21	3.93e-17	9.09e-14	6.24e-11	1.64e-08	1.65e-06	7.40e-05	2.51e-03	1.71e-01	4.64e-01	3.62e-01
 1.68232e+22	0.00e+00	0.00e+00	1.81e-30	6.66e-26	6.96e-21	5.71e-17	1.27e-13	8.36e-11	2.11e-08	2.03e-06	8.66e-05	2.79e-03	1.81e-01	4.68e-01	3.48e-01
 1.71346e+22	0.00e+00	0.00e+00	2.70e-30	9.50e-26	9.66e-21	7.69e-17	1.66e-13	1.05e-10	2.58e-08	2.39e-06	9.80e-05	3.04e-03	1.89e-01	4.71e-01	3.37e-01
 1.74517e+22	0.00e+00	0.00e+00	3.99e-30	1.34e-25	1.33e-20	1.03e-16	2.14e-13	1.32e-10	3.13e-08	2.80e-06	1.10e-04	3.29e-03	1.97e-01	4.73e-01	3.26e-01
 1.78044e+22	0.00e+00	0.00e+00	6.18e-30	1.98e-25	1.90e-20	1.42e-16	2.86e-13	1.70e-10	3.90e-08	3.35e-06	1.26e-04	3.60e-03	2.07e-01	4.75e-01	3.14e-01
 1.81277e+22	0.00e+00	0.00e+00	9.15e-30	2.80e-25	2.62e-20	1.90e-16	3.72e-13	2.14e-10	4.74e-08	3.94e-06	1.43e-04	3.90e-03	2.15e-01	4.77e-01	3.04e-01
 1.84249e+22	0.00e+00	0.00e+00	1.30e-29	3.82e-25	3.50e-20	2.47e-16	4.69e-13	2.62e-10	5.64e-08	4.54e-06	1.59e-04	4.19e-03	2.23e-01	4.78e-01	2.94e-01
 1.87637e+22	0.00e+00	0.00e+00	1.90e-29	5.34e-25	4.78e-20	3.27e-16	6.03e-13	3.27e-10	6.81e-08	5.30e-06	1.78e-04	4.53e-03	2.32e-01	4.79e-01	2.84e-01
 1.92041e+22	0.00e+00	0.00e+00	3.15e-29	8.35e-25	7.24e-20	4.77e-16	8.45e-13	4.39e-10	8.79e-08	6.52e-06	2.08e-04	5.01e-03	2.45e-01	4.79e-01	2.71e-01
 1.96446e+22	0.00e+00	0.00e+00	5.21e-29	1.30e-24	1.09e-19	6.93e-16	1.18e-12	5.88e-10	1.13e-07	8.01e-06	2.42e-04	5.54e-03	2.57e-01	4.79e-01	2.58e-01
 1.99861e+22	0.00e+00	0.00e+00	7.58e-29	1.81e-24	1.48e-19	9.16e-16	1.51e-12	7.31e-10	1.36e-07	9.33e-06	2.72e-04	5.97e-03	2.66e-01	4.79e-01	2.48e-01
 2.03311e+22	0.00e+00	0.00e+00	1.09e-28	2.50e-24	2.00e-19	1.20e-15	1.93e-12	9.03e-10	1.63e-07	1.08e-05	3.03e-04	6.41e-03	2.76e-01	4.78e-01	2.39e-01
 2.07795e+22	0.00e+00	0.00e+00	1.39e-28	3.77e-24	2.94e-19	1.70e-15	2.64e-12	1.19e-09	2.06e-07	1.31e-05	3.49e-04	7.03e-03	2.88e-01	4.77e-01	2.28e-01
 2.12197e+22	0.00e+00	0.00e+00	2.22e-28	5.69e-24	4.30e-19	2.41e-15	3.60e-12	1.56e-09	2.61e-07	1.58e-05	4.02e-04	7.70e-03	3.01e-01	4.75e-01	2.16e-01
 2.15369e+22	0.00e+00	0.00e+00	3.06e-28	7.57e-24	5.61e-19	3.07e-15	4.47e-12	1.88e-09	3.07e-07	1.81e-05	4.43e-04	8.19e-03	3.10e-01	4.73e-01	2.09e-01
 2.18368e+22	0.00e+00	0.00e+00	4.10e-28	9.78e-24	7.15e-19	3.83e-15	5.45e-12	2.24e-09	3.55e-07	2.04e-05	4.84e-04	8.67e-03	3.18e-01	4.71e-01	2.02e-01
 2.22267e+22	0.00e+00	0.00e+00	6.00e-28	1.37e-23	9.78e-19	5.10e-15	7.03e-12	2.79e-09	4.30e-07	2.38e-05	5.43e-04	9.32e-03	3.29e-01	4.68e-01	1.93e-01
 2.26558e+22	0.00e+00	0.00e+00	9.13e-28	1.97e-23	1.38e-18	6.98e-15	9.32e-12	3.57e-09	5.31e-07	2.82e-05	6.15e-04	1.01e-02	3.41e-01	4.65e-01	1.84e-01
 2.30070e+22	0.00e+00	0.00e+00	1.29e-27	2.66e-23	1.83e-18	9.01e-15	1.17e-11	4.37e-09	6.30e-07	3.24e-05	6.82e-04	1.08e-02	3.50e-01	4.62e-01	1.76e-01
 2.32726e+22	0.00e+00	0.00e+00	1.65e-27	3.31e-23	2.24e-18	1.09e-14	1.39e-11	5.06e-09	7.15e-07	3.59e-05	7.35e-04	1.13e-02	3.58e-01	4.59e-01	1.71e-01
 2.35560e+22	0.00e+00	0.00e+00	2.14e-27	4.15e-23	2.78e-18	1.32e-14	1.66e-11	5.90e-09	8.16e-07	3.99e-05	7.94e-04	1.19e-02	3.65e-01	4.57e-01	1.65e-01
 2.39243e+22	0.00e+00	0.00e+00	2.98e-27	5.55e-23	3.66e-18	1.70e-14	2.07e-11	7.18e-09	9.64e-07	4.57e-05	8.77e-04	1.26e-02	3.75e-01	4.53e-01	1.58e-01
 2.42953e+22	0.00e+00	0.00e+00	4.21e-27	7.50e-23	4.85e-18	2.20e-14	2.62e-11	8.79e-09	1.15e-06	5.26e-05	9.72e-04	1.34e-02	3.85e-01	4.49e-01	1.51e-01
 2.45758e+22	0.00e+00	0.00e+00	5.42e-27	9.35e-23	5.97e-18	2.67e-14	3.11e-11	1.02e-08	1.30e-06	5.83e-05	1.05e-03	1.41e-02	3.93e-01	4.45e-01	1.46e-01
 2.48466e+22	0.00e+00	0.00e+00	6.84e-27	1.15e-22	7.26e-18	3.19e-14	3.65e-11	1.18e-08	1.47e-06	6.43e-05	1.12e-03	1.47e-02	4.00e-01	4.42e-01	1.42e-01
 2.51987e+22	0.00e+00	0.00e+00	9.25e-27	1.49e-22	9.32e-18	4.01e-14	4.48e-11	1.41e-08	1.71e-06	7.27e-05	1.23e-03	1.55e-02	4.09e-01	4.38e-01	1.36e-01
 2.55720e+22	0.00e+00	0.00e+00	1.28e-26	1.98e-22	1.22e-17	5.14e-14	5.60e-11	1.71e-08	2.02e-06	8.32e-05	1.36e-03	1.65e-02	4.19e-01	4.33e-01	1.30e-01
 2.58830e+22	0.00e+00	0.00e+00	1.68e-26	2.50e-22	1.52e-17	6.30e-14	6.73e-11	2.01e-08	2.32e-06	9.28e-05	1.47e-03	1.73e-02	4.27e-01	4.29e-01	1.25e-01
 2.61973e+22	0.00e+00	0.00e+00	2.17e-26	3.12e-22	1.89e-17	7.68e-14	8.05e-11	2.34e-08	2.65e-06	1.03e-04	1.59e-03	1.82e-02	4.35e-01	4.25e-01	1.20e-01
 2.65462e+22	0.00e+00	0.00e+00	2.91e-26	4.02e-22	2.40e-17	9.59e-14	9.84e-11	2.79e-08	3.08e-06	1.16e-04	1.73e-03	1.91e-02	4.44e-01	4.20e-01	1.15e-01
 2.68557e+22	0.00e+00	0.00e+00	3.76e-26	5.02e-22	2.97e-17	1.17e-13	1.17e-10	3.26e-08	3.51e-06	1.30e-04	1.87e-03	2.00e-02	4.52e-01	4.15e-01	1.11e-01
 2.71243e+22	0.00e+00	0.00e+00	4.68e-26	6.06e-22	3.57e-17	1.38e-13	1.37e-10	3.72e-08	3.93e-06	1.42e-04	2.00e-03	2.09e-02	4.58e-01	4.11e-01	1.07e-01
 2.74237e+22	0.00e+00	0.00e+00	5.91e-26	7.42e-22	4.34e-17	1.66e-13	1.61e-10	4.29e-08	4.44e-06	1.56e-04	2.14e-03	2.18e-02	4.65e-01	4.07e-01	1.04e-01
 2.78129e+22	0.00e+00	1.39e-30	8.01e-26	9.64e-22	5.59e-17	2.09e-13	1.99e-10	5.16e-08	5.20e-06	1.77e-04	2.35e-03	2.30e-02	4.75e-01	4.01e-01	9.87e-02
 2.82093e+22	0.00e+00	2.00e-30	1.10e-25	1.27e-21	7.27e-17	2.67e-13	2.48e-10	6.26e-08	6.13e-06	2.02e-04	2.58e-03	2.43e-02	4.84e-01	3.95e-01	9.38e-02
 2.85176e+22	0.00e+00	2.63e-30	1.40e-25	1.56e-21	8.89e-17	3.22e-13	2.94e-10	7.26e-08	6.94e-06	2.24e-04	2.77e-03	2.54e-02	4.91e-01	3.90e-01	9.02e-02
 2.88211e+22	0.00e+00	3.41e-30	1.75e-25	1.89e-21	1.07e-16	3.84e-13	3.45e-10	8.34e-08	7.82e-06	2.46e-04	2.97e-03	2.64e-02	4.98e-01	3.85e-01	8.69e-02
 2.92157e+22	0.00e+00	4.76e-30	2.35e-25	2.42e-21	1.37e-16	4.83e-13	4.25e-10	9.99e-08	9.11e-06	2.78e-04	3.24e-03	2.78e-02	5.07e-01	3.79e-01	8.27e-02
 2.96101e+22	0.00e+00	6.73e-30	3.18e-25	3.14e-21	1.77e-16	6.11e-13	5.25e-10	1.20e-07	1.07e-05	3.15e-04	3.55e-03	2.93e-02	5.16e-01	3.73e-01	7.85e-02
 2.99072e+22	0.00e+00	8.65e-30	3.96e-25	3.78e-21	2.12e-16	7.26e-13	6.15e-10	1.38e-07	1.20e-05	3.46e-04	3.80e-03	3.05e-02	5.22e-01	3.68e-01	7.55e-02
 3.01964e+22	0.00e+00	1.09e-29	4.85e-25	4.50e-21	2.53e-16	8.53e-13	7.12e-10	1.57e-07	1.34e-05	3.77e-04	4.04e-03	3.16e-02	5.28e-01	3.63e-01	7.28e-02
 3.05723e+22	0.00e+00	1.48e-29	6.32e-25	5.64e-21	3.16e-16	1.05e-12	8.61e-10	1.85e-07	1.54e-05	4.22e-04	4.38e-03	3.31e-02	5.36e-01	3.57e-01	6.94e-02
 3.09693e+22	0.00e+00	2.06e-29	8.41e-25	7.18e-21	4.02e-16	1.32e-12	1.06e-09	2.21e-07	1.79e-05	4.76e-04	4.77e-03	3.48e-02	5.44e-01	3.50e-01	6.59e-02
 3.12992e+22	0.00e+00	2.69e-29	1.06e-24	8.75e-21	4.89e-16	1.59e-12	1.25e-09	2.56e-07	2.03e-05	5.26e-04	5.12e-03	3.62e-02	5.51e-01	3.45e-01	6.31e-02
 3.16334e+22	0.00e+00	3.47e-29	1.33e-24	1.06e-20	5.91e-16	1.90e-12	1.47e-09	2.95e-07	2.28e-05	5.78e-04	5.48e-03	3.76e-02	5.57e-01	3.39e-01	6.04e-02
 3.20680e+22	0.00e+00	4.85e-29	1.77e-24	1.35e-20	7.56e-16	2.39e-12	1.82e-09	3.55e-07	2.67e-05	6.54e-04	5.99e-03	3.96e-02	5.65e-01	3.32e-01	5.71e-02
 3.25107e+22	0.00e+00	6.87e-29	2.39e-24	1.74e-20	9.75e-16	3.04e-12	2.27e-09	4.30e-07	3.14e-05	7.45e-04	6.56e-03	4.17e-02	5.73e-01	3.24e-01	5.38e-02
 3.28554e+22	0.00e+00	8.95e-29	3.01e-24	2.10e-20	1.19e-15	3.65e-12	2.68e-09	4.98e-07	3.55e-05	8.22e-04	7.04e-03	4.34e-02	5.79e-01	3.19e-01	5.14e-02
 3.31949e+22	0.00e+00	1.15e-28	3.72e-24	2.52e-20	1.43e-15	4.35e-12	3.15e-09	5.73e-07	4.00e-05	9.02e-04	7.52e-03	4.50e-02	5.84e-01	3.13e-01	4.92e-02
 3.36363e+22	0.00e+00	1.57e-28	4.87e-24	3.16e-20	1.80e-15	5.41e-12	3.84e-09	6.82e-07	4.63e-05	1.01e-03	8.17e-03	4.71e-02	5.91e-01	3.06e-01	4.65e-02
 3.41075e+22	0.00e+00	2.21e-28	6.56e-24	4.05e-20	2.31e-15	6.88e-12	4.79e-09	8.26e-07	5.44e-05	1.15e-03	8.95e-03	4.96e-02	5.98e-01	2.98e-01	4.37e-02
 3.45020e+22	0.00e+00	2.95e-28	8.40e-24	4.97e-20	2.87e-15	8.44e-12	5.77e-09	9.73e-07	6.24e-05	1.28e-03	9.67e-03	5.18e-02	6.04e-01	2.92e-01	4.14e-02
 3.48398e+22	0.00e+00	3.70e-28	1.02e-23	5.86e-20	3.39e-15	9.88e-12	6.67e-09	1.10e-06	6.93e-05	1.40e-03	1.03e-02	5.35e-02	6.09e-01	2.87e-01	3.96e-02
 3.52194e+22	0.00e+00	4.76e-28	1.27e-23	7.02e-20	4.09e-15	1.18e-11	7.86e-09	1.27e-06	7.82e-05	1.53e-03	1.10e-02	5.55e-02	6.13e-01	2.81e-01	3.78e-02
 3.57129e+22	0.00e+00	6.58e-28	1.67e-23	8.84e-20	5.20e-15	1.49e-11	9.69e-09	1.53e-06	9.11e-05	1.73e-03	1.19e-02	5.81e-02	6.19e-01	2.73e-01	3.54e-02
 3.62158e+22	0.00e+00	9.23e-28	2.24e-23	1.12e-19	6.66e-15	1.88e-11	1.21e-08	1.85e-06	1.07e-04	1.96e-03	1.31e-02	6.10e-02	6.25e-01	2.65e-01	3.31e-02
 3.66107e+22	0.00e+00	1.19e-27	2.79e-23	1.35e-19	8.06e-15	2.26e-11	1.42e-08	2.14e-06	1.21e-04	2.16e-03	1.40e-02	6.33e-02	6.29e-01	2.59e-01	3.15e-02
 3.70038e+22	0.00e+00	1.52e-27	3.43e-23	1.60e-19	9.66e-15	2.69e-11	1.67e-08	2.46e-06	1.36e-04	2.37e-03	1.49e-02	6.56e-02	6.33e-01	2.54e-01	2.99e-02
 3.75149e+22	0.00e+00	2.06e-27	4.44e-23	1.99e-19	1.21e-14	3.33e-11	2.03e-08	2.92e-06	1.56e-04	2.65e-03	1.61e-02	6.84e-02	6.38e-01	2.47e-01	2.81e-02
 3.80722e+22	0.00e+00	2.89e-27	5.93e-23	2.52e-19	1.55e-14	4.22e-11	2.53e-08	3.53e-06	1.83e-04	3.00e-03	1.76e-02	7.18e-02	6.42e-01	2.39e-01	2.62e-02
 3.85396e+22	0.00e+00	3.83e-27	7.56e-23	3.07e-19	1.91e-14	5.16e-11	3.05e-08	4.15e-06	2.10e-04	3.34e-03	1.90e-02	7.47e-02	6.46e-01	2.32e-01	2.46e-02
 3.89190e+22	0.00e+00	4.74e-27	9.06e-23	3.58e-19	2.23e-14	5.99e-11	3.49e-08	4.68e-06	2.32e-04	3.61e-03	2.00e-02	7.69e-02	6.48e-01	2.27e-01	2.35e-02
 3.93345e+22	0.00e+00	5.95e-27	1.10e-22	4.20e-19	2.65e-14	7.04e-11	4.05e-08	5.33e-06	2.58e-04	3.92e-03	2.12e-02	7.93e-02	6.51e-01	2.22e-01	2.23e-02
 3.98746e+22	0.00e+00	7.94e-27	1.41e-22	5.15e-19	3.28e-14	8.64e-11	4.89e-08	6.28e-06	2.95e-04	4.36e-03	2.29e-02	8.25e-02	6.54e-01	2.15e-01	2.09e-02
 4.04620e+22	0.00e+00	1.09e-26	1.85e-22	6.45e-19	4.14e-14	1.08e-10	6.01e-08	7.52e-06	3.43e-04	4.90e-03	2.48e-02	8.61e-02	6.56e-01	2.08e-01	1.95e-02
 4.09737e+22	0.00e+00	1.44e-26	2.34e-22	7.82e-19	5.06e-14	1.31e-10	7.20e-08	8.81e-06	3.91e-04	5.43e-03	2.66e-02	8.94e-02	6.58e-01	2.02e-01	1.83e-02
 4.14235e+22	0.00e+00	1.80e-26	2.84e-22	9.18e-19	5.97e-14	1.53e-10	8.30e-08	9.97e-06	4.32e-04	5.88e-03	2.81e-02	9.19e-02	6.59e-01	1.97e-01	1.74e-02
 4.19302e+22	0.00e+00	2.30e-26	3.50e-22	1.09e-18	7.15e-14	1.82e-10	9.73e-08	1.15e-05	4.85e-04	6.42e-03	2.99e-02	9.49e-02	6.61e-01	1.91e-01	1.64e-02
 4.25889e+22	0.00e+00	3.15e-26	4.58e-22	1.36e-18	8.99e-14	2.27e-10	1.19e-07	1.37e-05	5.60e-04	7.18e-03	3.23e-02	9.88e-02	6.62e-01	1.84e-01	1.52e-02
 4.32846e+22	0.00e+00	4.43e-26	6.13e-22	1.73e-18	1.15e-13	2.87e-10	1.48e-07	1.65e-05	6.53e-04	8.10e-03	3.51e-02	1.03e-01	6.62e-01	1.77e-01	1.40e-02
 4.38611e+22	0.00e+00	5.83e-26	7.75e-22	2.10e-18	1.40e-13	3.47e-10	1.76e-07	1.92e-05	7.41e-04	8.93e-03	3.75e-02	1.07e-01	6.62e-01	1.71e-01	1.31e-02
 4.44428e+22	0.00e+00	7.46e-26	9.60e-22	2.51e-18	1.68e-13	4.11e-10	2.06e-07	2.20e-05	8.28e-04	9.73e-03	3.97e-02	1.10e-01	6.62e-01	1.66e-01	1.23e-02
 4.51991e+22	0.00e+00	1.03e-25	1.27e-21	3.17e-18	2.12e-13	5.14e-10	2.52e-07	2.63e-05	9.58e-04	1.09e-02	4.29e-02	1.14e-01	6.60e-01	1.59e-01	1.14e-02
 4.59797e+22	0.00e+00	1.46e-25	1.71e-21	4.05e-18	2.70e-13	6.49e-10	3.13e-07	3.18e-05	1.12e-03	1.22e-02	4.64e-02	1.19e-01	6.59e-01	1.52e-01	1.05e-02
 4.65801e+22	0.00e+00	1.89e-25	2.13e-21	4.88e-18	3.25e-13	7.73e-10	3.67e-07	3.66e-05	1.25e-03	1.34e-02	4.93e-02	1.22e-01	6.57e-01	1.47e-01	9.79e-03
 4.70721e+22	0.00e+00	2.30e-25	2.52e-21	5.61e-18	3.74e-13	8.83e-10	4.15e-07	4.06e-05	1.36e-03	1.43e-02	5.15e-02	1.25e-01	6.55e-01	1.43e-01	9.31e-03
 4.76350e+22	0.00e+00	2.87e-25	3.06e-21	6.59e-18	4.38e-13	1.03e-09	4.76e-07	4.58e-05	1.50e-03	1.54e-02	5.41e-02	1.28e-01	6.53e-01	1.39e-01	8.79e-03
 4.83667e+22	0.00e+00	3.79e-25	3.89e-21	8.06e-18	5.34e-13	1.24e-09	5.65e-07	5.32e-05	1.69e-03	1.69e-02	5.75e-02	1.32e-01	6.50e-01	1.34e-01	8.17e-03
 4.91716e+22	0.00e+00	5.19e-25	5.11e-21	1.01e-17	6.64e-13	1.52e-09	6.83e-07	6.28e-05	1.94e-03	1.87e-02	6.16e-02	1.36e-01	6.46e-01	1.28e-01	7.53e-03
 4.98877e+22	0.00e+00	6.84e-25	6.48e-21	1.23e-17	8.04e-13	1.82e-09	8.06e-07	7.25e-05	2.17e-03	2.04e-02	6.53e-02	1.40e-01	6.42e-01	1.23e-01	7.00e-03
 5.05330e+22	0.00e+00	8.64e-25	7.93e-21	1.46e-17	9.48e-13	2.13e-09	9.28e-07	8.20e-05	2.40e-03	2.20e-02	6.85e-02	1.43e-01	6.39e-01	1.19e-01	6.58e-03
 5.12701e+22	0.00e+00	1.12e-24	9.89e-21	1.76e-17	1.13e-12	2.52e-09	1.08e-06	9.38e-05	2.67e-03	2.38e-02	7.23e-02	1.46e-01	6.34e-01	1.14e-01	6.14e-03
 5.22283e+22	0.00e+00	1.55e-24	1.31e-20	2.23e-17	1.42e-12	3.12e-09	1.32e-06	1.11e-04	3.06e-03	2.64e-02	7.72e-02	1.51e-01	6.28e-01	1.09e-01	5.62e-03
 5.32393e+22	0.00e+00	2.21e-24	1.79e-20	2.89e-17	1.81e-12	3.92e-09	1.62e-06	1.33e-04	3.53e-03	2.94e-02	8.28e-02	1.55e-01	6.21e-01	1.03e-01	5.10e-03
 5.40702e+22	0.00e+00	2.93e-24	2.29e-20	3.55e-17	2.20e-12	4.70e-09	1.91e-06	1.54e-04	3.96e-03	3.21e-02	8.75e-02	1.59e-01	6.14e-01	9.86e-02	4.71e-03
 5.47620e+22	0.00e+00	3.66e-24	2.77e-20	4.18e-17	2.56e-12	5.42e-09	2.18e-06	1.72e-04	4.33e-03	3.43e-02	9.13e-02	1.62e-01	6.09e-01	9.51e-02	4.42e-03
 5.55221e+22	0.00e+00	4.63e-24	3.41e-20	4.98e-17	3.01e-12	6.31e-09	2.50e-06	1.94e-04	4.76e-03	3.68e-02	9.54e-02	1.65e-01	6.03e-01	9.15e-02	4.13e-03
 5.65103e+22	0.00e+00	6.24e-24	4.41e-20	6.19e-17	3.68e-12	7.63e-09	2.97e-06	2.25e-04	5.36e-03	4.01e-02	1.01e-01	1.68e-01	5.95e-01	8.70e-02	3.79e-03
 5.75620e+22	0.00e+00	8.68e-24	5.88e-20	7.89e-17	4.59e-12	9.38e-09	3.58e-06	2.65e-04	6.09e-03	4.41e-02	1.07e-01	1.72e-01	5.85e-01	8.23e-02	3.45e-03
 5.84141e+22	0.00e+00	1.13e-23	7.39e-20	9.56e-17	5.47e-12	1.10e-08	4.16e-06	3.01e-04	6.74e-03	4.75e-02	1.12e-01	1.75e-01	5.77e-01	7.86e-02	3.19e-03
 5.91287e+22	0.00e+00	1.38e-23	8.80e-20	1.11e-16	6.27e-12	1.25e-08	4.66e-06	3.32e-04	7.28e-03	5.02e-02	1.16e-01	1.77e-01	5.70e-01	7.59e-02	3.01e-03
 5.99473e+22	0.00e+00	1.73e-23	1.07e-19	1.31e-16	7.31e-12	1.45e-08	5.31e-06	3.72e-04	7.95e-03	5.36e-02	1.20e-01	1.80e-01	5.63e-01	7.27e-02	2.80e-03
 6.10114e+22	0.00e+00	2.30e-23	1.38e-19	1.62e-16	8.84e-12	1.73e-08	6.21e-06	4.25e-04	8.83e-03	5.78e-02	1.26e-01	1.82e-01	5.53e-01	6.91e-02	2.58e-03
 6.21874e+22	1.47e-30	3.19e-23	1.83e-19	2.06e-16	1.09e-11	2.11e-08	7.45e-06	4.98e-04	9.98e-03	6.32e-02	1.33e-01	1.86e-01	5.41e-01	6.49e-02	2.33e-03
 6.31996e+22	2.01e-30	4.20e-23	2.33e-19	2.53e-16	1.31e-11	2.49e-08	8.68e-06	5.67e-04	1.10e-02	6.80e-02	1.39e-01	1.88e-01	5.30e-01	6.16e-02	2.13e-03
 6.39932e+22	2.52e-30	5.15e-23	2.79e-19	2.94e-16	1.50e-11	2.83e-08	9.70e-06	6.24e-04	1.19e-02	7.17e-02	1.43e-01	1.90e-01	5.22e-01	5.92e-02	2.00e-03
 6.48114e+22	3.15e-30	6.29e-23	3.32e-19	3.42e-16	1.72e-11	3.20e-08	1.08e-05	6.87e-04	1.28e-02	7.55e-02	1.47e-01	1.91e-01	5.14e-01	5.68e-02	1.88e-03
 6.58751e+22	4.21e-30	8.13e-23	4.15e-19	4.13e-16	2.03e-11	3.74e-08	1.25e-05	7.74e-04	1.40e-02	8.06e-02	1.53e-01	1.93e-01	5.03e-01	5.39e-02	1.73e-03
 6.70424e+22	5.81e-30	1.08e-22	5.34e-19	5.12e-16	2.45e-11	4.43e-08	1.45e-05	8.81e-04	1.55e-02	8.65e-02	1.59e-01	1.95e-01	4.91e-01	5.09e-02	1.57e-03
 6.80582e+22	7.70e-30	1.39e-22	6.63e-19	6.14e-16	2.87e-11	5.14e-08	1.66e-05	9.89e-04	1.69e-02	9.20e-02	1.64e-01	1.96e-01	4.80e-01	4.82e-02	1.45e-03
 6.89327e+22	9.65e-30	1.69e-22	7.89e-19	7.13e-16	3.27e-11	5.79e-08	1.85e-05	1.08e-03	1.81e-02	9.65e-02	1.68e-01	1.97e-01	4.71e-01	4.62e-02	1.35e-03
 6.99097e+22	1.22e-29	2.09e-22	9.51e-19	8.36e-16	3.77e-11	6.59e-08	2.07e-05	1.19e-03	1.95e-02	1.02e-01	1.73e-01	1.98e-01	4.62e-01	4.41e-02	1.26e-03
 7.11799e+22	1.66e-29	2.73e-22	1.20e-18	1.02e-15	4.48e-11	7.72e-08	2.39e-05	1.35e-03	2.14e-02	1.08e-01	1.79e-01	1.98e-01	4.49e-01	4.15e-02	1.15e-03
 7.25625e+22	2.33e-29	3.68e-22	1.56e-18	1.28e-15	5.44e-11	9.20e-08	2.79e-05	1.53e-03	2.36e-02	1.16e-01	1.85e-01	1.99e-01	4.35e-01	3.88e-02	1.03e-03
 7.37446e+22	3.12e-29	4.77e-22	1.96e-18	1.54e-15	6.40e-11	1.07e-07	3.19e-05	1.72e-03	2.57e-02	1.23e-01	1.91e-01	1.99e-01	4.23e-01	3.65e-02	9.43e-04
 7.47508e+22	3.95e-29	5.86e-22	2.34e-18	1.80e-15	7.31e-11	1.21e-07	3.55e-05	1.88e-03	2.75e-02	1.28e-01	1.95e-01	1.99e-01	4.13e-01	3.47e-02	8.74e-04
 7.58749e+22	5.00e-29	7.22e-22	2.82e-18	2.11e-15	8.40e-11	1.37e-07	3.96e-05	2.06e-03	2.95e-02	1.34e-01	1.99e-01	1.99e-01	4.02e-01	3.30e-02	8.11e-04
 7.73361e+22	6.82e-29	9.49e-22	3.59e-18	2.59e-15	1.00e-10	1.60e-07	4.56e-05	2.32e-03	3.21e-02	1.42e-01	2.04e-01	1.99e-01	3.89e-01	3.08e-02	7.33e-04
 7.88462e+22	9.55e-29	1.27e-21	4.63e-18	3.22e-15	1.20e-10	1.89e-07	5.28e-05	2.62e-03	3.51e-02	1.51e-01	2.10e-01	1.98e-01	3.75e-01	2.87e-02	6.59e-04
 8.00261e+22	1.22e-28	1.58e-21	5.61e-18	3.79e-15	1.39e-10	2.15e-07	5.90e-05	2.88e-03	3.76e-02	1.58e-01	2.14e-01	1.97e-01	3.63e-01	2.71e-02	6.06e-04
 8.11663e+22	1.54e-28	1.92e-21	6.66e-18	4.39e-15	1.57e-10	2.41e-07	6.53e-05	3.13e-03	4.00e-02	1.64e-01	2.17e-01	1.96e-01	3.53e-01	2.57e-02	5.59e-04
 8.26484e+22	2.03e-28	2.45e-21	8.26e-18	5.28e-15	1.84e-10	2.77e-07	7.37e-05	3.46e-03	4.31e-02	1.72e-01	2.22e-01	1.94e-01	3.41e-01	2.41e-02	5.09e-04
 8.43194e+22	2.82e-28	3.24e-21	1.06e-17	6.51e-15	2.20e-10	3.25e-07	8.47e-05	3.88e-03	4.68e-02	1.81e-01	2.26e-01	1.93e-01	3.27e-01	2.23e-02	4.56e-04
 8.58269e+22	3.74e-28	4.17e-21	1.32e-17	7.87e-15	2.58e-10	3.75e-07	9.58e-05	4.30e-03	5.03e-02	1.89e-01	2.30e-01	1.91e-01	3.14e-01	2.08e-02	4.12e-04
 8.71335e+22	4.80e-28	5.13e-21	1.58e-17	9.20e-15	2.94e-10	4.22e-07	1.06e-04	4.67e-03	5.35e-02	1.96e-01	2.33e-01	1.89e-01	3.04e-01	1.96e-02	3.78e-04
 8.85881e+22	6.11e-28	6.32e-21	1.90e-17	1.08e-14	3.37e-10	4.76e-07	1.18e-04	5.09e-03	5.68e-02	2.04e-01	2.36e-01	1.87e-01	2.93e-01	1.84e-02	3.47e-04
 9.04791e+22	8.36e-28	8.27e-21	2.41e-17	1.32e-14	4.00e-10	5.54e-07	1.34e-04	5.66e-03	6.12e-02	2.13e-01	2.39e-01	1.84e-01	2.80e-01	1.70e-02	3.09e-04
 9.25721e+22	1.19e-27	1.12e-20	3.14e-17	1.65e-14	4.83e-10	6.54e-07	1.55e-04	6.35e-03	6.64e-02	2.23e-01	2.42e-01	1.80e-01	2.65e-01	1.55e-02	2.73e-04
 9.44449e+22	1.64e-27	1.46e-20	3.97e-17	2.02e-14	5.70e-10	7.58e-07	1.76e-04	7.05e-03	7.14e-02	2.33e-01	2.44e-01	1.77e-01	2.52e-01	1.43e-02	2.42e-04
 9.61244e+22	2.14e-27	1.83e-20	4.85e-17	2.39e-14	6.58e-10	8.60e-07	1.96e-04	7.71e-03	7.59e-02	2.41e-01	2.46e-01	1.74e-01	2.41e-01	1.33e-02	2.18e-04
 9.80357e+22	2.79e-27	2.30e-20	5.94e-17	2.85e-14	7.63e-10	9.79e-07	2.19e-04	8.41e-03	8.06e-02	2.49e-01	2.48e-01	1.71e-01	2.31e-01	1.23e-02	1.97e-04
 1.00520e+23	3.95e-27	3.07e-20	7.65e-17	3.53e-14	9.15e-10	1.15e-06	2.50e-04	9.37e-03	8.68e-02	2.60e-01	2.49e-01	1.66e-01	2.17e-01	1.12e-02	1.72e-04
 1.03114e+23	5.83e-27	4.25e-20	1.02e-16	4.50e-14	1.12e-09	1.37e-06	2.90e-04	1.05e-02	9.40e-02	2.71e-01	2.50e-01	1.61e-01	2.03e-01	1.00e-02	1.49e-04
 1.05167e+23	7.91e-27	5.47e-20	1.27e-16	5.42e-14	1.30e-09	1.56e-06	3.26e-04	1.16e-02	1.00e-01	2.80e-01	2.50e-01	1.57e-01	1.91e-01	9.14e-03	1.31e-04
 1.07153e+23	1.00e-26	6.70e-20	1.52e-16	6.31e-14	1.48e-09	1.75e-06	3.58e-04	1.25e-02	1.05e-01	2.87e-01	2.50e-01	1.53e-01	1.83e-01	8.50e-03	1.19e-04
 1.09735e+23	1.38e-26	8.73e-20	1.91e-16	7.69e-14	1.75e-09	2.02e-06	4.04e-04	1.37e-02	1.12e-01	2.96e-01	2.50e-01	1.49e-01	1.72e-01	7.71e-03	1.04e-04
 1.13092e+23	2.01e-26	1.19e-19	2.51e-16	9.68e-14	2.11e-09	2.38e-06	4.64e-04	1.53e-02	1.20e-01	3.06e-01	2.49e-01	1.43e-01	1.59e-01	6.87e-03	8.90e-05
 1.16682e+23	3.14e-26	1.71e-19	3.44e-16	1.26e-13	2.62e-09	2.88e-06	5.44e-04	1.74e-02	1.30e-01	3.17e-01	2.47e-01	1.36e-01	1.45e-01	5.97e-03	7.38e-05
 1.19597e+23	4.49e-26	2.29e-19	4.45e-16	1.56e-13	3.12e-09	3.35e-06	6.19e-04	1.92e-02	1.39e-01	3.26e-01	2.44e-01	1.31e-01	1.34e-01	5.31e-03	6.31e-05
 1.21966e+23	5.85e-26	2.84e-19	5.37e-16	1.84e-13	3.56e-09	3.75e-06	6.81e-04	2.07e-02	1.45e-01	3.33e-01	2.42e-01	1.27e-01	1.27e-01	4.86e-03	5.60e-05
 1.24603e+23	7.46e-26	3.47e-19	6.40e-16	2.13e-13	4.03e-09	4.18e-06	7.44e-04	2.22e-02	1.52e-01	3.38e-01	2.40e-01	1.23e-01	1.20e-01	4.47e-03	5.02e-05
 1.28030e+23	1.02e-25	4.48e-19	8.00e-16	2.57e-13	4.70e-09	4.76e-06	8.30e-04	2.42e-02	1.60e-01	3.45e-01	2.37e-01	1.18e-01	1.11e-01	4.01e-03	4.35e-05
 1.31810e+23	1.49e-25	6.05e-19	1.04e-15	3.20e-13	5.59e-09	5.54e-06	9.42e-04	2.67e-02	1.69e-01	3.53e-01	2.33e-01	1.12e-01	1.02e-01	3.52e-03	3.67e-05
 1.35088e+23	2.06e-25	7.89e-19	1.31e-15	3.88e-13	6.53e-09	6.33e-06	1.05e-03	2.91e-02	1.78e-01	3.59e-01	2.29e-01	1.07e-01	9.40e-02	3.14e-03	3.14e-05
 1.37833e+23	2.63e-25	9.61e-19	1.55e-15	4.49e-13	7.34e-09	7.00e-06	1.14e-03	3.10e-02	1.85e-01	3.63e-01	2.26e-01	1.03e-01	8.84e-02	2.87e-03	2.79e-05
 1.40846e+23	3.29e-25	1.15e-18	1.82e-15	5.12e-13	8.18e-09	7.68e-06	1.24e-03	3.29e-02	1.92e-01	3.66e-01	2.22e-01	9.94e-02	8.34e-02	2.63e-03	2.50e-05
 1.44763e+23	4.36e-25	1.45e-18	2.22e-15	6.04e-13	9.34e-09	8.61e-06	1.36e-03	3.54e-02	2.00e-01	3.71e-01	2.18e-01	9.50e-02	7.75e-02	2.37e-03	2.18e-05
 1.49855e+23	6.11e-25	1.90e-18	2.80e-15	7.36e-13	1.09e-08	9.85e-06	1.52e-03	3.86e-02	2.09e-01	3.75e-01	2.13e-01	8.99e-02	7.08e-02	2.08e-03	1.84e-05
 1.55437e+23	9.27e-25	2.65e-18	3.75e-15	9.36e-13	1.32e-08	1.16e-05	1.73e-03	4.27e-02	2.21e-01	3.79e-01	2.06e-01	8.39e-02	6.33e-02	1.77e-03	1.50e-05
 1.60103e+23	1.34e-24	3.56e-18	4.85e-15	1.16e-12	1.56e-08	1.33e-05	1.95e-03	4.68e-02	2.32e-01	3.82e-01	1.99e-01	7.86e-02	5.70e-02	1.53e-03	1.24e-05
 1.63718e+23	1.69e-24	4.30e-18	5.70e-15	1.33e-12	1.74e-08	1.46e-05	2.10e-03	4.95e-02	2.39e-01	3.84e-01	1.95e-01	7.54e-02	5.33e-02	1.39e-03	1.10e-05
 1.67521e+23	2.04e-24	5.02e-18	6.51e-15	1.48e-12	1.90e-08	1.58e-05	2.24e-03	5.20e-02	2.45e-01	3.85e-01	1.91e-01	7.27e-02	5.04e-02	1.28e-03	9.86e-06
 1.72466e+23	2.61e-24	6.12e-18	7.74e-15	1.71e-12	2.13e-08	1.74e-05	2.42e-03	5.52e-02	2.53e-01	3.86e-01	1.86e-01	6.93e-02	4.68e-02	1.16e-03	8.64e-06
 1.78828e+23	3.42e-24	7.59e-18	9.32e-15	2.00e-12	2.41e-08	1.93e-05	2.64e-03	5.88e-02	2.61e-01	3.86e-01	1.81e-01	6.58e-02	4.32e-02	1.04e-03	7.48e-06
 1.86105e+23	4.79e-24	9.96e-18	1.18e-14	2.43e-12	2.80e-08	2.19e-05	2.93e-03	6.36e-02	2.71e-01	3.86e-01	1.74e-01	6.16e-02	3.90e-02	8.98e-04	6.23e-06
 1.93399e+23	6.62e-24	1.29e-17	1.48e-14	2.94e-12	3.24e-08	2.48e-05	3.23e-03	6.85e-02	2.81e-01	3.86e-01	1.68e-01	5.77e-02	3.52e-02	7.80e-04	5.21e-06
 2.00986e+23	8.55e-24	1.59e-17	1.77e-14	3.41e-12	3.65e-08	2.74e-05	3.50e-03	7.27e-02	2.89e-01	3.85e-01	1.63e-01	5.46e-02	3.25e-02	6.97e-04	4.51e-06
 2.09149e+23	1.13e-23	1.99e-17	2.15e-14	4.01e-12	4.14e-08	3.04e-05	3.81e-03	7.75e-02	2.97e-01	3.83e-01	1.57e-01	5.14e-02	2.97e-02	6.15e-04	3.85e-06
 2.17638e+23	1.48e-23	2.44e-17	2.56e-14	4.64e-12	4.63e-08	3.34e-05	4.11e-03	8.19e-02	3.04e-01	3.81e-01	1.52e-01	4.87e-02	2.74e-02	5.50e-04	3.34e-06
 2.26142e+23	1.90e-23	2.97e-17	3.04e-14	5.35e-12	5.17e-08	3.66e-05	4.43e-03	8.66e-02	3.12e-01	3.79e-01	1.46e-01	4.61e-02	2.52e-02	4.91e-04	2.89e-06
 2.34076e+23	2.71e-23	3.54e-17	3.53e-14	6.06e-12	5.69e-08	3.96e-05	4.72e-03	9.08e-02	3.18e-01	3.77e-01	1.42e-01	4.40e-02	2.34e-02	4.45e-04	2.55e-06
 2.41216e+23	3.21e-23	4.07e-17	3.99e-14	6.71e-12	6.16e-08	4.23e-05	4.97e-03	9.42e-02	3.23e-01	3.75e-01	1.38e-01	4.23e-02	2.21e-02	4.11e-04	2.31e-06
 2.47643e+23	3.70e-23	4.56e-17	4.40e-14	7.29e-12	6.57e-08	4.46e-05	5.18e-03	9.72e-02	3.27e-01	3.73e-01	1.35e-01	4.09e-02	2.11e-02	3.84e-04	2.12e-06
 2.53427e+23	4.13e-23	4.99e-17	4.76e-14	7.79e-12	6.91e-08	4.65e-05	5.36e-03	9.96e-02	3.30e-01	3.72e-01	1.33e-01	3.98e-02	2.03e-02	3.65e-04	1.99e-06
 2.58632e+23	4.52e-23	5.38e-17	5.08e-14	8.22e-12	7.21e-08	4.81e-05	5.50e-03	1.02e-01	3.32e-01	3.70e-01	1.31e-01	3.90e-02	1.96e-02	3.49e-04	1.88e-06
 2.63317e+23	4.89e-23	5.73e-17	5.36e-14	8.60e-12	7.47e-08	4.95e-05	5.63e-03	1.03e-01	3.35e-01	3.69e-01	1.30e-01	3.83e-02	1.91e-02	3.37e-04	1.80e-06
 2.67534e+23	5.18e-23	6.00e-17	5.59e-14	8.91e-12	7.67e-08	5.06e-05	5.73e-03	1.05e-01	3.36e-01	3.68e-01	1.28e-01	3.77e-02	1.87e-02	3.28e-04	1.73e-06
 2.71328e+23	5.44e-23	6.26e-17	5.79e-14	9.18e-12	7.85e-08	5.16e-05	5.82e-03	1.06e-01	3.38e-01	3.67e-01	1.27e-01	3.73e-02	1.84e-02	3.20e-04	1.68e-06
 2.74744e+23	5.69e-23	6.49e-17	5.98e-14	9.42e-12	8.01e-08	5.24e-05	5.89e-03	1.07e-01	3.39e-01	3.67e-01	1.26e-01	3.69e-02	1.81e-02	3.13e-04	1.64e-06
 2.77889e+23	5.87e-23	6.65e-17	6.11e-14	9.60e-12	8.13e-08	5.31e-05	5.95e-03	1.07e-01	3.40e-01	3.66e-01	1.26e-01	3.66e-02	1.79e-02	3.08e-04	1.61e-06
 2.80944e+23	5.96e-23	6.73e-17	6.17e-14	9.68e-12	8.19e-08	5.34e-05	5.97e-03	1.08e-01	3.40e-01	3.66e-01	1.26e-01	3.65e-02	1.78e-02	3.06e-04	1.59e-06
 2.83999e+23	6.07e-23	6.84e-17	6.26e-14	9.79e-12	8.26e-08	5.37e-05	6.01e-03	1.08e-01	3.41e-01	3.66e-01	1.25e-01	3.63e-02	1.77e-02	3.04e-04	1.57e-06
 2.87053e+23	6.15e-23	6.90e-17	6.31e-14	9.86e-12	8.31e-08	5.40e-05	6.03e-03	1.08e-01	3.41e-01	3.66e-01	1.25e-01	3.62e-02	1.76e-02	3.02e-04	1.56e-06
 2.90108e+23	6.27e-23	7.02e-17	6.40e-14	9.98e-12	8.38e-08	5.44e-05	6.06e-03	1.09e-01	3.41e-01	3.65e-01	1.24e-01	3.60e-02	1.75e-02	2.99e-04	1.54e-06
 2.93163e+23	6.31e-23	7.05e-17	6.42e-14	1.00e-11	8.41e-08	5.45e-05	6.07e-03	1.09e-01	3.42e-01	3.65e-01	1.24e-01	3.60e-02	1.75e-02	2.98e-04	1.54e-06
