#depth	Mg	Mg+	Mg+2	Mg+3	Mg+4	Mg+5	Mg+6	Mg+7	Mg+8	Mg+9	Mg+10	Mg+11	Mg+12
 6.17135e+19	0.00e+00	0.00e+00	0.00e+00	0.00e+00	0.00e+00	2.86e-28	3.52e-23	1.48e-18	3.22e-14	3.86e-10	8.70e-06	5.73e-03	9.94e-01
 1.87609e+20	0.00e+00	0.00e+00	0.00e+00	0.00e+00	0.00e+00	5.08e-28	5.77e-23	2.22e-18	4.46e-14	4.91e-10	1.02e-05	6.21e-03	9.94e-01
 3.18540e+20	0.00e+00	0.00e+00	0.00e+00	0.00e+00	0.00e+00	9.01e-28	9.42e-23	3.34e-18	6.17e-14	6.25e-10	1.20e-05	6.74e-03	9.93e-01
 4.54709e+20	0.00e+00	0.00e+00	0.00e+00	0.00e+00	0.00e+00	1.60e-27	1.54e-22	5.02e-18	8.53e-14	7.95e-10	1.41e-05	7.31e-03	9.93e-01
 5.74414e+20	0.00e+00	0.00e+00	0.00e+00	0.00e+00	0.00e+00	2.62e-27	2.35e-22	7.13e-18	1.13e-13	9.77e-10	1.62e-05	7.84e-03	9.92e-01
 6.66526e+20	0.00e+00	0.00e+00	0.00e+00	0.00e+00	0.00e+00	3.79e-27	3.21e-22	9.25e-18	1.38e-13	1.14e-09	1.80e-05	8.25e-03	9.92e-01
 7.48596e+20	0.00e+00	0.00e+00	0.00e+00	0.00e+00	0.00e+00	5.23e-27	4.23e-22	1.16e-17	1.66e-13	1.30e-09	1.97e-05	8.64e-03	9.91e-01
 8.41157e+20	0.00e+00	0.00e+00	0.00e+00	0.00e+00	0.00e+00	7.46e-27	5.73e-22	1.49e-17	2.02e-13	1.51e-09	2.18e-05	9.08e-03	9.91e-01
 9.61486e+20	0.00e+00	0.00e+00	0.00e+00	0.00e+00	0.00e+00	1.16e-26	8.39e-22	2.05e-17	2.60e-13	1.82e-09	2.47e-05	9.67e-03	9.90e-01
 1.08400e+21	0.00e+00	0.00e+00	0.00e+00	0.00e+00	0.00e+00	1.83e-26	1.23e-21	2.82e-17	3.35e-13	2.19e-09	2.80e-05	1.03e-02	9.90e-01
 1.18233e+21	0.00e+00	0.00e+00	0.00e+00	0.00e+00	0.00e+00	2.63e-26	1.68e-21	3.64e-17	4.10e-13	2.55e-09	3.10e-05	1.08e-02	9.89e-01
 1.26938e+21	0.00e+00	0.00e+00	0.00e+00	0.00e+00	0.00e+00	3.57e-26	2.18e-21	4.52e-17	4.86e-13	2.89e-09	3.38e-05	1.13e-02	9.89e-01
 1.36880e+21	0.00e+00	0.00e+00	0.00e+00	0.00e+00	0.00e+00	5.04e-26	2.93e-21	5.77e-17	5.89e-13	3.33e-09	3.72e-05	1.19e-02	9.88e-01
 1.49805e+21	0.00e+00	0.00e+00	0.00e+00	0.00e+00	0.00e+00	7.78e-26	4.24e-21	7.84e-17	7.51e-13	3.99e-09	4.20e-05	1.26e-02	9.87e-01
 1.63197e+21	0.00e+00	0.00e+00	0.00e+00	0.00e+00	0.00e+00	1.23e-25	6.26e-21	1.08e-16	9.69e-13	4.81e-09	4.76e-05	1.34e-02	9.87e-01
 1.73932e+21	0.00e+00	0.00e+00	0.00e+00	0.00e+00	0.00e+00	1.74e-25	8.44e-21	1.39e-16	1.18e-12	5.56e-09	5.25e-05	1.41e-02	9.86e-01
 1.84621e+21	0.00e+00	0.00e+00	0.00e+00	0.00e+00	1.28e-30	2.45e-25	1.13e-20	1.76e-16	1.42e-12	6.40e-09	5.78e-05	1.48e-02	9.85e-01
 1.95991e+21	0.00e+00	0.00e+00	0.00e+00	0.00e+00	1.95e-30	3.53e-25	1.54e-20	2.28e-16	1.74e-12	7.43e-09	6.39e-05	1.56e-02	9.84e-01
 2.05746e+21	0.00e+00	0.00e+00	0.00e+00	0.00e+00	2.76e-30	4.78e-25	2.00e-20	2.83e-16	2.07e-12	8.41e-09	6.95e-05	1.62e-02	9.84e-01
 2.15925e+21	0.00e+00	0.00e+00	0.00e+00	0.00e+00	3.96e-30	6.54e-25	2.61e-20	3.53e-16	2.46e-12	9.56e-09	7.58e-05	1.70e-02	9.83e-01
 2.27412e+21	0.00e+00	0.00e+00	0.00e+00	0.00e+00	5.93e-30	9.30e-25	3.52e-20	4.52e-16	2.99e-12	1.10e-08	8.35e-05	1.78e-02	9.82e-01
 2.38233e+21	0.00e+00	0.00e+00	0.00e+00	0.00e+00	8.60e-30	1.28e-24	4.64e-20	5.67e-16	3.57e-12	1.26e-08	9.13e-05	1.86e-02	9.81e-01
 2.48114e+21	0.00e+00	0.00e+00	0.00e+00	0.00e+00	1.20e-29	1.72e-24	5.94e-20	6.96e-16	4.20e-12	1.42e-08	9.90e-05	1.94e-02	9.81e-01
 2.59137e+21	0.00e+00	0.00e+00	0.00e+00	0.00e+00	1.74e-29	2.37e-24	7.82e-20	8.74e-16	5.02e-12	1.62e-08	1.08e-04	2.03e-02	9.80e-01
 2.71332e+21	0.00e+00	0.00e+00	0.00e+00	0.00e+00	2.60e-29	3.37e-24	1.05e-19	1.12e-15	6.10e-12	1.87e-08	1.19e-04	2.13e-02	9.79e-01
 2.82560e+21	0.00e+00	0.00e+00	0.00e+00	0.00e+00	3.76e-29	4.64e-24	1.39e-19	1.40e-15	7.28e-12	2.13e-08	1.30e-04	2.22e-02	9.78e-01
 2.93009e+21	0.00e+00	0.00e+00	0.00e+00	0.00e+00	5.25e-29	6.19e-24	1.77e-19	1.72e-15	8.55e-12	2.39e-08	1.41e-04	2.31e-02	9.77e-01
 3.02927e+21	0.00e+00	0.00e+00	0.00e+00	0.00e+00	7.22e-29	8.17e-24	2.24e-19	2.09e-15	9.96e-12	2.68e-08	1.52e-04	2.40e-02	9.76e-01
 3.12236e+21	0.00e+00	0.00e+00	0.00e+00	0.00e+00	9.67e-29	1.05e-23	2.79e-19	2.50e-15	1.15e-11	2.97e-08	1.63e-04	2.49e-02	9.75e-01
 3.22766e+21	0.00e+00	0.00e+00	0.00e+00	0.00e+00	1.35e-28	1.41e-23	3.57e-19	3.07e-15	1.35e-11	3.34e-08	1.76e-04	2.59e-02	9.74e-01
 3.34305e+21	0.00e+00	0.00e+00	0.00e+00	0.00e+00	1.93e-28	1.92e-23	4.65e-19	3.82e-15	1.60e-11	3.79e-08	1.92e-04	2.70e-02	9.73e-01
 3.44778e+21	0.00e+00	0.00e+00	0.00e+00	0.00e+00	2.65e-28	2.53e-23	5.89e-19	4.64e-15	1.86e-11	4.24e-08	2.07e-04	2.80e-02	9.72e-01
 3.56013e+21	0.00e+00	0.00e+00	0.00e+00	0.00e+00	3.72e-28	3.40e-23	7.58e-19	5.72e-15	2.19e-11	4.78e-08	2.25e-04	2.91e-02	9.71e-01
 3.68068e+21	0.00e+00	0.00e+00	0.00e+00	0.00e+00	5.34e-28	4.66e-23	9.90e-19	7.14e-15	2.61e-11	5.43e-08	2.45e-04	3.04e-02	9.69e-01
 3.78627e+21	0.00e+00	0.00e+00	0.00e+00	0.00e+00	7.30e-28	6.11e-23	1.25e-18	8.65e-15	3.04e-11	6.07e-08	2.63e-04	3.15e-02	9.68e-01
 3.89789e+21	0.00e+00	0.00e+00	0.00e+00	0.00e+00	1.01e-27	8.12e-23	1.59e-18	1.06e-14	3.55e-11	6.81e-08	2.85e-04	3.28e-02	9.67e-01
 4.02200e+21	0.00e+00	0.00e+00	0.00e+00	0.00e+00	1.44e-27	1.10e-22	2.07e-18	1.31e-14	4.21e-11	7.72e-08	3.09e-04	3.41e-02	9.66e-01
 4.13776e+21	0.00e+00	0.00e+00	0.00e+00	0.00e+00	2.02e-27	1.48e-22	2.66e-18	1.61e-14	4.95e-11	8.70e-08	3.35e-04	3.55e-02	9.64e-01
 4.23732e+21	0.00e+00	0.00e+00	0.00e+00	0.00e+00	2.68e-27	1.89e-22	3.28e-18	1.92e-14	5.68e-11	9.61e-08	3.58e-04	3.67e-02	9.63e-01
 4.34040e+21	0.00e+00	0.00e+00	0.00e+00	0.00e+00	3.58e-27	2.44e-22	4.06e-18	2.29e-14	6.52e-11	1.06e-07	3.84e-04	3.79e-02	9.62e-01
 4.45671e+21	0.00e+00	0.00e+00	0.00e+00	0.00e+00	4.95e-27	3.23e-22	5.16e-18	2.80e-14	7.62e-11	1.19e-07	4.14e-04	3.94e-02	9.60e-01
 4.56652e+21	0.00e+00	0.00e+00	0.00e+00	0.00e+00	6.71e-27	4.20e-22	6.47e-18	3.37e-14	8.83e-11	1.33e-07	4.45e-04	4.08e-02	9.59e-01
 4.66846e+21	0.00e+00	0.00e+00	0.00e+00	0.00e+00	8.87e-27	5.36e-22	7.96e-18	4.01e-14	1.01e-10	1.47e-07	4.75e-04	4.21e-02	9.57e-01
 4.78384e+21	0.00e+00	0.00e+00	0.00e+00	0.00e+00	1.21e-26	7.01e-22	1.00e-17	4.85e-14	1.17e-10	1.64e-07	5.11e-04	4.37e-02	9.56e-01
 4.90827e+21	0.00e+00	0.00e+00	0.00e+00	0.00e+00	1.67e-26	9.29e-22	1.27e-17	5.92e-14	1.37e-10	1.84e-07	5.51e-04	4.53e-02	9.54e-01
 5.01875e+21	0.00e+00	0.00e+00	0.00e+00	0.00e+00	2.27e-26	1.21e-21	1.60e-17	7.14e-14	1.59e-10	2.05e-07	5.92e-04	4.69e-02	9.52e-01
 5.11865e+21	0.00e+00	0.00e+00	0.00e+00	0.00e+00	2.95e-26	1.52e-21	1.94e-17	8.39e-14	1.80e-10	2.25e-07	6.30e-04	4.83e-02	9.51e-01
 5.23046e+21	0.00e+00	0.00e+00	0.00e+00	0.00e+00	3.93e-26	1.96e-21	2.41e-17	1.00e-13	2.07e-10	2.49e-07	6.74e-04	5.00e-02	9.49e-01
 5.37581e+21	0.00e+00	0.00e+00	0.00e+00	0.00e+00	5.67e-26	2.69e-21	3.16e-17	1.25e-13	2.47e-10	2.83e-07	7.35e-04	5.21e-02	9.47e-01
 5.52218e+21	0.00e+00	0.00e+00	0.00e+00	0.00e+00	8.26e-26	3.73e-21	4.18e-17	1.58e-13	2.96e-10	3.24e-07	8.02e-04	5.44e-02	9.45e-01
 5.63284e+21	0.00e+00	0.00e+00	0.00e+00	0.00e+00	1.09e-25	4.75e-21	5.14e-17	1.88e-13	3.39e-10	3.57e-07	8.56e-04	5.61e-02	9.43e-01
 5.73967e+21	0.00e+00	0.00e+00	0.00e+00	0.00e+00	1.42e-25	5.97e-21	6.25e-17	2.21e-13	3.85e-10	3.92e-07	9.11e-04	5.78e-02	9.41e-01
 5.87855e+21	0.00e+00	0.00e+00	0.00e+00	0.00e+00	2.00e-25	8.03e-21	8.05e-17	2.73e-13	4.54e-10	4.43e-07	9.87e-04	6.01e-02	9.39e-01
 6.02305e+21	0.00e+00	0.00e+00	0.00e+00	1.41e-30	2.84e-25	1.09e-20	1.05e-16	3.40e-13	5.39e-10	5.02e-07	1.07e-03	6.25e-02	9.36e-01
 6.14283e+21	0.00e+00	0.00e+00	0.00e+00	1.96e-30	3.80e-25	1.40e-20	1.30e-16	4.06e-13	6.20e-10	5.57e-07	1.15e-03	6.46e-02	9.34e-01
 6.26653e+21	0.00e+00	0.00e+00	0.00e+00	2.72e-30	5.08e-25	1.81e-20	1.61e-16	4.86e-13	7.13e-10	6.18e-07	1.23e-03	6.67e-02	9.32e-01
 6.42733e+21	0.00e+00	0.00e+00	0.00e+00	4.16e-30	7.38e-25	2.50e-20	2.13e-16	6.13e-13	8.55e-10	7.06e-07	1.34e-03	6.96e-02	9.29e-01
 6.58515e+21	0.00e+00	0.00e+00	0.00e+00	6.34e-30	1.07e-24	3.46e-20	2.81e-16	7.72e-13	1.02e-09	8.06e-07	1.46e-03	7.25e-02	9.26e-01
 6.70230e+21	0.00e+00	0.00e+00	0.00e+00	8.59e-30	1.40e-24	4.37e-20	3.43e-16	9.11e-13	1.17e-09	8.86e-07	1.55e-03	7.47e-02	9.24e-01
 6.81780e+21	0.00e+00	0.00e+00	0.00e+00	1.15e-29	1.81e-24	5.46e-20	4.16e-16	1.07e-12	1.32e-09	9.72e-07	1.65e-03	7.69e-02	9.21e-01
 6.96795e+21	0.00e+00	0.00e+00	0.00e+00	1.68e-29	2.52e-24	7.30e-20	5.33e-16	1.31e-12	1.55e-09	1.09e-06	1.78e-03	7.98e-02	9.18e-01
 7.12717e+21	0.00e+00	0.00e+00	0.00e+00	2.50e-29	3.59e-24	9.92e-20	6.94e-16	1.64e-12	1.85e-09	1.24e-06	1.93e-03	8.30e-02	9.15e-01
 7.26348e+21	0.00e+00	0.00e+00	0.00e+00	3.50e-29	4.82e-24	1.28e-19	8.66e-16	1.97e-12	2.13e-09	1.38e-06	2.07e-03	8.57e-02	9.12e-01
 7.38501e+21	0.00e+00	0.00e+00	0.00e+00	4.69e-29	6.24e-24	1.61e-19	1.05e-15	2.31e-12	2.42e-09	1.51e-06	2.20e-03	8.82e-02	9.10e-01
 7.52202e+21	0.00e+00	0.00e+00	0.00e+00	6.48e-29	8.30e-24	2.06e-19	1.30e-15	2.76e-12	2.78e-09	1.68e-06	2.35e-03	9.10e-02	9.07e-01
 7.70013e+21	0.00e+00	0.00e+00	0.00e+00	9.83e-29	1.20e-23	2.84e-19	1.71e-15	3.47e-12	3.32e-09	1.91e-06	2.56e-03	9.47e-02	9.03e-01
 7.87663e+21	0.00e+00	0.00e+00	0.00e+00	1.49e-28	1.73e-23	3.90e-19	2.25e-15	4.35e-12	3.97e-09	2.18e-06	2.79e-03	9.86e-02	8.99e-01
 8.01057e+21	0.00e+00	0.00e+00	0.00e+00	2.01e-28	2.26e-23	4.92e-19	2.75e-15	5.15e-12	4.53e-09	2.40e-06	2.97e-03	1.01e-01	8.96e-01
 8.14421e+21	0.00e+00	0.00e+00	0.00e+00	2.70e-28	2.93e-23	6.17e-19	3.34e-15	6.05e-12	5.14e-09	2.64e-06	3.15e-03	1.04e-01	8.92e-01
 8.31794e+21	0.00e+00	0.00e+00	0.00e+00	3.95e-28	4.09e-23	8.27e-19	4.29e-15	7.46e-12	6.06e-09	2.97e-06	3.41e-03	1.08e-01	8.88e-01
 8.50179e+21	0.00e+00	0.00e+00	0.00e+00	5.90e-28	5.83e-23	1.13e-18	5.59e-15	9.31e-12	7.21e-09	3.38e-06	3.70e-03	1.12e-01	8.84e-01
 8.65597e+21	0.00e+00	0.00e+00	0.00e+00	8.19e-28	7.78e-23	1.45e-18	6.95e-15	1.12e-11	8.31e-09	3.75e-06	3.96e-03	1.16e-01	8.80e-01
 8.79094e+21	0.00e+00	0.00e+00	0.00e+00	1.08e-27	9.96e-23	1.80e-18	8.36e-15	1.30e-11	9.37e-09	4.10e-06	4.19e-03	1.19e-01	8.77e-01
 8.94375e+21	0.00e+00	0.00e+00	0.00e+00	1.48e-27	1.31e-22	2.28e-18	1.03e-14	1.54e-11	1.07e-08	4.52e-06	4.47e-03	1.23e-01	8.73e-01
 9.14241e+21	0.00e+00	0.00e+00	0.00e+00	2.20e-27	1.86e-22	3.10e-18	1.34e-14	1.92e-11	1.27e-08	5.13e-06	4.84e-03	1.27e-01	8.68e-01
 9.34548e+21	0.00e+00	0.00e+00	0.00e+00	3.30e-27	2.66e-22	4.23e-18	1.75e-14	2.41e-11	1.52e-08	5.84e-06	5.26e-03	1.32e-01	8.62e-01
 9.50894e+21	0.00e+00	0.00e+00	0.00e+00	4.52e-27	3.52e-22	5.40e-18	2.16e-14	2.87e-11	1.74e-08	6.45e-06	5.61e-03	1.36e-01	8.58e-01
 9.67608e+21	0.00e+00	0.00e+00	0.00e+00	6.18e-27	4.63e-22	6.86e-18	2.65e-14	3.41e-11	1.99e-08	7.13e-06	5.98e-03	1.40e-01	8.54e-01
 9.89335e+21	0.00e+00	0.00e+00	0.00e+00	9.22e-27	6.59e-22	9.34e-18	3.46e-14	4.25e-11	2.37e-08	8.09e-06	6.49e-03	1.46e-01	8.48e-01
 1.01202e+22	0.00e+00	0.00e+00	0.00e+00	1.40e-26	9.53e-22	1.29e-17	4.56e-14	5.36e-11	2.84e-08	9.24e-06	7.06e-03	1.51e-01	8.42e-01
 1.03005e+22	0.00e+00	0.00e+00	0.00e+00	1.93e-26	1.27e-21	1.65e-17	5.65e-14	6.41e-11	3.27e-08	1.02e-05	7.54e-03	1.56e-01	8.37e-01
 1.04523e+22	0.00e+00	0.00e+00	0.00e+00	2.51e-26	1.60e-21	2.02e-17	6.72e-14	7.42e-11	3.66e-08	1.11e-05	7.95e-03	1.60e-01	8.32e-01
 1.06259e+22	0.00e+00	0.00e+00	0.00e+00	3.37e-26	2.07e-21	2.53e-17	8.17e-14	8.73e-11	4.16e-08	1.22e-05	8.44e-03	1.64e-01	8.28e-01
 1.08515e+22	0.00e+00	0.00e+00	0.00e+00	4.91e-26	2.89e-21	3.39e-17	1.05e-13	1.08e-10	4.90e-08	1.38e-05	9.11e-03	1.70e-01	8.21e-01
 1.10888e+22	0.00e+00	0.00e+00	0.00e+00	7.28e-26	4.09e-21	4.59e-17	1.36e-13	1.34e-10	5.82e-08	1.56e-05	9.87e-03	1.76e-01	8.14e-01
 1.12894e+22	0.00e+00	0.00e+00	0.00e+00	1.01e-25	5.44e-21	5.89e-17	1.69e-13	1.60e-10	6.70e-08	1.73e-05	1.05e-02	1.81e-01	8.09e-01
 1.14985e+22	0.00e+00	0.00e+00	0.00e+00	1.39e-25	7.25e-21	7.57e-17	2.10e-13	1.92e-10	7.71e-08	1.92e-05	1.12e-02	1.86e-01	8.03e-01
 1.17703e+22	0.00e+00	0.00e+00	0.00e+00	2.11e-25	1.05e-20	1.04e-16	2.77e-13	2.42e-10	9.24e-08	2.19e-05	1.22e-02	1.93e-01	7.95e-01
 1.20454e+22	0.00e+00	0.00e+00	1.11e-30	3.22e-25	1.52e-20	1.44e-16	3.66e-13	3.05e-10	1.11e-07	2.50e-05	1.33e-02	2.00e-01	7.86e-01
 1.22537e+22	0.00e+00	0.00e+00	1.57e-30	4.38e-25	2.00e-20	1.83e-16	4.49e-13	3.62e-10	1.27e-07	2.76e-05	1.41e-02	2.06e-01	7.80e-01
 1.24533e+22	0.00e+00	0.00e+00	2.16e-30	5.82e-25	2.57e-20	2.28e-16	5.43e-13	4.24e-10	1.44e-07	3.02e-05	1.50e-02	2.11e-01	7.74e-01
 1.27128e+22	0.00e+00	0.00e+00	3.24e-30	8.37e-25	3.54e-20	3.02e-16	6.92e-13	5.19e-10	1.68e-07	3.39e-05	1.61e-02	2.17e-01	7.66e-01
 1.29881e+22	0.00e+00	0.00e+00	4.99e-30	1.23e-24	4.98e-20	4.07e-16	8.95e-13	6.44e-10	1.99e-07	3.83e-05	1.74e-02	2.25e-01	7.58e-01
 1.32234e+22	0.00e+00	0.00e+00	7.14e-30	1.70e-24	6.61e-20	5.21e-16	1.11e-12	7.70e-10	2.29e-07	4.23e-05	1.85e-02	2.31e-01	7.51e-01
 1.34689e+22	0.00e+00	0.00e+00	1.02e-29	2.34e-24	8.79e-20	6.68e-16	1.37e-12	9.20e-10	2.63e-07	4.68e-05	1.97e-02	2.37e-01	7.43e-01
 1.37881e+22	0.00e+00	0.00e+00	1.62e-29	3.54e-24	1.27e-19	9.19e-16	1.81e-12	1.16e-09	3.15e-07	5.33e-05	2.14e-02	2.45e-01	7.33e-01
 1.41119e+22	0.00e+00	0.00e+00	2.59e-29	5.39e-24	1.83e-19	1.27e-15	2.39e-12	1.46e-09	3.78e-07	6.08e-05	2.32e-02	2.53e-01	7.23e-01
 1.43690e+22	0.00e+00	0.00e+00	3.71e-29	7.43e-24	2.44e-19	1.63e-15	2.96e-12	1.75e-09	4.34e-07	6.73e-05	2.47e-02	2.60e-01	7.15e-01
 1.45929e+22	0.00e+00	0.00e+00	5.04e-29	9.76e-24	3.10e-19	2.01e-15	3.55e-12	2.03e-09	4.88e-07	7.33e-05	2.61e-02	2.66e-01	7.08e-01
 1.48464e+22	0.00e+00	0.00e+00	7.05e-29	1.32e-23	4.05e-19	2.54e-15	4.33e-12	2.40e-09	5.57e-07	8.05e-05	2.77e-02	2.72e-01	7.00e-01
 1.51758e+22	0.00e+00	0.00e+00	1.09e-28	1.94e-23	5.70e-19	3.42e-15	5.60e-12	2.97e-09	6.58e-07	9.08e-05	2.98e-02	2.80e-01	6.90e-01
 1.55148e+22	0.00e+00	0.00e+00	1.69e-28	2.89e-23	8.11e-19	4.65e-15	7.31e-12	3.71e-09	7.82e-07	1.03e-04	3.22e-02	2.89e-01	6.79e-01
 1.57906e+22	0.00e+00	0.00e+00	2.40e-28	3.95e-23	1.07e-18	5.92e-15	9.00e-12	4.42e-09	8.95e-07	1.13e-04	3.42e-02	2.95e-01	6.70e-01
 1.60737e+22	0.00e+00	0.00e+00	3.40e-28	5.39e-23	1.41e-18	7.51e-15	1.11e-11	5.24e-09	1.02e-06	1.25e-04	3.62e-02	3.02e-01	6.62e-01
 1.64416e+22	0.00e+00	0.00e+00	5.29e-28	8.02e-23	2.00e-18	1.02e-14	1.44e-11	6.53e-09	1.21e-06	1.41e-04	3.91e-02	3.11e-01	6.50e-01
 1.68232e+22	0.00e+00	0.00e+00	8.39e-28	1.21e-22	2.88e-18	1.41e-14	1.90e-11	8.22e-09	1.45e-06	1.60e-04	4.22e-02	3.20e-01	6.38e-01
 1.71346e+22	0.00e+00	0.00e+00	1.21e-27	1.68e-22	3.85e-18	1.81e-14	2.36e-11	9.86e-09	1.67e-06	1.77e-04	4.49e-02	3.27e-01	6.28e-01
 1.74517e+22	0.00e+00	0.00e+00	1.73e-27	2.32e-22	5.11e-18	2.31e-14	2.92e-11	1.18e-08	1.92e-06	1.95e-04	4.76e-02	3.34e-01	6.18e-01
 1.78044e+22	0.00e+00	0.00e+00	2.58e-27	3.31e-22	7.01e-18	3.05e-14	3.71e-11	1.43e-08	2.24e-06	2.18e-04	5.09e-02	3.42e-01	6.07e-01
 1.81277e+22	0.00e+00	0.00e+00	3.70e-27	4.58e-22	9.32e-18	3.91e-14	4.59e-11	1.72e-08	2.57e-06	2.41e-04	5.40e-02	3.50e-01	5.96e-01
 1.84249e+22	0.00e+00	0.00e+00	5.10e-27	6.10e-22	1.20e-17	4.89e-14	5.56e-11	2.01e-08	2.91e-06	2.63e-04	5.69e-02	3.56e-01	5.87e-01
 1.87637e+22	0.00e+00	0.00e+00	7.22e-27	8.33e-22	1.58e-17	6.21e-14	6.84e-11	2.39e-08	3.32e-06	2.89e-04	6.02e-02	3.63e-01	5.77e-01
 1.92041e+22	0.00e+00	0.00e+00	1.15e-26	1.27e-21	2.29e-17	8.59e-14	9.04e-11	3.01e-08	3.98e-06	3.28e-04	6.49e-02	3.72e-01	5.63e-01
 1.96446e+22	0.00e+00	0.00e+00	1.83e-26	1.91e-21	3.31e-17	1.18e-13	1.19e-10	3.79e-08	4.75e-06	3.71e-04	6.98e-02	3.81e-01	5.49e-01
 1.99861e+22	0.00e+00	0.00e+00	2.58e-26	2.61e-21	4.35e-17	1.50e-13	1.46e-10	4.50e-08	5.42e-06	4.07e-04	7.38e-02	3.88e-01	5.38e-01
 2.03311e+22	0.00e+00	0.00e+00	3.61e-26	3.53e-21	5.68e-17	1.89e-13	1.79e-10	5.31e-08	6.16e-06	4.46e-04	7.78e-02	3.94e-01	5.28e-01
 2.07795e+22	0.00e+00	0.00e+00	5.56e-26	5.20e-21	8.00e-17	2.55e-13	2.32e-10	6.58e-08	7.27e-06	5.01e-04	8.32e-02	4.02e-01	5.14e-01
 2.12197e+22	0.00e+00	0.00e+00	8.56e-26	7.65e-21	1.13e-16	3.44e-13	3.00e-10	8.16e-08	8.58e-06	5.62e-04	8.89e-02	4.10e-01	5.00e-01
 2.15369e+22	0.00e+00	0.00e+00	1.16e-25	1.00e-20	1.43e-16	4.23e-13	3.59e-10	9.47e-08	9.63e-06	6.08e-04	9.31e-02	4.16e-01	4.91e-01
 2.18368e+22	0.00e+00	0.00e+00	1.52e-25	1.28e-20	1.77e-16	5.11e-13	4.22e-10	1.08e-07	1.07e-05	6.54e-04	9.71e-02	4.21e-01	4.82e-01
 2.22267e+22	0.00e+00	0.00e+00	2.16e-25	1.76e-20	2.35e-16	6.53e-13	5.21e-10	1.29e-07	1.22e-05	7.18e-04	1.02e-01	4.27e-01	4.70e-01
 2.26558e+22	0.00e+00	0.00e+00	3.19e-25	2.49e-20	3.20e-16	8.56e-13	6.58e-10	1.57e-07	1.42e-05	7.96e-04	1.09e-01	4.33e-01	4.57e-01
 2.30070e+22	0.00e+00	0.00e+00	4.38e-25	3.31e-20	4.12e-16	1.07e-12	7.96e-10	1.84e-07	1.60e-05	8.65e-04	1.14e-01	4.38e-01	4.47e-01
 2.32726e+22	0.00e+00	0.00e+00	5.53e-25	4.08e-20	4.96e-16	1.25e-12	9.16e-10	2.06e-07	1.75e-05	9.20e-04	1.18e-01	4.42e-01	4.39e-01
 2.35560e+22	0.00e+00	0.00e+00	7.06e-25	5.08e-20	6.02e-16	1.48e-12	1.06e-09	2.33e-07	1.92e-05	9.81e-04	1.22e-01	4.46e-01	4.31e-01
 2.39243e+22	0.00e+00	0.00e+00	9.62e-25	6.71e-20	7.70e-16	1.84e-12	1.28e-09	2.71e-07	2.16e-05	1.06e-03	1.28e-01	4.50e-01	4.21e-01
 2.42953e+22	0.00e+00	1.38e-30	1.32e-24	8.94e-20	9.94e-16	2.30e-12	1.55e-09	3.19e-07	2.45e-05	1.16e-03	1.34e-01	4.55e-01	4.10e-01
 2.45758e+22	0.00e+00	1.79e-30	1.68e-24	1.11e-19	1.20e-15	2.71e-12	1.78e-09	3.59e-07	2.68e-05	1.23e-03	1.38e-01	4.58e-01	4.02e-01
 2.48466e+22	0.00e+00	2.29e-30	2.09e-24	1.35e-19	1.43e-15	3.16e-12	2.04e-09	4.00e-07	2.91e-05	1.30e-03	1.43e-01	4.61e-01	3.95e-01
 2.51987e+22	0.00e+00	3.12e-30	2.78e-24	1.74e-19	1.80e-15	3.85e-12	2.42e-09	4.61e-07	3.24e-05	1.40e-03	1.49e-01	4.64e-01	3.85e-01
 2.55720e+22	0.00e+00	4.36e-30	3.78e-24	2.29e-19	2.29e-15	4.77e-12	2.91e-09	5.38e-07	3.65e-05	1.52e-03	1.55e-01	4.68e-01	3.75e-01
 2.58830e+22	0.00e+00	5.74e-30	4.86e-24	2.88e-19	2.80e-15	5.68e-12	3.38e-09	6.10e-07	4.02e-05	1.62e-03	1.61e-01	4.71e-01	3.67e-01
 2.61973e+22	0.00e+00	7.51e-30	6.20e-24	3.59e-19	3.41e-15	6.73e-12	3.92e-09	6.89e-07	4.41e-05	1.72e-03	1.66e-01	4.73e-01	3.59e-01
 2.65462e+22	0.00e+00	1.01e-29	8.16e-24	4.59e-19	4.24e-15	8.16e-12	4.63e-09	7.91e-07	4.90e-05	1.85e-03	1.73e-01	4.76e-01	3.49e-01
 2.68557e+22	0.00e+00	1.32e-29	1.04e-23	5.71e-19	5.15e-15	9.66e-12	5.36e-09	8.94e-07	5.38e-05	1.97e-03	1.78e-01	4.78e-01	3.41e-01
 2.71243e+22	0.00e+00	1.66e-29	1.28e-23	6.89e-19	6.09e-15	1.12e-11	6.08e-09	9.92e-07	5.82e-05	2.07e-03	1.83e-01	4.80e-01	3.34e-01
 2.74237e+22	0.00e+00	2.11e-29	1.60e-23	8.42e-19	7.27e-15	1.31e-11	6.96e-09	1.11e-06	6.34e-05	2.20e-03	1.89e-01	4.82e-01	3.27e-01
 2.78129e+22	0.00e+00	2.89e-29	2.13e-23	1.09e-18	9.17e-15	1.60e-11	8.29e-09	1.28e-06	7.08e-05	2.36e-03	1.96e-01	4.84e-01	3.18e-01
 2.82093e+22	0.00e+00	4.01e-29	2.88e-23	1.43e-18	1.17e-14	1.97e-11	9.96e-09	1.49e-06	7.95e-05	2.55e-03	2.04e-01	4.85e-01	3.08e-01
 2.85176e+22	0.00e+00	5.14e-29	3.62e-23	1.76e-18	1.40e-14	2.32e-11	1.14e-08	1.68e-06	8.68e-05	2.70e-03	2.10e-01	4.87e-01	3.00e-01
 2.88211e+22	0.00e+00	6.51e-29	4.49e-23	2.14e-18	1.67e-14	2.70e-11	1.31e-08	1.87e-06	9.43e-05	2.85e-03	2.16e-01	4.88e-01	2.93e-01
 2.92157e+22	0.00e+00	8.82e-29	5.94e-23	2.76e-18	2.09e-14	3.28e-11	1.55e-08	2.15e-06	1.05e-04	3.06e-03	2.24e-01	4.88e-01	2.84e-01
 2.96101e+22	0.00e+00	1.20e-28	7.92e-23	3.58e-18	2.64e-14	4.02e-11	1.85e-08	2.49e-06	1.17e-04	3.29e-03	2.33e-01	4.89e-01	2.75e-01
 2.99072e+22	0.00e+00	1.17e-28	9.77e-23	4.33e-18	3.13e-14	4.66e-11	2.10e-08	2.77e-06	1.27e-04	3.47e-03	2.39e-01	4.89e-01	2.68e-01
 3.01964e+22	0.00e+00	1.45e-28	1.19e-22	5.17e-18	3.67e-14	5.36e-11	2.37e-08	3.06e-06	1.37e-04	3.65e-03	2.45e-01	4.90e-01	2.62e-01
 3.05723e+22	0.00e+00	1.91e-28	1.54e-22	6.52e-18	4.51e-14	6.42e-11	2.77e-08	3.49e-06	1.52e-04	3.89e-03	2.53e-01	4.90e-01	2.54e-01
 3.09693e+22	0.00e+00	2.57e-28	2.02e-22	8.36e-18	5.63e-14	7.80e-11	3.28e-08	4.01e-06	1.68e-04	4.17e-03	2.61e-01	4.89e-01	2.45e-01
 3.12992e+22	0.00e+00	3.28e-28	2.52e-22	1.02e-17	6.76e-14	9.15e-11	3.77e-08	4.50e-06	1.84e-04	4.41e-03	2.68e-01	4.89e-01	2.38e-01
 3.16334e+22	0.00e+00	4.13e-28	3.13e-22	1.25e-17	8.06e-14	1.07e-10	4.31e-08	5.03e-06	2.00e-04	4.65e-03	2.75e-01	4.88e-01	2.32e-01
 3.20680e+22	0.00e+00	5.58e-28	4.14e-22	1.61e-17	1.01e-13	1.30e-10	5.12e-08	5.80e-06	2.23e-04	4.99e-03	2.85e-01	4.87e-01	2.23e-01
 3.25107e+22	0.00e+00	7.62e-28	5.53e-22	2.09e-17	1.28e-13	1.60e-10	6.14e-08	6.74e-06	2.50e-04	5.36e-03	2.94e-01	4.85e-01	2.15e-01
 3.28554e+22	0.00e+00	9.67e-28	6.90e-22	2.56e-17	1.54e-13	1.88e-10	7.05e-08	7.56e-06	2.72e-04	5.67e-03	3.02e-01	4.84e-01	2.08e-01
 3.31949e+22	0.00e+00	1.21e-27	8.50e-22	3.11e-17	1.83e-13	2.18e-10	8.03e-08	8.42e-06	2.96e-04	5.98e-03	3.10e-01	4.82e-01	2.02e-01
 3.36363e+22	0.00e+00	1.60e-27	1.10e-21	3.94e-17	2.27e-13	2.63e-10	9.45e-08	9.64e-06	3.27e-04	6.38e-03	3.19e-01	4.80e-01	1.94e-01
 3.41075e+22	0.00e+00	2.17e-27	1.47e-21	5.13e-17	2.87e-13	3.24e-10	1.13e-07	1.12e-05	3.67e-04	6.85e-03	3.29e-01	4.77e-01	1.86e-01
 3.45020e+22	0.00e+00	2.81e-27	1.87e-21	6.41e-17	3.52e-13	3.87e-10	1.32e-07	1.27e-05	4.04e-04	7.28e-03	3.38e-01	4.75e-01	1.79e-01
 3.48398e+22	0.00e+00	3.44e-27	2.26e-21	7.62e-17	4.11e-13	4.43e-10	1.48e-07	1.40e-05	4.35e-04	7.62e-03	3.45e-01	4.73e-01	1.74e-01
 3.52194e+22	0.00e+00	4.31e-27	2.80e-21	9.26e-17	4.90e-13	5.16e-10	1.70e-07	1.56e-05	4.73e-04	8.04e-03	3.53e-01	4.70e-01	1.68e-01
 3.57129e+22	0.00e+00	5.74e-27	3.67e-21	1.19e-16	6.13e-13	6.29e-10	2.01e-07	1.80e-05	5.26e-04	8.59e-03	3.64e-01	4.66e-01	1.61e-01
 3.62158e+22	0.00e+00	7.72e-27	4.85e-21	1.54e-16	7.75e-13	7.71e-10	2.40e-07	2.09e-05	5.88e-04	9.21e-03	3.75e-01	4.62e-01	1.54e-01
 3.66107e+22	0.00e+00	9.68e-27	6.01e-21	1.88e-16	9.27e-13	9.02e-10	2.75e-07	2.33e-05	6.40e-04	9.72e-03	3.83e-01	4.59e-01	1.48e-01
 3.70038e+22	0.00e+00	1.20e-26	7.37e-21	2.27e-16	1.10e-12	1.05e-09	3.14e-07	2.60e-05	6.95e-04	1.02e-02	3.91e-01	4.55e-01	1.43e-01
 3.75149e+22	0.00e+00	1.56e-26	9.47e-21	2.86e-16	1.36e-12	1.26e-09	3.67e-07	2.96e-05	7.67e-04	1.09e-02	4.01e-01	4.51e-01	1.36e-01
 3.80722e+22	0.00e+00	2.09e-26	1.25e-20	3.70e-16	1.72e-12	1.54e-09	4.39e-07	3.43e-05	8.57e-04	1.16e-02	4.13e-01	4.45e-01	1.30e-01
 3.85396e+22	0.00e+00	2.68e-26	1.58e-20	4.60e-16	2.09e-12	1.84e-09	5.10e-07	3.88e-05	9.42e-04	1.23e-02	4.22e-01	4.40e-01	1.24e-01
 3.89190e+22	0.00e+00	3.21e-26	1.88e-20	5.41e-16	2.42e-12	2.09e-09	5.69e-07	4.25e-05	1.01e-03	1.29e-02	4.29e-01	4.37e-01	1.20e-01
 3.93345e+22	0.00e+00	3.91e-26	2.28e-20	6.45e-16	2.84e-12	2.40e-09	6.42e-07	4.69e-05	1.09e-03	1.35e-02	4.37e-01	4.33e-01	1.16e-01
 3.98746e+22	0.00e+00	5.01e-26	2.89e-20	8.04e-16	3.48e-12	2.86e-09	7.47e-07	5.31e-05	1.19e-03	1.43e-02	4.47e-01	4.27e-01	1.10e-01
 4.04620e+22	0.00e+00	6.57e-26	3.74e-20	1.02e-15	4.33e-12	3.46e-09	8.82e-07	6.09e-05	1.33e-03	1.52e-02	4.58e-01	4.21e-01	1.05e-01
 4.09737e+22	0.00e+00	8.30e-26	4.68e-20	1.26e-15	5.25e-12	4.10e-09	1.02e-06	6.87e-05	1.45e-03	1.61e-02	4.67e-01	4.15e-01	9.99e-02
 4.14235e+22	0.00e+00	1.00e-25	5.61e-20	1.50e-15	6.12e-12	4.68e-09	1.14e-06	7.54e-05	1.56e-03	1.68e-02	4.75e-01	4.11e-01	9.63e-02
 4.19302e+22	0.00e+00	1.23e-25	6.86e-20	1.80e-15	7.25e-12	5.42e-09	1.30e-06	8.37e-05	1.69e-03	1.76e-02	4.83e-01	4.05e-01	9.23e-02
 4.25889e+22	0.00e+00	1.60e-25	8.83e-20	2.28e-15	8.99e-12	6.54e-09	1.52e-06	9.55e-05	1.86e-03	1.87e-02	4.93e-01	3.99e-01	8.73e-02
 4.32846e+22	0.00e+00	2.12e-25	1.16e-19	2.94e-15	1.13e-11	7.99e-09	1.81e-06	1.10e-04	2.07e-03	2.00e-02	5.04e-01	3.91e-01	8.23e-02
 4.38611e+22	0.00e+00	2.65e-25	1.44e-19	3.61e-15	1.36e-11	9.40e-09	2.09e-06	1.24e-04	2.26e-03	2.11e-02	5.13e-01	3.85e-01	7.83e-02
 4.44428e+22	0.00e+00	3.26e-25	1.75e-19	4.34e-15	1.61e-11	1.09e-08	2.36e-06	1.37e-04	2.44e-03	2.21e-02	5.21e-01	3.79e-01	7.48e-02
 4.51991e+22	0.00e+00	4.24e-25	2.26e-19	5.52e-15	2.01e-11	1.31e-08	2.78e-06	1.56e-04	2.70e-03	2.35e-02	5.32e-01	3.71e-01	7.05e-02
 4.59797e+22	0.00e+00	5.59e-25	2.96e-19	7.09e-15	2.52e-11	1.60e-08	3.30e-06	1.79e-04	3.00e-03	2.50e-02	5.42e-01	3.63e-01	6.62e-02
 4.65801e+22	0.00e+00	6.88e-25	3.62e-19	8.56e-15	3.00e-11	1.86e-08	3.75e-06	1.99e-04	3.24e-03	2.62e-02	5.50e-01	3.57e-01	6.30e-02
 4.70721e+22	0.00e+00	8.04e-25	4.21e-19	9.87e-15	3.41e-11	2.08e-08	4.12e-06	2.15e-04	3.44e-03	2.71e-02	5.56e-01	3.52e-01	6.07e-02
 4.76350e+22	0.00e+00	9.60e-25	5.00e-19	1.16e-14	3.95e-11	2.37e-08	4.60e-06	2.35e-04	3.67e-03	2.82e-02	5.63e-01	3.47e-01	5.82e-02
 4.83667e+22	1.59e-30	1.20e-24	6.20e-19	1.42e-14	4.74e-11	2.77e-08	5.26e-06	2.63e-04	3.99e-03	2.97e-02	5.71e-01	3.40e-01	5.51e-02
 4.91716e+22	2.13e-30	1.53e-24	7.87e-19	1.77e-14	5.81e-11	3.31e-08	6.12e-06	2.97e-04	4.38e-03	3.13e-02	5.80e-01	3.32e-01	5.19e-02
 4.98877e+22	2.74e-30	1.90e-24	9.69e-19	2.15e-14	6.94e-11	3.86e-08	6.98e-06	3.30e-04	4.74e-03	3.28e-02	5.87e-01	3.26e-01	4.92e-02
 5.05330e+22	3.39e-30	2.28e-24	1.16e-18	2.55e-14	8.08e-11	4.40e-08	7.80e-06	3.62e-04	5.07e-03	3.42e-02	5.94e-01	3.20e-01	4.69e-02
 5.12701e+22	4.28e-30	2.77e-24	1.40e-18	3.05e-14	9.52e-11	5.07e-08	8.81e-06	3.99e-04	5.45e-03	3.57e-02	6.00e-01	3.13e-01	4.46e-02
 5.22283e+22	5.75e-30	3.57e-24	1.79e-18	3.84e-14	1.17e-10	6.08e-08	1.03e-05	4.52e-04	5.98e-03	3.77e-02	6.09e-01	3.05e-01	4.18e-02
 5.32393e+22	7.93e-30	4.67e-24	2.33e-18	4.91e-14	1.47e-10	7.38e-08	1.21e-05	5.16e-04	6.61e-03	3.99e-02	6.17e-01	2.97e-01	3.89e-02
 5.40702e+22	1.02e-29	5.79e-24	2.87e-18	5.97e-14	1.75e-10	8.61e-08	1.38e-05	5.74e-04	7.15e-03	4.18e-02	6.24e-01	2.90e-01	3.67e-02
 5.47620e+22	1.24e-29	6.84e-24	3.38e-18	6.97e-14	2.02e-10	9.72e-08	1.53e-05	6.23e-04	7.60e-03	4.33e-02	6.29e-01	2.84e-01	3.50e-02
 5.55221e+22	1.54e-29	8.19e-24	4.03e-18	8.21e-14	2.34e-10	1.10e-07	1.71e-05	6.80e-04	8.11e-03	4.50e-02	6.34e-01	2.78e-01	3.33e-02
 5.65103e+22	2.00e-29	1.02e-23	5.02e-18	1.01e-13	2.82e-10	1.30e-07	1.95e-05	7.59e-04	8.79e-03	4.71e-02	6.41e-01	2.71e-01	3.13e-02
 5.75620e+22	2.68e-29	1.31e-23	6.36e-18	1.26e-13	3.45e-10	1.55e-07	2.27e-05	8.55e-04	9.61e-03	4.96e-02	6.47e-01	2.63e-01	2.92e-02
 5.84141e+22	3.37e-29	1.59e-23	7.68e-18	1.50e-13	4.06e-10	1.78e-07	2.55e-05	9.40e-04	1.03e-02	5.16e-02	6.52e-01	2.57e-01	2.77e-02
 5.91287e+22	4.02e-29	1.85e-23	8.90e-18	1.72e-13	4.59e-10	1.98e-07	2.79e-05	1.01e-03	1.09e-02	5.32e-02	6.56e-01	2.52e-01	2.65e-02
 5.99473e+22	4.91e-29	2.18e-23	1.05e-17	2.02e-13	5.29e-10	2.23e-07	3.09e-05	1.10e-03	1.15e-02	5.51e-02	6.60e-01	2.47e-01	2.52e-02
 6.10114e+22	6.32e-29	2.71e-23	1.29e-17	2.44e-13	6.29e-10	2.59e-07	3.51e-05	1.21e-03	1.24e-02	5.74e-02	6.65e-01	2.40e-01	2.37e-02
 6.21874e+22	8.38e-29	3.42e-23	1.62e-17	3.03e-13	7.67e-10	3.08e-07	4.05e-05	1.36e-03	1.35e-02	6.02e-02	6.70e-01	2.33e-01	2.21e-02
 6.31996e+22	1.07e-28	4.18e-23	1.98e-17	3.65e-13	9.07e-10	3.56e-07	4.58e-05	1.50e-03	1.45e-02	6.27e-02	6.74e-01	2.26e-01	2.08e-02
 6.39932e+22	1.28e-28	4.87e-23	2.29e-17	4.19e-13	1.03e-09	3.96e-07	5.01e-05	1.61e-03	1.53e-02	6.45e-02	6.77e-01	2.22e-01	1.99e-02
 6.48114e+22	1.52e-28	5.63e-23	2.65e-17	4.79e-13	1.16e-09	4.40e-07	5.47e-05	1.73e-03	1.61e-02	6.64e-02	6.80e-01	2.17e-01	1.90e-02
 6.58751e+22	1.89e-28	6.79e-23	3.17e-17	5.69e-13	1.35e-09	5.02e-07	6.12e-05	1.89e-03	1.72e-02	6.89e-02	6.83e-01	2.11e-01	1.79e-02
 6.70424e+22	2.44e-28	8.39e-23	3.89e-17	6.87e-13	1.61e-09	5.82e-07	6.92e-05	2.08e-03	1.84e-02	7.16e-02	6.86e-01	2.05e-01	1.68e-02
 6.80582e+22	3.02e-28	1.00e-22	4.62e-17	8.09e-13	1.86e-09	6.61e-07	7.71e-05	2.27e-03	1.96e-02	7.41e-02	6.88e-01	2.00e-01	1.59e-02
 6.89327e+22	3.60e-28	1.16e-22	5.33e-17	9.24e-13	2.10e-09	7.34e-07	8.40e-05	2.43e-03	2.06e-02	7.62e-02	6.90e-01	1.95e-01	1.51e-02
 6.99097e+22	4.34e-28	1.35e-22	6.21e-17	1.07e-12	2.39e-09	8.19e-07	9.22e-05	2.62e-03	2.17e-02	7.84e-02	6.92e-01	1.91e-01	1.44e-02
 7.11799e+22	5.49e-28	1.65e-22	7.51e-17	1.27e-12	2.81e-09	9.40e-07	1.03e-04	2.87e-03	2.32e-02	8.12e-02	6.94e-01	1.85e-01	1.35e-02
 7.25625e+22	7.18e-28	2.06e-22	9.29e-17	1.55e-12	3.35e-09	1.10e-06	1.17e-04	3.17e-03	2.49e-02	8.44e-02	6.96e-01	1.79e-01	1.26e-02
 7.37446e+22	8.98e-28	2.47e-22	1.11e-16	1.84e-12	3.91e-09	1.25e-06	1.31e-04	3.46e-03	2.65e-02	8.73e-02	6.97e-01	1.74e-01	1.19e-02
 7.47508e+22	1.08e-27	2.86e-22	1.29e-16	2.10e-12	4.42e-09	1.39e-06	1.43e-04	3.71e-03	2.79e-02	8.97e-02	6.98e-01	1.69e-01	1.13e-02
 7.58749e+22	1.30e-27	3.36e-22	1.50e-16	2.43e-12	5.02e-09	1.55e-06	1.57e-04	3.97e-03	2.93e-02	9.21e-02	6.98e-01	1.65e-01	1.07e-02
 7.73361e+22	1.66e-27	4.10e-22	1.82e-16	2.91e-12	5.91e-09	1.78e-06	1.76e-04	4.35e-03	3.12e-02	9.53e-02	6.99e-01	1.60e-01	1.01e-02
 7.88462e+22	2.17e-27	5.10e-22	2.24e-16	3.52e-12	7.02e-09	2.06e-06	1.99e-04	4.78e-03	3.34e-02	9.87e-02	6.99e-01	1.55e-01	9.39e-03
 8.00261e+22	2.63e-27	6.00e-22	2.62e-16	4.07e-12	8.00e-09	2.31e-06	2.18e-04	5.15e-03	3.51e-02	1.01e-01	6.99e-01	1.50e-01	8.89e-03
 8.11663e+22	3.15e-27	6.91e-22	3.01e-16	4.65e-12	9.01e-09	2.55e-06	2.37e-04	5.50e-03	3.68e-02	1.04e-01	6.98e-01	1.47e-01	8.45e-03
 8.26484e+22	3.94e-27	8.33e-22	3.60e-16	5.47e-12	1.04e-08	2.89e-06	2.63e-04	5.95e-03	3.89e-02	1.07e-01	6.98e-01	1.42e-01	7.96e-03
 8.43194e+22	5.12e-27	1.03e-21	4.40e-16	6.59e-12	1.23e-08	3.34e-06	2.96e-04	6.52e-03	4.15e-02	1.11e-01	6.97e-01	1.37e-01	7.42e-03
 8.58269e+22	6.42e-27	1.24e-21	5.27e-16	7.80e-12	1.43e-08	3.79e-06	3.29e-04	7.08e-03	4.39e-02	1.14e-01	6.95e-01	1.33e-01	6.96e-03
 8.71335e+22	7.85e-27	1.46e-21	6.13e-16	8.97e-12	1.62e-08	4.22e-06	3.59e-04	7.57e-03	4.60e-02	1.16e-01	6.94e-01	1.29e-01	6.60e-03
 8.85881e+22	9.54e-27	1.71e-21	7.16e-16	1.03e-11	1.84e-08	4.70e-06	3.92e-04	8.11e-03	4.82e-02	1.19e-01	6.92e-01	1.25e-01	6.24e-03
 9.04791e+22	1.23e-26	2.10e-21	8.70e-16	1.24e-11	2.17e-08	5.40e-06	4.39e-04	8.85e-03	5.12e-02	1.23e-01	6.90e-01	1.21e-01	5.82e-03
 9.25721e+22	1.64e-26	2.65e-21	1.08e-15	1.52e-11	2.59e-08	6.28e-06	4.97e-04	9.73e-03	5.47e-02	1.27e-01	6.87e-01	1.16e-01	5.38e-03
 9.44449e+22	2.11e-26	3.23e-21	1.31e-15	1.81e-11	3.04e-08	7.20e-06	5.56e-04	1.06e-02	5.81e-02	1.31e-01	6.84e-01	1.11e-01	5.00e-03
 9.61244e+22	2.62e-26	3.84e-21	1.55e-15	2.11e-11	3.49e-08	8.09e-06	6.12e-04	1.14e-02	6.11e-02	1.34e-01	6.80e-01	1.08e-01	4.70e-03
 9.80357e+22	3.28e-26	4.62e-21	1.84e-15	2.48e-11	4.02e-08	9.12e-06	6.74e-04	1.23e-02	6.42e-02	1.37e-01	6.77e-01	1.04e-01	4.41e-03
 1.00520e+23	4.35e-26	5.77e-21	2.28e-15	3.02e-11	4.79e-08	1.06e-05	7.61e-04	1.35e-02	6.83e-02	1.41e-01	6.72e-01	9.97e-02	4.07e-03
 1.03114e+23	6.01e-26	7.44e-21	2.89e-15	3.75e-11	5.82e-08	1.25e-05	8.69e-04	1.49e-02	7.31e-02	1.46e-01	6.67e-01	9.49e-02	3.72e-03
 1.05167e+23	7.60e-26	8.90e-21	3.45e-15	4.43e-11	6.75e-08	1.42e-05	9.65e-04	1.62e-02	7.73e-02	1.50e-01	6.61e-01	9.11e-02	3.45e-03
 1.07153e+23	9.33e-26	1.05e-20	4.03e-15	5.11e-11	7.66e-08	1.57e-05	1.05e-03	1.72e-02	8.06e-02	1.52e-01	6.57e-01	8.81e-02	3.25e-03
 1.09735e+23	1.20e-25	1.28e-20	4.89e-15	6.11e-11	8.99e-08	1.80e-05	1.17e-03	1.87e-02	8.52e-02	1.56e-01	6.51e-01	8.43e-02	3.01e-03
 1.13092e+23	1.64e-25	1.64e-20	6.15e-15	7.55e-11	1.08e-07	2.11e-05	1.33e-03	2.06e-02	9.09e-02	1.61e-01	6.44e-01	8.00e-02	2.74e-03
 1.16682e+23	2.34e-25	2.13e-20	7.93e-15	9.57e-11	1.34e-07	2.53e-05	1.55e-03	2.31e-02	9.78e-02	1.66e-01	6.34e-01	7.51e-02	2.45e-03
 1.19597e+23	3.10e-25	2.64e-20	9.73e-15	1.16e-10	1.60e-07	2.93e-05	1.74e-03	2.53e-02	1.04e-01	1.70e-01	6.25e-01	7.12e-02	2.24e-03
 1.21966e+23	3.84e-25	3.11e-20	1.14e-14	1.34e-10	1.82e-07	3.28e-05	1.90e-03	2.70e-02	1.08e-01	1.73e-01	6.19e-01	6.84e-02	2.09e-03
 1.24603e+23	4.69e-25	3.64e-20	1.32e-14	1.54e-10	2.06e-07	3.64e-05	2.07e-03	2.87e-02	1.13e-01	1.76e-01	6.12e-01	6.59e-02	1.95e-03
 1.28030e+23	6.02e-25	4.39e-20	1.59e-14	1.83e-10	2.39e-07	4.13e-05	2.29e-03	3.10e-02	1.19e-01	1.80e-01	6.04e-01	6.27e-02	1.80e-03
 1.31810e+23	8.03e-25	5.43e-20	1.95e-14	2.21e-10	2.85e-07	4.79e-05	2.58e-03	3.39e-02	1.26e-01	1.84e-01	5.93e-01	5.91e-02	1.62e-03
 1.35088e+23	1.03e-24	6.55e-20	2.33e-14	2.63e-10	3.32e-07	5.46e-05	2.87e-03	3.67e-02	1.32e-01	1.88e-01	5.83e-01	5.60e-02	1.48e-03
 1.37833e+23	1.25e-24	7.54e-20	2.68e-14	2.99e-10	3.73e-07	6.02e-05	3.11e-03	3.89e-02	1.37e-01	1.90e-01	5.75e-01	5.37e-02	1.38e-03
 1.40846e+23	1.49e-24	8.59e-20	3.04e-14	3.37e-10	4.16e-07	6.59e-05	3.34e-03	4.10e-02	1.42e-01	1.93e-01	5.68e-01	5.16e-02	1.30e-03
 1.44763e+23	1.84e-24	1.01e-19	3.54e-14	3.89e-10	4.74e-07	7.37e-05	3.65e-03	4.38e-02	1.48e-01	1.96e-01	5.58e-01	4.91e-02	1.19e-03
 1.49855e+23	2.37e-24	1.21e-19	4.24e-14	4.62e-10	5.54e-07	8.41e-05	4.05e-03	4.74e-02	1.56e-01	1.99e-01	5.46e-01	4.62e-02	1.08e-03
 1.55437e+23	3.22e-24	1.50e-19	5.23e-14	5.66e-10	6.66e-07	9.84e-05	4.60e-03	5.20e-02	1.65e-01	2.03e-01	5.31e-01	4.29e-02	9.56e-04
 1.60103e+23	4.19e-24	1.81e-19	6.26e-14	6.74e-10	7.83e-07	1.13e-04	5.13e-03	5.64e-02	1.74e-01	2.06e-01	5.17e-01	4.00e-02	8.53e-04
 1.63718e+23	5.00e-24	2.06e-19	7.11e-14	7.60e-10	8.72e-07	1.24e-04	5.51e-03	5.93e-02	1.79e-01	2.08e-01	5.09e-01	3.82e-02	7.94e-04
 1.67521e+23	5.73e-24	2.27e-19	7.85e-14	8.36e-10	9.51e-07	1.33e-04	5.84e-03	6.19e-02	1.84e-01	2.10e-01	5.01e-01	3.67e-02	7.46e-04
 1.72466e+23	6.83e-24	2.58e-19	8.87e-14	9.42e-10	1.06e-06	1.46e-04	6.28e-03	6.53e-02	1.90e-01	2.12e-01	4.91e-01	3.50e-02	6.89e-04
 1.78828e+23	8.30e-24	2.97e-19	1.02e-13	1.07e-09	1.19e-06	1.61e-04	6.80e-03	6.91e-02	1.97e-01	2.14e-01	4.80e-01	3.31e-02	6.32e-04
 1.86105e+23	1.05e-23	3.50e-19	1.19e-13	1.25e-09	1.38e-06	1.82e-04	7.48e-03	7.41e-02	2.05e-01	2.16e-01	4.66e-01	3.09e-02	5.66e-04
 1.93399e+23	1.31e-23	4.08e-19	1.38e-13	1.45e-09	1.58e-06	2.05e-04	8.19e-03	7.91e-02	2.13e-01	2.18e-01	4.52e-01	2.88e-02	5.08e-04
 2.00986e+23	1.58e-23	4.68e-19	1.58e-13	1.65e-09	1.77e-06	2.25e-04	8.82e-03	8.33e-02	2.20e-01	2.19e-01	4.41e-01	2.72e-02	4.66e-04
 2.09149e+23	1.88e-23	5.29e-19	1.78e-13	1.86e-09	1.98e-06	2.48e-04	9.51e-03	8.79e-02	2.27e-01	2.20e-01	4.29e-01	2.56e-02	4.23e-04
 2.17638e+23	2.28e-23	6.00e-19	2.00e-13	2.08e-09	2.20e-06	2.71e-04	1.02e-02	9.22e-02	2.33e-01	2.21e-01	4.19e-01	2.42e-02	3.88e-04
 2.26142e+23	2.67e-23	6.66e-19	2.22e-13	2.31e-09	2.43e-06	2.95e-04	1.09e-02	9.65e-02	2.39e-01	2.22e-01	4.08e-01	2.29e-02	3.56e-04
 2.34076e+23	3.41e-23	7.31e-19	2.42e-13	2.53e-09	2.65e-06	3.17e-04	1.15e-02	1.00e-01	2.44e-01	2.23e-01	3.99e-01	2.18e-02	3.29e-04
 2.41216e+23	3.85e-23	7.97e-19	2.62e-13	2.73e-09	2.84e-06	3.36e-04	1.20e-02	1.04e-01	2.49e-01	2.23e-01	3.91e-01	2.09e-02	3.10e-04
 2.47643e+23	4.20e-23	8.45e-19	2.78e-13	2.90e-09	3.00e-06	3.52e-04	1.25e-02	1.06e-01	2.52e-01	2.23e-01	3.85e-01	2.02e-02	2.94e-04
 2.53427e+23	4.55e-23	8.95e-19	2.93e-13	3.05e-09	3.15e-06	3.67e-04	1.28e-02	1.08e-01	2.55e-01	2.24e-01	3.80e-01	1.97e-02	2.83e-04
 2.58632e+23	4.81e-23	9.29e-19	3.04e-13	3.17e-09	3.26e-06	3.78e-04	1.31e-02	1.10e-01	2.57e-01	2.24e-01	3.76e-01	1.92e-02	2.73e-04
 2.63317e+23	5.10e-23	9.70e-19	3.16e-13	3.29e-09	3.37e-06	3.88e-04	1.34e-02	1.12e-01	2.59e-01	2.24e-01	3.72e-01	1.89e-02	2.66e-04
 2.67534e+23	5.28e-23	9.93e-19	3.23e-13	3.36e-09	3.45e-06	3.96e-04	1.36e-02	1.13e-01	2.60e-01	2.24e-01	3.70e-01	1.86e-02	2.60e-04
 2.71328e+23	5.46e-23	1.02e-18	3.30e-13	3.44e-09	3.52e-06	4.03e-04	1.38e-02	1.14e-01	2.62e-01	2.24e-01	3.68e-01	1.84e-02	2.55e-04
 2.74744e+23	5.63e-23	1.04e-18	3.37e-13	3.51e-09	3.58e-06	4.09e-04	1.40e-02	1.15e-01	2.63e-01	2.24e-01	3.66e-01	1.82e-02	2.51e-04
 2.77889e+23	5.75e-23	1.05e-18	3.41e-13	3.55e-09	3.63e-06	4.13e-04	1.41e-02	1.15e-01	2.64e-01	2.24e-01	3.64e-01	1.80e-02	2.48e-04
 2.80944e+23	5.84e-23	1.07e-18	3.45e-13	3.59e-09	3.66e-06	4.16e-04	1.41e-02	1.16e-01	2.64e-01	2.24e-01	3.64e-01	1.80e-02	2.47e-04
 2.83999e+23	5.89e-23	1.07e-18	3.47e-13	3.61e-09	3.68e-06	4.18e-04	1.42e-02	1.16e-01	2.64e-01	2.24e-01	3.63e-01	1.79e-02	2.45e-04
 2.87053e+23	5.97e-23	1.08e-18	3.50e-13	3.64e-09	3.70e-06	4.20e-04	1.42e-02	1.16e-01	2.65e-01	2.24e-01	3.62e-01	1.79e-02	2.44e-04
 2.90108e+23	6.03e-23	1.09e-18	3.52e-13	3.66e-09	3.73e-06	4.22e-04	1.43e-02	1.17e-01	2.65e-01	2.24e-01	3.62e-01	1.78e-02	2.42e-04
 2.93163e+23	6.07e-23	1.10e-18	3.54e-13	3.68e-09	3.74e-06	4.24e-04	1.43e-02	1.17e-01	2.65e-01	2.24e-01	3.61e-01	1.77e-02	2.42e-04
 2.96218e+23	6.09e-23	1.10e-18	3.54e-13	3.68e-09	3.75e-06	4.24e-04	1.44e-02	1.17e-01	2.65e-01	2.24e-01	3.61e-01	1.77e-02	2.41e-04
 2.99273e+23	6.13e-23	1.10e-18	3.56e-13	3.70e-09	3.76e-06	4.25e-04	1.44e-02	1.17e-01	2.65e-01	2.24e-01	3.61e-01	1.77e-02	2.41e-04
 3.02327e+23	6.14e-23	1.10e-18	3.56e-13	3.70e-09	3.77e-06	4.26e-04	1.44e-02	1.17e-01	2.66e-01	2.24e-01	3.60e-01	1.76e-02	2.40e-04
 3.04668e+23	6.39e-23	1.13e-18	3.64e-13	3.79e-09	3.85e-06	4.34e-04	1.46e-02	1.18e-01	2.67e-01	2.24e-01	3.58e-01	1.74e-02	2.35e-04
