#depth	N	N+	N+2	N+3	N+4	N+5	N+6	N+7
 6.17135e+19	0.00e+00	0.00e+00	3.05e-28	3.65e-21	8.76e-15	5.67e-09	9.68e-05	1.00e+00
 1.87609e+20	0.00e+00	0.00e+00	4.58e-28	5.04e-21	1.11e-14	6.64e-09	1.05e-04	1.00e+00
 3.18540e+20	0.00e+00	0.00e+00	6.86e-28	6.92e-21	1.40e-14	7.77e-09	1.14e-04	1.00e+00
 4.54709e+20	0.00e+00	0.00e+00	1.03e-27	9.52e-21	1.78e-14	9.10e-09	1.24e-04	1.00e+00
 5.74414e+20	0.00e+00	0.00e+00	1.45e-27	1.25e-20	2.17e-14	1.04e-08	1.33e-04	1.00e+00
 6.66526e+20	0.00e+00	0.00e+00	1.88e-27	1.53e-20	2.51e-14	1.15e-08	1.40e-04	1.00e+00
 7.48596e+20	0.00e+00	0.00e+00	2.35e-27	1.83e-20	2.86e-14	1.26e-08	1.47e-04	1.00e+00
 8.41157e+20	0.00e+00	0.00e+00	3.01e-27	2.22e-20	3.30e-14	1.38e-08	1.54e-04	1.00e+00
 9.61486e+20	0.00e+00	0.00e+00	4.12e-27	2.83e-20	3.94e-14	1.56e-08	1.64e-04	1.00e+00
 1.08400e+21	0.00e+00	0.00e+00	5.63e-27	3.63e-20	4.72e-14	1.76e-08	1.75e-04	1.00e+00
 1.18233e+21	0.00e+00	0.00e+00	7.23e-27	4.40e-20	5.42e-14	1.94e-08	1.84e-04	1.00e+00
 1.26938e+21	0.00e+00	0.00e+00	8.94e-27	5.19e-20	6.12e-14	2.11e-08	1.93e-04	1.00e+00
 1.36880e+21	0.00e+00	0.00e+00	1.13e-26	6.25e-20	6.99e-14	2.31e-08	2.03e-04	1.00e+00
 1.49805e+21	0.00e+00	0.00e+00	1.53e-26	7.90e-20	8.28e-14	2.59e-08	2.15e-04	1.00e+00
 1.63197e+21	0.00e+00	0.00e+00	2.09e-26	1.01e-19	9.85e-14	2.92e-08	2.30e-04	1.00e+00
 1.73932e+21	0.00e+00	0.00e+00	2.66e-26	1.21e-19	1.13e-13	3.20e-08	2.42e-04	1.00e+00
 1.84621e+21	0.00e+00	0.00e+00	3.36e-26	1.45e-19	1.28e-13	3.50e-08	2.54e-04	1.00e+00
 1.95991e+21	0.00e+00	0.00e+00	4.30e-26	1.76e-19	1.47e-13	3.84e-08	2.67e-04	1.00e+00
 2.05746e+21	0.00e+00	0.00e+00	5.29e-26	2.06e-19	1.64e-13	4.15e-08	2.79e-04	1.00e+00
 2.15925e+21	0.00e+00	0.00e+00	6.54e-26	2.42e-19	1.84e-13	4.50e-08	2.92e-04	1.00e+00
 2.27412e+21	0.00e+00	0.00e+00	8.28e-26	2.91e-19	2.10e-13	4.92e-08	3.07e-04	1.00e+00
 2.38233e+21	0.00e+00	0.00e+00	1.03e-25	3.44e-19	2.36e-13	5.34e-08	3.21e-04	1.00e+00
 2.48114e+21	0.00e+00	0.00e+00	1.25e-25	3.99e-19	2.62e-13	5.74e-08	3.35e-04	1.00e+00
 2.59137e+21	0.00e+00	0.00e+00	1.55e-25	4.70e-19	2.94e-13	6.23e-08	3.50e-04	1.00e+00
 2.71332e+21	0.00e+00	0.00e+00	1.96e-25	5.62e-19	3.33e-13	6.79e-08	3.68e-04	1.00e+00
 2.82560e+21	0.00e+00	0.00e+00	2.42e-25	6.60e-19	3.72e-13	7.35e-08	3.85e-04	1.00e+00
 2.93009e+21	0.00e+00	0.00e+00	2.93e-25	7.64e-19	4.12e-13	7.89e-08	4.02e-04	1.00e+00
 3.02927e+21	0.00e+00	0.00e+00	3.52e-25	8.76e-19	4.53e-13	8.44e-08	4.18e-04	1.00e+00
 3.12236e+21	0.00e+00	0.00e+00	4.16e-25	9.95e-19	4.94e-13	8.98e-08	4.33e-04	1.00e+00
 3.22766e+21	0.00e+00	0.00e+00	5.02e-25	1.15e-18	5.44e-13	9.62e-08	4.51e-04	1.00e+00
 3.34305e+21	0.00e+00	0.00e+00	6.15e-25	1.33e-18	6.04e-13	1.04e-07	4.71e-04	1.00e+00
 3.44778e+21	0.00e+00	0.00e+00	7.35e-25	1.53e-18	6.63e-13	1.11e-07	4.90e-04	1.00e+00
 3.56013e+21	0.00e+00	0.00e+00	8.90e-25	1.76e-18	7.30e-13	1.19e-07	5.11e-04	9.99e-01
 3.68068e+21	0.00e+00	0.00e+00	1.09e-24	2.05e-18	8.09e-13	1.28e-07	5.34e-04	9.99e-01
 3.78627e+21	0.00e+00	0.00e+00	1.30e-24	2.34e-18	8.83e-13	1.36e-07	5.55e-04	9.99e-01
 3.89789e+21	0.00e+00	0.00e+00	1.55e-24	2.67e-18	9.66e-13	1.45e-07	5.78e-04	9.99e-01
 4.02200e+21	0.00e+00	0.00e+00	1.89e-24	3.09e-18	1.07e-12	1.56e-07	6.03e-04	9.99e-01
 4.13776e+21	0.00e+00	0.00e+00	2.27e-24	3.55e-18	1.17e-12	1.67e-07	6.29e-04	9.99e-01
 4.23732e+21	0.00e+00	0.00e+00	2.66e-24	3.98e-18	1.26e-12	1.77e-07	6.51e-04	9.99e-01
 4.34040e+21	0.00e+00	0.00e+00	3.11e-24	4.47e-18	1.36e-12	1.87e-07	6.75e-04	9.99e-01
 4.45671e+21	0.00e+00	0.00e+00	3.71e-24	5.09e-18	1.48e-12	1.99e-07	7.02e-04	9.99e-01
 4.56652e+21	0.00e+00	0.00e+00	4.37e-24	5.74e-18	1.60e-12	2.11e-07	7.28e-04	9.99e-01
 4.66846e+21	0.00e+00	3.90e-31	5.08e-24	6.41e-18	1.72e-12	2.23e-07	7.54e-04	9.99e-01
 4.78384e+21	0.00e+00	4.81e-31	6.00e-24	7.24e-18	1.86e-12	2.37e-07	7.83e-04	9.99e-01
 4.90827e+21	0.00e+00	6.01e-31	7.16e-24	8.25e-18	2.03e-12	2.52e-07	8.15e-04	9.99e-01
 5.01875e+21	0.00e+00	7.37e-31	8.40e-24	9.26e-18	2.18e-12	2.67e-07	8.45e-04	9.99e-01
 5.11865e+21	0.00e+00	8.81e-31	9.65e-24	1.02e-17	2.33e-12	2.80e-07	8.73e-04	9.99e-01
 5.23046e+21	0.00e+00	1.07e-30	1.12e-23	1.15e-17	2.50e-12	2.96e-07	9.04e-04	9.99e-01
 5.37581e+21	0.00e+00	1.38e-30	1.37e-23	1.32e-17	2.73e-12	3.17e-07	9.47e-04	9.99e-01
 5.52218e+21	0.00e+00	1.77e-30	1.67e-23	1.52e-17	2.99e-12	3.40e-07	9.91e-04	9.99e-01
 5.63284e+21	0.00e+00	2.14e-30	1.93e-23	1.69e-17	3.20e-12	3.58e-07	1.03e-03	9.99e-01
 5.73967e+21	0.00e+00	2.55e-30	2.22e-23	1.87e-17	3.40e-12	3.76e-07	1.06e-03	9.99e-01
 5.87855e+21	0.00e+00	3.20e-30	2.65e-23	2.12e-17	3.68e-12	4.01e-07	1.10e-03	9.99e-01
 6.02305e+21	0.00e+00	4.05e-30	3.18e-23	2.42e-17	3.99e-12	4.28e-07	1.15e-03	9.99e-01
 6.14283e+21	0.00e+00	4.92e-30	3.70e-23	2.70e-17	4.27e-12	4.51e-07	1.19e-03	9.99e-01
 6.26653e+21	0.00e+00	5.97e-30	4.30e-23	3.01e-17	4.56e-12	4.76e-07	1.24e-03	9.99e-01
 6.42733e+21	0.00e+00	7.66e-30	5.22e-23	3.45e-17	4.96e-12	5.10e-07	1.30e-03	9.99e-01
 6.58515e+21	0.00e+00	9.80e-30	6.32e-23	3.96e-17	5.39e-12	5.45e-07	1.36e-03	9.99e-01
 6.70230e+21	0.00e+00	1.17e-29	7.26e-23	4.37e-17	5.72e-12	5.73e-07	1.40e-03	9.99e-01
 6.81780e+21	0.00e+00	1.39e-29	8.29e-23	4.80e-17	6.06e-12	6.01e-07	1.45e-03	9.99e-01
 6.96795e+21	0.00e+00	1.73e-29	9.84e-23	5.42e-17	6.52e-12	6.39e-07	1.51e-03	9.98e-01
 7.12717e+21	0.00e+00	2.19e-29	1.18e-22	6.17e-17	7.05e-12	6.81e-07	1.57e-03	9.98e-01
 7.26348e+21	0.00e+00	2.67e-29	1.37e-22	6.87e-17	7.52e-12	7.19e-07	1.63e-03	9.98e-01
 7.38501e+21	0.00e+00	3.17e-29	1.57e-22	7.55e-17	7.96e-12	7.55e-07	1.69e-03	9.98e-01
 7.52202e+21	0.00e+00	3.84e-29	1.82e-22	8.39e-17	8.48e-12	7.96e-07	1.75e-03	9.98e-01
 7.70013e+21	0.00e+00	4.90e-29	2.20e-22	9.60e-17	9.19e-12	8.53e-07	1.83e-03	9.98e-01
 7.87663e+21	0.00e+00	6.26e-29	2.66e-22	1.10e-16	9.96e-12	9.13e-07	1.91e-03	9.98e-01
 8.01057e+21	0.00e+00	7.50e-29	3.06e-22	1.21e-16	1.06e-11	9.61e-07	1.98e-03	9.98e-01
 8.14421e+21	0.00e+00	8.93e-29	3.51e-22	1.34e-16	1.12e-11	1.01e-06	2.04e-03	9.98e-01
 8.31794e+21	0.00e+00	1.12e-28	4.18e-22	1.51e-16	1.21e-11	1.08e-06	2.13e-03	9.98e-01
 8.50179e+21	0.00e+00	1.42e-28	5.04e-22	1.73e-16	1.31e-11	1.15e-06	2.22e-03	9.98e-01
 8.65597e+21	0.00e+00	1.73e-28	5.87e-22	1.93e-16	1.40e-11	1.22e-06	2.31e-03	9.98e-01
 8.79094e+21	0.00e+00	2.05e-28	6.70e-22	2.12e-16	1.48e-11	1.28e-06	2.38e-03	9.98e-01
 8.94375e+21	0.00e+00	2.48e-28	7.75e-22	2.35e-16	1.58e-11	1.35e-06	2.46e-03	9.98e-01
 9.14241e+21	0.00e+00	3.15e-28	9.36e-22	2.69e-16	1.72e-11	1.45e-06	2.57e-03	9.97e-01
 9.34548e+21	0.00e+00	4.04e-28	1.14e-21	3.09e-16	1.87e-11	1.56e-06	2.69e-03	9.97e-01
 9.50894e+21	0.00e+00	4.90e-28	1.32e-21	3.45e-16	2.00e-11	1.65e-06	2.79e-03	9.97e-01
 9.67608e+21	0.00e+00	5.94e-28	1.54e-21	3.85e-16	2.14e-11	1.75e-06	2.88e-03	9.97e-01
 9.89335e+21	0.00e+00	7.62e-28	1.87e-21	4.43e-16	2.33e-11	1.88e-06	3.02e-03	9.97e-01
 1.01202e+22	0.00e+00	9.87e-28	2.29e-21	5.14e-16	2.56e-11	2.03e-06	3.16e-03	9.97e-01
 1.03005e+22	0.00e+00	1.21e-27	2.68e-21	5.77e-16	2.75e-11	2.16e-06	3.27e-03	9.97e-01
 1.04523e+22	0.00e+00	1.43e-27	3.06e-21	6.35e-16	2.92e-11	2.27e-06	3.37e-03	9.97e-01
 1.06259e+22	0.00e+00	1.72e-27	3.54e-21	7.07e-16	3.13e-11	2.40e-06	3.49e-03	9.97e-01
 1.08515e+22	0.00e+00	2.18e-27	4.28e-21	8.12e-16	3.42e-11	2.58e-06	3.64e-03	9.96e-01
 1.10888e+22	0.00e+00	2.81e-27	5.23e-21	9.40e-16	3.76e-11	2.79e-06	3.80e-03	9.96e-01
 1.12894e+22	0.00e+00	3.46e-27	6.17e-21	1.06e-15	4.06e-11	2.97e-06	3.94e-03	9.96e-01
 1.14985e+22	0.00e+00	4.27e-27	7.29e-21	1.20e-15	4.40e-11	3.17e-06	4.09e-03	9.96e-01
 1.17703e+22	0.00e+00	5.60e-27	9.04e-21	1.41e-15	4.89e-11	3.45e-06	4.29e-03	9.96e-01
 1.20454e+22	0.00e+00	7.39e-27	1.13e-20	1.66e-15	5.43e-11	3.75e-06	4.49e-03	9.96e-01
 1.22537e+22	0.00e+00	9.06e-27	1.33e-20	1.87e-15	5.88e-11	4.00e-06	4.65e-03	9.95e-01
 1.24533e+22	0.00e+00	1.09e-26	1.54e-20	2.09e-15	6.33e-11	4.24e-06	4.81e-03	9.95e-01
 1.27128e+22	0.00e+00	1.39e-26	1.87e-20	2.42e-15	6.97e-11	4.57e-06	5.01e-03	9.95e-01
 1.29881e+22	0.00e+00	1.81e-26	2.30e-20	2.83e-15	7.73e-11	4.95e-06	5.24e-03	9.95e-01
 1.32234e+22	0.00e+00	2.24e-26	2.74e-20	3.22e-15	8.43e-11	5.30e-06	5.43e-03	9.95e-01
 1.34689e+22	0.00e+00	2.79e-26	3.26e-20	3.67e-15	9.21e-11	5.67e-06	5.64e-03	9.94e-01
 1.37881e+22	0.00e+00	3.70e-26	4.09e-20	4.36e-15	1.03e-10	6.19e-06	5.91e-03	9.94e-01
 1.41119e+22	0.00e+00	4.93e-26	5.16e-20	5.19e-15	1.16e-10	6.78e-06	6.20e-03	9.94e-01
 1.43690e+22	0.00e+00	6.16e-26	6.16e-20	5.94e-15	1.27e-10	7.26e-06	6.44e-03	9.94e-01
 1.45929e+22	0.00e+00	7.44e-26	7.18e-20	6.67e-15	1.38e-10	7.71e-06	6.64e-03	9.93e-01
 1.48464e+22	0.00e+00	9.19e-26	8.51e-20	7.58e-15	1.50e-10	8.23e-06	6.88e-03	9.93e-01
 1.51758e+22	0.00e+00	1.20e-25	1.06e-19	8.95e-15	1.68e-10	8.96e-06	7.19e-03	9.93e-01
 1.55148e+22	0.00e+00	1.59e-25	1.33e-19	1.06e-14	1.89e-10	9.78e-06	7.53e-03	9.92e-01
 1.57906e+22	0.00e+00	1.99e-25	1.59e-19	1.22e-14	2.08e-10	1.05e-05	7.81e-03	9.92e-01
 1.60737e+22	0.00e+00	2.48e-25	1.90e-19	1.40e-14	2.29e-10	1.12e-05	8.10e-03	9.92e-01
 1.64416e+22	0.00e+00	3.30e-25	2.40e-19	1.67e-14	2.58e-10	1.23e-05	8.48e-03	9.92e-01
 1.68232e+22	0.00e+00	4.45e-25	3.05e-19	2.01e-14	2.93e-10	1.35e-05	8.90e-03	9.91e-01
 1.71346e+22	0.00e+00	5.64e-25	3.70e-19	2.33e-14	3.25e-10	1.45e-05	9.25e-03	9.91e-01
 1.74517e+22	0.00e+00	7.12e-25	4.47e-19	2.69e-14	3.60e-10	1.56e-05	9.60e-03	9.90e-01
 1.78044e+22	0.00e+00	9.26e-25	5.54e-19	3.17e-14	4.03e-10	1.70e-05	1.00e-02	9.90e-01
 1.81277e+22	0.00e+00	1.17e-24	6.72e-19	3.68e-14	4.47e-10	1.83e-05	1.04e-02	9.90e-01
 1.84249e+22	0.00e+00	1.45e-24	8.00e-19	4.21e-14	4.91e-10	1.95e-05	1.08e-02	9.89e-01
 1.87637e+22	0.00e+00	1.83e-24	9.65e-19	4.87e-14	5.44e-10	2.10e-05	1.12e-02	9.89e-01
 1.92041e+22	0.00e+00	2.51e-24	1.25e-18	5.93e-14	6.24e-10	2.32e-05	1.17e-02	9.88e-01
 1.96446e+22	0.00e+00	3.43e-24	1.61e-18	7.23e-14	7.16e-10	2.55e-05	1.23e-02	9.88e-01
 1.99861e+22	0.00e+00	4.34e-24	1.95e-18	8.38e-14	7.95e-10	2.75e-05	1.28e-02	9.87e-01
 2.03311e+22	0.00e+00	5.47e-24	2.36e-18	9.69e-14	8.81e-10	2.95e-05	1.33e-02	9.87e-01
 2.07795e+22	4.75e-31	7.37e-24	3.01e-18	1.17e-13	1.01e-09	3.24e-05	1.39e-02	9.86e-01
 2.12197e+22	6.78e-31	9.95e-24	3.85e-18	1.42e-13	1.15e-09	3.55e-05	1.46e-02	9.85e-01
 2.15369e+22	8.69e-31	1.23e-23	4.57e-18	1.62e-13	1.26e-09	3.79e-05	1.50e-02	9.85e-01
 2.18368e+22	1.09e-30	1.49e-23	5.34e-18	1.83e-13	1.38e-09	4.02e-05	1.55e-02	9.84e-01
 2.22267e+22	1.47e-30	1.91e-23	6.56e-18	2.14e-13	1.54e-09	4.35e-05	1.61e-02	9.84e-01
 2.26558e+22	2.04e-30	2.52e-23	8.23e-18	2.56e-13	1.74e-09	4.73e-05	1.68e-02	9.83e-01
 2.30070e+22	2.66e-30	3.16e-23	9.92e-18	2.95e-13	1.93e-09	5.07e-05	1.74e-02	9.83e-01
 2.32726e+22	3.25e-30	3.74e-23	1.14e-17	3.29e-13	2.09e-09	5.34e-05	1.79e-02	9.82e-01
 2.35560e+22	4.00e-30	4.47e-23	1.32e-17	3.68e-13	2.26e-09	5.64e-05	1.83e-02	9.82e-01
 2.39243e+22	5.22e-30	5.59e-23	1.58e-17	4.25e-13	2.50e-09	6.04e-05	1.90e-02	9.81e-01
 2.42953e+22	6.89e-30	7.08e-23	1.92e-17	4.94e-13	2.78e-09	6.49e-05	1.97e-02	9.80e-01
 2.45758e+22	8.47e-30	8.43e-23	2.22e-17	5.52e-13	3.01e-09	6.85e-05	2.02e-02	9.80e-01
 2.48466e+22	1.03e-29	9.93e-23	2.54e-17	6.13e-13	3.24e-09	7.20e-05	2.07e-02	9.79e-01
 2.51987e+22	1.32e-29	1.23e-22	3.02e-17	7.02e-13	3.57e-09	7.68e-05	2.14e-02	9.79e-01
 2.55720e+22	1.73e-29	1.54e-22	3.65e-17	8.14e-13	3.96e-09	8.23e-05	2.21e-02	9.78e-01
 2.58830e+22	2.17e-29	1.87e-22	4.26e-17	9.19e-13	4.32e-09	8.72e-05	2.28e-02	9.77e-01
 2.61973e+22	2.69e-29	2.25e-22	4.97e-17	1.03e-12	4.69e-09	9.23e-05	2.34e-02	9.77e-01
 2.65462e+22	3.45e-29	2.77e-22	5.90e-17	1.18e-12	5.16e-09	9.83e-05	2.41e-02	9.76e-01
 2.68557e+22	4.30e-29	3.34e-22	6.88e-17	1.33e-12	5.62e-09	1.04e-04	2.48e-02	9.75e-01
 2.71243e+22	5.20e-29	3.92e-22	7.86e-17	1.48e-12	6.05e-09	1.09e-04	2.54e-02	9.74e-01
 2.74237e+22	6.37e-29	4.66e-22	9.05e-17	1.65e-12	6.54e-09	1.15e-04	2.61e-02	9.74e-01
 2.78129e+22	8.30e-29	5.84e-22	1.09e-16	1.91e-12	7.25e-09	1.23e-04	2.70e-02	9.73e-01
 2.82093e+22	1.10e-28	7.39e-22	1.32e-16	2.22e-12	8.07e-09	1.32e-04	2.79e-02	9.72e-01
 2.85176e+22	1.36e-28	8.86e-22	1.54e-16	2.50e-12	8.77e-09	1.40e-04	2.87e-02	9.71e-01
 2.88211e+22	1.66e-28	1.05e-21	1.77e-16	2.79e-12	9.49e-09	1.47e-04	2.94e-02	9.70e-01
 2.92157e+22	2.17e-28	1.32e-21	2.13e-16	3.23e-12	1.05e-08	1.57e-04	3.04e-02	9.69e-01
 2.96101e+22	2.84e-28	1.66e-21	2.58e-16	3.75e-12	1.17e-08	1.69e-04	3.14e-02	9.68e-01
 2.99072e+22	3.48e-28	1.97e-21	2.97e-16	4.18e-12	1.26e-08	1.77e-04	3.22e-02	9.68e-01
 3.01964e+22	4.20e-28	2.31e-21	3.39e-16	4.64e-12	1.36e-08	1.86e-04	3.30e-02	9.67e-01
 3.05723e+22	5.38e-28	2.85e-21	4.03e-16	5.31e-12	1.50e-08	1.98e-04	3.40e-02	9.66e-01
 3.09693e+22	7.02e-28	3.58e-21	4.86e-16	6.15e-12	1.66e-08	2.12e-04	3.52e-02	9.65e-01
 3.12992e+22	8.74e-28	4.31e-21	5.67e-16	6.94e-12	1.81e-08	2.24e-04	3.62e-02	9.64e-01
 3.16334e+22	1.08e-27	5.16e-21	6.58e-16	7.80e-12	1.96e-08	2.37e-04	3.71e-02	9.63e-01
 3.20680e+22	1.42e-27	6.53e-21	8.00e-16	9.08e-12	2.19e-08	2.54e-04	3.84e-02	9.61e-01
 3.25107e+22	1.90e-27	8.36e-21	9.81e-16	1.07e-11	2.45e-08	2.73e-04	3.98e-02	9.60e-01
 3.28554e+22	2.38e-27	1.01e-20	1.15e-15	1.21e-11	2.68e-08	2.89e-04	4.09e-02	9.59e-01
 3.31949e+22	2.95e-27	1.21e-20	1.33e-15	1.36e-11	2.91e-08	3.06e-04	4.20e-02	9.58e-01
 3.36363e+22	3.84e-27	1.52e-20	1.61e-15	1.57e-11	3.23e-08	3.27e-04	4.34e-02	9.56e-01
 3.41075e+22	5.15e-27	1.95e-20	1.98e-15	1.85e-11	3.62e-08	3.52e-04	4.50e-02	9.55e-01
 3.45020e+22	6.64e-27	2.42e-20	2.37e-15	2.13e-11	4.00e-08	3.76e-04	4.65e-02	9.53e-01
 3.48398e+22	8.03e-27	2.85e-20	2.71e-15	2.37e-11	4.32e-08	3.95e-04	4.76e-02	9.52e-01
 3.52194e+22	1.00e-26	3.44e-20	3.17e-15	2.68e-11	4.71e-08	4.18e-04	4.89e-02	9.51e-01
 3.57129e+22	1.33e-26	4.38e-20	3.88e-15	3.14e-11	5.27e-08	4.50e-04	5.06e-02	9.49e-01
 3.62158e+22	1.79e-26	5.64e-20	4.78e-15	3.70e-11	5.93e-08	4.85e-04	5.25e-02	9.47e-01
 3.66107e+22	2.25e-26	6.84e-20	5.62e-15	4.21e-11	6.49e-08	5.14e-04	5.40e-02	9.45e-01
 3.70038e+22	2.80e-26	8.26e-20	6.57e-15	4.76e-11	7.09e-08	5.45e-04	5.55e-02	9.44e-01
 3.75149e+22	3.65e-26	1.04e-19	7.93e-15	5.52e-11	7.88e-08	5.83e-04	5.74e-02	9.42e-01
 3.80722e+22	4.93e-26	1.34e-19	9.83e-15	6.55e-11	8.90e-08	6.31e-04	5.96e-02	9.40e-01
 3.85396e+22	6.37e-26	1.67e-19	1.18e-14	7.57e-11	9.86e-08	6.74e-04	6.15e-02	9.38e-01
 3.89190e+22	7.68e-26	1.96e-19	1.35e-14	8.41e-11	1.06e-07	7.08e-04	6.30e-02	9.36e-01
 3.93345e+22	9.44e-26	2.33e-19	1.56e-14	9.45e-11	1.16e-07	7.47e-04	6.47e-02	9.35e-01
 3.98746e+22	1.22e-25	2.91e-19	1.88e-14	1.09e-10	1.28e-07	8.00e-04	6.68e-02	9.32e-01
 4.04620e+22	1.63e-25	3.72e-19	2.31e-14	1.29e-10	1.44e-07	8.62e-04	6.92e-02	9.30e-01
 4.09737e+22	2.10e-25	4.62e-19	2.77e-14	1.49e-10	1.60e-07	9.22e-04	7.15e-02	9.28e-01
 4.14235e+22	2.55e-25	5.46e-19	3.18e-14	1.66e-10	1.73e-07	9.70e-04	7.32e-02	9.26e-01
 4.19302e+22	3.18e-25	6.59e-19	3.73e-14	1.89e-10	1.90e-07	1.03e-03	7.53e-02	9.24e-01
 4.25889e+22	4.21e-25	8.38e-19	4.56e-14	2.21e-10	2.13e-07	1.11e-03	7.80e-02	9.21e-01
 4.32846e+22	5.68e-25	1.09e-18	5.66e-14	2.63e-10	2.41e-07	1.20e-03	8.11e-02	9.18e-01
 4.38611e+22	7.29e-25	1.34e-18	6.77e-14	3.04e-10	2.67e-07	1.28e-03	8.36e-02	9.15e-01
 4.44428e+22	9.04e-25	1.62e-18	7.91e-14	3.44e-10	2.92e-07	1.36e-03	8.60e-02	9.13e-01
 4.51991e+22	1.21e-24	2.07e-18	9.73e-14	4.06e-10	3.29e-07	1.47e-03	8.92e-02	9.09e-01
 4.59797e+22	1.63e-24	2.68e-18	1.21e-13	4.83e-10	3.73e-07	1.59e-03	9.26e-02	9.06e-01
 4.65801e+22	2.04e-24	3.25e-18	1.42e-13	5.51e-10	4.10e-07	1.69e-03	9.53e-02	9.03e-01
 4.70721e+22	2.42e-24	3.77e-18	1.61e-13	6.08e-10	4.41e-07	1.77e-03	9.74e-02	9.01e-01
 4.76350e+22	2.94e-24	4.45e-18	1.85e-13	6.80e-10	4.78e-07	1.87e-03	9.99e-02	8.98e-01
 4.83667e+22	3.74e-24	5.47e-18	2.21e-13	7.82e-10	5.29e-07	1.99e-03	1.03e-01	8.95e-01
 4.91716e+22	4.90e-24	6.90e-18	2.68e-13	9.15e-10	5.92e-07	2.15e-03	1.07e-01	8.91e-01
 4.98877e+22	6.19e-24	8.44e-18	3.18e-13	1.05e-09	6.54e-07	2.29e-03	1.10e-01	8.88e-01
 5.05330e+22	7.56e-24	1.00e-17	3.68e-13	1.18e-09	7.12e-07	2.42e-03	1.13e-01	8.85e-01
 5.12701e+22	9.41e-24	1.21e-17	4.31e-13	1.34e-09	7.81e-07	2.56e-03	1.16e-01	8.82e-01
 5.22283e+22	1.24e-23	1.53e-17	5.26e-13	1.57e-09	8.78e-07	2.76e-03	1.20e-01	8.77e-01
 5.32393e+22	1.67e-23	1.98e-17	6.53e-13	1.87e-09	9.97e-07	3.00e-03	1.24e-01	8.73e-01
 5.40702e+22	2.12e-23	2.43e-17	7.76e-13	2.15e-09	1.10e-06	3.20e-03	1.28e-01	8.69e-01
 5.47620e+22	2.55e-23	2.86e-17	8.89e-13	2.40e-09	1.19e-06	3.37e-03	1.31e-01	8.65e-01
 5.55221e+22	3.11e-23	3.38e-17	1.03e-12	2.70e-09	1.30e-06	3.56e-03	1.35e-01	8.62e-01
 5.65103e+22	3.98e-23	4.18e-17	1.23e-12	3.12e-09	1.44e-06	3.80e-03	1.39e-01	8.57e-01
 5.75620e+22	5.22e-23	5.29e-17	1.50e-12	3.66e-09	1.62e-06	4.10e-03	1.44e-01	8.52e-01
 5.84141e+22	6.46e-23	6.36e-17	1.75e-12	4.15e-09	1.78e-06	4.35e-03	1.48e-01	8.48e-01
 5.91287e+22	7.62e-23	7.33e-17	1.97e-12	4.57e-09	1.91e-06	4.55e-03	1.51e-01	8.45e-01
 5.99473e+22	9.22e-23	8.64e-17	2.27e-12	5.11e-09	2.07e-06	4.79e-03	1.54e-01	8.41e-01
 6.10114e+22	1.16e-22	1.05e-16	2.67e-12	5.84e-09	2.28e-06	5.10e-03	1.59e-01	8.36e-01
 6.21874e+22	1.51e-22	1.32e-16	3.26e-12	6.85e-09	2.56e-06	5.49e-03	1.64e-01	8.30e-01
 6.31996e+22	1.89e-22	1.61e-16	3.83e-12	7.82e-09	2.83e-06	5.84e-03	1.69e-01	8.25e-01
 6.39932e+22	2.23e-22	1.85e-16	4.32e-12	8.61e-09	3.03e-06	6.11e-03	1.72e-01	8.22e-01
 6.48114e+22	2.63e-22	2.13e-16	4.87e-12	9.49e-09	3.25e-06	6.40e-03	1.76e-01	8.18e-01
 6.58751e+22	3.24e-22	2.55e-16	5.67e-12	1.07e-08	3.56e-06	6.77e-03	1.80e-01	8.13e-01
 6.70424e+22	4.06e-22	3.10e-16	6.68e-12	1.23e-08	3.92e-06	7.20e-03	1.85e-01	8.08e-01
 6.80582e+22	4.97e-22	3.69e-16	7.75e-12	1.38e-08	4.28e-06	7.62e-03	1.90e-01	8.03e-01
 6.89327e+22	5.83e-22	4.24e-16	8.72e-12	1.52e-08	4.59e-06	7.96e-03	1.94e-01	7.98e-01
 6.99097e+22	6.92e-22	4.91e-16	9.87e-12	1.68e-08	4.94e-06	8.34e-03	1.98e-01	7.94e-01
 7.11799e+22	8.58e-22	5.92e-16	1.16e-11	1.91e-08	5.43e-06	8.85e-03	2.03e-01	7.88e-01
 7.25625e+22	1.08e-21	7.24e-16	1.37e-11	2.19e-08	6.00e-06	9.43e-03	2.08e-01	7.82e-01
 7.37446e+22	1.33e-21	8.66e-16	1.60e-11	2.48e-08	6.57e-06	9.99e-03	2.14e-01	7.76e-01
 7.47508e+22	1.58e-21	1.00e-15	1.80e-11	2.74e-08	7.07e-06	1.05e-02	2.18e-01	7.72e-01
 7.58749e+22	1.86e-21	1.15e-15	2.03e-11	3.02e-08	7.58e-06	1.09e-02	2.22e-01	7.67e-01
 7.73361e+22	2.31e-21	1.39e-15	2.38e-11	3.43e-08	8.33e-06	1.16e-02	2.28e-01	7.61e-01
 7.88462e+22	2.90e-21	1.69e-15	2.81e-11	3.92e-08	9.18e-06	1.23e-02	2.34e-01	7.54e-01
 8.00261e+22	3.45e-21	1.96e-15	3.19e-11	4.35e-08	9.90e-06	1.29e-02	2.39e-01	7.49e-01
 8.11663e+22	4.06e-21	2.26e-15	3.59e-11	4.79e-08	1.06e-05	1.35e-02	2.43e-01	7.43e-01
 8.26484e+22	4.91e-21	2.66e-15	4.12e-11	5.35e-08	1.15e-05	1.42e-02	2.48e-01	7.37e-01
 8.43194e+22	6.12e-21	3.22e-15	4.85e-11	6.10e-08	1.27e-05	1.51e-02	2.55e-01	7.30e-01
 8.58269e+22	7.46e-21	3.82e-15	5.60e-11	6.85e-08	1.38e-05	1.59e-02	2.60e-01	7.24e-01
 8.71335e+22	8.80e-21	4.41e-15	6.31e-11	7.55e-08	1.48e-05	1.67e-02	2.65e-01	7.18e-01
 8.85881e+22	1.04e-20	5.09e-15	7.13e-11	8.33e-08	1.59e-05	1.74e-02	2.70e-01	7.13e-01
 9.04791e+22	1.29e-20	6.13e-15	8.33e-11	9.45e-08	1.75e-05	1.84e-02	2.76e-01	7.05e-01
 9.25721e+22	1.63e-20	7.49e-15	9.87e-11	1.08e-07	1.93e-05	1.96e-02	2.83e-01	6.97e-01
 9.44449e+22	2.02e-20	9.02e-15	1.16e-10	1.23e-07	2.12e-05	2.08e-02	2.90e-01	6.89e-01
 9.61244e+22	2.43e-20	1.06e-14	1.32e-10	1.37e-07	2.29e-05	2.18e-02	2.96e-01	6.82e-01
 9.80357e+22	2.92e-20	1.24e-14	1.51e-10	1.53e-07	2.48e-05	2.29e-02	3.01e-01	6.76e-01
 1.00520e+23	3.68e-20	1.51e-14	1.79e-10	1.75e-07	2.73e-05	2.44e-02	3.09e-01	6.67e-01
 1.03114e+23	4.75e-20	1.88e-14	2.15e-10	2.03e-07	3.05e-05	2.60e-02	3.17e-01	6.57e-01
 1.05167e+23	5.85e-20	2.26e-14	2.51e-10	2.30e-07	3.34e-05	2.75e-02	3.24e-01	6.49e-01
 1.07153e+23	6.90e-20	2.60e-14	2.82e-10	2.53e-07	3.57e-05	2.87e-02	3.29e-01	6.42e-01
 1.09735e+23	8.57e-20	3.13e-14	3.30e-10	2.87e-07	3.92e-05	3.04e-02	3.36e-01	6.34e-01
 1.13092e+23	1.10e-19	3.88e-14	3.96e-10	3.33e-07	4.36e-05	3.24e-02	3.44e-01	6.23e-01
 1.16682e+23	1.47e-19	5.00e-14	4.91e-10	3.96e-07	4.95e-05	3.50e-02	3.54e-01	6.11e-01
 1.19597e+23	1.88e-19	6.15e-14	5.85e-10	4.57e-07	5.49e-05	3.73e-02	3.62e-01	6.01e-01
 1.21966e+23	2.24e-19	7.19e-14	6.67e-10	5.08e-07	5.93e-05	3.90e-02	3.68e-01	5.93e-01
 1.24603e+23	2.65e-19	8.29e-14	7.52e-10	5.60e-07	6.36e-05	4.07e-02	3.74e-01	5.85e-01
 1.28030e+23	3.27e-19	9.95e-14	8.78e-10	6.35e-07	6.97e-05	4.30e-02	3.81e-01	5.76e-01
 1.31810e+23	4.19e-19	1.23e-13	1.05e-09	7.35e-07	7.75e-05	4.59e-02	3.89e-01	5.65e-01
 1.35088e+23	5.21e-19	1.49e-13	1.24e-09	8.38e-07	8.52e-05	4.85e-02	3.97e-01	5.55e-01
 1.37833e+23	6.15e-19	1.72e-13	1.40e-09	9.25e-07	9.16e-05	5.06e-02	4.02e-01	5.47e-01
 1.40846e+23	7.17e-19	1.96e-13	1.56e-09	1.01e-06	9.78e-05	5.27e-02	4.08e-01	5.40e-01
 1.44763e+23	8.67e-19	2.31e-13	1.80e-09	1.14e-06	1.06e-04	5.53e-02	4.14e-01	5.31e-01
 1.49855e+23	1.09e-18	2.81e-13	2.12e-09	1.30e-06	1.17e-04	5.86e-02	4.22e-01	5.20e-01
 1.55437e+23	1.43e-18	3.56e-13	2.60e-09	1.54e-06	1.32e-04	6.29e-02	4.31e-01	5.06e-01
 1.60103e+23	1.82e-18	4.40e-13	3.12e-09	1.79e-06	1.47e-04	6.70e-02	4.39e-01	4.94e-01
 1.63718e+23	2.13e-18	5.04e-13	3.50e-09	1.96e-06	1.58e-04	6.96e-02	4.44e-01	4.86e-01
 1.67521e+23	2.43e-18	5.65e-13	3.86e-09	2.13e-06	1.67e-04	7.21e-02	4.49e-01	4.79e-01
 1.72466e+23	2.86e-18	6.52e-13	4.37e-09	2.35e-06	1.80e-04	7.52e-02	4.54e-01	4.71e-01
 1.78828e+23	3.41e-18	7.60e-13	4.98e-09	2.62e-06	1.94e-04	7.86e-02	4.60e-01	4.61e-01
 1.86105e+23	4.25e-18	9.20e-13	5.87e-09	3.00e-06	2.15e-04	8.32e-02	4.67e-01	4.50e-01
 1.93399e+23	5.24e-18	1.10e-12	6.88e-09	3.42e-06	2.36e-04	8.78e-02	4.73e-01	4.39e-01
 2.00986e+23	6.21e-18	1.28e-12	7.81e-09	3.80e-06	2.54e-04	9.16e-02	4.78e-01	4.30e-01
 2.09149e+23	7.42e-18	1.50e-12	8.95e-09	4.26e-06	2.76e-04	9.60e-02	4.84e-01	4.20e-01
 2.17638e+23	8.70e-18	1.72e-12	1.01e-08	4.70e-06	2.97e-04	9.99e-02	4.89e-01	4.11e-01
 2.26142e+23	1.02e-17	1.97e-12	1.14e-08	5.20e-06	3.20e-04	1.04e-01	4.93e-01	4.02e-01
 2.34076e+23	1.16e-17	2.22e-12	1.26e-08	5.67e-06	3.40e-04	1.08e-01	4.97e-01	3.95e-01
 2.41216e+23	1.30e-17	2.44e-12	1.37e-08	6.07e-06	3.58e-04	1.11e-01	5.00e-01	3.89e-01
 2.47643e+23	1.41e-17	2.64e-12	1.47e-08	6.43e-06	3.73e-04	1.13e-01	5.02e-01	3.84e-01
 2.53427e+23	1.52e-17	2.81e-12	1.55e-08	6.72e-06	3.85e-04	1.15e-01	5.04e-01	3.80e-01
 2.58632e+23	1.61e-17	2.95e-12	1.62e-08	6.98e-06	3.96e-04	1.17e-01	5.06e-01	3.76e-01
 2.63317e+23	1.69e-17	3.08e-12	1.68e-08	7.20e-06	4.05e-04	1.19e-01	5.07e-01	3.74e-01
 2.67534e+23	1.75e-17	3.18e-12	1.73e-08	7.37e-06	4.12e-04	1.20e-01	5.08e-01	3.72e-01
 2.71328e+23	1.80e-17	3.27e-12	1.77e-08	7.52e-06	4.18e-04	1.21e-01	5.09e-01	3.70e-01
 2.74744e+23	1.85e-17	3.35e-12	1.81e-08	7.65e-06	4.24e-04	1.22e-01	5.10e-01	3.68e-01
 2.77889e+23	1.89e-17	3.41e-12	1.83e-08	7.75e-06	4.27e-04	1.22e-01	5.10e-01	3.67e-01
 2.80944e+23	1.91e-17	3.43e-12	1.85e-08	7.79e-06	4.29e-04	1.23e-01	5.10e-01	3.67e-01
 2.83999e+23	1.93e-17	3.47e-12	1.86e-08	7.86e-06	4.32e-04	1.23e-01	5.11e-01	3.66e-01
 2.87053e+23	1.95e-17	3.49e-12	1.87e-08	7.89e-06	4.33e-04	1.23e-01	5.11e-01	3.66e-01
 2.90108e+23	1.97e-17	3.53e-12	1.89e-08	7.96e-06	4.36e-04	1.24e-01	5.11e-01	3.65e-01
 2.93163e+23	1.98e-17	3.54e-12	1.90e-08	7.97e-06	4.36e-04	1.24e-01	5.11e-01	3.65e-01
 2.96218e+23	1.99e-17	3.56e-12	1.90e-08	8.00e-06	4.37e-04	1.24e-01	5.11e-01	3.64e-01
 2.99273e+23	1.99e-17	3.56e-12	1.91e-08	8.00e-06	4.37e-04	1.24e-01	5.11e-01	3.64e-01
 3.02327e+23	2.00e-17	3.58e-12	1.91e-08	8.04e-06	4.39e-04	1.24e-01	5.11e-01	3.64e-01
 3.04668e+23	2.07e-17	3.69e-12	1.97e-08	8.23e-06	4.47e-04	1.25e-01	5.12e-01	3.62e-01
