#depth	Ne	Ne+	Ne+2	Ne+3	Ne+4	Ne+5	Ne+6	Ne+7	Ne+8	Ne+9	Ne+10
 6.17135e+19	0.00e+00	0.00e+00	0.00e+00	0.00e+00	2.12e-27	8.94e-22	1.33e-16	8.69e-12	6.67e-07	1.56e-03	9.98e-01
 1.87609e+20	0.00e+00	0.00e+00	0.00e+00	0.00e+00	3.45e-27	1.34e-21	1.83e-16	1.10e-11	7.82e-07	1.69e-03	9.98e-01
 3.18540e+20	0.00e+00	0.00e+00	0.00e+00	0.00e+00	5.61e-27	2.00e-21	2.51e-16	1.39e-11	9.17e-07	1.83e-03	9.98e-01
 4.54709e+20	0.00e+00	0.00e+00	0.00e+00	0.00e+00	9.12e-27	2.99e-21	3.45e-16	1.75e-11	1.08e-06	1.99e-03	9.98e-01
 5.74414e+20	0.00e+00	0.00e+00	0.00e+00	0.00e+00	1.38e-26	4.22e-21	4.52e-16	2.14e-11	1.23e-06	2.13e-03	9.98e-01
 6.66526e+20	0.00e+00	0.00e+00	0.00e+00	0.00e+00	1.89e-26	5.45e-21	5.53e-16	2.48e-11	1.36e-06	2.25e-03	9.98e-01
 7.48596e+20	0.00e+00	0.00e+00	0.00e+00	0.00e+00	2.47e-26	6.81e-21	6.59e-16	2.82e-11	1.49e-06	2.35e-03	9.98e-01
 8.41157e+20	0.00e+00	0.00e+00	0.00e+00	0.00e+00	3.33e-26	8.70e-21	7.99e-16	3.25e-11	1.64e-06	2.48e-03	9.98e-01
 9.61486e+20	0.00e+00	0.00e+00	0.00e+00	0.00e+00	4.86e-26	1.19e-20	1.02e-15	3.89e-11	1.86e-06	2.64e-03	9.97e-01
 1.08400e+21	0.00e+00	0.00e+00	0.00e+00	0.00e+00	7.09e-26	1.62e-20	1.30e-15	4.65e-11	2.10e-06	2.81e-03	9.97e-01
 1.18233e+21	0.00e+00	0.00e+00	0.00e+00	0.00e+00	9.60e-26	2.08e-20	1.58e-15	5.35e-11	2.32e-06	2.96e-03	9.97e-01
 1.26938e+21	0.00e+00	0.00e+00	0.00e+00	0.00e+00	1.24e-25	2.57e-20	1.86e-15	6.03e-11	2.52e-06	3.09e-03	9.97e-01
 1.36880e+21	0.00e+00	0.00e+00	0.00e+00	0.00e+00	1.66e-25	3.25e-20	2.24e-15	6.89e-11	2.77e-06	3.25e-03	9.97e-01
 1.49805e+21	0.00e+00	0.00e+00	0.00e+00	0.00e+00	2.38e-25	4.38e-20	2.83e-15	8.18e-11	3.12e-06	3.45e-03	9.97e-01
 1.63197e+21	0.00e+00	0.00e+00	0.00e+00	3.97e-31	3.48e-25	5.98e-20	3.61e-15	9.73e-11	3.53e-06	3.68e-03	9.96e-01
 1.73932e+21	0.00e+00	0.00e+00	0.00e+00	5.61e-31	4.67e-25	7.60e-20	4.35e-15	1.11e-10	3.88e-06	3.87e-03	9.96e-01
 1.84621e+21	0.00e+00	0.00e+00	0.00e+00	7.86e-31	6.21e-25	9.60e-20	5.21e-15	1.27e-10	4.26e-06	4.06e-03	9.96e-01
 1.95991e+21	0.00e+00	0.00e+00	0.00e+00	1.12e-30	8.40e-25	1.23e-19	6.31e-15	1.46e-10	4.69e-06	4.27e-03	9.96e-01
 2.05746e+21	0.00e+00	0.00e+00	0.00e+00	1.52e-30	1.08e-24	1.51e-19	7.41e-15	1.63e-10	5.09e-06	4.46e-03	9.96e-01
 2.15925e+21	0.00e+00	0.00e+00	0.00e+00	2.06e-30	1.40e-24	1.87e-19	8.73e-15	1.84e-10	5.54e-06	4.66e-03	9.95e-01
 2.27412e+21	0.00e+00	0.00e+00	0.00e+00	2.91e-30	1.88e-24	2.37e-19	1.05e-14	2.10e-10	6.08e-06	4.90e-03	9.95e-01
 2.38233e+21	0.00e+00	0.00e+00	0.00e+00	4.00e-30	2.46e-24	2.95e-19	1.24e-14	2.37e-10	6.63e-06	5.12e-03	9.95e-01
 2.48114e+21	0.00e+00	0.00e+00	0.00e+00	5.32e-30	3.12e-24	3.59e-19	1.45e-14	2.64e-10	7.16e-06	5.34e-03	9.95e-01
 2.59137e+21	0.00e+00	0.00e+00	0.00e+00	7.31e-30	4.08e-24	4.46e-19	1.71e-14	2.97e-10	7.80e-06	5.58e-03	9.94e-01
 2.71332e+21	0.00e+00	0.00e+00	0.00e+00	1.03e-29	5.46e-24	5.66e-19	2.05e-14	3.39e-10	8.56e-06	5.86e-03	9.94e-01
 2.82560e+21	0.00e+00	0.00e+00	0.00e+00	1.41e-29	7.11e-24	7.02e-19	2.42e-14	3.81e-10	9.32e-06	6.13e-03	9.94e-01
 2.93009e+21	0.00e+00	0.00e+00	0.00e+00	1.88e-29	9.04e-24	8.53e-19	2.82e-14	4.24e-10	1.01e-05	6.39e-03	9.94e-01
 3.02927e+21	0.00e+00	0.00e+00	0.00e+00	2.46e-29	1.14e-23	1.03e-18	3.25e-14	4.70e-10	1.08e-05	6.64e-03	9.93e-01
 3.12236e+21	0.00e+00	0.00e+00	0.00e+00	3.16e-29	1.40e-23	1.22e-18	3.71e-14	5.16e-10	1.16e-05	6.88e-03	9.93e-01
 3.22766e+21	0.00e+00	0.00e+00	0.00e+00	4.20e-29	1.78e-23	1.48e-18	4.30e-14	5.72e-10	1.25e-05	7.16e-03	9.93e-01
 3.34305e+21	0.00e+00	0.00e+00	0.00e+00	5.70e-29	2.30e-23	1.83e-18	5.05e-14	6.41e-10	1.36e-05	7.48e-03	9.93e-01
 3.44778e+21	0.00e+00	0.00e+00	0.00e+00	7.48e-29	2.89e-23	2.20e-18	5.83e-14	7.10e-10	1.46e-05	7.77e-03	9.92e-01
 3.56013e+21	0.00e+00	0.00e+00	0.00e+00	1.00e-28	3.70e-23	2.68e-18	6.78e-14	7.90e-10	1.58e-05	8.10e-03	9.92e-01
 3.68068e+21	0.00e+00	0.00e+00	0.00e+00	1.36e-28	4.79e-23	3.31e-18	7.97e-14	8.86e-10	1.71e-05	8.45e-03	9.92e-01
 3.78627e+21	0.00e+00	0.00e+00	0.00e+00	1.78e-28	6.01e-23	3.98e-18	9.17e-14	9.78e-10	1.84e-05	8.78e-03	9.91e-01
 3.89789e+21	0.00e+00	0.00e+00	0.00e+00	2.36e-28	7.60e-23	4.81e-18	1.06e-13	1.08e-09	1.98e-05	9.13e-03	9.91e-01
 4.02200e+21	0.00e+00	0.00e+00	0.00e+00	3.19e-28	9.80e-23	5.92e-18	1.24e-13	1.21e-09	2.15e-05	9.53e-03	9.90e-01
 4.13776e+21	0.00e+00	0.00e+00	0.00e+00	4.26e-28	1.25e-22	7.22e-18	1.45e-13	1.35e-09	2.32e-05	9.92e-03	9.90e-01
 4.23732e+21	0.00e+00	0.00e+00	0.00e+00	5.44e-28	1.54e-22	8.53e-18	1.64e-13	1.48e-09	2.48e-05	1.03e-02	9.90e-01
 4.34040e+21	0.00e+00	0.00e+00	0.00e+00	6.97e-28	1.89e-22	1.01e-17	1.87e-13	1.62e-09	2.65e-05	1.06e-02	9.89e-01
 4.45671e+21	0.00e+00	0.00e+00	0.00e+00	9.22e-28	2.39e-22	1.22e-17	2.17e-13	1.79e-09	2.86e-05	1.10e-02	9.89e-01
 4.56652e+21	0.00e+00	0.00e+00	0.00e+00	1.20e-27	2.99e-22	1.46e-17	2.49e-13	1.97e-09	3.06e-05	1.15e-02	9.89e-01
 4.66846e+21	0.00e+00	0.00e+00	0.00e+00	1.53e-27	3.66e-22	1.73e-17	2.82e-13	2.16e-09	3.26e-05	1.18e-02	9.88e-01
 4.78384e+21	0.00e+00	0.00e+00	0.00e+00	1.99e-27	4.58e-22	2.07e-17	3.24e-13	2.38e-09	3.50e-05	1.23e-02	9.88e-01
 4.90827e+21	0.00e+00	0.00e+00	0.00e+00	2.64e-27	5.81e-22	2.51e-17	3.76e-13	2.65e-09	3.78e-05	1.28e-02	9.87e-01
 5.01875e+21	0.00e+00	0.00e+00	0.00e+00	3.44e-27	7.25e-22	3.01e-17	4.32e-13	2.91e-09	4.05e-05	1.32e-02	9.87e-01
 5.11865e+21	0.00e+00	0.00e+00	0.00e+00	4.32e-27	8.79e-22	3.52e-17	4.87e-13	3.17e-09	4.30e-05	1.37e-02	9.86e-01
 5.23046e+21	0.00e+00	0.00e+00	0.00e+00	5.56e-27	1.09e-21	4.18e-17	5.55e-13	3.48e-09	4.60e-05	1.41e-02	9.86e-01
 5.37581e+21	0.00e+00	0.00e+00	0.00e+00	7.69e-27	1.43e-21	5.23e-17	6.58e-13	3.93e-09	5.01e-05	1.48e-02	9.85e-01
 5.52218e+21	0.00e+00	0.00e+00	0.00e+00	1.07e-26	1.88e-21	6.55e-17	7.83e-13	4.44e-09	5.47e-05	1.55e-02	9.84e-01
 5.63284e+21	0.00e+00	0.00e+00	0.00e+00	1.36e-26	2.32e-21	7.75e-17	8.91e-13	4.86e-09	5.83e-05	1.60e-02	9.84e-01
 5.73967e+21	0.00e+00	0.00e+00	0.00e+00	1.72e-26	2.81e-21	9.09e-17	1.01e-12	5.30e-09	6.20e-05	1.65e-02	9.83e-01
 5.87855e+21	0.00e+00	0.00e+00	0.00e+00	2.32e-26	3.63e-21	1.12e-16	1.18e-12	5.93e-09	6.72e-05	1.72e-02	9.83e-01
 6.02305e+21	0.00e+00	0.00e+00	0.00e+00	3.18e-26	4.72e-21	1.39e-16	1.39e-12	6.67e-09	7.29e-05	1.79e-02	9.82e-01
 6.14283e+21	0.00e+00	0.00e+00	0.00e+00	4.10e-26	5.86e-21	1.65e-16	1.59e-12	7.34e-09	7.80e-05	1.85e-02	9.81e-01
 6.26653e+21	0.00e+00	0.00e+00	0.00e+00	5.31e-26	7.29e-21	1.98e-16	1.83e-12	8.10e-09	8.35e-05	1.92e-02	9.81e-01
 6.42733e+21	0.00e+00	0.00e+00	0.00e+00	7.41e-26	9.66e-21	2.49e-16	2.18e-12	9.18e-09	9.12e-05	2.01e-02	9.80e-01
 6.58515e+21	0.00e+00	0.00e+00	0.00e+00	1.03e-25	1.28e-20	3.13e-16	2.60e-12	1.04e-08	9.95e-05	2.10e-02	9.79e-01
 6.70230e+21	0.00e+00	0.00e+00	0.00e+00	1.31e-25	1.57e-20	3.69e-16	2.96e-12	1.14e-08	1.06e-04	2.16e-02	9.78e-01
 6.81780e+21	0.00e+00	0.00e+00	0.00e+00	1.65e-25	1.90e-20	4.33e-16	3.35e-12	1.25e-08	1.13e-04	2.23e-02	9.78e-01
 6.96795e+21	0.00e+00	0.00e+00	0.00e+00	2.23e-25	2.45e-20	5.34e-16	3.93e-12	1.40e-08	1.22e-04	2.32e-02	9.77e-01
 7.12717e+21	0.00e+00	0.00e+00	4.58e-31	3.07e-25	3.21e-20	6.65e-16	4.66e-12	1.58e-08	1.32e-04	2.42e-02	9.76e-01
 7.26348e+21	0.00e+00	0.00e+00	6.24e-31	4.01e-25	4.03e-20	8.01e-16	5.38e-12	1.75e-08	1.42e-04	2.51e-02	9.75e-01
 7.38501e+21	0.00e+00	0.00e+00	8.19e-31	5.06e-25	4.91e-20	9.43e-16	6.10e-12	1.91e-08	1.51e-04	2.58e-02	9.74e-01
 7.52202e+21	0.00e+00	0.00e+00	1.11e-30	6.57e-25	6.12e-20	1.13e-15	7.02e-12	2.12e-08	1.62e-04	2.67e-02	9.73e-01
 7.70013e+21	0.00e+00	0.00e+00	1.63e-30	9.17e-25	8.12e-20	1.43e-15	8.40e-12	2.41e-08	1.77e-04	2.79e-02	9.72e-01
 7.87663e+21	0.00e+00	0.00e+00	2.39e-30	1.28e-24	1.08e-19	1.80e-15	1.01e-11	2.74e-08	1.93e-04	2.91e-02	9.71e-01
 8.01057e+21	0.00e+00	0.00e+00	3.18e-30	1.64e-24	1.33e-19	2.14e-15	1.15e-11	3.02e-08	2.06e-04	3.01e-02	9.70e-01
 8.14421e+21	0.00e+00	0.00e+00	4.18e-30	2.07e-24	1.62e-19	2.52e-15	1.31e-11	3.31e-08	2.19e-04	3.10e-02	9.69e-01
 8.31794e+21	0.00e+00	0.00e+00	5.97e-30	2.82e-24	2.11e-19	3.13e-15	1.54e-11	3.73e-08	2.37e-04	3.23e-02	9.67e-01
 8.50179e+21	0.00e+00	0.00e+00	8.69e-30	3.91e-24	2.78e-19	3.93e-15	1.84e-11	4.24e-08	2.58e-04	3.37e-02	9.66e-01
 8.65597e+21	0.00e+00	0.00e+00	1.18e-29	5.10e-24	3.49e-19	4.73e-15	2.13e-11	4.71e-08	2.77e-04	3.49e-02	9.65e-01
 8.79094e+21	0.00e+00	0.00e+00	1.54e-29	6.41e-24	4.23e-19	5.55e-15	2.41e-11	5.16e-08	2.94e-04	3.59e-02	9.64e-01
 8.94375e+21	0.00e+00	0.00e+00	2.06e-29	8.25e-24	5.25e-19	6.63e-15	2.77e-11	5.70e-08	3.15e-04	3.71e-02	9.63e-01
 9.14241e+21	0.00e+00	0.00e+00	3.00e-29	1.14e-23	6.91e-19	8.32e-15	3.31e-11	6.48e-08	3.43e-04	3.87e-02	9.61e-01
 9.34548e+21	0.00e+00	0.00e+00	4.39e-29	1.59e-23	9.17e-19	1.05e-14	3.97e-11	7.39e-08	3.74e-04	4.04e-02	9.59e-01
 9.50894e+21	0.00e+00	0.00e+00	5.92e-29	2.06e-23	1.14e-18	1.26e-14	4.57e-11	8.19e-08	4.00e-04	4.17e-02	9.58e-01
 9.67608e+21	0.00e+00	0.00e+00	7.95e-29	2.66e-23	1.42e-18	1.51e-14	5.26e-11	9.06e-08	4.28e-04	4.31e-02	9.56e-01
 9.89335e+21	0.00e+00	0.00e+00	1.16e-28	3.69e-23	1.88e-18	1.90e-14	6.30e-11	1.03e-07	4.67e-04	4.50e-02	9.55e-01
 1.01202e+22	0.00e+00	0.00e+00	1.72e-28	5.20e-23	2.52e-18	2.42e-14	7.61e-11	1.18e-07	5.11e-04	4.70e-02	9.52e-01
 1.03005e+22	0.00e+00	0.00e+00	2.34e-28	6.78e-23	3.15e-18	2.92e-14	8.80e-11	1.32e-07	5.48e-04	4.86e-02	9.51e-01
 1.04523e+22	0.00e+00	0.00e+00	3.00e-28	8.42e-23	3.79e-18	3.40e-14	9.91e-11	1.44e-07	5.80e-04	5.00e-02	9.49e-01
 1.06259e+22	0.00e+00	0.00e+00	3.97e-28	1.07e-22	4.66e-18	4.03e-14	1.13e-10	1.58e-07	6.18e-04	5.16e-02	9.48e-01
 1.08515e+22	0.00e+00	0.00e+00	5.68e-28	1.46e-22	6.07e-18	5.02e-14	1.34e-10	1.79e-07	6.71e-04	5.37e-02	9.46e-01
 1.10888e+22	0.00e+00	0.00e+00	8.27e-28	2.03e-22	8.02e-18	6.32e-14	1.61e-10	2.04e-07	7.31e-04	5.59e-02	9.43e-01
 1.12894e+22	0.00e+00	0.00e+00	1.12e-27	2.65e-22	1.01e-17	7.64e-14	1.87e-10	2.28e-07	7.85e-04	5.79e-02	9.41e-01
 1.14985e+22	0.00e+00	0.00e+00	1.53e-27	3.46e-22	1.27e-17	9.23e-14	2.16e-10	2.54e-07	8.42e-04	5.99e-02	9.39e-01
 1.17703e+22	0.00e+00	0.00e+00	2.28e-27	4.88e-22	1.70e-17	1.18e-13	2.62e-10	2.91e-07	9.23e-04	6.26e-02	9.37e-01
 1.20454e+22	0.00e+00	0.00e+00	3.40e-27	6.92e-22	2.29e-17	1.51e-13	3.18e-10	3.36e-07	1.01e-03	6.54e-02	9.34e-01
 1.22537e+22	0.00e+00	0.00e+00	4.57e-27	8.94e-22	2.85e-17	1.81e-13	3.66e-10	3.72e-07	1.08e-03	6.75e-02	9.31e-01
 1.24533e+22	0.00e+00	0.00e+00	6.00e-27	1.13e-21	3.48e-17	2.13e-13	4.17e-10	4.09e-07	1.15e-03	6.96e-02	9.29e-01
 1.27128e+22	0.00e+00	0.00e+00	8.48e-27	1.53e-21	4.50e-17	2.64e-13	4.94e-10	4.63e-07	1.25e-03	7.23e-02	9.26e-01
 1.29881e+22	0.00e+00	0.00e+00	1.23e-26	2.11e-21	5.93e-17	3.32e-13	5.90e-10	5.27e-07	1.36e-03	7.53e-02	9.23e-01
 1.32234e+22	0.00e+00	0.00e+00	1.67e-26	2.76e-21	7.44e-17	4.01e-13	6.84e-10	5.87e-07	1.46e-03	7.79e-02	9.21e-01
 1.34689e+22	0.00e+00	0.00e+00	2.27e-26	3.60e-21	9.35e-17	4.85e-13	7.94e-10	6.54e-07	1.56e-03	8.05e-02	9.18e-01
 1.37881e+22	0.00e+00	0.00e+00	3.38e-26	5.08e-21	1.25e-16	6.19e-13	9.61e-10	7.52e-07	1.71e-03	8.41e-02	9.14e-01
 1.41119e+22	0.00e+00	0.00e+00	5.05e-26	7.21e-21	1.69e-16	7.94e-13	1.17e-09	8.67e-07	1.88e-03	8.78e-02	9.10e-01
 1.43690e+22	0.00e+00	0.00e+00	6.88e-26	9.43e-21	2.13e-16	9.60e-13	1.36e-09	9.67e-07	2.02e-03	9.08e-02	9.07e-01
 1.45929e+22	0.00e+00	0.00e+00	8.95e-26	1.18e-20	2.59e-16	1.13e-12	1.54e-09	1.06e-06	2.14e-03	9.34e-02	9.04e-01
 1.48464e+22	0.00e+00	0.00e+00	1.20e-25	1.52e-20	3.21e-16	1.35e-12	1.77e-09	1.17e-06	2.29e-03	9.64e-02	9.01e-01
 1.51758e+22	0.00e+00	0.00e+00	1.73e-25	2.11e-20	4.23e-16	1.70e-12	2.12e-09	1.34e-06	2.49e-03	1.00e-01	8.97e-01
 1.55148e+22	0.00e+00	0.00e+00	2.54e-25	2.94e-20	5.63e-16	2.15e-12	2.56e-09	1.53e-06	2.72e-03	1.05e-01	8.93e-01
 1.57906e+22	0.00e+00	0.00e+00	3.44e-25	3.82e-20	7.05e-16	2.59e-12	2.96e-09	1.71e-06	2.91e-03	1.08e-01	8.89e-01
 1.60737e+22	0.00e+00	4.70e-31	4.64e-25	4.96e-20	8.80e-16	3.12e-12	3.42e-09	1.90e-06	3.12e-03	1.11e-01	8.85e-01
 1.64416e+22	0.00e+00	7.27e-31	6.82e-25	6.92e-20	1.17e-15	3.96e-12	4.12e-09	2.17e-06	3.41e-03	1.16e-01	8.80e-01
 1.68232e+22	0.00e+00	1.15e-30	1.02e-24	9.81e-20	1.58e-15	5.07e-12	5.00e-09	2.50e-06	3.73e-03	1.21e-01	8.75e-01
 1.71346e+22	0.00e+00	1.64e-30	1.40e-24	1.29e-19	2.00e-15	6.17e-12	5.83e-09	2.80e-06	4.01e-03	1.25e-01	8.71e-01
 1.74517e+22	0.00e+00	2.33e-30	1.91e-24	1.69e-19	2.51e-15	7.47e-12	6.78e-09	3.12e-06	4.30e-03	1.29e-01	8.66e-01
 1.78044e+22	0.00e+00	3.46e-30	2.70e-24	2.29e-19	3.26e-15	9.27e-12	8.03e-09	3.53e-06	4.65e-03	1.34e-01	8.61e-01
 1.81277e+22	0.00e+00	4.95e-30	3.70e-24	3.01e-19	4.12e-15	1.13e-11	9.35e-09	3.94e-06	5.00e-03	1.39e-01	8.56e-01
 1.84249e+22	0.00e+00	6.80e-30	4.90e-24	3.84e-19	5.07e-15	1.34e-11	1.07e-08	4.35e-06	5.32e-03	1.43e-01	8.52e-01
 1.87637e+22	0.00e+00	9.58e-30	6.62e-24	5.00e-19	6.35e-15	1.61e-11	1.24e-08	4.84e-06	5.70e-03	1.47e-01	8.47e-01
 1.92041e+22	0.00e+00	1.53e-29	1.00e-23	7.14e-19	8.62e-15	2.08e-11	1.51e-08	5.59e-06	6.25e-03	1.53e-01	8.40e-01
 1.96446e+22	0.00e+00	2.42e-29	1.50e-23	1.02e-18	1.17e-14	2.68e-11	1.84e-08	6.44e-06	6.85e-03	1.60e-01	8.33e-01
 1.99861e+22	0.00e+00	3.42e-29	2.03e-23	1.32e-18	1.46e-14	3.23e-11	2.14e-08	7.17e-06	7.33e-03	1.65e-01	8.28e-01
 2.03311e+22	0.00e+00	4.78e-29	2.73e-23	1.71e-18	1.82e-14	3.88e-11	2.46e-08	7.95e-06	7.83e-03	1.70e-01	8.22e-01
 2.07795e+22	0.00e+00	7.38e-29	4.00e-23	2.39e-18	2.42e-14	4.91e-11	2.97e-08	9.09e-06	8.53e-03	1.76e-01	8.15e-01
 2.12197e+22	0.00e+00	1.14e-28	5.87e-23	3.33e-18	3.22e-14	6.23e-11	3.57e-08	1.04e-05	9.28e-03	1.83e-01	8.08e-01
 2.15369e+22	0.00e+00	1.54e-28	7.65e-23	4.19e-18	3.93e-14	7.35e-11	4.06e-08	1.14e-05	9.85e-03	1.88e-01	8.02e-01
 2.18368e+22	0.00e+00	2.03e-28	9.75e-23	5.17e-18	4.70e-14	8.53e-11	4.57e-08	1.24e-05	1.04e-02	1.92e-01	7.97e-01
 2.22267e+22	0.00e+00	2.90e-28	1.34e-22	6.80e-18	5.95e-14	1.04e-10	5.32e-08	1.39e-05	1.11e-02	1.98e-01	7.91e-01
 2.26558e+22	0.00e+00	4.30e-28	1.89e-22	9.21e-18	7.71e-14	1.29e-10	6.30e-08	1.56e-05	1.20e-02	2.05e-01	7.83e-01
 2.30070e+22	0.00e+00	5.94e-28	2.51e-22	1.18e-17	9.52e-14	1.54e-10	7.23e-08	1.73e-05	1.28e-02	2.11e-01	7.77e-01
 2.32726e+22	0.00e+00	7.53e-28	3.10e-22	1.41e-17	1.11e-13	1.75e-10	8.01e-08	1.86e-05	1.34e-02	2.15e-01	7.72e-01
 2.35560e+22	0.00e+00	9.66e-28	3.86e-22	1.71e-17	1.31e-13	2.00e-10	8.90e-08	2.00e-05	1.41e-02	2.19e-01	7.67e-01
 2.39243e+22	0.00e+00	1.32e-27	5.10e-22	2.18e-17	1.61e-13	2.38e-10	1.02e-07	2.21e-05	1.50e-02	2.25e-01	7.60e-01
 2.42953e+22	0.00e+00	1.84e-27	6.81e-22	2.80e-17	2.00e-13	2.85e-10	1.17e-07	2.44e-05	1.59e-02	2.31e-01	7.53e-01
 2.45758e+22	0.00e+00	2.35e-27	8.43e-22	3.37e-17	2.35e-13	3.26e-10	1.30e-07	2.63e-05	1.67e-02	2.36e-01	7.48e-01
 2.48466e+22	0.00e+00	2.95e-27	1.03e-21	4.01e-17	2.73e-13	3.69e-10	1.43e-07	2.82e-05	1.74e-02	2.40e-01	7.43e-01
 2.51987e+22	0.00e+00	3.94e-27	1.33e-21	5.02e-17	3.30e-13	4.33e-10	1.62e-07	3.08e-05	1.84e-02	2.46e-01	7.36e-01
 2.55720e+22	0.00e+00	5.41e-27	1.76e-21	6.40e-17	4.07e-13	5.15e-10	1.86e-07	3.40e-05	1.96e-02	2.52e-01	7.29e-01
 2.58830e+22	0.00e+00	7.02e-27	2.22e-21	7.81e-17	4.83e-13	5.94e-10	2.08e-07	3.68e-05	2.06e-02	2.57e-01	7.23e-01
 2.61973e+22	0.00e+00	9.05e-27	2.77e-21	9.48e-17	5.70e-13	6.83e-10	2.32e-07	3.97e-05	2.16e-02	2.62e-01	7.16e-01
 2.65462e+22	0.00e+00	1.20e-26	3.56e-21	1.18e-16	6.88e-13	7.99e-10	2.62e-07	4.34e-05	2.28e-02	2.68e-01	7.09e-01
 2.68557e+22	0.00e+00	1.55e-26	4.45e-21	1.43e-16	8.13e-13	9.18e-10	2.92e-07	4.69e-05	2.39e-02	2.73e-01	7.03e-01
 2.71243e+22	0.00e+00	1.93e-26	5.39e-21	1.69e-16	9.38e-13	1.03e-09	3.21e-07	5.01e-05	2.49e-02	2.77e-01	6.98e-01
 2.74237e+22	0.00e+00	2.43e-26	6.62e-21	2.02e-16	1.09e-12	1.18e-09	3.54e-07	5.37e-05	2.60e-02	2.82e-01	6.92e-01
 2.78129e+22	0.00e+00	3.29e-26	8.64e-21	2.55e-16	1.33e-12	1.39e-09	4.03e-07	5.89e-05	2.75e-02	2.89e-01	6.84e-01
 2.82093e+22	0.00e+00	4.51e-26	1.14e-20	3.25e-16	1.64e-12	1.65e-09	4.62e-07	6.49e-05	2.92e-02	2.95e-01	6.75e-01
 2.85176e+22	0.00e+00	5.74e-26	1.41e-20	3.90e-16	1.93e-12	1.89e-09	5.13e-07	6.98e-05	3.05e-02	3.01e-01	6.69e-01
 2.88211e+22	0.00e+00	7.22e-26	1.73e-20	4.65e-16	2.24e-12	2.14e-09	5.66e-07	7.48e-05	3.18e-02	3.06e-01	6.63e-01
 2.92157e+22	0.00e+00	9.71e-26	2.24e-20	5.84e-16	2.73e-12	2.52e-09	6.43e-07	8.19e-05	3.37e-02	3.12e-01	6.54e-01
 2.96101e+22	0.00e+00	1.32e-25	2.93e-20	7.38e-16	3.34e-12	2.99e-09	7.34e-07	8.99e-05	3.56e-02	3.19e-01	6.46e-01
 2.99072e+22	0.00e+00	1.65e-25	3.57e-20	8.76e-16	3.87e-12	3.38e-09	8.08e-07	9.62e-05	3.71e-02	3.24e-01	6.39e-01
 3.01964e+22	0.00e+00	2.03e-25	4.30e-20	1.03e-15	4.45e-12	3.80e-09	8.85e-07	1.03e-04	3.86e-02	3.28e-01	6.33e-01
 3.05723e+22	0.00e+00	2.67e-25	5.48e-20	1.27e-15	5.33e-12	4.42e-09	9.96e-07	1.11e-04	4.06e-02	3.34e-01	6.25e-01
 3.09693e+22	0.00e+00	3.58e-25	7.09e-20	1.59e-15	6.47e-12	5.21e-09	1.13e-06	1.22e-04	4.28e-02	3.41e-01	6.16e-01
 3.12992e+22	0.00e+00	4.56e-25	8.77e-20	1.91e-15	7.60e-12	5.96e-09	1.26e-06	1.31e-04	4.47e-02	3.46e-01	6.09e-01
 3.16334e+22	0.00e+00	5.75e-25	1.08e-19	2.29e-15	8.86e-12	6.78e-09	1.39e-06	1.41e-04	4.67e-02	3.52e-01	6.01e-01
 3.20680e+22	0.00e+00	7.78e-25	1.41e-19	2.88e-15	1.08e-11	8.02e-09	1.59e-06	1.54e-04	4.93e-02	3.59e-01	5.92e-01
 3.25107e+22	0.00e+00	1.07e-24	1.86e-19	3.68e-15	1.34e-11	9.57e-09	1.82e-06	1.70e-04	5.22e-02	3.66e-01	5.82e-01
 3.28554e+22	5.05e-31	1.36e-24	2.30e-19	4.42e-15	1.57e-11	1.10e-08	2.02e-06	1.83e-04	5.45e-02	3.71e-01	5.74e-01
 3.31949e+22	6.52e-31	1.71e-24	2.81e-19	5.28e-15	1.83e-11	1.25e-08	2.24e-06	1.96e-04	5.69e-02	3.76e-01	5.67e-01
 3.36363e+22	8.95e-31	2.27e-24	3.61e-19	6.57e-15	2.21e-11	1.46e-08	2.53e-06	2.14e-04	5.99e-02	3.83e-01	5.57e-01
 3.41075e+22	1.27e-30	3.10e-24	4.77e-19	8.37e-15	2.73e-11	1.74e-08	2.91e-06	2.36e-04	6.33e-02	3.90e-01	5.47e-01
 3.45020e+22	1.71e-30	4.06e-24	6.05e-19	1.03e-14	3.27e-11	2.03e-08	3.28e-06	2.56e-04	6.65e-02	3.96e-01	5.37e-01
 3.48398e+22	2.15e-30	4.98e-24	7.25e-19	1.21e-14	3.75e-11	2.28e-08	3.59e-06	2.73e-04	6.89e-02	4.00e-01	5.30e-01
 3.52194e+22	2.79e-30	6.30e-24	8.93e-19	1.45e-14	4.38e-11	2.60e-08	3.98e-06	2.93e-04	7.19e-02	4.06e-01	5.22e-01
 3.57129e+22	3.89e-30	8.49e-24	1.16e-18	1.82e-14	5.36e-11	3.08e-08	4.54e-06	3.21e-04	7.58e-02	4.12e-01	5.12e-01
 3.62158e+22	5.50e-30	1.16e-23	1.53e-18	2.32e-14	6.61e-11	3.68e-08	5.22e-06	3.53e-04	8.01e-02	4.19e-01	5.00e-01
 3.66107e+22	7.16e-30	1.47e-23	1.89e-18	2.78e-14	7.75e-11	4.21e-08	5.80e-06	3.80e-04	8.36e-02	4.24e-01	4.92e-01
 3.70038e+22	9.22e-30	1.85e-23	2.32e-18	3.32e-14	9.05e-11	4.79e-08	6.42e-06	4.08e-04	8.70e-02	4.29e-01	4.83e-01
 3.75149e+22	1.26e-29	2.44e-23	2.96e-18	4.12e-14	1.09e-10	5.61e-08	7.26e-06	4.44e-04	9.14e-02	4.35e-01	4.73e-01
 3.80722e+22	1.77e-29	3.33e-23	3.90e-18	5.25e-14	1.35e-10	6.70e-08	8.35e-06	4.89e-04	9.65e-02	4.41e-01	4.62e-01
 3.85396e+22	2.37e-29	4.33e-23	4.93e-18	6.44e-14	1.61e-10	7.80e-08	9.41e-06	5.31e-04	1.01e-01	4.47e-01	4.52e-01
 3.89190e+22	2.94e-29	5.25e-23	5.86e-18	7.49e-14	1.84e-10	8.71e-08	1.03e-05	5.64e-04	1.05e-01	4.50e-01	4.45e-01
 3.93345e+22	3.72e-29	6.49e-23	7.07e-18	8.82e-14	2.12e-10	9.82e-08	1.13e-05	6.02e-04	1.08e-01	4.54e-01	4.36e-01
 3.98746e+22	5.00e-29	8.47e-23	8.96e-18	1.09e-13	2.54e-10	1.14e-07	1.27e-05	6.53e-04	1.14e-01	4.59e-01	4.26e-01
 4.04620e+22	6.90e-29	1.13e-22	1.16e-17	1.36e-13	3.09e-10	1.35e-07	1.45e-05	7.15e-04	1.19e-01	4.65e-01	4.15e-01
 4.09737e+22	9.16e-29	1.46e-22	1.46e-17	1.66e-13	3.68e-10	1.57e-07	1.63e-05	7.75e-04	1.25e-01	4.69e-01	4.05e-01
 4.14235e+22	1.14e-28	1.79e-22	1.75e-17	1.94e-13	4.22e-10	1.76e-07	1.78e-05	8.24e-04	1.29e-01	4.73e-01	3.98e-01
 4.19302e+22	1.47e-28	2.24e-22	2.13e-17	2.32e-13	4.91e-10	2.00e-07	1.97e-05	8.83e-04	1.34e-01	4.76e-01	3.89e-01
 4.25889e+22	2.01e-28	2.98e-22	2.75e-17	2.89e-13	5.96e-10	2.35e-07	2.24e-05	9.64e-04	1.41e-01	4.81e-01	3.78e-01
 4.32846e+22	2.80e-28	4.03e-22	3.60e-17	3.67e-13	7.34e-10	2.80e-07	2.57e-05	1.06e-03	1.48e-01	4.85e-01	3.66e-01
 4.38611e+22	3.69e-28	5.17e-22	4.49e-17	4.45e-13	8.69e-10	3.24e-07	2.88e-05	1.14e-03	1.54e-01	4.88e-01	3.56e-01
 4.44428e+22	4.70e-28	6.44e-22	5.47e-17	5.28e-13	1.01e-09	3.67e-07	3.17e-05	1.22e-03	1.60e-01	4.91e-01	3.48e-01
 4.51991e+22	6.46e-28	8.59e-22	7.08e-17	6.62e-13	1.23e-09	4.33e-07	3.61e-05	1.34e-03	1.68e-01	4.95e-01	3.36e-01
 4.59797e+22	9.00e-28	1.16e-21	9.26e-17	8.38e-13	1.51e-09	5.15e-07	4.14e-05	1.47e-03	1.76e-01	4.98e-01	3.25e-01
 4.65801e+22	1.16e-27	1.46e-21	1.13e-16	1.00e-12	1.76e-09	5.87e-07	4.59e-05	1.57e-03	1.82e-01	5.00e-01	3.16e-01
 4.70721e+22	1.39e-27	1.73e-21	1.32e-16	1.14e-12	1.98e-09	6.47e-07	4.95e-05	1.65e-03	1.87e-01	5.01e-01	3.09e-01
 4.76350e+22	1.73e-27	2.09e-21	1.57e-16	1.33e-12	2.25e-09	7.22e-07	5.40e-05	1.75e-03	1.93e-01	5.03e-01	3.02e-01
 4.83667e+22	2.25e-27	2.67e-21	1.95e-16	1.61e-12	2.66e-09	8.29e-07	6.01e-05	1.89e-03	2.01e-01	5.05e-01	2.93e-01
 4.91716e+22	3.02e-27	3.48e-21	2.47e-16	1.98e-12	3.19e-09	9.66e-07	6.78e-05	2.05e-03	2.09e-01	5.06e-01	2.83e-01
 4.98877e+22	3.90e-27	4.40e-21	3.05e-16	2.38e-12	3.74e-09	1.10e-06	7.53e-05	2.20e-03	2.17e-01	5.07e-01	2.74e-01
 5.05330e+22	4.86e-27	5.36e-21	3.64e-16	2.78e-12	4.27e-09	1.24e-06	8.22e-05	2.33e-03	2.23e-01	5.08e-01	2.67e-01
 5.12701e+22	6.16e-27	6.66e-21	4.42e-16	3.29e-12	4.95e-09	1.40e-06	9.06e-05	2.49e-03	2.31e-01	5.08e-01	2.59e-01
 5.22283e+22	8.32e-27	8.75e-21	5.64e-16	4.07e-12	5.96e-09	1.63e-06	1.02e-04	2.70e-03	2.40e-01	5.08e-01	2.49e-01
 5.32393e+22	1.15e-26	1.17e-20	7.33e-16	5.12e-12	7.28e-09	1.93e-06	1.17e-04	2.94e-03	2.51e-01	5.08e-01	2.38e-01
 5.40702e+22	1.48e-26	1.48e-20	9.03e-16	6.15e-12	8.53e-09	2.21e-06	1.29e-04	3.16e-03	2.59e-01	5.07e-01	2.30e-01
 5.47620e+22	1.81e-26	1.78e-20	1.06e-15	7.10e-12	9.66e-09	2.45e-06	1.40e-04	3.33e-03	2.66e-01	5.07e-01	2.24e-01
 5.55221e+22	2.25e-26	2.16e-20	1.27e-15	8.26e-12	1.10e-08	2.73e-06	1.53e-04	3.53e-03	2.73e-01	5.06e-01	2.17e-01
 5.65103e+22	2.93e-26	2.75e-20	1.57e-15	9.98e-12	1.30e-08	3.13e-06	1.70e-04	3.78e-03	2.83e-01	5.05e-01	2.09e-01
 5.75620e+22	3.92e-26	3.58e-20	1.99e-15	1.23e-11	1.55e-08	3.64e-06	1.91e-04	4.09e-03	2.93e-01	5.03e-01	2.00e-01
 5.84141e+22	4.93e-26	4.42e-20	2.41e-15	1.45e-11	1.79e-08	4.10e-06	2.09e-04	4.35e-03	3.02e-01	5.01e-01	1.93e-01
 5.91287e+22	5.89e-26	5.19e-20	2.78e-15	1.64e-11	2.00e-08	4.49e-06	2.24e-04	4.55e-03	3.08e-01	4.99e-01	1.88e-01
 5.99473e+22	7.21e-26	6.24e-20	3.28e-15	1.90e-11	2.26e-08	4.99e-06	2.43e-04	4.80e-03	3.16e-01	4.97e-01	1.82e-01
 6.10114e+22	9.22e-26	7.81e-20	4.01e-15	2.26e-11	2.63e-08	5.64e-06	2.68e-04	5.12e-03	3.25e-01	4.95e-01	1.75e-01
 6.21874e+22	1.22e-25	1.01e-19	5.05e-15	2.76e-11	3.13e-08	6.54e-06	3.00e-04	5.52e-03	3.36e-01	4.91e-01	1.67e-01
 6.31996e+22	1.55e-25	1.25e-19	6.13e-15	3.28e-11	3.63e-08	7.39e-06	3.30e-04	5.87e-03	3.45e-01	4.88e-01	1.60e-01
 6.39932e+22	1.85e-25	1.47e-19	7.07e-15	3.71e-11	4.04e-08	8.07e-06	3.53e-04	6.14e-03	3.52e-01	4.86e-01	1.56e-01
 6.48114e+22	2.20e-25	1.72e-19	8.16e-15	4.20e-11	4.50e-08	8.83e-06	3.78e-04	6.42e-03	3.59e-01	4.83e-01	1.51e-01
 6.58751e+22	2.74e-25	2.11e-19	9.76e-15	4.91e-11	5.15e-08	9.88e-06	4.12e-04	6.79e-03	3.68e-01	4.80e-01	1.45e-01
 6.70424e+22	3.49e-25	2.63e-19	1.19e-14	5.83e-11	5.96e-08	1.12e-05	4.53e-04	7.22e-03	3.78e-01	4.76e-01	1.39e-01
 6.80582e+22	4.30e-25	3.18e-19	1.41e-14	6.78e-11	6.79e-08	1.24e-05	4.92e-04	7.62e-03	3.86e-01	4.72e-01	1.34e-01
 6.89327e+22	5.10e-25	3.71e-19	1.62e-14	7.65e-11	7.54e-08	1.36e-05	5.26e-04	7.95e-03	3.93e-01	4.68e-01	1.30e-01
 6.99097e+22	6.12e-25	4.38e-19	1.88e-14	8.70e-11	8.42e-08	1.49e-05	5.64e-04	8.32e-03	4.01e-01	4.65e-01	1.26e-01
 7.11799e+22	7.67e-25	5.39e-19	2.26e-14	1.02e-10	9.67e-08	1.67e-05	6.16e-04	8.80e-03	4.10e-01	4.60e-01	1.20e-01
 7.25625e+22	9.86e-25	6.76e-19	2.77e-14	1.22e-10	1.13e-07	1.89e-05	6.77e-04	9.36e-03	4.20e-01	4.55e-01	1.15e-01
 7.37446e+22	1.22e-24	8.23e-19	3.31e-14	1.42e-10	1.29e-07	2.11e-05	7.36e-04	9.88e-03	4.29e-01	4.50e-01	1.10e-01
 7.47508e+22	1.45e-24	9.64e-19	3.82e-14	1.61e-10	1.43e-07	2.30e-05	7.88e-04	1.03e-02	4.37e-01	4.46e-01	1.06e-01
 7.58749e+22	1.74e-24	1.13e-18	4.41e-14	1.83e-10	1.59e-07	2.51e-05	8.42e-04	1.08e-02	4.44e-01	4.42e-01	1.03e-01
 7.73361e+22	2.19e-24	1.40e-18	5.32e-14	2.15e-10	1.83e-07	2.82e-05	9.18e-04	1.14e-02	4.53e-01	4.37e-01	9.80e-02
 7.88462e+22	2.78e-24	1.74e-18	6.46e-14	2.55e-10	2.12e-07	3.17e-05	1.00e-03	1.20e-02	4.63e-01	4.31e-01	9.34e-02
 8.00261e+22	3.34e-24	2.06e-18	7.51e-14	2.90e-10	2.37e-07	3.48e-05	1.08e-03	1.26e-02	4.70e-01	4.26e-01	8.99e-02
 8.11663e+22	3.95e-24	2.39e-18	8.61e-14	3.27e-10	2.62e-07	3.79e-05	1.15e-03	1.31e-02	4.78e-01	4.21e-01	8.67e-02
 8.26484e+22	4.85e-24	2.89e-18	1.02e-13	3.77e-10	2.96e-07	4.18e-05	1.24e-03	1.37e-02	4.86e-01	4.16e-01	8.31e-02
 8.43194e+22	6.13e-24	3.57e-18	1.23e-13	4.45e-10	3.41e-07	4.69e-05	1.35e-03	1.45e-02	4.95e-01	4.10e-01	7.91e-02
 8.58269e+22	7.58e-24	4.33e-18	1.46e-13	5.17e-10	3.87e-07	5.21e-05	1.46e-03	1.52e-02	5.04e-01	4.04e-01	7.56e-02
 8.71335e+22	9.02e-24	5.07e-18	1.68e-13	5.84e-10	4.29e-07	5.67e-05	1.55e-03	1.58e-02	5.11e-01	3.99e-01	7.28e-02
 8.85881e+22	1.08e-23	5.97e-18	1.94e-13	6.62e-10	4.78e-07	6.18e-05	1.66e-03	1.65e-02	5.18e-01	3.94e-01	7.00e-02
 9.04791e+22	1.36e-23	7.34e-18	2.34e-13	7.76e-10	5.47e-07	6.90e-05	1.80e-03	1.74e-02	5.27e-01	3.88e-01	6.66e-02
 9.25721e+22	1.74e-23	9.22e-18	2.87e-13	9.26e-10	6.35e-07	7.79e-05	1.97e-03	1.83e-02	5.36e-01	3.80e-01	6.30e-02
 9.44449e+22	2.18e-23	1.13e-17	3.44e-13	1.08e-09	7.27e-07	8.70e-05	2.14e-03	1.93e-02	5.45e-01	3.74e-01	5.98e-02
 9.61244e+22	2.64e-23	1.35e-17	4.02e-13	1.24e-09	8.16e-07	9.56e-05	2.29e-03	2.02e-02	5.53e-01	3.68e-01	5.72e-02
 9.80357e+22	3.23e-23	1.61e-17	4.72e-13	1.43e-09	9.17e-07	1.05e-04	2.46e-03	2.10e-02	5.60e-01	3.62e-01	5.47e-02
 1.00520e+23	4.13e-23	2.02e-17	5.76e-13	1.69e-09	1.06e-06	1.18e-04	2.68e-03	2.22e-02	5.69e-01	3.54e-01	5.16e-02
 1.03114e+23	5.43e-23	2.59e-17	7.19e-13	2.05e-09	1.25e-06	1.35e-04	2.95e-03	2.35e-02	5.79e-01	3.46e-01	4.84e-02
 1.05167e+23	6.67e-23	3.13e-17	8.53e-13	2.38e-09	1.42e-06	1.50e-04	3.20e-03	2.47e-02	5.87e-01	3.39e-01	4.59e-02
 1.07153e+23	7.99e-23	3.68e-17	9.84e-13	2.69e-09	1.57e-06	1.63e-04	3.40e-03	2.56e-02	5.93e-01	3.34e-01	4.40e-02
 1.09735e+23	9.99e-23	4.51e-17	1.18e-12	3.16e-09	1.80e-06	1.81e-04	3.68e-03	2.69e-02	6.01e-01	3.27e-01	4.16e-02
 1.13092e+23	1.30e-22	5.74e-17	1.46e-12	3.80e-09	2.10e-06	2.06e-04	4.04e-03	2.84e-02	6.10e-01	3.18e-01	3.89e-02
 1.16682e+23	1.75e-22	7.53e-17	1.87e-12	4.70e-09	2.52e-06	2.39e-04	4.51e-03	3.04e-02	6.20e-01	3.09e-01	3.60e-02
 1.19597e+23	2.23e-22	9.39e-17	2.28e-12	5.58e-09	2.93e-06	2.69e-04	4.93e-03	3.21e-02	6.28e-01	3.01e-01	3.37e-02
 1.21966e+23	2.68e-22	1.11e-16	2.66e-12	6.37e-09	3.27e-06	2.95e-04	5.27e-03	3.34e-02	6.35e-01	2.95e-01	3.20e-02
 1.24603e+23	3.18e-22	1.30e-16	3.06e-12	7.19e-09	3.63e-06	3.20e-04	5.60e-03	3.46e-02	6.40e-01	2.89e-01	3.06e-02
 1.28030e+23	3.93e-22	1.58e-16	3.64e-12	8.37e-09	4.13e-06	3.56e-04	6.05e-03	3.62e-02	6.47e-01	2.82e-01	2.88e-02
 1.31810e+23	5.01e-22	1.98e-16	4.45e-12	9.98e-09	4.80e-06	4.02e-04	6.62e-03	3.82e-02	6.54e-01	2.74e-01	2.68e-02
 1.35088e+23	6.20e-22	2.41e-16	5.32e-12	1.17e-08	5.49e-06	4.49e-04	7.18e-03	4.01e-02	6.61e-01	2.66e-01	2.52e-02
 1.37833e+23	7.28e-22	2.79e-16	6.09e-12	1.31e-08	6.07e-06	4.87e-04	7.62e-03	4.16e-02	6.66e-01	2.61e-01	2.39e-02
 1.40846e+23	8.45e-22	3.20e-16	6.89e-12	1.46e-08	6.65e-06	5.25e-04	8.05e-03	4.29e-02	6.70e-01	2.56e-01	2.29e-02
 1.44763e+23	1.01e-21	3.79e-16	8.03e-12	1.67e-08	7.46e-06	5.76e-04	8.62e-03	4.47e-02	6.75e-01	2.49e-01	2.16e-02
 1.49855e+23	1.25e-21	4.62e-16	9.62e-12	1.95e-08	8.55e-06	6.44e-04	9.36e-03	4.70e-02	6.81e-01	2.42e-01	2.01e-02
 1.55437e+23	1.61e-21	5.85e-16	1.19e-11	2.36e-08	1.01e-05	7.38e-04	1.03e-02	4.98e-02	6.88e-01	2.33e-01	1.85e-02
 1.60103e+23	1.99e-21	7.16e-16	1.44e-11	2.79e-08	1.17e-05	8.32e-04	1.13e-02	5.25e-02	6.94e-01	2.25e-01	1.71e-02
 1.63718e+23	2.31e-21	8.23e-16	1.63e-11	3.11e-08	1.28e-05	8.98e-04	1.20e-02	5.43e-02	6.97e-01	2.20e-01	1.63e-02
 1.67521e+23	2.59e-21	9.18e-16	1.81e-11	3.40e-08	1.38e-05	9.57e-04	1.25e-02	5.58e-02	7.00e-01	2.15e-01	1.56e-02
 1.72466e+23	3.00e-21	1.05e-15	2.05e-11	3.81e-08	1.53e-05	1.04e-03	1.33e-02	5.78e-02	7.03e-01	2.10e-01	1.47e-02
 1.78828e+23	3.51e-21	1.22e-15	2.36e-11	4.30e-08	1.70e-05	1.13e-03	1.42e-02	6.00e-02	7.07e-01	2.04e-01	1.39e-02
 1.86105e+23	4.23e-21	1.46e-15	2.79e-11	4.99e-08	1.93e-05	1.26e-03	1.53e-02	6.29e-02	7.10e-01	1.97e-01	1.29e-02
 1.93399e+23	5.03e-21	1.73e-15	3.26e-11	5.74e-08	2.19e-05	1.40e-03	1.65e-02	6.57e-02	7.14e-01	1.91e-01	1.20e-02
 2.00986e+23	5.84e-21	2.00e-15	3.73e-11	6.45e-08	2.42e-05	1.52e-03	1.76e-02	6.81e-02	7.16e-01	1.85e-01	1.13e-02
 2.09149e+23	6.71e-21	2.29e-15	4.25e-11	7.26e-08	2.69e-05	1.66e-03	1.87e-02	7.08e-02	7.19e-01	1.80e-01	1.05e-02
 2.17638e+23	7.66e-21	2.60e-15	4.80e-11	8.08e-08	2.96e-05	1.79e-03	1.98e-02	7.32e-02	7.21e-01	1.75e-01	9.96e-03
 2.26142e+23	8.59e-21	2.92e-15	5.36e-11	8.95e-08	3.24e-05	1.94e-03	2.10e-02	7.57e-02	7.22e-01	1.70e-01	9.38e-03
 2.34076e+23	9.47e-21	3.23e-15	5.91e-11	9.77e-08	3.51e-05	2.07e-03	2.20e-02	7.80e-02	7.24e-01	1.65e-01	8.91e-03
 2.41216e+23	1.03e-20	3.52e-15	6.41e-11	1.05e-07	3.74e-05	2.18e-03	2.29e-02	7.98e-02	7.24e-01	1.62e-01	8.55e-03
 2.47643e+23	1.10e-20	3.74e-15	6.82e-11	1.11e-07	3.94e-05	2.28e-03	2.37e-02	8.13e-02	7.25e-01	1.59e-01	8.25e-03
 2.53427e+23	1.16e-20	3.96e-15	7.20e-11	1.17e-07	4.11e-05	2.36e-03	2.43e-02	8.25e-02	7.26e-01	1.57e-01	8.04e-03
 2.58632e+23	1.21e-20	4.12e-15	7.49e-11	1.21e-07	4.25e-05	2.43e-03	2.48e-02	8.36e-02	7.26e-01	1.56e-01	7.85e-03
 2.63317e+23	1.26e-20	4.30e-15	7.78e-11	1.25e-07	4.38e-05	2.49e-03	2.52e-02	8.44e-02	7.26e-01	1.54e-01	7.71e-03
 2.67534e+23	1.29e-20	4.40e-15	7.98e-11	1.28e-07	4.47e-05	2.53e-03	2.55e-02	8.51e-02	7.26e-01	1.53e-01	7.59e-03
 2.71328e+23	1.32e-20	4.50e-15	8.16e-11	1.31e-07	4.55e-05	2.57e-03	2.58e-02	8.56e-02	7.26e-01	1.52e-01	7.50e-03
 2.74744e+23	1.35e-20	4.60e-15	8.33e-11	1.33e-07	4.63e-05	2.60e-03	2.61e-02	8.61e-02	7.27e-01	1.51e-01	7.42e-03
 2.77889e+23	1.37e-20	4.67e-15	8.45e-11	1.35e-07	4.68e-05	2.63e-03	2.63e-02	8.65e-02	7.27e-01	1.51e-01	7.36e-03
 2.80944e+23	1.39e-20	4.72e-15	8.53e-11	1.36e-07	4.71e-05	2.64e-03	2.63e-02	8.66e-02	7.27e-01	1.50e-01	7.34e-03
 2.83999e+23	1.39e-20	4.75e-15	8.58e-11	1.37e-07	4.74e-05	2.66e-03	2.64e-02	8.69e-02	7.27e-01	1.50e-01	7.30e-03
 2.87053e+23	1.41e-20	4.80e-15	8.66e-11	1.38e-07	4.77e-05	2.67e-03	2.65e-02	8.70e-02	7.27e-01	1.50e-01	7.28e-03
 2.90108e+23	1.41e-20	4.82e-15	8.72e-11	1.39e-07	4.80e-05	2.68e-03	2.66e-02	8.72e-02	7.27e-01	1.49e-01	7.24e-03
 2.93163e+23	1.42e-20	4.85e-15	8.76e-11	1.39e-07	4.81e-05	2.69e-03	2.67e-02	8.73e-02	7.27e-01	1.49e-01	7.24e-03
 2.96218e+23	1.42e-20	4.85e-15	8.77e-11	1.40e-07	4.83e-05	2.70e-03	2.67e-02	8.74e-02	7.27e-01	1.49e-01	7.22e-03
 2.99273e+23	1.43e-20	4.88e-15	8.81e-11	1.40e-07	4.83e-05	2.70e-03	2.67e-02	8.74e-02	7.27e-01	1.49e-01	7.22e-03
 3.02327e+23	1.43e-20	4.88e-15	8.82e-11	1.40e-07	4.85e-05	2.70e-03	2.68e-02	8.75e-02	7.27e-01	1.49e-01	7.20e-03
 3.04668e+23	1.46e-20	5.01e-15	9.04e-11	1.44e-07	4.95e-05	2.75e-03	2.71e-02	8.82e-02	7.27e-01	1.48e-01	7.09e-03
