#depth	S	S+	S+2	S+3	S+4	S+5	S+6	S+7	S+8	S+9	S+10	S+11	S+12	S+13	S+14	S+15	S+16
 6.17135e+19	0.00e+00	0.00e+00	0.00e+00	0.00e+00	0.00e+00	0.00e+00	0.00e+00	9.64e-29	2.23e-24	1.84e-20	7.01e-17	1.33e-13	1.90e-10	2.01e-07	3.87e-04	3.57e-02	9.64e-01
 1.87609e+20	0.00e+00	0.00e+00	0.00e+00	0.00e+00	0.00e+00	0.00e+00	0.00e+00	2.01e-28	4.28e-24	3.25e-20	1.14e-16	2.00e-13	2.63e-10	2.56e-07	4.54e-04	3.86e-02	9.61e-01
 3.18540e+20	0.00e+00	0.00e+00	0.00e+00	0.00e+00	0.00e+00	0.00e+00	0.00e+00	4.16e-28	8.18e-24	5.74e-20	1.86e-16	2.99e-13	3.63e-10	3.26e-07	5.32e-04	4.18e-02	9.58e-01
 4.54709e+20	0.00e+00	0.00e+00	0.00e+00	0.00e+00	0.00e+00	0.00e+00	0.00e+00	8.65e-28	1.57e-23	1.01e-19	3.03e-16	4.50e-13	5.03e-10	4.16e-07	6.25e-04	4.52e-02	9.54e-01
 5.74414e+20	0.00e+00	0.00e+00	0.00e+00	0.00e+00	0.00e+00	0.00e+00	0.00e+00	1.62e-27	2.73e-23	1.65e-19	4.61e-16	6.37e-13	6.63e-10	5.12e-07	7.16e-04	4.83e-02	9.51e-01
 6.66526e+20	0.00e+00	0.00e+00	0.00e+00	0.00e+00	0.00e+00	0.00e+00	0.00e+00	2.58e-27	4.14e-23	2.37e-19	6.29e-16	8.26e-13	8.16e-10	5.97e-07	7.93e-04	5.07e-02	9.48e-01
 7.48596e+20	0.00e+00	0.00e+00	0.00e+00	0.00e+00	0.00e+00	0.00e+00	0.00e+00	3.88e-27	5.95e-23	3.25e-19	8.25e-16	1.04e-12	9.77e-10	6.84e-07	8.67e-04	5.30e-02	9.46e-01
 8.41157e+20	0.00e+00	0.00e+00	0.00e+00	0.00e+00	0.00e+00	0.00e+00	0.00e+00	6.08e-27	8.87e-23	4.62e-19	1.11e-15	1.33e-12	1.19e-09	7.93e-07	9.57e-04	5.56e-02	9.43e-01
 9.61486e+20	0.00e+00	0.00e+00	0.00e+00	0.00e+00	0.00e+00	0.00e+00	0.00e+00	1.07e-26	1.46e-22	7.16e-19	1.62e-15	1.82e-12	1.53e-09	9.57e-07	1.08e-03	5.90e-02	9.40e-01
 1.08400e+21	0.00e+00	0.00e+00	0.00e+00	0.00e+00	0.00e+00	0.00e+00	0.00e+00	1.89e-26	2.43e-22	1.11e-18	2.38e-15	2.50e-12	1.97e-09	1.15e-06	1.22e-03	6.26e-02	9.36e-01
 1.18233e+21	0.00e+00	0.00e+00	0.00e+00	0.00e+00	0.00e+00	0.00e+00	0.00e+00	2.98e-26	3.64e-22	1.59e-18	3.22e-15	3.23e-12	2.41e-09	1.34e-06	1.35e-03	6.57e-02	9.33e-01
 1.26938e+21	0.00e+00	0.00e+00	0.00e+00	0.00e+00	0.00e+00	0.00e+00	0.00e+00	4.39e-26	5.13e-22	2.15e-18	4.17e-15	4.00e-12	2.86e-09	1.53e-06	1.47e-03	6.84e-02	9.30e-01
 1.36880e+21	0.00e+00	0.00e+00	0.00e+00	0.00e+00	0.00e+00	0.00e+00	2.18e-30	6.76e-26	7.54e-22	3.01e-18	5.57e-15	5.10e-12	3.47e-09	1.76e-06	1.62e-03	7.15e-02	9.27e-01
 1.49805e+21	0.00e+00	0.00e+00	0.00e+00	0.00e+00	0.00e+00	0.00e+00	4.00e-30	1.17e-25	1.23e-21	4.60e-18	8.02e-15	6.91e-12	4.42e-09	2.11e-06	1.82e-03	7.57e-02	9.22e-01
 1.63197e+21	0.00e+00	0.00e+00	0.00e+00	0.00e+00	0.00e+00	0.00e+00	7.54e-30	2.06e-25	2.03e-21	7.16e-18	1.17e-14	9.50e-12	5.69e-09	2.55e-06	2.06e-03	8.03e-02	9.18e-01
 1.73932e+21	0.00e+00	0.00e+00	0.00e+00	0.00e+00	0.00e+00	0.00e+00	1.23e-29	3.20e-25	3.00e-21	1.01e-17	1.58e-14	1.21e-11	6.91e-09	2.94e-06	2.26e-03	8.40e-02	9.14e-01
 1.84621e+21	0.00e+00	0.00e+00	0.00e+00	0.00e+00	0.00e+00	0.00e+00	1.97e-29	4.90e-25	4.39e-21	1.40e-17	2.09e-14	1.54e-11	8.34e-09	3.39e-06	2.48e-03	8.78e-02	9.10e-01
 1.95991e+21	0.00e+00	0.00e+00	0.00e+00	0.00e+00	0.00e+00	0.00e+00	3.26e-29	7.71e-25	6.56e-21	2.00e-17	2.84e-14	1.99e-11	1.02e-08	3.93e-06	2.73e-03	9.19e-02	9.05e-01
 2.05746e+21	0.00e+00	0.00e+00	0.00e+00	0.00e+00	0.00e+00	0.00e+00	4.96e-29	1.12e-24	9.17e-21	2.68e-17	3.65e-14	2.45e-11	1.21e-08	4.46e-06	2.96e-03	9.55e-02	9.02e-01
 2.15925e+21	0.00e+00	0.00e+00	0.00e+00	0.00e+00	0.00e+00	0.00e+00	7.64e-29	1.66e-24	1.30e-20	3.63e-17	4.74e-14	3.05e-11	1.43e-08	5.07e-06	3.22e-03	9.94e-02	8.97e-01
 2.27412e+21	0.00e+00	0.00e+00	0.00e+00	0.00e+00	0.00e+00	0.00e+00	1.24e-28	2.56e-24	1.91e-20	5.09e-17	6.34e-14	3.89e-11	1.74e-08	5.85e-06	3.54e-03	1.04e-01	8.93e-01
 2.38233e+21	0.00e+00	0.00e+00	0.00e+00	0.00e+00	0.00e+00	0.00e+00	1.93e-28	3.81e-24	2.72e-20	6.94e-17	8.28e-14	4.86e-11	2.07e-08	6.67e-06	3.86e-03	1.08e-01	8.88e-01
 2.48114e+21	0.00e+00	0.00e+00	0.00e+00	0.00e+00	0.00e+00	0.00e+00	2.87e-28	5.46e-24	3.73e-20	9.17e-17	1.05e-13	5.94e-11	2.43e-08	7.51e-06	4.16e-03	1.12e-01	8.84e-01
 2.59137e+21	0.00e+00	0.00e+00	0.00e+00	0.00e+00	0.00e+00	0.00e+00	4.46e-28	8.11e-24	5.31e-20	1.25e-16	1.37e-13	7.42e-11	2.90e-08	8.56e-06	4.53e-03	1.17e-01	8.79e-01
 2.71332e+21	0.00e+00	0.00e+00	0.00e+00	0.00e+00	0.00e+00	0.00e+00	7.18e-28	1.25e-23	7.78e-20	1.75e-16	1.83e-13	9.44e-11	3.51e-08	9.87e-06	4.97e-03	1.22e-01	8.73e-01
 2.82560e+21	0.00e+00	0.00e+00	0.00e+00	0.00e+00	0.00e+00	0.00e+00	1.11e-27	1.84e-23	1.10e-19	2.37e-16	2.38e-13	1.18e-10	4.17e-08	1.12e-05	5.40e-03	1.26e-01	8.68e-01
 2.93009e+21	0.00e+00	0.00e+00	0.00e+00	0.00e+00	0.00e+00	0.00e+00	1.64e-27	2.62e-23	1.51e-19	3.12e-16	3.02e-13	1.43e-10	4.88e-08	1.26e-05	5.83e-03	1.31e-01	8.63e-01
 3.02927e+21	0.00e+00	0.00e+00	0.00e+00	0.00e+00	0.00e+00	0.00e+00	2.39e-27	3.67e-23	2.03e-19	4.05e-16	3.79e-13	1.73e-10	5.67e-08	1.41e-05	6.26e-03	1.35e-01	8.59e-01
 3.12236e+21	0.00e+00	0.00e+00	0.00e+00	0.00e+00	0.00e+00	0.00e+00	3.36e-27	5.00e-23	2.68e-19	5.16e-16	4.66e-13	2.06e-10	6.50e-08	1.56e-05	6.69e-03	1.39e-01	8.54e-01
 3.22766e+21	0.00e+00	0.00e+00	0.00e+00	0.00e+00	0.00e+00	0.00e+00	4.96e-27	7.09e-23	3.65e-19	6.78e-16	5.90e-13	2.51e-10	7.60e-08	1.75e-05	7.20e-03	1.44e-01	8.49e-01
 3.34305e+21	0.00e+00	0.00e+00	0.00e+00	0.00e+00	0.00e+00	0.00e+00	7.52e-27	1.03e-22	5.10e-19	9.08e-16	7.60e-13	3.11e-10	8.98e-08	1.98e-05	7.80e-03	1.49e-01	8.43e-01
 3.44778e+21	0.00e+00	0.00e+00	0.00e+00	0.00e+00	0.00e+00	0.00e+00	1.09e-26	1.44e-22	6.86e-19	1.18e-15	9.50e-13	3.75e-10	1.04e-07	2.21e-05	8.37e-03	1.54e-01	8.37e-01
 3.56013e+21	0.00e+00	0.00e+00	0.00e+00	0.00e+00	0.00e+00	0.00e+00	1.61e-26	2.05e-22	9.40e-19	1.55e-15	1.21e-12	4.58e-10	1.22e-07	2.49e-05	9.02e-03	1.60e-01	8.31e-01
 3.68068e+21	0.00e+00	0.00e+00	0.00e+00	0.00e+00	0.00e+00	0.00e+00	2.44e-26	2.98e-22	1.31e-18	2.08e-15	1.56e-12	5.66e-10	1.44e-07	2.82e-05	9.76e-03	1.65e-01	8.25e-01
 3.78627e+21	0.00e+00	0.00e+00	0.00e+00	0.00e+00	0.00e+00	0.00e+00	3.50e-26	4.13e-22	1.75e-18	2.68e-15	1.94e-12	6.80e-10	1.67e-07	3.14e-05	1.05e-02	1.70e-01	8.19e-01
 3.89789e+21	0.00e+00	0.00e+00	0.00e+00	0.00e+00	0.00e+00	0.00e+00	5.09e-26	5.78e-22	2.37e-18	3.49e-15	2.43e-12	8.23e-10	1.94e-07	3.51e-05	1.12e-02	1.76e-01	8.13e-01
 4.02200e+21	0.00e+00	0.00e+00	0.00e+00	0.00e+00	0.00e+00	0.00e+00	7.63e-26	8.32e-22	3.27e-18	4.64e-15	3.11e-12	1.01e-09	2.28e-07	3.95e-05	1.21e-02	1.82e-01	8.06e-01
 4.13776e+21	0.00e+00	0.00e+00	0.00e+00	0.00e+00	0.00e+00	2.38e-30	1.12e-25	1.18e-21	4.46e-18	6.09e-15	3.93e-12	1.23e-09	2.66e-07	4.43e-05	1.30e-02	1.88e-01	7.99e-01
 4.23732e+21	0.00e+00	0.00e+00	0.00e+00	0.00e+00	0.00e+00	3.38e-30	1.54e-25	1.57e-21	5.77e-18	7.64e-15	4.79e-12	1.45e-09	3.03e-07	4.88e-05	1.39e-02	1.93e-01	7.93e-01
 4.34040e+21	0.00e+00	0.00e+00	0.00e+00	0.00e+00	0.00e+00	4.84e-30	2.14e-25	2.11e-21	7.51e-18	9.63e-15	5.85e-12	1.72e-09	3.45e-07	5.38e-05	1.47e-02	1.98e-01	7.87e-01
 4.45671e+21	0.00e+00	0.00e+00	0.00e+00	0.00e+00	0.00e+00	7.22e-30	3.09e-25	2.94e-21	1.01e-17	1.25e-14	7.31e-12	2.07e-09	4.00e-07	6.00e-05	1.58e-02	2.04e-01	7.80e-01
 4.56652e+21	0.00e+00	0.00e+00	0.00e+00	0.00e+00	0.00e+00	1.05e-29	4.34e-25	4.00e-21	1.32e-17	1.59e-14	9.02e-12	2.47e-09	4.59e-07	6.64e-05	1.68e-02	2.10e-01	7.73e-01
 4.66846e+21	0.00e+00	0.00e+00	0.00e+00	0.00e+00	0.00e+00	1.48e-29	5.94e-25	5.30e-21	1.70e-17	1.98e-14	1.09e-11	2.91e-09	5.21e-07	7.29e-05	1.79e-02	2.15e-01	7.67e-01
 4.78384e+21	0.00e+00	0.00e+00	0.00e+00	0.00e+00	0.00e+00	2.16e-29	8.39e-25	7.25e-21	2.25e-17	2.53e-14	1.35e-11	3.47e-09	6.00e-07	8.08e-05	1.91e-02	2.21e-01	7.60e-01
 4.90827e+21	0.00e+00	0.00e+00	0.00e+00	0.00e+00	0.00e+00	3.22e-29	1.21e-24	1.01e-20	3.02e-17	3.27e-14	1.69e-11	4.19e-09	6.95e-07	9.00e-05	2.04e-02	2.28e-01	7.52e-01
 5.01875e+21	0.00e+00	0.00e+00	0.00e+00	0.00e+00	0.00e+00	4.63e-29	1.69e-24	1.36e-20	3.95e-17	4.15e-14	2.08e-11	4.99e-09	7.96e-07	9.95e-05	2.17e-02	2.34e-01	7.44e-01
 5.11865e+21	0.00e+00	0.00e+00	0.00e+00	0.00e+00	0.00e+00	6.37e-29	2.26e-24	1.77e-20	5.00e-17	5.11e-14	2.49e-11	5.80e-09	8.96e-07	1.09e-04	2.29e-02	2.39e-01	7.38e-01
 5.23046e+21	0.00e+00	0.00e+00	0.00e+00	0.00e+00	0.00e+00	9.02e-29	3.10e-24	2.36e-20	6.46e-17	6.40e-14	3.02e-11	6.84e-09	1.02e-06	1.19e-04	2.43e-02	2.45e-01	7.31e-01
 5.37581e+21	0.00e+00	0.00e+00	0.00e+00	0.00e+00	0.00e+00	1.41e-28	4.66e-24	3.41e-20	9.00e-17	8.56e-14	3.90e-11	8.46e-09	1.20e-06	1.35e-04	2.62e-02	2.53e-01	7.21e-01
 5.52218e+21	0.00e+00	0.00e+00	0.00e+00	0.00e+00	0.00e+00	2.20e-28	7.03e-24	4.95e-20	1.25e-16	1.15e-13	5.03e-11	1.05e-08	1.42e-06	1.52e-04	2.83e-02	2.61e-01	7.11e-01
 5.63284e+21	0.00e+00	0.00e+00	0.00e+00	0.00e+00	0.00e+00	1.55e-28	9.54e-24	6.52e-20	1.60e-16	1.43e-13	6.07e-11	1.23e-08	1.61e-06	1.67e-04	3.00e-02	2.66e-01	7.03e-01
 5.73967e+21	0.00e+00	0.00e+00	0.00e+00	0.00e+00	0.00e+00	4.20e-28	1.27e-23	8.45e-20	2.02e-16	1.75e-13	7.25e-11	1.43e-08	1.81e-06	1.82e-04	3.16e-02	2.72e-01	6.96e-01
 5.87855e+21	0.00e+00	0.00e+00	0.00e+00	0.00e+00	0.00e+00	3.17e-28	1.84e-23	1.18e-19	2.73e-16	2.28e-13	9.12e-11	1.73e-08	2.10e-06	2.03e-04	3.38e-02	2.80e-01	6.86e-01
 6.02305e+21	0.00e+00	0.00e+00	0.00e+00	0.00e+00	0.00e+00	4.82e-28	2.69e-23	1.67e-19	3.72e-16	2.99e-13	1.16e-10	2.12e-08	2.46e-06	2.27e-04	3.62e-02	2.87e-01	6.76e-01
 6.14283e+21	0.00e+00	0.00e+00	0.00e+00	0.00e+00	0.00e+00	6.76e-28	3.68e-23	2.21e-19	4.79e-16	3.74e-13	1.41e-10	2.49e-08	2.79e-06	2.49e-04	3.84e-02	2.94e-01	6.68e-01
 6.26653e+21	0.00e+00	0.00e+00	0.00e+00	0.00e+00	0.00e+00	9.48e-28	5.03e-23	2.94e-19	6.17e-16	4.68e-13	1.71e-10	2.93e-08	3.17e-06	2.74e-04	4.06e-02	3.00e-01	6.59e-01
 6.42733e+21	0.00e+00	0.00e+00	0.00e+00	0.00e+00	0.00e+00	1.47e-27	7.51e-23	4.23e-19	8.54e-16	6.23e-13	2.19e-10	3.62e-08	3.74e-06	3.08e-04	4.37e-02	3.08e-01	6.48e-01
 6.58515e+21	0.00e+00	0.00e+00	0.00e+00	0.00e+00	0.00e+00	2.26e-27	1.12e-22	6.06e-19	1.18e-15	8.29e-13	2.81e-10	4.47e-08	4.40e-06	3.47e-04	4.69e-02	3.17e-01	6.36e-01
 6.70230e+21	0.00e+00	0.00e+00	0.00e+00	0.00e+00	0.00e+00	3.08e-27	1.48e-22	7.84e-19	1.49e-15	1.02e-12	3.36e-10	5.19e-08	4.94e-06	3.77e-04	4.93e-02	3.22e-01	6.28e-01
 6.81780e+21	0.00e+00	0.00e+00	0.00e+00	0.00e+00	0.00e+00	4.14e-27	1.95e-22	1.01e-18	1.86e-15	1.24e-12	3.99e-10	6.00e-08	5.53e-06	4.09e-04	5.18e-02	3.28e-01	6.20e-01
 6.96795e+21	0.00e+00	0.00e+00	0.00e+00	0.00e+00	0.00e+00	6.07e-27	2.78e-22	1.39e-18	2.48e-15	1.60e-12	4.98e-10	7.23e-08	6.39e-06	4.54e-04	5.52e-02	3.36e-01	6.09e-01
 7.12717e+21	0.00e+00	0.00e+00	0.00e+00	0.00e+00	0.00e+00	9.11e-27	4.03e-22	1.94e-18	3.35e-15	2.09e-12	6.30e-10	8.80e-08	7.44e-06	5.06e-04	5.89e-02	3.43e-01	5.97e-01
 7.26348e+21	0.00e+00	0.00e+00	0.00e+00	0.00e+00	0.00e+00	1.28e-26	5.50e-22	2.58e-18	4.32e-15	2.61e-12	7.67e-10	1.04e-07	8.45e-06	5.55e-04	6.22e-02	3.50e-01	5.87e-01
 7.38501e+21	0.00e+00	0.00e+00	0.00e+00	0.00e+00	0.00e+00	1.71e-26	7.22e-22	3.30e-18	5.40e-15	3.18e-12	9.10e-10	1.20e-07	9.45e-06	6.01e-04	6.53e-02	3.56e-01	5.79e-01
 7.52202e+21	0.00e+00	0.00e+00	0.00e+00	0.00e+00	0.00e+00	2.37e-26	9.75e-22	4.34e-18	6.90e-15	3.95e-12	1.10e-09	1.41e-07	1.07e-05	6.56e-04	6.88e-02	3.62e-01	5.69e-01
 7.70013e+21	0.00e+00	0.00e+00	0.00e+00	0.00e+00	0.00e+00	3.59e-26	1.43e-21	6.16e-18	9.46e-15	5.22e-12	1.40e-09	1.73e-07	1.25e-05	7.34e-04	7.35e-02	3.70e-01	5.56e-01
 7.87663e+21	0.00e+00	0.00e+00	0.00e+00	0.00e+00	2.57e-30	5.44e-26	2.10e-21	8.72e-18	1.29e-14	6.87e-12	1.79e-09	2.11e-07	1.46e-05	8.21e-04	7.84e-02	3.77e-01	5.43e-01
 8.01057e+21	0.00e+00	0.00e+00	0.00e+00	0.00e+00	3.62e-30	7.36e-26	2.78e-21	1.13e-17	1.63e-14	8.42e-12	2.13e-09	2.45e-07	1.64e-05	8.90e-04	8.23e-02	3.83e-01	5.34e-01
 8.14421e+21	0.00e+00	0.00e+00	0.00e+00	0.00e+00	5.03e-30	9.84e-26	3.64e-21	1.44e-17	2.03e-14	1.02e-11	2.53e-09	2.83e-07	1.83e-05	9.63e-04	8.61e-02	3.88e-01	5.24e-01
 8.31794e+21	0.00e+00	0.00e+00	0.00e+00	0.00e+00	7.70e-30	1.43e-25	5.16e-21	1.98e-17	2.70e-14	1.32e-11	3.16e-09	3.41e-07	2.11e-05	1.06e-03	9.13e-02	3.95e-01	5.12e-01
 8.50179e+21	0.00e+00	0.00e+00	0.00e+00	0.00e+00	1.21e-29	2.14e-25	7.46e-21	2.77e-17	3.66e-14	1.72e-11	3.99e-09	4.15e-07	2.46e-05	1.18e-03	9.71e-02	4.02e-01	5.00e-01
 8.65597e+21	0.00e+00	0.00e+00	0.00e+00	0.00e+00	1.75e-29	2.96e-25	1.01e-20	3.65e-17	4.68e-14	2.15e-11	4.83e-09	4.87e-07	2.78e-05	1.29e-03	1.02e-01	4.08e-01	4.89e-01
 8.79094e+21	0.00e+00	0.00e+00	0.00e+00	0.00e+00	2.39e-29	3.89e-25	1.30e-20	4.61e-17	5.78e-14	2.58e-11	5.68e-09	5.58e-07	3.08e-05	1.39e-03	1.06e-01	4.12e-01	4.80e-01
 8.94375e+21	0.00e+00	0.00e+00	0.00e+00	0.00e+00	3.37e-29	5.28e-25	1.73e-20	5.98e-17	7.31e-14	3.18e-11	6.81e-09	6.49e-07	3.46e-05	1.50e-03	1.11e-01	4.17e-01	4.70e-01
 9.14241e+21	0.00e+00	0.00e+00	0.00e+00	0.00e+00	5.25e-29	7.80e-25	2.49e-20	8.34e-17	9.86e-14	4.14e-11	8.57e-09	7.86e-07	4.01e-05	1.67e-03	1.18e-01	4.24e-01	4.57e-01
 9.34548e+21	0.00e+00	0.00e+00	0.00e+00	0.00e+00	8.27e-29	1.17e-24	3.61e-20	1.17e-16	1.34e-13	5.42e-11	1.08e-08	9.58e-07	4.66e-05	1.85e-03	1.25e-01	4.30e-01	4.43e-01
 9.50894e+21	0.00e+00	0.00e+00	0.00e+00	0.00e+00	1.18e-28	1.59e-24	4.82e-20	1.52e-16	1.70e-13	6.69e-11	1.30e-08	1.12e-06	5.23e-05	2.00e-03	1.31e-01	4.34e-01	4.33e-01
 9.67608e+21	0.00e+00	0.00e+00	0.00e+00	0.00e+00	1.66e-28	2.16e-24	6.41e-20	1.98e-16	2.15e-13	8.23e-11	1.56e-08	1.30e-06	5.87e-05	2.17e-03	1.37e-01	4.38e-01	4.22e-01
 9.89335e+21	0.00e+00	0.00e+00	0.00e+00	0.00e+00	2.59e-28	3.19e-24	9.25e-20	2.77e-16	2.90e-13	1.07e-10	1.97e-08	1.57e-06	6.79e-05	2.40e-03	1.45e-01	4.44e-01	4.09e-01
 1.01202e+22	0.00e+00	0.00e+00	0.00e+00	0.00e+00	2.62e-28	4.82e-24	1.35e-19	3.92e-16	3.97e-13	1.42e-10	2.50e-08	1.92e-06	7.91e-05	2.66e-03	1.53e-01	4.49e-01	3.95e-01
 1.03005e+22	0.00e+00	0.00e+00	0.00e+00	0.00e+00	3.75e-28	6.61e-24	1.82e-19	5.13e-16	5.07e-13	1.75e-10	3.02e-08	2.24e-06	8.90e-05	2.89e-03	1.60e-01	4.52e-01	3.85e-01
 1.04523e+22	0.00e+00	0.00e+00	0.00e+00	0.00e+00	5.01e-28	8.54e-24	2.31e-19	6.40e-16	6.18e-13	2.09e-10	3.51e-08	2.54e-06	9.79e-05	3.08e-03	1.66e-01	4.55e-01	3.76e-01
 1.06259e+22	0.00e+00	0.00e+00	0.00e+00	0.00e+00	6.93e-28	1.14e-23	3.03e-19	8.18e-16	7.71e-13	2.54e-10	4.16e-08	2.93e-06	1.09e-04	3.31e-03	1.72e-01	4.58e-01	3.66e-01
 1.08515e+22	0.00e+00	0.00e+00	0.00e+00	0.00e+00	1.05e-27	1.64e-23	4.27e-19	1.12e-15	1.02e-12	3.26e-10	5.17e-08	3.50e-06	1.25e-04	3.63e-03	1.81e-01	4.61e-01	3.54e-01
 1.10888e+22	0.00e+00	0.00e+00	0.00e+00	0.00e+00	1.64e-27	2.43e-23	6.13e-19	1.56e-15	1.38e-12	4.23e-10	6.48e-08	4.23e-06	1.44e-04	3.99e-03	1.90e-01	4.64e-01	3.41e-01
 1.12894e+22	0.00e+00	0.00e+00	0.00e+00	0.00e+00	2.35e-27	3.33e-23	8.24e-19	2.05e-15	1.76e-12	5.24e-10	7.81e-08	4.93e-06	1.61e-04	4.32e-03	1.98e-01	4.66e-01	3.31e-01
 1.14985e+22	0.00e+00	0.00e+00	0.00e+00	0.00e+00	3.35e-27	4.56e-23	1.11e-18	2.69e-15	2.25e-12	6.50e-10	9.40e-08	5.75e-06	1.81e-04	4.66e-03	2.07e-01	4.68e-01	3.20e-01
 1.17703e+22	0.00e+00	0.00e+00	0.00e+00	0.00e+00	5.32e-27	6.85e-23	1.62e-18	3.81e-15	3.08e-12	8.56e-10	1.19e-07	6.99e-06	2.10e-04	5.15e-03	2.17e-01	4.70e-01	3.07e-01
 1.20454e+22	0.00e+00	0.00e+00	0.00e+00	0.00e+00	8.54e-27	1.04e-22	2.38e-18	5.41e-15	4.23e-12	1.13e-09	1.52e-07	8.53e-06	2.43e-04	5.68e-03	2.28e-01	4.72e-01	2.94e-01
 1.22537e+22	0.00e+00	0.00e+00	0.00e+00	0.00e+00	1.20e-26	1.40e-22	3.16e-18	7.01e-15	5.34e-12	1.39e-09	1.81e-07	9.86e-06	2.71e-04	6.10e-03	2.37e-01	4.72e-01	2.84e-01
 1.24533e+22	0.00e+00	0.00e+00	0.00e+00	0.00e+00	1.64e-26	1.85e-22	4.10e-18	8.90e-15	6.61e-12	1.68e-09	2.13e-07	1.13e-05	3.00e-04	6.52e-03	2.45e-01	4.73e-01	2.76e-01
 1.27128e+22	0.00e+00	0.00e+00	0.00e+00	0.00e+00	2.45e-26	2.63e-22	5.73e-18	1.21e-14	8.70e-12	2.13e-09	2.62e-07	1.33e-05	3.40e-04	7.08e-03	2.55e-01	4.73e-01	2.65e-01
 1.29881e+22	0.00e+00	0.00e+00	0.00e+00	2.13e-30	3.78e-26	3.85e-22	8.16e-18	1.67e-14	1.17e-11	2.75e-09	3.27e-07	1.60e-05	3.89e-04	7.73e-03	2.66e-01	4.72e-01	2.53e-01
 1.32234e+22	0.00e+00	0.00e+00	0.00e+00	3.18e-30	5.40e-26	5.27e-22	1.09e-17	2.19e-14	1.48e-11	3.40e-09	3.92e-07	1.85e-05	4.35e-04	8.31e-03	2.76e-01	4.71e-01	2.44e-01
 1.34689e+22	0.00e+00	0.00e+00	0.00e+00	4.72e-30	7.68e-26	7.19e-22	1.47e-17	2.86e-14	1.89e-11	4.20e-09	4.70e-07	2.15e-05	4.85e-04	8.92e-03	2.86e-01	4.70e-01	2.35e-01
 1.37881e+22	0.00e+00	0.00e+00	0.00e+00	7.87e-30	1.21e-25	1.07e-21	2.14e-17	4.05e-14	2.58e-11	5.51e-09	5.94e-07	2.60e-05	5.59e-04	9.78e-03	2.98e-01	4.68e-01	2.23e-01
 1.41119e+22	0.00e+00	0.00e+00	0.00e+00	1.33e-29	1.94e-25	1.62e-21	3.15e-17	5.75e-14	3.54e-11	7.27e-09	7.53e-07	3.16e-05	6.45e-04	1.07e-02	3.11e-01	4.66e-01	2.12e-01
 1.43690e+22	0.00e+00	0.00e+00	0.00e+00	1.98e-29	2.77e-25	2.21e-21	4.22e-17	7.53e-14	4.51e-11	8.98e-09	9.02e-07	3.66e-05	7.18e-04	1.15e-02	3.21e-01	4.64e-01	2.03e-01
 1.45929e+22	0.00e+00	0.00e+00	0.00e+00	2.78e-29	3.73e-25	2.88e-21	5.42e-17	9.47e-14	5.54e-11	1.07e-08	1.05e-06	4.14e-05	7.88e-04	1.22e-02	3.30e-01	4.61e-01	1.96e-01
 1.48464e+22	0.00e+00	0.00e+00	0.00e+00	4.03e-29	5.19e-25	3.86e-21	7.14e-17	1.22e-13	6.96e-11	1.31e-08	1.25e-06	4.75e-05	8.71e-04	1.30e-02	3.39e-01	4.59e-01	1.88e-01
 1.51758e+22	0.00e+00	0.00e+00	0.00e+00	6.49e-29	7.94e-25	5.61e-21	1.02e-16	1.69e-13	9.31e-11	1.69e-08	1.55e-06	5.66e-05	9.91e-04	1.41e-02	3.52e-01	4.55e-01	1.78e-01
 1.55148e+22	0.00e+00	0.00e+00	0.00e+00	1.07e-28	1.24e-24	8.27e-21	1.46e-16	2.35e-13	1.26e-10	2.19e-08	1.93e-06	6.78e-05	1.13e-03	1.53e-02	3.65e-01	4.50e-01	1.69e-01
 1.57906e+22	0.00e+00	0.00e+00	0.00e+00	1.57e-28	1.75e-24	1.12e-20	1.95e-16	3.06e-13	1.59e-10	2.68e-08	2.30e-06	7.81e-05	1.25e-03	1.63e-02	3.75e-01	4.46e-01	1.61e-01
 1.60737e+22	0.00e+00	0.00e+00	0.00e+00	2.30e-28	2.45e-24	1.50e-20	2.58e-16	3.96e-13	2.01e-10	3.29e-08	2.73e-06	8.97e-05	1.39e-03	1.74e-02	3.85e-01	4.42e-01	1.54e-01
 1.64416e+22	0.00e+00	0.00e+00	0.00e+00	3.75e-28	3.79e-24	2.21e-20	3.71e-16	5.53e-13	2.70e-10	4.26e-08	3.41e-06	1.07e-04	1.58e-03	1.88e-02	3.98e-01	4.36e-01	1.45e-01
 1.68232e+22	0.00e+00	0.00e+00	0.00e+00	6.29e-28	6.00e-24	3.29e-20	5.41e-16	7.81e-13	3.69e-10	5.58e-08	4.29e-06	1.29e-04	1.81e-03	2.04e-02	4.11e-01	4.30e-01	1.37e-01
 1.71346e+22	0.00e+00	0.00e+00	0.00e+00	9.43e-28	8.60e-24	4.51e-20	7.29e-16	1.03e-12	4.72e-10	6.90e-08	5.14e-06	1.49e-04	2.01e-03	2.18e-02	4.22e-01	4.24e-01	1.30e-01
 1.74517e+22	0.00e+00	0.00e+00	0.00e+00	1.39e-27	1.21e-23	6.12e-20	9.75e-16	1.34e-12	6.00e-10	8.50e-08	6.13e-06	1.72e-04	2.22e-03	2.32e-02	4.32e-01	4.19e-01	1.23e-01
 1.78044e+22	0.00e+00	0.00e+00	0.00e+00	2.17e-27	1.80e-23	8.63e-20	1.35e-15	1.81e-12	7.85e-10	1.07e-07	7.47e-06	2.01e-04	2.49e-03	2.48e-02	4.44e-01	4.12e-01	1.16e-01
 1.81277e+22	0.00e+00	0.00e+00	0.00e+00	3.23e-27	2.57e-23	1.18e-19	1.81e-15	2.37e-12	1.00e-09	1.32e-07	8.92e-06	2.32e-04	2.76e-03	2.64e-02	4.54e-01	4.06e-01	1.10e-01
 1.84249e+22	0.00e+00	0.00e+00	0.00e+00	4.60e-27	3.51e-23	1.55e-19	2.35e-15	3.02e-12	1.24e-09	1.59e-07	1.04e-05	2.63e-04	3.03e-03	2.79e-02	4.63e-01	4.00e-01	1.05e-01
 1.87637e+22	0.00e+00	0.00e+00	0.00e+00	6.74e-27	4.94e-23	2.09e-19	3.13e-15	3.92e-12	1.57e-09	1.95e-07	1.24e-05	3.01e-04	3.33e-03	2.95e-02	4.73e-01	3.94e-01	9.99e-02
 1.92041e+22	0.00e+00	0.00e+00	0.00e+00	1.12e-26	7.75e-23	3.09e-19	4.57e-15	5.55e-12	2.15e-09	2.56e-07	1.56e-05	3.62e-04	3.80e-03	3.19e-02	4.86e-01	3.85e-01	9.29e-02
 1.96446e+22	0.00e+00	0.00e+00	0.00e+00	1.88e-26	1.22e-22	4.58e-19	6.65e-15	7.84e-12	2.93e-09	3.34e-07	1.95e-05	4.34e-04	4.33e-03	3.44e-02	4.99e-01	3.76e-01	8.64e-02
 1.99861e+22	0.00e+00	0.00e+00	2.17e-30	2.74e-26	1.71e-22	6.14e-19	8.80e-15	1.02e-11	3.69e-09	4.09e-07	2.31e-05	4.96e-04	4.76e-03	3.64e-02	5.08e-01	3.69e-01	8.17e-02
 2.03311e+22	0.00e+00	0.00e+00	3.25e-30	3.95e-26	2.36e-22	8.13e-19	1.16e-14	1.31e-11	4.63e-09	4.96e-07	2.73e-05	5.65e-04	5.22e-03	3.84e-02	5.17e-01	3.62e-01	7.74e-02
 2.07795e+22	0.00e+00	0.00e+00	5.51e-30	6.34e-26	3.58e-22	1.17e-18	1.64e-14	1.81e-11	6.19e-09	6.37e-07	3.37e-05	6.68e-04	5.88e-03	4.11e-02	5.28e-01	3.53e-01	7.20e-02
 2.12197e+22	0.00e+00	0.00e+00	9.40e-30	1.02e-25	5.48e-22	1.69e-18	2.33e-14	2.49e-11	8.27e-09	8.18e-07	4.16e-05	7.89e-04	6.62e-03	4.40e-02	5.38e-01	3.43e-01	6.69e-02
 2.15369e+22	0.00e+00	0.00e+00	1.36e-29	1.42e-25	7.32e-22	2.17e-18	2.97e-14	3.12e-11	1.01e-08	9.73e-07	4.81e-05	8.86e-04	7.19e-03	4.60e-02	5.46e-01	3.37e-01	6.36e-02
 2.18368e+22	0.00e+00	0.00e+00	1.88e-29	1.90e-25	9.47e-22	2.72e-18	3.71e-14	3.83e-11	1.22e-08	1.14e-06	5.49e-05	9.83e-04	7.74e-03	4.80e-02	5.52e-01	3.31e-01	6.06e-02
 2.22267e+22	0.00e+00	0.00e+00	2.89e-29	2.80e-25	1.33e-21	3.65e-18	4.94e-14	4.99e-11	1.54e-08	1.40e-06	6.52e-05	1.13e-03	8.51e-03	5.06e-02	5.60e-01	3.23e-01	5.69e-02
 2.26558e+22	0.00e+00	0.00e+00	4.67e-29	4.30e-25	1.94e-21	5.05e-18	6.77e-14	6.69e-11	2.01e-08	1.75e-06	7.88e-05	1.31e-03	9.46e-03	5.37e-02	5.69e-01	3.14e-01	5.30e-02
 2.30070e+22	0.00e+00	0.00e+00	6.90e-29	6.10e-25	2.64e-21	6.58e-18	8.75e-14	8.48e-11	2.49e-08	2.10e-06	9.19e-05	1.48e-03	1.03e-02	5.63e-02	5.75e-01	3.07e-01	5.01e-02
 2.32726e+22	0.00e+00	0.00e+00	9.15e-29	7.84e-25	3.30e-21	7.96e-18	1.06e-13	1.01e-10	2.91e-08	2.41e-06	1.03e-04	1.62e-03	1.10e-02	5.82e-02	5.80e-01	3.01e-01	4.79e-02
 2.35560e+22	0.00e+00	0.00e+00	1.23e-28	1.02e-24	4.15e-21	9.71e-18	1.29e-13	1.21e-10	3.43e-08	2.77e-06	1.16e-04	1.77e-03	1.17e-02	6.03e-02	5.85e-01	2.96e-01	4.58e-02
 2.39243e+22	0.00e+00	0.00e+00	1.79e-28	1.43e-24	5.58e-21	1.25e-17	1.65e-13	1.53e-10	4.23e-08	3.32e-06	1.34e-04	1.99e-03	1.27e-02	6.31e-02	5.91e-01	2.88e-01	4.32e-02
 2.42953e+22	0.00e+00	0.00e+00	2.66e-28	2.03e-24	7.61e-21	1.63e-17	2.14e-13	1.95e-10	5.25e-08	3.99e-06	1.57e-04	2.25e-03	1.38e-02	6.60e-02	5.96e-01	2.81e-01	4.06e-02
 2.45758e+22	0.00e+00	0.00e+00	3.55e-28	2.63e-24	9.54e-21	1.98e-17	2.59e-13	2.33e-10	6.16e-08	4.58e-06	1.76e-04	2.46e-03	1.47e-02	6.83e-02	6.00e-01	2.75e-01	3.87e-02
 2.48466e+22	0.00e+00	0.00e+00	4.62e-28	3.33e-24	1.17e-20	2.37e-17	3.10e-13	2.75e-10	7.15e-08	5.20e-06	1.96e-04	2.68e-03	1.56e-02	7.04e-02	6.04e-01	2.70e-01	3.71e-02
 2.51987e+22	0.00e+00	0.00e+00	6.53e-28	4.53e-24	1.54e-20	2.99e-17	3.90e-13	3.40e-10	8.67e-08	6.13e-06	2.25e-04	2.98e-03	1.68e-02	7.33e-02	6.08e-01	2.63e-01	3.50e-02
 2.55720e+22	0.00e+00	0.00e+00	9.52e-28	6.34e-24	2.06e-20	3.84e-17	5.00e-13	4.29e-10	1.07e-07	7.32e-06	2.60e-04	3.35e-03	1.82e-02	7.64e-02	6.13e-01	2.56e-01	3.29e-02
 2.58830e+22	0.00e+00	0.00e+00	1.29e-27	8.33e-24	2.62e-20	4.70e-17	6.12e-13	5.18e-10	1.26e-07	8.46e-06	2.94e-04	3.68e-03	1.94e-02	7.91e-02	6.16e-01	2.50e-01	3.13e-02
 2.61973e+22	0.00e+00	0.00e+00	1.74e-27	1.08e-23	3.28e-20	5.72e-17	7.45e-13	6.23e-10	1.49e-07	9.74e-06	3.31e-04	4.04e-03	2.07e-02	8.17e-02	6.19e-01	2.45e-01	2.97e-02
 2.65462e+22	0.00e+00	0.00e+00	2.43e-27	1.46e-23	4.27e-20	7.14e-17	9.30e-13	7.66e-10	1.80e-07	1.14e-05	3.77e-04	4.48e-03	2.23e-02	8.48e-02	6.22e-01	2.38e-01	2.80e-02
 2.68557e+22	0.00e+00	0.00e+00	3.28e-27	1.90e-23	5.37e-20	8.68e-17	1.13e-12	9.20e-10	2.12e-07	1.31e-05	4.24e-04	4.91e-03	2.37e-02	8.75e-02	6.24e-01	2.32e-01	2.66e-02
 2.71243e+22	0.00e+00	0.00e+00	4.21e-27	2.37e-23	6.52e-20	1.02e-16	1.34e-12	1.08e-09	2.44e-07	1.48e-05	4.69e-04	5.31e-03	2.50e-02	8.99e-02	6.26e-01	2.28e-01	2.54e-02
 2.74237e+22	0.00e+00	0.00e+00	5.51e-27	3.01e-23	8.02e-20	1.22e-16	1.60e-12	1.27e-09	2.84e-07	1.68e-05	5.21e-04	5.76e-03	2.65e-02	9.26e-02	6.28e-01	2.22e-01	2.42e-02
 2.78129e+22	0.00e+00	0.00e+00	7.84e-27	4.11e-23	1.05e-19	1.54e-16	2.02e-12	1.58e-09	3.45e-07	1.99e-05	5.99e-04	6.42e-03	2.85e-02	9.61e-02	6.30e-01	2.16e-01	2.27e-02
 2.82093e+22	0.00e+00	0.00e+00	1.14e-26	5.72e-23	1.40e-19	1.96e-16	2.57e-12	1.98e-09	4.24e-07	2.37e-05	6.91e-04	7.19e-03	3.08e-02	9.98e-02	6.32e-01	2.09e-01	2.12e-02
 2.85176e+22	0.00e+00	0.00e+00	1.50e-26	7.32e-23	1.74e-19	2.34e-16	3.09e-12	2.36e-09	4.95e-07	2.70e-05	7.71e-04	7.83e-03	3.26e-02	1.03e-01	6.33e-01	2.03e-01	2.02e-02
 2.88211e+22	0.00e+00	0.00e+00	1.95e-26	9.21e-23	2.12e-19	2.78e-16	3.67e-12	2.78e-09	5.73e-07	3.06e-05	8.55e-04	8.48e-03	3.44e-02	1.05e-01	6.33e-01	1.98e-01	1.92e-02
 2.92157e+22	0.00e+00	0.00e+00	2.74e-26	1.25e-22	2.75e-19	3.46e-16	4.60e-12	3.43e-09	6.93e-07	3.59e-05	9.77e-04	9.41e-03	3.69e-02	1.09e-01	6.34e-01	1.92e-01	1.79e-02
 2.96101e+22	0.00e+00	0.00e+00	3.91e-26	1.71e-22	3.61e-19	4.34e-16	5.79e-12	4.26e-09	8.43e-07	4.24e-05	1.12e-03	1.05e-02	3.97e-02	1.13e-01	6.34e-01	1.85e-01	1.67e-02
 2.99072e+22	0.00e+00	0.00e+00	5.06e-26	2.14e-22	4.39e-19	5.13e-16	6.85e-12	5.00e-09	9.73e-07	4.78e-05	1.24e-03	1.13e-02	4.18e-02	1.16e-01	6.33e-01	1.81e-01	1.59e-02
 3.01964e+22	0.00e+00	0.00e+00	6.41e-26	2.64e-22	5.26e-19	5.97e-16	8.03e-12	5.80e-09	1.11e-06	5.35e-05	1.36e-03	1.22e-02	4.39e-02	1.18e-01	6.33e-01	1.76e-01	1.52e-02
 3.05723e+22	0.00e+00	0.00e+00	8.77e-26	3.48e-22	6.67e-19	7.29e-16	9.85e-12	7.03e-09	1.32e-06	6.20e-05	1.53e-03	1.34e-02	4.68e-02	1.22e-01	6.32e-01	1.70e-01	1.42e-02
 3.09693e+22	0.00e+00	2.22e-30	1.23e-25	4.69e-22	8.64e-19	9.04e-16	1.23e-11	8.65e-09	1.59e-06	7.26e-05	1.75e-03	1.48e-02	5.00e-02	1.26e-01	6.30e-01	1.64e-01	1.33e-02
 3.12992e+22	0.00e+00	3.03e-30	1.62e-25	5.98e-22	1.07e-18	1.08e-15	1.47e-11	1.02e-08	1.86e-06	8.25e-05	1.94e-03	1.60e-02	5.29e-02	1.29e-01	6.28e-01	1.59e-01	1.25e-02
 3.16334e+22	0.00e+00	4.06e-30	2.11e-25	7.53e-22	1.30e-18	1.27e-15	1.74e-11	1.21e-08	2.15e-06	9.33e-05	2.15e-03	1.73e-02	5.57e-02	1.32e-01	6.26e-01	1.55e-01	1.18e-02
 3.20680e+22	0.00e+00	5.97e-30	2.98e-25	1.02e-21	1.69e-18	1.58e-15	2.18e-11	1.49e-08	2.60e-06	1.09e-04	2.45e-03	1.92e-02	5.96e-02	1.36e-01	6.23e-01	1.49e-01	1.10e-02
 3.25107e+22	0.00e+00	8.97e-30	4.28e-25	1.41e-21	2.22e-18	1.99e-15	2.74e-11	1.85e-08	3.16e-06	1.29e-04	2.81e-03	2.13e-02	6.39e-02	1.40e-01	6.19e-01	1.42e-01	1.01e-02
 3.28554e+22	0.00e+00	1.22e-29	5.64e-25	1.79e-21	2.74e-18	2.36e-15	3.27e-11	2.19e-08	3.68e-06	1.47e-04	3.11e-03	2.31e-02	6.73e-02	1.43e-01	6.16e-01	1.38e-01	9.52e-03
 3.31949e+22	0.00e+00	1.63e-29	7.30e-25	2.24e-21	3.32e-18	2.77e-15	3.86e-11	2.57e-08	4.24e-06	1.65e-04	3.43e-03	2.49e-02	7.07e-02	1.46e-01	6.12e-01	1.33e-01	8.97e-03
 3.36363e+22	0.00e+00	2.35e-29	1.01e-24	2.99e-21	4.25e-18	3.41e-15	4.76e-11	3.13e-08	5.06e-06	1.91e-04	3.87e-03	2.73e-02	7.52e-02	1.50e-01	6.07e-01	1.28e-01	8.32e-03
 3.41075e+22	0.00e+00	3.53e-29	1.46e-24	4.12e-21	5.60e-18	4.28e-15	5.97e-11	3.88e-08	6.15e-06	2.25e-04	4.42e-03	3.03e-02	8.03e-02	1.54e-01	6.01e-01	1.22e-01	7.64e-03
 3.45020e+22	0.00e+00	4.97e-29	1.98e-24	5.39e-21	7.04e-18	5.17e-15	7.23e-11	4.66e-08	7.24e-06	2.58e-04	4.95e-03	3.30e-02	8.50e-02	1.58e-01	5.95e-01	1.17e-01	7.10e-03
 3.48398e+22	0.00e+00	6.47e-29	2.51e-24	6.64e-21	8.43e-18	6.01e-15	8.40e-11	5.37e-08	8.22e-06	2.87e-04	5.39e-03	3.52e-02	8.86e-02	1.60e-01	5.91e-01	1.13e-01	6.71e-03
 3.52194e+22	0.00e+00	8.74e-29	3.28e-24	8.41e-21	1.03e-17	7.11e-15	9.93e-11	6.30e-08	9.48e-06	3.23e-04	5.93e-03	3.79e-02	9.29e-02	1.63e-01	5.85e-01	1.09e-01	6.27e-03
 3.57129e+22	0.00e+00	1.29e-28	4.63e-24	1.14e-20	1.34e-17	8.82e-15	1.23e-10	7.71e-08	1.14e-05	3.76e-04	6.70e-03	4.16e-02	9.86e-02	1.67e-01	5.77e-01	1.03e-01	5.75e-03
 3.62158e+22	0.00e+00	1.93e-28	6.66e-24	1.57e-20	1.76e-17	1.11e-14	1.53e-10	9.51e-08	1.37e-05	4.40e-04	7.61e-03	4.58e-02	1.05e-01	1.70e-01	5.68e-01	9.79e-02	5.25e-03
 3.66107e+22	0.00e+00	2.63e-28	8.78e-24	2.00e-20	2.17e-17	1.32e-14	1.81e-10	1.12e-07	1.58e-05	4.96e-04	8.37e-03	4.93e-02	1.10e-01	1.73e-01	5.60e-01	9.38e-02	4.89e-03
 3.70038e+22	0.00e+00	3.52e-28	1.14e-23	2.51e-20	2.63e-17	1.55e-14	2.13e-10	1.30e-07	1.82e-05	5.55e-04	9.17e-03	5.28e-02	1.15e-01	1.76e-01	5.53e-01	9.00e-02	4.56e-03
 3.75149e+22	0.00e+00	5.07e-28	1.58e-23	3.35e-20	3.38e-17	1.90e-14	2.59e-10	1.57e-07	2.14e-05	6.37e-04	1.02e-02	5.73e-02	1.21e-01	1.78e-01	5.43e-01	8.54e-02	4.18e-03
 3.80722e+22	0.00e+00	7.65e-28	2.28e-23	4.63e-20	4.46e-17	2.40e-14	3.22e-10	1.93e-07	2.58e-05	7.42e-04	1.16e-02	6.29e-02	1.28e-01	1.81e-01	5.32e-01	8.03e-02	3.78e-03
 3.85396e+22	0.00e+00	1.08e-27	3.12e-23	6.09e-20	5.64e-17	2.91e-14	3.86e-10	2.29e-07	3.01e-05	8.43e-04	1.28e-02	6.79e-02	1.34e-01	1.84e-01	5.21e-01	7.62e-02	3.47e-03
 3.89190e+22	0.00e+00	1.40e-27	3.92e-23	7.46e-20	6.72e-17	3.36e-14	4.43e-10	2.61e-07	3.38e-05	9.27e-04	1.38e-02	7.17e-02	1.38e-01	1.85e-01	5.13e-01	7.32e-02	3.25e-03
 3.93345e+22	0.00e+00	1.84e-27	5.03e-23	9.28e-20	8.10e-17	3.93e-14	5.13e-10	3.00e-07	3.83e-05	1.03e-03	1.50e-02	7.61e-02	1.43e-01	1.87e-01	5.05e-01	7.00e-02	3.03e-03
 3.98746e+22	0.00e+00	2.63e-27	6.90e-23	1.23e-19	1.03e-16	4.80e-14	6.17e-10	3.57e-07	4.47e-05	1.17e-03	1.65e-02	8.20e-02	1.50e-01	1.89e-01	4.93e-01	6.60e-02	2.76e-03
 4.04620e+22	0.00e+00	3.88e-27	9.80e-23	1.67e-19	1.35e-16	6.00e-14	7.55e-10	4.32e-07	5.29e-05	1.34e-03	1.84e-02	8.89e-02	1.57e-01	1.91e-01	4.80e-01	6.18e-02	2.49e-03
 4.09737e+22	0.00e+00	5.46e-27	1.33e-22	2.19e-19	1.70e-16	7.26e-14	8.97e-10	5.09e-07	6.13e-05	1.51e-03	2.02e-02	9.52e-02	1.63e-01	1.92e-01	4.67e-01	5.83e-02	2.27e-03
 4.14235e+22	0.00e+00	7.15e-27	1.70e-22	2.71e-19	2.04e-16	8.49e-14	1.03e-09	5.81e-07	6.88e-05	1.66e-03	2.18e-02	1.00e-01	1.68e-01	1.93e-01	4.58e-01	5.56e-02	2.11e-03
 4.19302e+22	0.00e+00	9.65e-27	2.22e-22	3.44e-19	2.50e-16	1.01e-13	1.21e-09	6.72e-07	7.82e-05	1.84e-03	2.36e-02	1.06e-01	1.74e-01	1.93e-01	4.46e-01	5.26e-02	1.94e-03
 4.25889e+22	0.00e+00	1.41e-26	3.13e-22	4.66e-19	3.25e-16	1.25e-13	1.46e-09	8.06e-07	9.19e-05	2.10e-03	2.61e-02	1.14e-01	1.81e-01	1.94e-01	4.32e-01	4.90e-02	1.74e-03
 4.32846e+22	0.00e+00	2.14e-26	4.55e-22	6.49e-19	4.33e-16	1.59e-13	1.80e-09	9.79e-07	1.09e-04	2.41e-03	2.90e-02	1.23e-01	1.88e-01	1.94e-01	4.16e-01	4.53e-02	1.54e-03
 4.38611e+22	0.00e+00	3.00e-26	6.15e-22	8.47e-19	5.45e-16	1.92e-13	2.13e-09	1.15e-06	1.25e-04	2.69e-03	3.16e-02	1.31e-01	1.94e-01	1.94e-01	4.02e-01	4.24e-02	1.40e-03
 4.44428e+22	0.00e+00	4.03e-26	8.02e-22	1.07e-18	6.67e-16	2.29e-13	2.48e-09	1.32e-06	1.42e-04	2.97e-03	3.41e-02	1.38e-01	2.00e-01	1.93e-01	3.90e-01	3.99e-02	1.28e-03
 4.51991e+22	0.00e+00	5.96e-26	1.14e-21	1.47e-18	8.75e-16	2.87e-13	3.02e-09	1.58e-06	1.66e-04	3.38e-03	3.75e-02	1.48e-01	2.06e-01	1.93e-01	3.74e-01	3.68e-02	1.13e-03
 4.59797e+22	0.00e+00	9.04e-26	1.66e-21	2.05e-18	1.17e-15	3.65e-13	3.70e-09	1.91e-06	1.96e-04	3.86e-03	4.14e-02	1.58e-01	2.13e-01	1.91e-01	3.57e-01	3.37e-02	9.94e-04
 4.65801e+22	0.00e+00	1.23e-25	2.20e-21	2.62e-18	1.45e-15	4.36e-13	4.31e-09	2.20e-06	2.22e-04	4.26e-03	4.45e-02	1.66e-01	2.18e-01	1.90e-01	3.45e-01	3.15e-02	9.00e-04
 4.70721e+22	0.00e+00	1.55e-25	2.71e-21	3.15e-18	1.70e-15	4.99e-13	4.84e-09	2.45e-06	2.43e-04	4.58e-03	4.70e-02	1.72e-01	2.22e-01	1.89e-01	3.35e-01	2.99e-02	8.34e-04
 4.76350e+22	0.00e+00	2.02e-25	3.43e-21	3.89e-18	2.03e-15	5.81e-13	5.51e-09	2.77e-06	2.70e-04	4.98e-03	4.99e-02	1.79e-01	2.25e-01	1.87e-01	3.24e-01	2.81e-02	7.64e-04
 4.83667e+22	0.00e+00	2.81e-25	4.62e-21	5.06e-18	2.56e-15	7.05e-13	6.49e-09	3.21e-06	3.08e-04	5.51e-03	5.38e-02	1.88e-01	2.30e-01	1.85e-01	3.10e-01	2.60e-02	6.84e-04
 4.91716e+22	0.00e+00	4.07e-25	6.46e-21	6.82e-18	3.31e-15	8.74e-13	7.77e-09	3.79e-06	3.54e-04	6.16e-03	5.83e-02	1.99e-01	2.35e-01	1.82e-01	2.95e-01	2.38e-02	6.03e-04
 4.98877e+22	0.00e+00	5.63e-25	8.64e-21	8.83e-18	4.14e-15	1.06e-12	9.09e-09	4.37e-06	4.01e-04	6.79e-03	6.25e-02	2.08e-01	2.39e-01	1.80e-01	2.82e-01	2.20e-02	5.39e-04
 5.05330e+22	0.00e+00	7.38e-25	1.10e-20	1.10e-17	5.00e-15	1.24e-12	1.04e-08	4.94e-06	4.45e-04	7.36e-03	6.62e-02	2.15e-01	2.41e-01	1.77e-01	2.71e-01	2.06e-02	4.90e-04
 5.12701e+22	0.00e+00	9.93e-25	1.44e-20	1.39e-17	6.14e-15	1.47e-12	1.20e-08	5.63e-06	4.98e-04	8.03e-03	7.04e-02	2.24e-01	2.44e-01	1.74e-01	2.59e-01	1.91e-02	4.40e-04
 5.22283e+22	0.00e+00	1.45e-24	2.03e-20	1.88e-17	7.97e-15	1.83e-12	1.44e-08	6.65e-06	5.74e-04	8.96e-03	7.60e-02	2.34e-01	2.48e-01	1.70e-01	2.44e-01	1.73e-02	3.83e-04
 5.32393e+22	0.00e+00	2.18e-24	2.94e-20	2.62e-17	1.06e-14	2.33e-12	1.76e-08	7.93e-06	6.66e-04	1.01e-02	8.24e-02	2.46e-01	2.51e-01	1.66e-01	2.29e-01	1.55e-02	3.29e-04
 5.40702e+22	0.00e+00	3.02e-24	3.94e-20	3.40e-17	1.33e-14	2.82e-12	2.06e-08	9.12e-06	7.50e-04	1.10e-02	8.77e-02	2.55e-01	2.53e-01	1.62e-01	2.16e-01	1.42e-02	2.91e-04
 5.47620e+22	0.00e+00	3.88e-24	4.94e-20	4.16e-17	1.59e-14	3.27e-12	2.32e-08	1.02e-05	8.23e-04	1.18e-02	9.20e-02	2.62e-01	2.54e-01	1.59e-01	2.07e-01	1.32e-02	2.64e-04
 5.55221e+22	0.00e+00	5.07e-24	6.29e-20	5.15e-17	1.91e-14	3.82e-12	2.65e-08	1.14e-05	9.07e-04	1.27e-02	9.67e-02	2.70e-01	2.55e-01	1.55e-01	1.97e-01	1.22e-02	2.38e-04
 5.65103e+22	0.00e+00	7.09e-24	8.51e-20	6.74e-17	2.41e-14	4.66e-12	3.12e-08	1.32e-05	1.02e-03	1.39e-02	1.03e-01	2.79e-01	2.55e-01	1.51e-01	1.86e-01	1.11e-02	2.08e-04
 5.75620e+22	0.00e+00	1.03e-23	1.19e-19	9.11e-17	3.13e-14	5.79e-12	3.72e-08	1.54e-05	1.17e-03	1.54e-02	1.10e-01	2.89e-01	2.56e-01	1.46e-01	1.73e-01	9.93e-03	1.79e-04
 5.84141e+22	0.00e+00	1.38e-23	1.56e-19	1.15e-16	3.85e-14	6.88e-12	4.28e-08	1.75e-05	1.29e-03	1.66e-02	1.15e-01	2.97e-01	2.56e-01	1.41e-01	1.64e-01	9.09e-03	1.59e-04
 5.91287e+22	0.00e+00	1.72e-23	1.90e-19	1.38e-16	4.49e-14	7.85e-12	4.77e-08	1.92e-05	1.40e-03	1.76e-02	1.20e-01	3.03e-01	2.55e-01	1.38e-01	1.56e-01	8.49e-03	1.45e-04
 5.99473e+22	0.00e+00	2.23e-23	2.39e-19	1.69e-16	5.36e-14	9.11e-12	5.40e-08	2.14e-05	1.53e-03	1.88e-02	1.25e-01	3.09e-01	2.55e-01	1.34e-01	1.48e-01	7.83e-03	1.30e-04
 6.10114e+22	0.00e+00	3.04e-23	3.17e-19	2.17e-16	6.66e-14	1.10e-11	6.28e-08	2.44e-05	1.70e-03	2.03e-02	1.31e-01	3.17e-01	2.54e-01	1.30e-01	1.39e-01	7.10e-03	1.14e-04
 6.21874e+22	3.17e-30	4.38e-23	4.41e-19	2.92e-16	8.60e-14	1.36e-11	7.45e-08	2.83e-05	1.92e-03	2.23e-02	1.39e-01	3.25e-01	2.52e-01	1.24e-01	1.29e-01	6.31e-03	9.75e-05
 6.31996e+22	4.44e-30	5.96e-23	5.83e-19	3.74e-16	1.07e-13	1.63e-11	8.62e-08	3.21e-05	2.13e-03	2.40e-02	1.46e-01	3.32e-01	2.50e-01	1.20e-01	1.21e-01	5.71e-03	8.53e-05
 6.39932e+22	5.67e-30	7.44e-23	7.12e-19	4.47e-16	1.25e-13	1.85e-11	9.60e-08	3.52e-05	2.30e-03	2.53e-02	1.50e-01	3.37e-01	2.48e-01	1.16e-01	1.15e-01	5.31e-03	7.74e-05
 6.48114e+22	7.21e-30	9.26e-23	8.69e-19	5.33e-16	1.45e-13	2.11e-11	1.07e-07	3.86e-05	2.48e-03	2.67e-02	1.55e-01	3.42e-01	2.46e-01	1.13e-01	1.09e-01	4.92e-03	7.00e-05
 6.58751e+22	9.85e-30	1.23e-22	1.12e-18	6.68e-16	1.77e-13	2.49e-11	1.22e-07	4.33e-05	2.72e-03	2.86e-02	1.62e-01	3.47e-01	2.44e-01	1.09e-01	1.02e-01	4.47e-03	6.16e-05
 6.70424e+22	1.39e-29	1.68e-22	1.49e-18	8.60e-16	2.20e-13	3.00e-11	1.42e-07	4.92e-05	3.01e-03	3.07e-02	1.69e-01	3.53e-01	2.41e-01	1.04e-01	9.51e-02	4.02e-03	5.36e-05
 6.80582e+22	1.88e-29	2.20e-22	1.90e-18	1.07e-15	2.66e-13	3.52e-11	1.61e-07	5.48e-05	3.28e-03	3.27e-02	1.75e-01	3.58e-01	2.38e-01	1.00e-01	8.91e-02	3.65e-03	4.72e-05
 6.89327e+22	2.40e-29	2.74e-22	2.32e-18	1.28e-15	3.10e-13	4.00e-11	1.79e-07	5.99e-05	3.53e-03	3.44e-02	1.80e-01	3.62e-01	2.35e-01	9.71e-02	8.45e-02	3.38e-03	4.27e-05
 6.99097e+22	3.08e-29	3.45e-22	2.85e-18	1.54e-15	3.64e-13	4.58e-11	2.00e-07	6.59e-05	3.80e-03	3.62e-02	1.86e-01	3.65e-01	2.32e-01	9.38e-02	7.98e-02	3.11e-03	3.83e-05
 7.11799e+22	4.26e-29	4.61e-22	3.71e-18	1.94e-15	4.46e-13	5.45e-11	2.30e-07	7.41e-05	4.17e-03	3.87e-02	1.93e-01	3.70e-01	2.28e-01	8.96e-02	7.41e-02	2.80e-03	3.33e-05
 7.25625e+22	6.11e-29	6.38e-22	4.98e-18	2.53e-15	5.61e-13	6.60e-11	2.68e-07	8.42e-05	4.62e-03	4.15e-02	2.01e-01	3.74e-01	2.24e-01	8.51e-02	6.83e-02	2.49e-03	2.86e-05
 7.37446e+22	8.36e-29	8.46e-22	6.43e-18	3.17e-15	6.83e-13	7.79e-11	3.06e-07	9.41e-05	5.04e-03	4.41e-02	2.07e-01	3.77e-01	2.20e-01	8.12e-02	6.35e-02	2.24e-03	2.50e-05
 7.47508e+22	1.07e-28	1.06e-21	7.87e-18	3.80e-15	7.99e-13	8.89e-11	3.41e-07	1.03e-04	5.41e-03	4.63e-02	2.13e-01	3.79e-01	2.16e-01	7.82e-02	5.99e-02	2.06e-03	2.23e-05
 7.58749e+22	1.38e-28	1.32e-21	9.64e-18	4.55e-15	9.34e-13	1.02e-10	3.80e-07	1.13e-04	5.80e-03	4.85e-02	2.18e-01	3.81e-01	2.12e-01	7.52e-02	5.64e-02	1.89e-03	2.00e-05
 7.73361e+22	1.91e-28	1.78e-21	1.26e-17	5.78e-15	1.15e-12	1.21e-10	4.38e-07	1.27e-04	6.36e-03	5.16e-02	2.25e-01	3.84e-01	2.08e-01	7.14e-02	5.21e-02	1.69e-03	1.73e-05
 7.88462e+22	2.73e-28	2.44e-21	1.68e-17	7.46e-15	1.44e-12	1.46e-10	5.08e-07	1.43e-04	6.98e-03	5.50e-02	2.33e-01	3.86e-01	2.02e-01	6.75e-02	4.78e-02	1.50e-03	1.48e-05
 8.00261e+22	3.55e-28	3.10e-21	2.08e-17	9.04e-15	1.70e-12	1.68e-10	5.69e-07	1.57e-04	7.50e-03	5.77e-02	2.39e-01	3.87e-01	1.98e-01	6.46e-02	4.48e-02	1.36e-03	1.31e-05
 8.11663e+22	4.54e-28	3.83e-21	2.52e-17	1.07e-14	1.97e-12	1.91e-10	6.31e-07	1.71e-04	8.02e-03	6.03e-02	2.44e-01	3.88e-01	1.94e-01	6.20e-02	4.21e-02	1.25e-03	1.17e-05
 8.26484e+22	6.07e-28	4.98e-21	3.20e-17	1.32e-14	2.36e-12	2.23e-10	7.16e-07	1.90e-04	8.67e-03	6.36e-02	2.50e-01	3.88e-01	1.90e-01	5.90e-02	3.91e-02	1.13e-03	1.03e-05
 8.43194e+22	8.60e-28	6.76e-21	4.22e-17	1.70e-14	2.93e-12	2.67e-10	8.26e-07	2.14e-04	9.49e-03	6.74e-02	2.58e-01	3.89e-01	1.84e-01	5.56e-02	3.58e-02	9.99e-04	8.81e-06
 8.58269e+22	1.16e-27	8.89e-21	5.41e-17	2.12e-14	3.56e-12	3.14e-10	9.40e-07	2.37e-04	1.03e-02	7.11e-02	2.64e-01	3.89e-01	1.79e-01	5.26e-02	3.31e-02	8.95e-04	7.65e-06
 8.71335e+22	1.51e-27	1.11e-20	6.62e-17	2.54e-14	4.16e-12	3.59e-10	1.05e-06	2.59e-04	1.10e-02	7.42e-02	2.69e-01	3.88e-01	1.75e-01	5.03e-02	3.10e-02	8.16e-04	6.80e-06
 8.85881e+22	1.95e-27	1.39e-20	8.12e-17	3.04e-14	4.87e-12	4.11e-10	1.17e-06	2.83e-04	1.17e-02	7.75e-02	2.75e-01	3.88e-01	1.71e-01	4.79e-02	2.89e-02	7.42e-04	6.03e-06
 9.04791e+22	2.71e-27	1.87e-20	1.06e-16	3.85e-14	5.98e-12	4.88e-10	1.34e-06	3.17e-04	1.28e-02	8.18e-02	2.81e-01	3.86e-01	1.65e-01	4.51e-02	2.65e-02	6.57e-04	5.16e-06
 9.25721e+22	3.94e-27	2.59e-20	1.42e-16	5.01e-14	7.52e-12	5.92e-10	1.57e-06	3.58e-04	1.40e-02	8.67e-02	2.89e-01	3.85e-01	1.59e-01	4.20e-02	2.40e-02	5.75e-04	4.35e-06
 9.44449e+22	5.51e-27	3.47e-20	1.86e-16	6.36e-14	9.25e-12	7.05e-10	1.80e-06	4.00e-04	1.52e-02	9.14e-02	2.95e-01	3.83e-01	1.53e-01	3.94e-02	2.19e-02	5.07e-04	3.71e-06
 9.61244e+22	7.32e-27	4.46e-20	2.32e-16	7.77e-14	1.10e-11	8.17e-10	2.02e-06	4.40e-04	1.63e-02	9.55e-02	3.01e-01	3.81e-01	1.49e-01	3.73e-02	2.03e-02	4.55e-04	3.24e-06
 9.80357e+22	9.69e-27	5.71e-20	2.91e-16	9.49e-14	1.31e-11	9.47e-10	2.28e-06	4.85e-04	1.75e-02	9.98e-02	3.06e-01	3.78e-01	1.44e-01	3.52e-02	1.87e-02	4.09e-04	2.82e-06
 1.00520e+23	1.39e-26	7.84e-20	3.87e-16	1.22e-13	1.63e-11	1.14e-09	2.65e-06	5.46e-04	1.91e-02	1.05e-01	3.12e-01	3.75e-01	1.38e-01	3.27e-02	1.69e-02	3.56e-04	2.37e-06
 1.03114e+23	2.10e-26	1.12e-19	5.36e-16	1.64e-13	2.10e-11	1.41e-09	3.13e-06	6.23e-04	2.11e-02	1.12e-01	3.19e-01	3.70e-01	1.31e-01	3.01e-02	1.51e-02	3.05e-04	1.95e-06
 1.05167e+23	2.91e-26	1.49e-19	6.92e-16	2.06e-13	2.56e-11	1.67e-09	3.57e-06	6.92e-04	2.27e-02	1.17e-01	3.24e-01	3.67e-01	1.26e-01	2.82e-02	1.38e-02	2.69e-04	1.66e-06
 1.07153e+23	3.73e-26	1.85e-19	8.42e-16	2.45e-13	2.97e-11	1.89e-09	3.97e-06	7.53e-04	2.42e-02	1.21e-01	3.29e-01	3.63e-01	1.22e-01	2.67e-02	1.28e-02	2.43e-04	1.46e-06
 1.09735e+23	5.21e-26	2.48e-19	1.10e-15	3.10e-13	3.65e-11	2.25e-09	4.56e-06	8.40e-04	2.61e-02	1.27e-01	3.34e-01	3.59e-01	1.17e-01	2.48e-02	1.16e-02	2.12e-04	1.24e-06
 1.13092e+23	7.75e-26	3.49e-19	1.50e-15	4.08e-13	4.64e-11	2.76e-09	5.36e-06	9.53e-04	2.86e-02	1.34e-01	3.39e-01	3.53e-01	1.11e-01	2.27e-02	1.03e-02	1.82e-04	1.02e-06
 1.16682e+23	1.24e-25	5.23e-19	2.16e-15	5.67e-13	6.17e-11	3.50e-09	6.45e-06	1.10e-03	3.17e-02	1.42e-01	3.45e-01	3.45e-01	1.04e-01	2.05e-02	8.97e-03	1.51e-04	8.05e-07
 1.19597e+23	1.81e-25	7.26e-19	2.91e-15	7.40e-13	7.79e-11	4.25e-09	7.50e-06	1.24e-03	3.45e-02	1.49e-01	3.50e-01	3.39e-01	9.88e-02	1.88e-02	8.00e-03	1.29e-04	6.63e-07
 1.21966e+23	2.39e-25	9.22e-19	3.62e-15	8.98e-13	9.20e-11	4.90e-09	8.42e-06	1.36e-03	3.68e-02	1.55e-01	3.53e-01	3.34e-01	9.48e-02	1.77e-02	7.33e-03	1.15e-04	5.73e-07
 1.24603e+23	3.08e-25	1.15e-18	4.42e-15	1.07e-12	1.07e-10	5.59e-09	9.36e-06	1.47e-03	3.90e-02	1.60e-01	3.56e-01	3.29e-01	9.12e-02	1.66e-02	6.76e-03	1.03e-04	5.00e-07
 1.28030e+23	4.29e-25	1.53e-18	5.73e-15	1.35e-12	1.31e-10	6.62e-09	1.07e-05	1.64e-03	4.19e-02	1.66e-01	3.59e-01	3.23e-01	8.67e-02	1.54e-02	6.09e-03	8.98e-05	4.20e-07
 1.31810e+23	6.36e-25	2.15e-18	7.80e-15	1.78e-12	1.67e-10	8.09e-09	1.25e-05	1.85e-03	4.55e-02	1.74e-01	3.62e-01	3.15e-01	8.16e-02	1.40e-02	5.39e-03	7.62e-05	3.42e-07
 1.35088e+23	9.00e-25	2.90e-18	1.02e-14	2.28e-12	2.06e-10	9.67e-09	1.43e-05	2.05e-03	4.90e-02	1.81e-01	3.64e-01	3.08e-01	7.73e-02	1.29e-02	4.82e-03	6.57e-05	2.85e-07
 1.37833e+23	1.16e-24	3.62e-18	1.25e-14	2.72e-12	2.41e-10	1.10e-08	1.59e-05	2.23e-03	5.18e-02	1.87e-01	3.66e-01	3.03e-01	7.41e-02	1.21e-02	4.43e-03	5.87e-05	2.47e-07
 1.40846e+23	1.47e-24	4.43e-18	1.50e-14	3.20e-12	2.77e-10	1.24e-08	1.76e-05	2.40e-03	5.45e-02	1.92e-01	3.67e-01	2.98e-01	7.11e-02	1.13e-02	4.09e-03	5.29e-05	2.17e-07
