#depth	C	C+	C+2	C+3	C+4	C+5	C+6	C[1]	C[2]	C[3]	C+[1]	C+[2]	CO
 6.17135e+19	0.00e+00	1.82e-31	2.39e-23	2.98e-16	7.02e-10	2.84e-05	1.00e+00	0.00e+00	0.00e+00	0.00e+00	0.00e+00	0.00e+00	3.76e-106
 1.87609e+20	0.00e+00	2.75e-31	3.31e-23	3.79e-16	8.24e-10	3.08e-05	1.00e+00	0.00e+00	0.00e+00	0.00e+00	0.00e+00	0.00e+00	3.01e-106
 3.18540e+20	0.00e+00	4.13e-31	4.57e-23	4.81e-16	9.66e-10	3.35e-05	1.00e+00	0.00e+00	0.00e+00	0.00e+00	0.00e+00	0.00e+00	2.35e-106
 4.54709e+20	0.00e+00	6.22e-31	6.32e-23	6.11e-16	1.13e-09	3.64e-05	1.00e+00	0.00e+00	0.00e+00	0.00e+00	0.00e+00	0.00e+00	2.60e-106
 5.74414e+20	0.00e+00	8.83e-31	8.33e-23	7.49e-16	1.30e-09	3.90e-05	1.00e+00	0.00e+00	0.00e+00	0.00e+00	0.00e+00	0.00e+00	2.82e-106
 6.66526e+20	0.00e+00	1.15e-30	1.02e-22	8.72e-16	1.44e-09	4.11e-05	1.00e+00	0.00e+00	0.00e+00	0.00e+00	0.00e+00	0.00e+00	2.95e-106
 7.48596e+20	0.00e+00	1.44e-30	1.23e-22	9.95e-16	1.57e-09	4.31e-05	1.00e+00	0.00e+00	0.00e+00	0.00e+00	0.00e+00	0.00e+00	3.03e-106
 8.41157e+20	0.00e+00	1.85e-30	1.49e-22	1.15e-15	1.74e-09	4.53e-05	1.00e+00	0.00e+00	0.00e+00	0.00e+00	0.00e+00	0.00e+00	3.14e-106
 9.61486e+20	0.00e+00	2.54e-30	1.92e-22	1.38e-15	1.96e-09	4.83e-05	1.00e+00	0.00e+00	0.00e+00	0.00e+00	0.00e+00	0.00e+00	3.31e-106
 1.08400e+21	0.00e+00	3.50e-30	2.47e-22	1.66e-15	2.22e-09	5.15e-05	1.00e+00	0.00e+00	0.00e+00	0.00e+00	0.00e+00	0.00e+00	3.45e-106
 1.18233e+21	0.00e+00	4.52e-30	3.01e-22	1.92e-15	2.45e-09	5.43e-05	1.00e+00	0.00e+00	0.00e+00	0.00e+00	0.00e+00	0.00e+00	3.54e-106
 1.26938e+21	0.00e+00	5.61e-30	3.57e-22	2.18e-15	2.66e-09	5.67e-05	1.00e+00	0.00e+00	0.00e+00	0.00e+00	0.00e+00	0.00e+00	3.56e-106
 1.36880e+21	0.00e+00	7.16e-30	4.32e-22	2.50e-15	2.92e-09	5.96e-05	1.00e+00	0.00e+00	0.00e+00	0.00e+00	0.00e+00	0.00e+00	3.60e-106
 1.49805e+21	0.00e+00	9.72e-30	5.49e-22	2.98e-15	3.29e-09	6.34e-05	1.00e+00	0.00e+00	0.00e+00	0.00e+00	0.00e+00	0.00e+00	3.71e-106
 1.63197e+21	0.00e+00	1.34e-29	7.04e-22	3.57e-15	3.71e-09	6.76e-05	1.00e+00	0.00e+00	0.00e+00	0.00e+00	0.00e+00	0.00e+00	3.82e-106
 1.73932e+21	0.00e+00	1.71e-29	8.54e-22	4.10e-15	4.08e-09	7.11e-05	1.00e+00	0.00e+00	0.00e+00	0.00e+00	0.00e+00	0.00e+00	3.83e-106
 1.84621e+21	0.00e+00	2.18e-29	1.03e-21	4.69e-15	4.47e-09	7.47e-05	1.00e+00	0.00e+00	0.00e+00	0.00e+00	0.00e+00	0.00e+00	3.81e-106
 1.95991e+21	0.00e+00	2.81e-29	1.25e-21	5.41e-15	4.92e-09	7.87e-05	1.00e+00	0.00e+00	0.00e+00	0.00e+00	0.00e+00	0.00e+00	3.79e-106
 2.05746e+21	0.00e+00	3.47e-29	1.48e-21	6.09e-15	5.34e-09	8.22e-05	1.00e+00	0.00e+00	0.00e+00	0.00e+00	0.00e+00	0.00e+00	3.70e-106
 2.15925e+21	0.00e+00	4.32e-29	1.75e-21	6.88e-15	5.80e-09	8.59e-05	1.00e+00	0.00e+00	0.00e+00	0.00e+00	0.00e+00	0.00e+00	3.59e-106
 2.27412e+21	0.00e+00	5.51e-29	2.12e-21	7.87e-15	6.35e-09	9.04e-05	1.00e+00	0.00e+00	0.00e+00	0.00e+00	0.00e+00	0.00e+00	3.52e-106
 2.38233e+21	0.00e+00	6.90e-29	2.52e-21	8.91e-15	6.91e-09	9.46e-05	1.00e+00	0.00e+00	0.00e+00	0.00e+00	0.00e+00	0.00e+00	3.41e-106
 2.48114e+21	0.00e+00	8.44e-29	2.94e-21	9.96e-15	7.45e-09	9.86e-05	1.00e+00	0.00e+00	0.00e+00	0.00e+00	0.00e+00	0.00e+00	3.25e-106
 2.59137e+21	0.00e+00	1.05e-28	3.49e-21	1.13e-14	8.10e-09	1.03e-04	1.00e+00	0.00e+00	0.00e+00	0.00e+00	0.00e+00	0.00e+00	3.11e-106
 2.71332e+21	0.00e+00	1.34e-28	4.21e-21	1.28e-14	8.87e-09	1.09e-04	1.00e+00	0.00e+00	0.00e+00	0.00e+00	0.00e+00	0.00e+00	2.98e-106
 2.82560e+21	0.00e+00	1.67e-28	4.98e-21	1.45e-14	9.62e-09	1.14e-04	1.00e+00	0.00e+00	0.00e+00	0.00e+00	0.00e+00	0.00e+00	2.82e-106
 2.93009e+21	0.00e+00	2.04e-28	5.80e-21	1.61e-14	1.04e-08	1.18e-04	1.00e+00	0.00e+00	0.00e+00	0.00e+00	0.00e+00	0.00e+00	1.20e-106
 3.02927e+21	0.00e+00	2.47e-28	6.71e-21	1.79e-14	1.11e-08	1.23e-04	1.00e+00	0.00e+00	0.00e+00	0.00e+00	0.00e+00	0.00e+00	4.95e-107
 3.12236e+21	0.00e+00	2.94e-28	7.66e-21	1.96e-14	1.18e-08	1.28e-04	1.00e+00	0.00e+00	0.00e+00	0.00e+00	0.00e+00	0.00e+00	2.00e-107
 3.22766e+21	0.00e+00	3.58e-28	8.90e-21	2.18e-14	1.27e-08	1.33e-04	1.00e+00	0.00e+00	0.00e+00	0.00e+00	0.00e+00	0.00e+00	8.07e-108
 3.34305e+21	0.00e+00	4.42e-28	1.05e-20	2.44e-14	1.38e-08	1.39e-04	1.00e+00	0.00e+00	0.00e+00	0.00e+00	0.00e+00	0.00e+00	3.22e-108
 3.44778e+21	0.00e+00	5.33e-28	1.21e-20	2.69e-14	1.47e-08	1.45e-04	1.00e+00	0.00e+00	0.00e+00	0.00e+00	0.00e+00	0.00e+00	1.24e-108
 3.56013e+21	0.00e+00	6.50e-28	1.40e-20	2.99e-14	1.58e-08	1.51e-04	1.00e+00	0.00e+00	0.00e+00	0.00e+00	0.00e+00	0.00e+00	4.70e-109
 3.68068e+21	0.00e+00	8.03e-28	1.65e-20	3.34e-14	1.71e-08	1.58e-04	1.00e+00	0.00e+00	0.00e+00	0.00e+00	0.00e+00	0.00e+00	1.74e-109
 3.78627e+21	0.00e+00	9.64e-28	1.89e-20	3.67e-14	1.83e-08	1.64e-04	1.00e+00	0.00e+00	0.00e+00	0.00e+00	0.00e+00	0.00e+00	6.29e-110
 3.89789e+21	0.00e+00	1.17e-27	2.18e-20	4.05e-14	1.96e-08	1.71e-04	1.00e+00	0.00e+00	0.00e+00	0.00e+00	0.00e+00	0.00e+00	2.22e-110
 4.02200e+21	0.00e+00	1.43e-27	2.55e-20	4.51e-14	2.11e-08	1.78e-04	1.00e+00	0.00e+00	0.00e+00	0.00e+00	0.00e+00	0.00e+00	7.64e-111
 4.13776e+21	0.00e+00	1.74e-27	2.95e-20	4.98e-14	2.26e-08	1.86e-04	1.00e+00	0.00e+00	0.00e+00	0.00e+00	0.00e+00	0.00e+00	2.58e-111
 4.23732e+21	0.00e+00	2.05e-27	3.33e-20	5.41e-14	2.39e-08	1.93e-04	1.00e+00	0.00e+00	0.00e+00	0.00e+00	0.00e+00	0.00e+00	2.24e-111
 4.34040e+21	0.00e+00	2.42e-27	3.77e-20	5.89e-14	2.54e-08	2.00e-04	1.00e+00	0.00e+00	0.00e+00	0.00e+00	0.00e+00	0.00e+00	7.20e-112
 4.45671e+21	0.00e+00	2.91e-27	4.33e-20	6.47e-14	2.71e-08	2.08e-04	1.00e+00	0.00e+00	0.00e+00	0.00e+00	0.00e+00	0.00e+00	6.17e-112
 4.56652e+21	0.00e+00	3.46e-27	4.93e-20	7.05e-14	2.88e-08	2.16e-04	1.00e+00	0.00e+00	0.00e+00	0.00e+00	0.00e+00	0.00e+00	5.26e-112
 4.66846e+21	0.00e+00	4.05e-27	5.55e-20	7.63e-14	3.05e-08	2.23e-04	1.00e+00	0.00e+00	0.00e+00	0.00e+00	0.00e+00	0.00e+00	1.59e-112
 4.78384e+21	0.00e+00	4.82e-27	6.32e-20	8.33e-14	3.25e-08	2.32e-04	1.00e+00	0.00e+00	0.00e+00	0.00e+00	0.00e+00	0.00e+00	3.59e-115
 4.90827e+21	0.00e+00	5.80e-27	7.25e-20	9.15e-14	3.47e-08	2.41e-04	1.00e+00	0.00e+00	0.00e+00	0.00e+00	0.00e+00	0.00e+00	6.76e-115
 5.01875e+21	0.00e+00	6.87e-27	8.21e-20	9.92e-14	3.67e-08	2.50e-04	1.00e+00	0.00e+00	0.00e+00	0.00e+00	0.00e+00	0.00e+00	1.19e-114
 5.11865e+21	0.00e+00	7.96e-27	9.15e-20	1.07e-13	3.87e-08	2.59e-04	1.00e+00	0.00e+00	0.00e+00	0.00e+00	0.00e+00	0.00e+00	1.27e-114
 5.23046e+21	0.00e+00	9.35e-27	1.03e-19	1.15e-13	4.09e-08	2.68e-04	1.00e+00	0.00e+00	0.00e+00	0.00e+00	0.00e+00	0.00e+00	3.54e-114
 5.37581e+21	0.00e+00	1.15e-26	1.20e-19	1.27e-13	4.40e-08	2.81e-04	1.00e+00	0.00e+00	0.00e+00	0.00e+00	0.00e+00	0.00e+00	7.00e-114
 5.52218e+21	0.00e+00	1.42e-26	1.40e-19	1.41e-13	4.72e-08	2.94e-04	1.00e+00	0.00e+00	0.00e+00	0.00e+00	0.00e+00	0.00e+00	1.43e-113
 5.63284e+21	0.00e+00	1.65e-26	1.56e-19	1.51e-13	4.98e-08	3.04e-04	1.00e+00	0.00e+00	0.00e+00	0.00e+00	0.00e+00	0.00e+00	2.56e-113
 5.73967e+21	0.00e+00	1.91e-26	1.74e-19	1.62e-13	5.24e-08	3.14e-04	1.00e+00	0.00e+00	0.00e+00	0.00e+00	0.00e+00	0.00e+00	4.29e-113
 5.87855e+21	0.00e+00	2.30e-26	1.99e-19	1.77e-13	5.58e-08	3.28e-04	1.00e+00	0.00e+00	0.00e+00	0.00e+00	0.00e+00	0.00e+00	8.00e-113
 6.02305e+21	0.00e+00	2.79e-26	2.29e-19	1.94e-13	5.96e-08	3.42e-04	1.00e+00	0.00e+00	0.00e+00	0.00e+00	0.00e+00	0.00e+00	1.57e-112
 6.14283e+21	0.00e+00	3.26e-26	2.57e-19	2.08e-13	6.29e-08	3.55e-04	1.00e+00	0.00e+00	0.00e+00	0.00e+00	0.00e+00	0.00e+00	2.82e-112
 6.26653e+21	0.00e+00	3.82e-26	2.88e-19	2.24e-13	6.63e-08	3.68e-04	1.00e+00	0.00e+00	0.00e+00	0.00e+00	0.00e+00	0.00e+00	4.94e-112
 6.42733e+21	0.00e+00	4.67e-26	3.33e-19	2.45e-13	7.11e-08	3.85e-04	1.00e+00	0.00e+00	0.00e+00	0.00e+00	0.00e+00	0.00e+00	9.78e-112
 6.58515e+21	0.00e+00	5.70e-26	3.85e-19	2.68e-13	7.60e-08	4.03e-04	1.00e+00	0.00e+00	0.00e+00	0.00e+00	0.00e+00	0.00e+00	1.98e-111
 6.70230e+21	0.00e+00	6.58e-26	4.26e-19	2.86e-13	7.97e-08	4.17e-04	1.00e+00	0.00e+00	0.00e+00	0.00e+00	0.00e+00	0.00e+00	2.51e-111
 6.81780e+21	0.00e+00	7.55e-26	4.71e-19	3.04e-13	8.35e-08	4.31e-04	1.00e+00	0.00e+00	0.00e+00	0.00e+00	0.00e+00	0.00e+00	5.80e-111
 6.96795e+21	0.00e+00	9.01e-26	5.34e-19	3.29e-13	8.87e-08	4.49e-04	1.00e+00	0.00e+00	0.00e+00	0.00e+00	0.00e+00	0.00e+00	1.07e-110
 7.12717e+21	0.00e+00	1.09e-25	6.11e-19	3.57e-13	9.44e-08	4.69e-04	1.00e+00	0.00e+00	0.00e+00	0.00e+00	0.00e+00	0.00e+00	2.08e-110
 7.26348e+21	0.00e+00	1.27e-25	6.83e-19	3.83e-13	9.94e-08	4.86e-04	1.00e+00	0.00e+00	0.00e+00	0.00e+00	0.00e+00	0.00e+00	3.80e-110
 7.38501e+21	0.00e+00	1.46e-25	7.53e-19	4.06e-13	1.04e-07	5.02e-04	9.99e-01	0.00e+00	0.00e+00	0.00e+00	0.00e+00	0.00e+00	6.39e-110
 7.52202e+21	0.00e+00	1.69e-25	8.38e-19	4.34e-13	1.10e-07	5.21e-04	9.99e-01	0.00e+00	0.00e+00	0.00e+00	0.00e+00	0.00e+00	1.10e-109
 7.70013e+21	0.00e+00	2.05e-25	9.61e-19	4.71e-13	1.17e-07	5.45e-04	9.99e-01	0.00e+00	0.00e+00	0.00e+00	0.00e+00	0.00e+00	2.17e-109
 7.87663e+21	0.00e+00	2.49e-25	1.10e-18	5.11e-13	1.24e-07	5.70e-04	9.99e-01	0.00e+00	0.00e+00	0.00e+00	0.00e+00	0.00e+00	4.40e-109
 8.01057e+21	0.00e+00	2.86e-25	1.22e-18	5.43e-13	1.30e-07	5.90e-04	9.99e-01	0.00e+00	0.00e+00	0.00e+00	0.00e+00	0.00e+00	7.82e-109
 8.14421e+21	0.00e+00	3.28e-25	1.34e-18	5.76e-13	1.37e-07	6.09e-04	9.99e-01	0.00e+00	0.00e+00	0.00e+00	0.00e+00	0.00e+00	1.31e-108
 8.31794e+21	0.00e+00	3.91e-25	1.52e-18	6.20e-13	1.45e-07	6.36e-04	9.99e-01	0.00e+00	0.00e+00	0.00e+00	0.00e+00	0.00e+00	2.45e-108
 8.50179e+21	0.00e+00	4.70e-25	1.73e-18	6.70e-13	1.54e-07	6.64e-04	9.99e-01	0.00e+00	0.00e+00	0.00e+00	0.00e+00	0.00e+00	1.50e-90
 8.65597e+21	0.00e+00	5.47e-25	1.92e-18	7.14e-13	1.62e-07	6.89e-04	9.99e-01	0.00e+00	0.00e+00	0.00e+00	0.00e+00	0.00e+00	2.42e-90
 8.79094e+21	0.00e+00	6.22e-25	2.11e-18	7.54e-13	1.69e-07	7.11e-04	9.99e-01	0.00e+00	0.00e+00	0.00e+00	0.00e+00	0.00e+00	5.20e-90
 8.94375e+21	0.00e+00	7.18e-25	2.33e-18	8.01e-13	1.78e-07	7.36e-04	9.99e-01	0.00e+00	0.00e+00	0.00e+00	0.00e+00	0.00e+00	6.40e-90
 9.14241e+21	0.00e+00	8.63e-25	2.65e-18	8.65e-13	1.89e-07	7.69e-04	9.99e-01	0.00e+00	0.00e+00	0.00e+00	0.00e+00	0.00e+00	1.16e-89
 9.34548e+21	0.00e+00	1.04e-24	3.03e-18	9.35e-13	2.01e-07	8.05e-04	9.99e-01	0.00e+00	0.00e+00	0.00e+00	0.00e+00	0.00e+00	2.22e-89
 9.50894e+21	0.00e+00	1.20e-24	3.35e-18	9.95e-13	2.12e-07	8.34e-04	9.99e-01	0.00e+00	0.00e+00	0.00e+00	0.00e+00	0.00e+00	3.87e-89
 9.67608e+21	0.00e+00	1.39e-24	3.72e-18	1.06e-12	2.22e-07	8.64e-04	9.99e-01	0.00e+00	0.00e+00	0.00e+00	0.00e+00	0.00e+00	7.76e-89
 9.89335e+21	0.00e+00	1.68e-24	4.24e-18	1.14e-12	2.37e-07	9.03e-04	9.99e-01	0.00e+00	0.00e+00	0.00e+00	0.00e+00	0.00e+00	1.12e-88
 1.01202e+22	0.00e+00	2.03e-24	4.86e-18	1.24e-12	2.53e-07	9.47e-04	9.99e-01	0.00e+00	0.00e+00	0.00e+00	0.00e+00	0.00e+00	2.20e-88
 1.03005e+22	0.00e+00	2.36e-24	5.41e-18	1.32e-12	2.67e-07	9.82e-04	9.99e-01	0.00e+00	0.00e+00	0.00e+00	0.00e+00	0.00e+00	3.91e-88
 1.04523e+22	0.00e+00	2.67e-24	5.90e-18	1.39e-12	2.78e-07	1.01e-03	9.99e-01	0.00e+00	0.00e+00	0.00e+00	0.00e+00	0.00e+00	7.86e-88
 1.06259e+22	0.00e+00	3.07e-24	6.51e-18	1.48e-12	2.92e-07	1.05e-03	9.99e-01	0.00e+00	0.00e+00	0.00e+00	0.00e+00	0.00e+00	9.95e-88
 1.08515e+22	0.00e+00	3.66e-24	7.38e-18	1.59e-12	3.11e-07	1.09e-03	9.99e-01	0.00e+00	0.00e+00	0.00e+00	0.00e+00	0.00e+00	1.67e-87
 1.10888e+22	0.00e+00	4.41e-24	8.43e-18	1.72e-12	3.32e-07	1.14e-03	9.99e-01	0.00e+00	0.00e+00	0.00e+00	0.00e+00	0.00e+00	3.19e-87
 1.12894e+22	0.00e+00	5.14e-24	9.40e-18	1.84e-12	3.50e-07	1.18e-03	9.99e-01	0.00e+00	0.00e+00	0.00e+00	0.00e+00	0.00e+00	6.89e-87
 1.14985e+22	0.00e+00	6.00e-24	1.05e-17	1.97e-12	3.70e-07	1.23e-03	9.99e-01	0.00e+00	0.00e+00	0.00e+00	0.00e+00	0.00e+00	9.51e-87
 1.17703e+22	0.00e+00	7.32e-24	1.21e-17	2.15e-12	3.97e-07	1.29e-03	9.99e-01	0.00e+00	0.00e+00	0.00e+00	0.00e+00	0.00e+00	1.78e-86
 1.20454e+22	0.00e+00	8.95e-24	1.40e-17	2.34e-12	4.26e-07	1.35e-03	9.99e-01	0.00e+00	0.00e+00	0.00e+00	0.00e+00	0.00e+00	3.61e-86
 1.22537e+22	0.00e+00	1.04e-23	1.55e-17	2.50e-12	4.50e-07	1.40e-03	9.99e-01	0.00e+00	0.00e+00	0.00e+00	0.00e+00	0.00e+00	6.55e-86
 1.24533e+22	0.00e+00	1.19e-23	1.71e-17	2.65e-12	4.73e-07	1.45e-03	9.99e-01	0.00e+00	0.00e+00	0.00e+00	0.00e+00	0.00e+00	1.33e-85
 1.27128e+22	0.00e+00	1.42e-23	1.95e-17	2.87e-12	5.04e-07	1.51e-03	9.98e-01	0.00e+00	0.00e+00	0.00e+00	0.00e+00	0.00e+00	1.61e-85
 1.29881e+22	0.00e+00	1.71e-23	2.23e-17	3.11e-12	5.40e-07	1.58e-03	9.98e-01	0.00e+00	0.00e+00	0.00e+00	0.00e+00	0.00e+00	2.62e-85
 1.32234e+22	0.00e+00	2.01e-23	2.49e-17	3.34e-12	5.71e-07	1.64e-03	9.98e-01	0.00e+00	0.00e+00	0.00e+00	0.00e+00	0.00e+00	7.43e-85
 1.34689e+22	0.00e+00	2.35e-23	2.80e-17	3.58e-12	6.06e-07	1.70e-03	9.98e-01	0.00e+00	0.00e+00	0.00e+00	0.00e+00	0.00e+00	1.06e-84
 1.37881e+22	0.00e+00	2.88e-23	3.24e-17	3.93e-12	6.53e-07	1.78e-03	9.98e-01	0.00e+00	0.00e+00	0.00e+00	0.00e+00	0.00e+00	1.73e-84
 1.41119e+22	1.57e-31	3.55e-23	3.77e-17	4.31e-12	7.05e-07	1.87e-03	9.98e-01	0.00e+00	0.00e+00	0.00e+00	0.00e+00	0.00e+00	3.53e-84
 1.43690e+22	1.91e-31	4.16e-23	4.23e-17	4.63e-12	7.48e-07	1.94e-03	9.98e-01	0.00e+00	0.00e+00	0.00e+00	0.00e+00	0.00e+00	7.59e-84
 1.45929e+22	2.26e-31	4.78e-23	4.67e-17	4.92e-12	7.87e-07	2.00e-03	9.98e-01	0.00e+00	0.00e+00	0.00e+00	0.00e+00	0.00e+00	1.54e-83
 1.48464e+22	2.73e-31	5.56e-23	5.22e-17	5.28e-12	8.34e-07	2.08e-03	9.98e-01	0.00e+00	0.00e+00	0.00e+00	0.00e+00	0.00e+00	2.10e-83
 1.51758e+22	3.47e-31	6.76e-23	6.01e-17	5.77e-12	8.97e-07	2.17e-03	9.98e-01	0.00e+00	0.00e+00	0.00e+00	0.00e+00	0.00e+00	2.90e-83
 1.55148e+22	4.46e-31	8.27e-23	6.97e-17	6.32e-12	9.67e-07	2.28e-03	9.98e-01	0.00e+00	0.00e+00	0.00e+00	0.00e+00	0.00e+00	5.14e-83
 1.57906e+22	5.43e-31	9.71e-23	7.83e-17	6.81e-12	1.03e-06	2.36e-03	9.98e-01	0.00e+00	0.00e+00	0.00e+00	0.00e+00	0.00e+00	1.34e-82
 1.60737e+22	6.61e-31	1.14e-22	8.80e-17	7.33e-12	1.09e-06	2.45e-03	9.98e-01	0.00e+00	0.00e+00	0.00e+00	0.00e+00	0.00e+00	2.36e-82
 1.64416e+22	8.52e-31	1.40e-22	1.02e-16	8.06e-12	1.18e-06	2.57e-03	9.97e-01	0.00e+00	0.00e+00	0.00e+00	0.00e+00	0.00e+00	3.36e-82
 1.68232e+22	1.11e-30	1.73e-22	1.20e-16	8.89e-12	1.28e-06	2.70e-03	9.97e-01	0.00e+00	0.00e+00	0.00e+00	0.00e+00	0.00e+00	6.13e-82
 1.71346e+22	1.38e-30	2.06e-22	1.36e-16	9.63e-12	1.37e-06	2.80e-03	9.97e-01	0.00e+00	0.00e+00	0.00e+00	0.00e+00	0.00e+00	1.67e-81
 1.74517e+22	1.70e-30	2.44e-22	1.54e-16	1.04e-11	1.46e-06	2.91e-03	9.97e-01	0.00e+00	0.00e+00	0.00e+00	0.00e+00	0.00e+00	3.01e-81
 1.78044e+22	2.15e-30	2.94e-22	1.76e-16	1.14e-11	1.57e-06	3.04e-03	9.97e-01	0.00e+00	0.00e+00	0.00e+00	0.00e+00	0.00e+00	4.08e-81
 1.81277e+22	2.66e-30	3.50e-22	2.00e-16	1.24e-11	1.68e-06	3.16e-03	9.97e-01	0.00e+00	0.00e+00	0.00e+00	0.00e+00	0.00e+00	9.79e-81
 1.84249e+22	3.22e-30	4.08e-22	2.24e-16	1.33e-11	1.78e-06	3.27e-03	9.97e-01	0.00e+00	0.00e+00	0.00e+00	0.00e+00	0.00e+00	1.70e-80
 1.87637e+22	3.97e-30	4.83e-22	2.54e-16	1.44e-11	1.90e-06	3.39e-03	9.97e-01	0.00e+00	0.00e+00	0.00e+00	0.00e+00	0.00e+00	2.01e-80
 1.92041e+22	5.27e-30	6.06e-22	3.01e-16	1.60e-11	2.07e-06	3.57e-03	9.96e-01	0.00e+00	0.00e+00	0.00e+00	0.00e+00	0.00e+00	4.30e-80
 1.96446e+22	6.95e-30	7.61e-22	3.55e-16	1.78e-11	2.26e-06	3.75e-03	9.96e-01	0.00e+00	0.00e+00	0.00e+00	0.00e+00	0.00e+00	9.08e-80
 1.99861e+22	8.61e-30	9.03e-22	4.03e-16	1.94e-11	2.42e-06	3.89e-03	9.96e-01	0.00e+00	0.00e+00	0.00e+00	0.00e+00	0.00e+00	2.24e-79
 2.03311e+22	1.06e-29	1.07e-21	4.57e-16	2.10e-11	2.58e-06	4.04e-03	9.96e-01	0.00e+00	0.00e+00	0.00e+00	0.00e+00	0.00e+00	3.41e-79
 2.07795e+22	1.39e-29	1.33e-21	5.37e-16	2.33e-11	2.81e-06	4.23e-03	9.96e-01	0.00e+00	0.00e+00	0.00e+00	0.00e+00	0.00e+00	4.59e-79
 2.12197e+22	1.83e-29	1.65e-21	6.32e-16	2.59e-11	3.05e-06	4.44e-03	9.96e-01	0.00e+00	0.00e+00	0.00e+00	0.00e+00	0.00e+00	8.94e-79
 2.15369e+22	2.22e-29	1.93e-21	7.09e-16	2.80e-11	3.24e-06	4.59e-03	9.95e-01	0.00e+00	0.00e+00	0.00e+00	0.00e+00	0.00e+00	1.80e-78
 2.18368e+22	2.64e-29	2.22e-21	7.88e-16	2.99e-11	3.43e-06	4.73e-03	9.95e-01	0.00e+00	0.00e+00	0.00e+00	0.00e+00	0.00e+00	3.11e-78
 2.22267e+22	3.32e-29	2.67e-21	9.04e-16	3.28e-11	3.68e-06	4.92e-03	9.95e-01	0.00e+00	0.00e+00	0.00e+00	0.00e+00	0.00e+00	4.45e-78
 2.26558e+22	4.29e-29	3.28e-21	1.05e-15	3.62e-11	3.99e-06	5.14e-03	9.95e-01	0.00e+00	0.00e+00	0.00e+00	0.00e+00	0.00e+00	8.23e-78
 2.30070e+22	5.30e-29	3.89e-21	1.20e-15	3.94e-11	4.25e-06	5.32e-03	9.95e-01	0.00e+00	0.00e+00	0.00e+00	0.00e+00	0.00e+00	1.51e-77
 2.32726e+22	6.21e-29	4.41e-21	1.31e-15	4.19e-11	4.47e-06	5.46e-03	9.95e-01	0.00e+00	0.00e+00	0.00e+00	0.00e+00	0.00e+00	2.80e-77
 2.35560e+22	7.30e-29	5.03e-21	1.45e-15	4.47e-11	4.70e-06	5.61e-03	9.94e-01	0.00e+00	0.00e+00	0.00e+00	0.00e+00	0.00e+00	4.74e-77
 2.39243e+22	9.01e-29	5.95e-21	1.65e-15	4.87e-11	5.02e-06	5.81e-03	9.94e-01	0.00e+00	0.00e+00	0.00e+00	0.00e+00	0.00e+00	1.83e-76
 2.42953e+22	1.12e-28	7.11e-21	1.88e-15	5.31e-11	5.37e-06	6.03e-03	9.94e-01	0.00e+00	0.00e+00	0.00e+00	0.00e+00	0.00e+00	3.21e-76
 2.45758e+22	1.33e-28	8.11e-21	2.08e-15	5.68e-11	5.65e-06	6.19e-03	9.94e-01	0.00e+00	0.00e+00	0.00e+00	0.00e+00	0.00e+00	4.86e-76
 2.48466e+22	1.54e-28	9.18e-21	2.28e-15	6.04e-11	5.93e-06	6.35e-03	9.94e-01	0.00e+00	0.00e+00	0.00e+00	0.00e+00	0.00e+00	7.18e-76
 2.51987e+22	1.89e-28	1.08e-20	2.58e-15	6.55e-11	6.30e-06	6.56e-03	9.93e-01	0.00e+00	0.00e+00	0.00e+00	0.00e+00	0.00e+00	1.19e-75
 2.55720e+22	2.35e-28	1.29e-20	2.94e-15	7.16e-11	6.74e-06	6.80e-03	9.93e-01	0.00e+00	0.00e+00	0.00e+00	0.00e+00	0.00e+00	2.05e-75
 2.58830e+22	2.81e-28	1.49e-20	3.28e-15	7.71e-11	7.13e-06	7.00e-03	9.93e-01	0.00e+00	0.00e+00	0.00e+00	0.00e+00	0.00e+00	3.22e-75
 2.61973e+22	3.35e-28	1.71e-20	3.66e-15	8.29e-11	7.53e-06	7.20e-03	9.93e-01	0.00e+00	0.00e+00	0.00e+00	0.00e+00	0.00e+00	5.00e-75
 2.65462e+22	4.11e-28	2.02e-20	4.14e-15	9.00e-11	8.00e-06	7.43e-03	9.93e-01	0.00e+00	0.00e+00	0.00e+00	0.00e+00	0.00e+00	8.26e-75
 2.68557e+22	4.92e-28	2.33e-20	4.62e-15	9.69e-11	8.45e-06	7.65e-03	9.92e-01	0.00e+00	0.00e+00	0.00e+00	0.00e+00	0.00e+00	1.29e-74
 2.71243e+22	5.74e-28	2.64e-20	5.08e-15	1.03e-10	8.86e-06	7.83e-03	9.92e-01	0.00e+00	0.00e+00	0.00e+00	0.00e+00	0.00e+00	1.89e-74
 2.74237e+22	6.77e-28	3.02e-20	5.63e-15	1.11e-10	9.33e-06	8.04e-03	9.92e-01	0.00e+00	0.00e+00	0.00e+00	0.00e+00	0.00e+00	2.84e-74
 2.78129e+22	8.41e-28	3.60e-20	6.44e-15	1.21e-10	9.97e-06	8.32e-03	9.92e-01	0.00e+00	0.00e+00	0.00e+00	0.00e+00	0.00e+00	4.85e-74
 2.82093e+22	1.06e-27	4.34e-20	7.42e-15	1.34e-10	1.07e-05	8.63e-03	9.91e-01	0.00e+00	0.00e+00	0.00e+00	0.00e+00	0.00e+00	8.52e-74
 2.85176e+22	1.26e-27	5.01e-20	8.28e-15	1.44e-10	1.13e-05	8.86e-03	9.91e-01	0.00e+00	0.00e+00	0.00e+00	0.00e+00	0.00e+00	1.31e-73
 2.88211e+22	1.49e-27	5.75e-20	9.20e-15	1.55e-10	1.19e-05	9.10e-03	9.91e-01	0.00e+00	0.00e+00	0.00e+00	0.00e+00	0.00e+00	1.98e-73
 2.92157e+22	1.86e-27	6.88e-20	1.05e-14	1.70e-10	1.27e-05	9.41e-03	9.91e-01	0.00e+00	0.00e+00	0.00e+00	0.00e+00	0.00e+00	3.37e-73
 2.96101e+22	2.34e-27	8.28e-20	1.22e-14	1.88e-10	1.36e-05	9.75e-03	9.90e-01	0.00e+00	0.00e+00	0.00e+00	0.00e+00	0.00e+00	5.86e-73
 2.99072e+22	2.78e-27	9.50e-20	1.35e-14	2.02e-10	1.43e-05	1.00e-02	9.90e-01	0.00e+00	0.00e+00	0.00e+00	0.00e+00	0.00e+00	8.81e-73
 3.01964e+22	3.25e-27	1.08e-19	1.49e-14	2.16e-10	1.50e-05	1.02e-02	9.90e-01	0.00e+00	0.00e+00	0.00e+00	0.00e+00	0.00e+00	1.29e-72
 3.05723e+22	4.00e-27	1.28e-19	1.70e-14	2.36e-10	1.60e-05	1.06e-02	9.89e-01	0.00e+00	0.00e+00	0.00e+00	0.00e+00	0.00e+00	2.13e-72
 3.09693e+22	5.03e-27	1.54e-19	1.96e-14	2.61e-10	1.71e-05	1.09e-02	9.89e-01	0.00e+00	0.00e+00	0.00e+00	0.00e+00	0.00e+00	3.66e-72
 3.12992e+22	6.06e-27	1.80e-19	2.21e-14	2.83e-10	1.81e-05	1.13e-02	9.89e-01	0.00e+00	0.00e+00	0.00e+00	0.00e+00	0.00e+00	5.71e-72
 3.16334e+22	7.26e-27	2.09e-19	2.48e-14	3.06e-10	1.91e-05	1.16e-02	9.88e-01	0.00e+00	0.00e+00	0.00e+00	0.00e+00	0.00e+00	8.78e-72
 3.20680e+22	9.20e-27	2.53e-19	2.88e-14	3.40e-10	2.05e-05	1.20e-02	9.88e-01	0.00e+00	0.00e+00	0.00e+00	0.00e+00	0.00e+00	1.54e-71
 3.25107e+22	1.18e-26	3.11e-19	3.38e-14	3.80e-10	2.21e-05	1.24e-02	9.88e-01	0.00e+00	0.00e+00	0.00e+00	0.00e+00	0.00e+00	2.78e-71
 3.28554e+22	1.43e-26	3.64e-19	3.82e-14	4.13e-10	2.34e-05	1.28e-02	9.87e-01	0.00e+00	0.00e+00	0.00e+00	0.00e+00	0.00e+00	4.37e-71
 3.31949e+22	1.72e-26	4.24e-19	4.29e-14	4.49e-10	2.48e-05	1.31e-02	9.87e-01	0.00e+00	0.00e+00	0.00e+00	0.00e+00	0.00e+00	6.75e-71
 3.36363e+22	2.16e-26	5.11e-19	4.97e-14	4.97e-10	2.65e-05	1.36e-02	9.86e-01	0.00e+00	0.00e+00	0.00e+00	0.00e+00	0.00e+00	1.15e-70
 3.41075e+22	2.78e-26	6.31e-19	5.85e-14	5.57e-10	2.86e-05	1.41e-02	9.86e-01	0.00e+00	0.00e+00	0.00e+00	0.00e+00	0.00e+00	2.10e-70
 3.45020e+22	3.47e-26	7.57e-19	6.75e-14	6.15e-10	3.06e-05	1.46e-02	9.85e-01	0.00e+00	0.00e+00	0.00e+00	0.00e+00	0.00e+00	3.52e-70
 3.48398e+22	4.10e-26	8.69e-19	7.51e-14	6.63e-10	3.21e-05	1.50e-02	9.85e-01	0.00e+00	0.00e+00	0.00e+00	0.00e+00	0.00e+00	5.20e-70
 3.52194e+22	4.96e-26	1.02e-18	8.51e-14	7.24e-10	3.41e-05	1.54e-02	9.85e-01	0.00e+00	0.00e+00	0.00e+00	0.00e+00	0.00e+00	8.16e-70
 3.57129e+22	6.35e-26	1.25e-18	9.99e-14	8.10e-10	3.67e-05	1.60e-02	9.84e-01	0.00e+00	0.00e+00	0.00e+00	0.00e+00	0.00e+00	1.45e-69
 3.62158e+22	8.25e-26	1.55e-18	1.18e-13	9.12e-10	3.97e-05	1.66e-02	9.83e-01	0.00e+00	0.00e+00	0.00e+00	0.00e+00	0.00e+00	2.66e-69
 3.66107e+22	1.01e-25	1.83e-18	1.34e-13	9.99e-10	4.21e-05	1.71e-02	9.83e-01	0.00e+00	0.00e+00	0.00e+00	0.00e+00	0.00e+00	4.22e-69
 3.70038e+22	1.22e-25	2.15e-18	1.53e-13	1.09e-09	4.47e-05	1.76e-02	9.82e-01	0.00e+00	0.00e+00	0.00e+00	0.00e+00	0.00e+00	6.61e-69
 3.75149e+22	1.53e-25	2.61e-18	1.78e-13	1.22e-09	4.79e-05	1.82e-02	9.82e-01	0.00e+00	0.00e+00	0.00e+00	0.00e+00	0.00e+00	1.13e-68
 3.80722e+22	2.00e-25	3.26e-18	2.11e-13	1.37e-09	5.19e-05	1.89e-02	9.81e-01	0.00e+00	0.00e+00	0.00e+00	0.00e+00	0.00e+00	2.10e-68
 3.85396e+22	2.50e-25	3.94e-18	2.45e-13	1.52e-09	5.56e-05	1.96e-02	9.80e-01	0.00e+00	0.00e+00	0.00e+00	0.00e+00	0.00e+00	3.54e-68
 3.89190e+22	2.95e-25	4.52e-18	2.73e-13	1.65e-09	5.85e-05	2.01e-02	9.80e-01	0.00e+00	0.00e+00	0.00e+00	0.00e+00	0.00e+00	5.18e-68
 3.93345e+22	3.53e-25	5.26e-18	3.08e-13	1.79e-09	6.18e-05	2.06e-02	9.79e-01	0.00e+00	0.00e+00	0.00e+00	0.00e+00	0.00e+00	7.88e-68
 3.98746e+22	4.43e-25	6.37e-18	3.58e-13	1.99e-09	6.63e-05	2.14e-02	9.79e-01	0.00e+00	0.00e+00	0.00e+00	0.00e+00	0.00e+00	1.34e-67
 4.04620e+22	5.69e-25	7.88e-18	4.23e-13	2.25e-09	7.16e-05	2.22e-02	9.78e-01	0.00e+00	0.00e+00	0.00e+00	0.00e+00	0.00e+00	2.40e-67
 4.09737e+22	7.13e-25	9.51e-18	4.90e-13	2.49e-09	7.67e-05	2.29e-02	9.77e-01	0.00e+00	0.00e+00	0.00e+00	0.00e+00	0.00e+00	4.02e-67
 4.14235e+22	8.44e-25	1.10e-17	5.50e-13	2.71e-09	8.09e-05	2.35e-02	9.76e-01	0.00e+00	0.00e+00	0.00e+00	0.00e+00	0.00e+00	5.99e-67
 4.19302e+22	1.02e-24	1.30e-17	6.26e-13	2.97e-09	8.60e-05	2.43e-02	9.76e-01	0.00e+00	0.00e+00	0.00e+00	0.00e+00	0.00e+00	9.39e-67
 4.25889e+22	1.31e-24	1.60e-17	7.39e-13	3.34e-09	9.28e-05	2.52e-02	9.75e-01	0.00e+00	0.00e+00	0.00e+00	0.00e+00	0.00e+00	1.67e-66
 4.32846e+22	1.71e-24	2.00e-17	8.83e-13	3.79e-09	1.01e-04	2.62e-02	9.74e-01	0.00e+00	0.00e+00	0.00e+00	0.00e+00	0.00e+00	3.09e-66
 4.38611e+22	2.13e-24	2.41e-17	1.02e-12	4.22e-09	1.08e-04	2.71e-02	9.73e-01	0.00e+00	0.00e+00	0.00e+00	0.00e+00	0.00e+00	5.14e-66
 4.44428e+22	2.57e-24	2.83e-17	1.16e-12	4.62e-09	1.15e-04	2.79e-02	9.72e-01	0.00e+00	0.00e+00	0.00e+00	0.00e+00	0.00e+00	7.98e-66
 4.51991e+22	3.32e-24	3.51e-17	1.38e-12	5.22e-09	1.24e-04	2.90e-02	9.71e-01	0.00e+00	0.00e+00	0.00e+00	0.00e+00	0.00e+00	1.44e-65
 4.59797e+22	4.33e-24	4.41e-17	1.65e-12	5.94e-09	1.35e-04	3.03e-02	9.70e-01	0.00e+00	0.00e+00	0.00e+00	0.00e+00	0.00e+00	2.67e-65
 4.65801e+22	5.30e-24	5.23e-17	1.89e-12	6.55e-09	1.44e-04	3.12e-02	9.69e-01	0.00e+00	0.00e+00	0.00e+00	5.23e-17	3.04e-22	4.26e-65
 4.70721e+22	6.16e-24	5.94e-17	2.09e-12	7.05e-09	1.51e-04	3.20e-02	9.68e-01	0.00e+00	0.00e+00	0.00e+00	5.94e-17	3.66e-20	6.04e-65
 4.76350e+22	7.30e-24	6.87e-17	2.35e-12	7.67e-09	1.60e-04	3.28e-02	9.67e-01	0.00e+00	0.00e+00	0.00e+00	6.87e-17	4.15e-20	8.97e-65
 4.83667e+22	9.04e-24	8.25e-17	2.72e-12	8.51e-09	1.71e-04	3.39e-02	9.66e-01	0.00e+00	0.00e+00	0.00e+00	8.25e-17	4.85e-20	1.48e-64
 4.91716e+22	1.15e-23	1.01e-16	3.20e-12	9.57e-09	1.84e-04	3.52e-02	9.65e-01	0.00e+00	0.00e+00	0.00e+00	1.01e-16	5.74e-20	2.57e-64
 4.98877e+22	1.42e-23	1.21e-16	3.68e-12	1.06e-08	1.97e-04	3.64e-02	9.63e-01	0.00e+00	0.00e+00	0.00e+00	1.21e-16	6.66e-20	4.17e-64
 5.05330e+22	1.69e-23	1.41e-16	4.16e-12	1.16e-08	2.09e-04	3.74e-02	9.62e-01	0.00e+00	0.00e+00	0.00e+00	1.40e-16	7.58e-20	6.29e-64
 5.12701e+22	2.05e-23	1.66e-16	4.74e-12	1.27e-08	2.22e-04	3.86e-02	9.61e-01	0.00e+00	0.00e+00	0.00e+00	1.66e-16	8.74e-20	9.86e-64
 5.22283e+22	2.63e-23	2.05e-16	5.61e-12	1.44e-08	2.41e-04	4.01e-02	9.60e-01	0.00e+00	0.00e+00	0.00e+00	2.04e-16	1.04e-19	1.74e-63
 5.32393e+22	3.44e-23	2.57e-16	6.72e-12	1.64e-08	2.62e-04	4.18e-02	9.58e-01	0.00e+00	0.00e+00	0.00e+00	2.56e-16	1.25e-19	3.23e-63
 5.40702e+22	4.25e-23	3.07e-16	7.76e-12	1.82e-08	2.80e-04	4.32e-02	9.57e-01	0.00e+00	0.00e+00	0.00e+00	3.07e-16	1.46e-19	5.27e-63
 5.47620e+22	5.02e-23	3.54e-16	8.70e-12	1.98e-08	2.96e-04	4.43e-02	9.55e-01	0.00e+00	0.00e+00	0.00e+00	3.54e-16	1.64e-19	7.75e-63
 5.55221e+22	5.99e-23	4.12e-16	9.81e-12	2.16e-08	3.13e-04	4.56e-02	9.54e-01	0.00e+00	0.00e+00	0.00e+00	4.11e-16	1.87e-19	1.16e-62
 5.65103e+22	7.47e-23	4.97e-16	1.14e-11	2.41e-08	3.37e-04	4.72e-02	9.52e-01	0.00e+00	0.00e+00	0.00e+00	4.97e-16	2.18e-19	1.94e-62
 5.75620e+22	9.55e-23	6.12e-16	1.35e-11	2.72e-08	3.64e-04	4.90e-02	9.51e-01	0.00e+00	0.00e+00	0.00e+00	6.11e-16	2.58e-19	3.41e-62
 5.84141e+22	1.16e-22	7.20e-16	1.54e-11	2.99e-08	3.88e-04	5.05e-02	9.49e-01	0.00e+00	0.00e+00	0.00e+00	7.20e-16	2.95e-19	5.32e-62
 5.91287e+22	1.34e-22	8.17e-16	1.70e-11	3.22e-08	4.07e-04	5.17e-02	9.48e-01	0.00e+00	0.00e+00	0.00e+00	8.16e-16	3.28e-19	7.48e-62
 5.99473e+22	1.60e-22	9.46e-16	1.91e-11	3.50e-08	4.30e-04	5.31e-02	9.46e-01	0.00e+00	0.00e+00	0.00e+00	9.46e-16	3.72e-19	1.11e-61
 6.10114e+22	1.96e-22	1.12e-15	2.19e-11	3.88e-08	4.60e-04	5.49e-02	9.45e-01	0.00e+00	0.00e+00	0.00e+00	1.12e-15	4.28e-19	1.78e-61
 6.21874e+22	2.51e-22	1.38e-15	2.59e-11	4.38e-08	4.98e-04	5.70e-02	9.43e-01	0.00e+00	0.00e+00	0.00e+00	1.38e-15	5.05e-19	3.12e-61
 6.31996e+22	3.08e-22	1.64e-15	2.98e-11	4.85e-08	5.31e-04	5.88e-02	9.41e-01	0.00e+00	0.00e+00	0.00e+00	1.64e-15	5.81e-19	4.98e-61
 6.39932e+22	3.57e-22	1.86e-15	3.29e-11	5.21e-08	5.58e-04	6.02e-02	9.39e-01	0.00e+00	0.00e+00	0.00e+00	1.86e-15	6.43e-19	7.00e-61
 6.48114e+22	4.15e-22	2.12e-15	3.64e-11	5.62e-08	5.86e-04	6.16e-02	9.38e-01	0.00e+00	0.00e+00	0.00e+00	2.11e-15	7.18e-19	9.87e-61
 6.58751e+22	5.03e-22	2.48e-15	4.15e-11	6.18e-08	6.23e-04	6.35e-02	9.36e-01	0.00e+00	0.00e+00	0.00e+00	2.48e-15	8.18e-19	1.53e-60
 6.70424e+22	6.19e-22	2.95e-15	4.76e-11	6.84e-08	6.65e-04	6.55e-02	9.34e-01	0.00e+00	0.00e+00	0.00e+00	2.95e-15	9.36e-19	2.45e-60
 6.80582e+22	7.47e-22	3.45e-15	5.41e-11	7.50e-08	7.07e-04	6.75e-02	9.32e-01	0.00e+00	0.00e+00	0.00e+00	3.45e-15	1.06e-18	3.74e-60
 6.89327e+22	8.68e-22	3.91e-15	5.97e-11	8.07e-08	7.41e-04	6.90e-02	9.30e-01	0.00e+00	0.00e+00	0.00e+00	3.91e-15	1.18e-18	5.24e-60
 6.99097e+22	1.01e-21	4.46e-15	6.64e-11	8.72e-08	7.80e-04	7.07e-02	9.29e-01	0.00e+00	0.00e+00	0.00e+00	4.46e-15	1.31e-18	7.48e-60
 7.11799e+22	1.24e-21	5.27e-15	7.59e-11	9.62e-08	8.31e-04	7.29e-02	9.26e-01	0.00e+00	0.00e+00	0.00e+00	5.26e-15	1.50e-18	1.18e-59
 7.25625e+22	1.54e-21	6.30e-15	8.77e-11	1.07e-07	8.91e-04	7.54e-02	9.24e-01	0.00e+00	0.00e+00	0.00e+00	6.30e-15	1.72e-18	1.93e-59
 7.37446e+22	1.87e-21	7.41e-15	9.99e-11	1.18e-07	9.48e-04	7.76e-02	9.21e-01	0.00e+00	0.00e+00	0.00e+00	7.41e-15	1.96e-18	2.98e-59
 7.47508e+22	2.20e-21	8.44e-15	1.11e-10	1.27e-07	9.97e-04	7.95e-02	9.19e-01	0.00e+00	0.00e+00	0.00e+00	8.44e-15	2.18e-18	4.24e-59
 7.58749e+22	2.56e-21	9.58e-15	1.23e-10	1.37e-07	1.05e-03	8.14e-02	9.18e-01	0.00e+00	0.00e+00	0.00e+00	9.58e-15	2.41e-18	6.01e-59
 7.73361e+22	3.13e-21	1.13e-14	1.41e-10	1.51e-07	1.12e-03	8.39e-02	9.15e-01	0.00e+00	0.00e+00	0.00e+00	1.13e-14	2.76e-18	9.49e-59
 7.88462e+22	3.89e-21	1.35e-14	1.62e-10	1.68e-07	1.19e-03	8.66e-02	9.12e-01	0.00e+00	0.00e+00	0.00e+00	1.35e-14	3.14e-18	1.53e-58
 8.00261e+22	4.57e-21	1.54e-14	1.81e-10	1.82e-07	1.26e-03	8.88e-02	9.10e-01	0.00e+00	0.00e+00	0.00e+00	1.54e-14	3.49e-18	2.21e-58
 8.11663e+22	5.37e-21	1.75e-14	2.00e-10	1.96e-07	1.32e-03	9.09e-02	9.08e-01	0.00e+00	0.00e+00	0.00e+00	1.75e-14	3.89e-18	3.13e-58
 8.26484e+22	6.41e-21	2.03e-14	2.25e-10	2.14e-07	1.40e-03	9.34e-02	9.05e-01	0.00e+00	0.00e+00	0.00e+00	2.03e-14	4.35e-18	4.68e-58
 8.43194e+22	7.96e-21	2.41e-14	2.58e-10	2.37e-07	1.49e-03	9.63e-02	9.02e-01	0.00e+00	0.00e+00	0.00e+00	2.41e-14	4.95e-18	7.53e-58
 8.58269e+22	9.56e-21	2.81e-14	2.92e-10	2.59e-07	1.59e-03	9.91e-02	8.99e-01	0.00e+00	0.00e+00	0.00e+00	2.81e-14	5.57e-18	1.14e-57
 8.71335e+22	1.13e-20	3.19e-14	3.24e-10	2.80e-07	1.67e-03	1.01e-01	8.97e-01	0.00e+00	0.00e+00	0.00e+00	3.19e-14	6.16e-18	1.64e-57
 8.85881e+22	1.33e-20	3.64e-14	3.60e-10	3.02e-07	1.75e-03	1.04e-01	8.94e-01	0.00e+00	0.00e+00	0.00e+00	3.64e-14	6.84e-18	2.34e-57
 9.04791e+22	1.63e-20	4.30e-14	4.12e-10	3.34e-07	1.87e-03	1.07e-01	8.91e-01	0.00e+00	0.00e+00	0.00e+00	4.29e-14	7.77e-18	3.69e-57
 9.25721e+22	2.06e-20	5.15e-14	4.76e-10	3.72e-07	2.00e-03	1.11e-01	8.87e-01	0.00e+00	0.00e+00	0.00e+00	5.14e-14	8.85e-18	6.12e-57
 9.44449e+22	2.54e-20	6.09e-14	5.46e-10	4.11e-07	2.14e-03	1.14e-01	8.84e-01	0.00e+00	0.00e+00	0.00e+00	6.09e-14	1.01e-17	9.71e-57
 9.61244e+22	3.05e-20	7.04e-14	6.14e-10	4.48e-07	2.26e-03	1.17e-01	8.81e-01	0.00e+00	0.00e+00	0.00e+00	7.04e-14	1.13e-17	1.44e-56
 9.80357e+22	3.63e-20	8.11e-14	6.87e-10	4.87e-07	2.39e-03	1.20e-01	8.78e-01	0.00e+00	0.00e+00	0.00e+00	8.10e-14	1.26e-17	2.13e-56
 1.00520e+23	4.57e-20	9.71e-14	7.95e-10	5.42e-07	2.56e-03	1.24e-01	8.74e-01	0.00e+00	0.00e+00	0.00e+00	9.71e-14	1.44e-17	3.51e-56
 1.03114e+23	5.91e-20	1.18e-13	9.33e-10	6.11e-07	2.76e-03	1.28e-01	8.69e-01	0.00e+00	0.00e+00	0.00e+00	1.18e-13	1.65e-17	6.12e-56
 1.05167e+23	7.30e-20	1.40e-13	1.07e-09	6.74e-07	2.94e-03	1.32e-01	8.65e-01	0.00e+00	0.00e+00	0.00e+00	1.40e-13	1.88e-17	9.60e-56
 1.07153e+23	8.57e-20	1.59e-13	1.18e-09	7.27e-07	3.09e-03	1.35e-01	8.62e-01	0.00e+00	0.00e+00	0.00e+00	1.59e-13	2.08e-17	1.37e-55
 1.09735e+23	1.06e-19	1.88e-13	1.36e-09	8.05e-07	3.30e-03	1.39e-01	8.57e-01	0.00e+00	0.00e+00	0.00e+00	1.88e-13	2.36e-17	2.17e-55
 1.13092e+23	1.37e-19	2.29e-13	1.59e-09	9.05e-07	3.56e-03	1.44e-01	8.52e-01	0.00e+00	0.00e+00	0.00e+00	2.29e-13	2.72e-17	3.76e-55
 1.16682e+23	1.85e-19	2.89e-13	1.92e-09	1.04e-06	3.89e-03	1.50e-01	8.46e-01	0.00e+00	0.00e+00	0.00e+00	2.89e-13	3.19e-17	7.10e-55
 1.19597e+23	2.37e-19	3.51e-13	2.24e-09	1.17e-06	4.19e-03	1.55e-01	8.41e-01	0.00e+00	0.00e+00	0.00e+00	3.51e-13	3.68e-17	1.20e-54
 1.21966e+23	2.84e-19	4.05e-13	2.52e-09	1.27e-06	4.42e-03	1.59e-01	8.36e-01	0.00e+00	0.00e+00	0.00e+00	4.05e-13	4.12e-17	1.77e-54
 1.24603e+23	3.36e-19	4.61e-13	2.80e-09	1.37e-06	4.65e-03	1.63e-01	8.32e-01	0.00e+00	0.00e+00	0.00e+00	4.61e-13	4.53e-17	2.54e-54
 1.28030e+23	4.18e-19	5.47e-13	3.21e-09	1.52e-06	4.96e-03	1.68e-01	8.27e-01	0.00e+00	0.00e+00	0.00e+00	5.47e-13	5.11e-17	4.02e-54
 1.31810e+23	5.41e-19	6.67e-13	3.78e-09	1.71e-06	5.36e-03	1.74e-01	8.21e-01	0.00e+00	0.00e+00	0.00e+00	6.67e-13	5.85e-17	6.88e-54
 1.35088e+23	6.80e-19	7.97e-13	4.37e-09	1.90e-06	5.73e-03	1.79e-01	8.15e-01	0.00e+00	0.00e+00	0.00e+00	7.96e-13	6.64e-17	1.11e-53
 1.37833e+23	8.09e-19	9.11e-13	4.87e-09	2.06e-06	6.03e-03	1.83e-01	8.11e-01	0.00e+00	0.00e+00	0.00e+00	9.11e-13	7.34e-17	1.59e-53
 1.40846e+23	9.48e-19	1.03e-12	5.38e-09	2.22e-06	6.33e-03	1.87e-01	8.07e-01	0.00e+00	0.00e+00	0.00e+00	1.03e-12	8.03e-17	2.22e-53
 1.44763e+23	1.16e-18	1.21e-12	6.11e-09	2.44e-06	6.71e-03	1.92e-01	8.01e-01	0.00e+00	0.00e+00	0.00e+00	1.21e-12	8.91e-17	3.36e-53
 1.49855e+23	1.48e-18	1.45e-12	7.12e-09	2.73e-06	7.21e-03	1.98e-01	7.95e-01	0.00e+00	0.00e+00	0.00e+00	1.45e-12	1.01e-16	5.54e-53
 1.55437e+23	1.98e-18	1.82e-12	8.57e-09	3.13e-06	7.86e-03	2.06e-01	7.87e-01	0.00e+00	0.00e+00	0.00e+00	1.82e-12	1.16e-16	1.01e-52
 1.60103e+23	2.58e-18	2.24e-12	1.01e-08	3.54e-06	8.50e-03	2.13e-01	7.79e-01	0.00e+00	0.00e+00	0.00e+00	2.24e-12	1.34e-16	1.72e-52
 1.63718e+23	3.05e-18	2.55e-12	1.13e-08	3.83e-06	8.92e-03	2.17e-01	7.74e-01	0.00e+00	0.00e+00	0.00e+00	2.55e-12	1.47e-16	2.43e-52
 1.67521e+23	3.51e-18	2.85e-12	1.23e-08	4.09e-06	9.31e-03	2.21e-01	7.69e-01	0.00e+00	0.00e+00	0.00e+00	2.85e-12	1.59e-16	3.23e-52
 1.72466e+23	4.18e-18	3.27e-12	1.38e-08	4.45e-06	9.82e-03	2.26e-01	7.64e-01	0.00e+00	0.00e+00	0.00e+00	3.27e-12	1.73e-16	4.62e-52
 1.78828e+23	5.07e-18	3.80e-12	1.56e-08	4.87e-06	1.04e-02	2.32e-01	7.58e-01	0.00e+00	0.00e+00	0.00e+00	3.80e-12	1.87e-16	6.83e-52
 1.86105e+23	6.46e-18	4.58e-12	1.83e-08	5.46e-06	1.12e-02	2.39e-01	7.50e-01	0.00e+00	0.00e+00	0.00e+00	4.58e-12	2.08e-16	1.11e-51
 1.93399e+23	8.15e-18	5.50e-12	2.12e-08	6.10e-06	1.20e-02	2.46e-01	7.42e-01	0.00e+00	0.00e+00	0.00e+00	5.50e-12	2.31e-16	1.76e-51
 2.00986e+23	9.82e-18	6.35e-12	2.39e-08	6.66e-06	1.26e-02	2.52e-01	7.36e-01	0.00e+00	0.00e+00	0.00e+00	6.35e-12	2.49e-16	2.56e-51
 2.09149e+23	1.20e-17	7.44e-12	2.72e-08	7.34e-06	1.34e-02	2.58e-01	7.28e-01	0.00e+00	0.00e+00	0.00e+00	7.44e-12	2.69e-16	3.81e-51
 2.17638e+23	1.87e-17	8.55e-12	3.05e-08	7.99e-06	1.41e-02	2.64e-01	7.22e-01	0.00e+00	0.00e+00	0.00e+00	8.55e-12	2.86e-16	6.82e-51
 2.26142e+23	2.23e-17	9.83e-12	3.43e-08	8.71e-06	1.49e-02	2.70e-01	7.15e-01	0.00e+00	0.00e+00	0.00e+00	9.83e-12	3.05e-16	9.64e-51
 2.34076e+23	2.64e-17	1.11e-11	3.79e-08	9.38e-06	1.56e-02	2.75e-01	7.10e-01	0.00e+00	0.00e+00	0.00e+00	1.11e-11	3.21e-16	1.32e-50
 2.41216e+23	2.99e-17	1.22e-11	4.11e-08	9.96e-06	1.62e-02	2.79e-01	7.05e-01	0.00e+00	0.00e+00	0.00e+00	1.22e-11	3.34e-16	1.68e-50
 2.47643e+23	3.30e-17	1.32e-11	4.40e-08	1.05e-05	1.67e-02	2.82e-01	7.01e-01	0.00e+00	0.00e+00	0.00e+00	1.32e-11	3.44e-16	2.04e-50
 2.53427e+23	3.57e-17	1.41e-11	4.63e-08	1.09e-05	1.71e-02	2.85e-01	6.98e-01	0.00e+00	0.00e+00	0.00e+00	1.41e-11	3.50e-16	2.38e-50
 2.58632e+23	3.82e-17	1.48e-11	4.83e-08	1.12e-05	1.75e-02	2.87e-01	6.95e-01	0.00e+00	0.00e+00	0.00e+00	1.48e-11	3.55e-16	2.70e-50
 2.63317e+23	4.03e-17	1.55e-11	5.01e-08	1.15e-05	1.77e-02	2.89e-01	6.93e-01	0.00e+00	0.00e+00	0.00e+00	1.55e-11	3.58e-16	3.01e-50
 2.67534e+23	4.20e-17	1.60e-11	5.15e-08	1.18e-05	1.80e-02	2.91e-01	6.91e-01	0.00e+00	0.00e+00	0.00e+00	1.60e-11	3.59e-16	3.26e-50
 2.71328e+23	4.35e-17	1.65e-11	5.27e-08	1.20e-05	1.82e-02	2.92e-01	6.90e-01	0.00e+00	0.00e+00	0.00e+00	1.65e-11	3.59e-16	3.49e-50
 2.74744e+23	4.50e-17	1.69e-11	5.38e-08	1.22e-05	1.83e-02	2.93e-01	6.89e-01	4.50e-17	7.39e-21	1.76e-21	1.69e-11	3.59e-16	3.72e-50
 2.77889e+23	4.59e-17	1.72e-11	5.46e-08	1.23e-05	1.85e-02	2.94e-01	6.88e-01	4.59e-17	3.09e-20	5.07e-21	1.72e-11	3.58e-16	3.88e-50
 2.80944e+23	4.64e-17	1.73e-11	5.50e-08	1.24e-05	1.85e-02	2.94e-01	6.87e-01	4.64e-17	3.05e-20	5.02e-21	1.73e-11	3.53e-16	3.97e-50
 2.83999e+23	4.70e-17	1.75e-11	5.55e-08	1.24e-05	1.86e-02	2.95e-01	6.87e-01	4.69e-17	3.03e-20	4.98e-21	1.75e-11	3.50e-16	4.06e-50
 2.87053e+23	4.73e-17	1.76e-11	5.57e-08	1.25e-05	1.86e-02	2.95e-01	6.86e-01	4.73e-17	2.99e-20	4.91e-21	1.76e-11	3.44e-16	4.13e-50
 2.90108e+23	4.81e-17	1.78e-11	5.63e-08	1.26e-05	1.87e-02	2.96e-01	6.86e-01	4.80e-17	2.97e-20	4.89e-21	1.78e-11	3.41e-16	4.24e-50
 2.93163e+23	4.82e-17	1.79e-11	5.64e-08	1.26e-05	1.87e-02	2.96e-01	6.86e-01	4.82e-17	2.92e-20	4.80e-21	1.79e-11	3.35e-16	4.28e-50
 2.96218e+23	4.87e-17	1.80e-11	5.67e-08	1.27e-05	1.88e-02	2.96e-01	6.85e-01	4.86e-17	2.89e-20	4.75e-21	1.80e-11	3.30e-16	4.34e-50
 2.99273e+23	4.87e-17	1.80e-11	5.67e-08	1.26e-05	1.88e-02	2.96e-01	6.85e-01	4.86e-17	2.83e-20	4.66e-21	1.80e-11	3.24e-16	4.35e-50
 3.02327e+23	4.90e-17	1.81e-11	5.70e-08	1.27e-05	1.88e-02	2.96e-01	6.85e-01	4.90e-17	2.79e-20	4.60e-21	1.81e-11	3.19e-16	4.40e-50
 3.04668e+23	5.12e-17	1.87e-11	5.86e-08	1.30e-05	1.91e-02	2.98e-01	6.83e-01	5.11e-17	2.87e-20	4.72e-21	1.87e-11	3.24e-16	4.77e-50
