#depth	Si	Si+	Si+2	Si+3	Si+4	Si+5	Si+6	Si+7	Si+8	Si+9	Si+10	Si+11	Si+12	Si+13	Si+14
 6.17135e+19	1.00e-28	8.83e-19	1.45e-15	5.16e-13	9.17e-09	1.21e-05	2.14e-03	4.93e-02	2.35e-01	3.78e-01	1.96e-01	8.01e-02	5.71e-02	1.44e-03	1.10e-05
 1.87609e+20	2.09e-28	2.10e-18	3.11e-15	9.81e-13	1.53e-08	1.78e-05	2.83e-03	6.10e-02	2.62e-01	3.82e-01	1.80e-01	6.79e-02	4.40e-02	9.98e-04	6.82e-06
 2.94450e+20	4.25e-28	4.45e-18	6.00e-15	1.69e-12	2.31e-08	2.42e-05	3.52e-03	7.20e-02	2.84e-01	3.81e-01	1.65e-01	5.88e-02	3.52e-02	7.32e-04	4.59e-06
 3.71685e+20	6.78e-28	7.38e-18	9.35e-15	2.44e-12	3.04e-08	2.98e-05	4.10e-03	8.06e-02	2.98e-01	3.78e-01	1.55e-01	5.30e-02	3.01e-02	5.88e-04	3.47e-06
 4.26265e+20	9.48e-28	1.05e-17	1.27e-14	3.14e-12	3.68e-08	3.45e-05	4.56e-03	8.72e-02	3.09e-01	3.76e-01	1.48e-01	4.91e-02	2.68e-02	5.01e-04	2.83e-06
 4.63275e+20	1.16e-27	1.30e-17	1.54e-14	3.68e-12	4.15e-08	3.78e-05	4.87e-03	9.15e-02	3.15e-01	3.73e-01	1.43e-01	4.67e-02	2.49e-02	4.54e-04	2.50e-06
 5.02387e+20	1.44e-27	1.65e-17	1.89e-14	4.36e-12	4.74e-08	4.18e-05	5.24e-03	9.66e-02	3.22e-01	3.71e-01	1.38e-01	4.42e-02	2.29e-02	4.04e-04	2.16e-06
 5.53233e+20	1.91e-27	2.21e-17	2.44e-14	5.39e-12	5.60e-08	4.73e-05	5.75e-03	1.03e-01	3.31e-01	3.67e-01	1.32e-01	4.11e-02	2.06e-02	3.49e-04	1.79e-06
 6.07199e+20	2.54e-27	3.03e-17	3.21e-14	6.77e-12	6.66e-08	5.40e-05	6.34e-03	1.11e-01	3.40e-01	3.62e-01	1.25e-01	3.80e-02	1.83e-02	2.98e-04	1.47e-06
 6.53088e+20	3.24e-27	3.94e-17	4.03e-14	8.18e-12	7.70e-08	6.02e-05	6.87e-03	1.18e-01	3.47e-01	3.57e-01	1.19e-01	3.55e-02	1.66e-02	2.61e-04	1.24e-06
 7.00611e+20	4.12e-27	5.10e-17	5.05e-14	9.87e-12	8.91e-08	6.73e-05	7.46e-03	1.25e-01	3.54e-01	3.52e-01	1.14e-01	3.31e-02	1.50e-02	2.28e-04	1.04e-06
 7.62389e+20	5.58e-27	7.11e-17	6.75e-14	1.26e-11	1.08e-07	7.75e-05	8.28e-03	1.34e-01	3.63e-01	3.44e-01	1.07e-01	3.02e-02	1.31e-02	1.90e-04	8.33e-07
 8.25234e+20	7.65e-27	1.00e-16	9.10e-14	1.61e-11	1.30e-07	8.94e-05	9.20e-03	1.45e-01	3.71e-01	3.36e-01	9.95e-02	2.75e-02	1.14e-02	1.58e-04	6.61e-07
 8.74575e+20	9.73e-27	1.30e-16	1.14e-13	1.95e-11	1.50e-07	9.97e-05	9.96e-03	1.53e-01	3.77e-01	3.30e-01	9.43e-02	2.55e-02	1.03e-02	1.37e-04	5.54e-07
 9.23830e+20	1.23e-26	1.66e-16	1.42e-13	2.34e-11	1.73e-07	1.11e-04	1.08e-02	1.62e-01	3.82e-01	3.23e-01	8.93e-02	2.37e-02	9.25e-03	1.19e-04	4.65e-07
 9.87862e+20	1.65e-26	2.29e-16	1.88e-13	2.97e-11	2.08e-07	1.27e-04	1.19e-02	1.73e-01	3.89e-01	3.14e-01	8.30e-02	2.15e-02	8.05e-03	9.90e-05	3.69e-07
 1.05564e+21	2.26e-26	3.22e-16	2.53e-13	3.81e-11	2.52e-07	1.47e-04	1.32e-02	1.86e-01	3.95e-01	3.03e-01	7.66e-02	1.93e-02	6.93e-03	8.13e-05	2.89e-07
 1.11283e+21	2.93e-26	4.25e-16	3.23e-13	4.68e-11	2.95e-07	1.65e-04	1.44e-02	1.96e-01	3.99e-01	2.94e-01	7.17e-02	1.77e-02	6.12e-03	6.90e-05	2.36e-07
 1.17173e+21	3.78e-26	5.59e-16	4.11e-13	5.73e-11	3.45e-07	1.85e-04	1.56e-02	2.08e-01	4.03e-01	2.85e-01	6.68e-02	1.61e-02	5.40e-03	5.84e-05	1.92e-07
 1.24830e+21	5.25e-26	7.94e-16	5.61e-13	7.46e-11	4.23e-07	2.16e-04	1.74e-02	2.23e-01	4.07e-01	2.73e-01	6.08e-02	1.43e-02	4.56e-03	4.69e-05	1.46e-07
 1.32640e+21	7.33e-26	1.13e-15	7.69e-13	9.75e-11	5.19e-07	2.51e-04	1.94e-02	2.38e-01	4.10e-01	2.61e-01	5.52e-02	1.26e-02	3.85e-03	3.75e-05	0.00e+00
 1.38780e+21	9.43e-26	1.48e-15	9.75e-13	1.19e-10	6.06e-07	2.81e-04	2.10e-02	2.51e-01	4.11e-01	2.51e-01	5.12e-02	1.15e-02	3.37e-03	3.16e-05	0.00e+00
 1.44893e+21	1.20e-25	1.92e-15	1.22e-12	1.45e-10	7.05e-07	3.14e-04	2.27e-02	2.63e-01	4.12e-01	2.42e-01	4.74e-02	1.04e-02	2.96e-03	2.67e-05	0.00e+00
 1.52841e+21	1.63e-25	2.66e-15	1.64e-12	1.86e-10	8.56e-07	3.61e-04	2.50e-02	2.79e-01	4.12e-01	2.29e-01	4.29e-02	9.18e-03	2.49e-03	2.14e-05	0.00e+00
 1.61199e+21	2.25e-25	3.75e-15	2.22e-12	2.41e-10	1.05e-06	4.18e-04	2.77e-02	2.96e-01	4.11e-01	2.17e-01	3.85e-02	8.03e-03	2.08e-03	1.70e-05	0.00e+00
 1.68161e+21	2.91e-25	4.93e-15	2.83e-12	2.97e-10	1.23e-06	4.69e-04	3.00e-02	3.10e-01	4.09e-01	2.07e-01	3.53e-02	7.19e-03	1.80e-03	1.41e-05	0.00e+00
 1.75282e+21	3.74e-25	6.43e-15	3.59e-12	3.65e-10	1.44e-06	5.26e-04	3.24e-02	3.24e-01	4.06e-01	1.97e-01	3.22e-02	6.44e-03	1.55e-03	1.16e-05	0.00e+00
 1.83238e+21	4.96e-25	8.65e-15	4.68e-12	4.58e-10	1.71e-06	5.97e-04	3.53e-02	3.40e-01	4.03e-01	1.86e-01	2.91e-02	5.67e-03	1.31e-03	9.40e-06	0.00e+00
 1.90574e+21	6.36e-25	1.13e-14	5.93e-12	5.62e-10	2.00e-06	6.68e-04	3.81e-02	3.54e-01	3.99e-01	1.76e-01	2.65e-02	5.06e-03	1.13e-03	7.75e-06	0.00e+00
 1.96867e+21	7.84e-25	1.40e-14	7.22e-12	6.66e-10	2.28e-06	7.34e-04	4.05e-02	3.65e-01	3.95e-01	1.68e-01	2.44e-02	4.59e-03	9.92e-04	6.58e-06	0.00e+00
 2.03510e+21	9.69e-25	1.75e-14	8.82e-12	7.92e-10	2.61e-06	8.08e-04	4.32e-02	3.78e-01	3.91e-01	1.60e-01	2.25e-02	4.14e-03	8.67e-04	5.54e-06	0.00e+00
 2.12145e+21	1.27e-24	2.33e-14	1.14e-11	9.90e-10	3.10e-06	9.13e-04	4.68e-02	3.93e-01	3.84e-01	1.50e-01	2.01e-02	3.62e-03	7.28e-04	4.44e-06	0.00e+00
 2.20858e+21	1.67e-24	3.10e-14	1.47e-11	1.24e-09	3.67e-06	1.03e-03	5.06e-02	4.09e-01	3.78e-01	1.40e-01	1.80e-02	3.16e-03	6.11e-04	3.56e-06	0.00e+00
 2.27659e+21	2.04e-24	3.83e-14	1.78e-11	1.46e-09	4.16e-06	1.12e-03	5.36e-02	4.20e-01	3.72e-01	1.33e-01	1.65e-02	2.85e-03	5.35e-04	3.01e-06	0.00e+00
 2.34489e+21	2.48e-24	4.69e-14	2.14e-11	1.71e-09	4.71e-06	1.23e-03	5.67e-02	4.31e-01	3.66e-01	1.27e-01	1.52e-02	2.58e-03	4.69e-04	2.55e-06	0.00e+00
 2.43367e+21	3.19e-24	6.09e-14	2.71e-11	2.11e-09	5.52e-06	1.37e-03	6.09e-02	4.45e-01	3.58e-01	1.18e-01	1.36e-02	2.25e-03	3.94e-04	2.05e-06	0.00e+00
 2.52792e+21	4.15e-24	8.01e-14	3.47e-11	2.61e-09	6.50e-06	1.54e-03	6.54e-02	4.59e-01	3.49e-01	1.10e-01	1.21e-02	1.96e-03	3.29e-04	1.63e-06	0.00e+00
 2.60878e+21	5.15e-24	1.00e-13	4.25e-11	3.12e-09	7.43e-06	1.69e-03	6.94e-02	4.71e-01	3.42e-01	1.04e-01	1.09e-02	1.74e-03	2.83e-04	1.35e-06	0.00e+00
 2.69342e+21	6.41e-24	1.26e-13	5.22e-11	3.74e-09	8.53e-06	1.86e-03	7.37e-02	4.82e-01	3.34e-01	9.71e-02	9.86e-03	1.54e-03	2.42e-04	1.11e-06	0.00e+00
 2.80345e+21	8.48e-24	1.67e-13	6.77e-11	4.70e-09	1.02e-05	2.10e-03	7.94e-02	4.96e-01	3.23e-01	8.92e-02	8.62e-03	1.31e-03	1.97e-04	8.61e-07	0.00e+00
 2.91567e+21	1.12e-23	2.23e-13	8.81e-11	5.92e-09	1.21e-05	2.36e-03	8.53e-02	5.10e-01	3.12e-01	8.18e-02	7.53e-03	1.11e-03	1.61e-04	6.67e-07	0.00e+00
 3.00442e+21	1.39e-23	2.77e-13	1.07e-10	7.04e-09	1.38e-05	2.59e-03	9.01e-02	5.19e-01	3.04e-01	7.66e-02	6.79e-03	9.84e-04	1.37e-04	5.49e-07	0.00e+00
 3.09349e+21	1.71e-23	3.42e-13	1.30e-10	8.33e-09	1.57e-05	2.83e-03	9.50e-02	5.29e-01	2.95e-01	7.16e-02	6.12e-03	8.70e-04	1.18e-04	4.52e-07	0.00e+00
 3.20928e+21	2.23e-23	4.46e-13	1.66e-10	1.03e-08	1.84e-05	3.16e-03	1.01e-01	5.40e-01	2.84e-01	6.55e-02	5.34e-03	7.41e-04	9.61e-05	3.51e-07	0.00e+00
 3.33064e+21	2.94e-23	5.88e-13	2.13e-10	1.29e-08	2.18e-05	3.54e-03	1.08e-01	5.50e-01	2.72e-01	5.98e-02	4.64e-03	6.28e-04	7.81e-05	2.71e-07	0.00e+00
 3.43159e+21	3.67e-23	7.32e-13	2.61e-10	1.54e-08	2.48e-05	3.87e-03	1.14e-01	5.58e-01	2.63e-01	5.55e-02	4.15e-03	5.49e-04	6.60e-05	2.20e-07	0.00e+00
 3.53520e+21	4.57e-23	9.06e-13	3.17e-10	1.84e-08	2.84e-05	4.23e-03	1.20e-01	5.66e-01	2.54e-01	5.14e-02	3.69e-03	4.79e-04	5.56e-05	1.78e-07	0.00e+00
 3.66989e+21	6.06e-23	1.19e-12	4.08e-10	2.30e-08	3.36e-05	4.74e-03	1.28e-01	5.75e-01	2.42e-01	4.65e-02	3.18e-03	4.02e-04	4.47e-05	1.36e-07	0.00e+00
 3.80899e+21	8.11e-23	1.57e-12	5.28e-10	2.89e-08	3.97e-05	5.31e-03	1.36e-01	5.83e-01	2.31e-01	4.20e-02	2.73e-03	3.36e-04	3.58e-05	0.00e+00	0.00e+00
 3.92219e+21	1.02e-22	1.95e-12	6.43e-10	3.44e-08	4.53e-05	5.79e-03	1.43e-01	5.88e-01	2.22e-01	3.87e-02	2.42e-03	2.92e-04	3.00e-05	0.00e+00	0.00e+00
 4.03772e+21	1.28e-22	2.41e-12	7.80e-10	4.10e-08	5.16e-05	6.32e-03	1.50e-01	5.93e-01	2.13e-01	3.56e-02	2.14e-03	2.53e-04	2.51e-05	0.00e+00	0.00e+00
 4.16198e+21	1.64e-22	3.02e-12	9.63e-10	4.94e-08	5.93e-05	6.92e-03	1.58e-01	5.97e-01	2.03e-01	3.26e-02	1.88e-03	2.17e-04	2.08e-05	0.00e+00	0.00e+00
 4.26883e+21	2.01e-22	3.65e-12	1.15e-09	5.77e-08	6.64e-05	7.47e-03	1.64e-01	6.00e-01	1.95e-01	3.03e-02	1.69e-03	1.91e-04	1.78e-05	0.00e+00	0.00e+00
 4.37899e+21	2.48e-22	4.39e-12	1.36e-09	6.73e-08	7.46e-05	8.06e-03	1.71e-01	6.03e-01	1.88e-01	2.80e-02	1.51e-03	1.68e-04	1.51e-05	0.00e+00	0.00e+00
 4.52220e+21	3.23e-22	5.56e-12	1.69e-09	8.21e-08	8.65e-05	8.88e-03	1.80e-01	6.06e-01	1.78e-01	2.53e-02	1.30e-03	1.42e-04	1.23e-05	0.00e+00	0.00e+00
 4.66697e+21	4.25e-22	7.05e-12	2.12e-09	1.00e-07	9.99e-05	9.75e-03	1.89e-01	6.08e-01	1.69e-01	2.29e-02	1.13e-03	1.20e-04	9.98e-06	0.00e+00	0.00e+00
 4.78115e+21	5.21e-22	8.43e-12	2.50e-09	1.16e-07	1.11e-04	1.05e-02	1.96e-01	6.09e-01	1.62e-01	2.12e-02	1.01e-03	1.06e-04	8.53e-06	0.00e+00	0.00e+00
 4.89700e+21	6.38e-22	1.00e-11	2.93e-09	1.34e-07	1.24e-04	1.12e-02	2.03e-01	6.09e-01	1.55e-01	1.97e-02	9.05e-04	9.28e-05	7.28e-06	0.00e+00	0.00e+00
 5.04760e+21	8.36e-22	1.25e-11	3.62e-09	1.62e-07	1.43e-04	1.23e-02	2.13e-01	6.09e-01	1.47e-01	1.78e-02	7.84e-04	7.86e-05	5.93e-06	0.00e+00	0.00e+00
 5.20689e+21	1.11e-21	1.58e-11	4.50e-09	1.98e-07	1.65e-04	1.35e-02	2.23e-01	6.09e-01	1.39e-01	1.60e-02	6.75e-04	6.61e-05	4.80e-06	0.00e+00	0.00e+00
 5.34110e+21	1.39e-21	1.91e-11	5.37e-09	2.32e-07	1.85e-04	1.46e-02	2.31e-01	6.07e-01	1.32e-01	1.46e-02	5.97e-04	5.74e-05	4.03e-06	0.00e+00	0.00e+00
 5.47919e+21	1.77e-21	2.30e-11	6.38e-09	2.72e-07	2.08e-04	1.57e-02	2.39e-01	6.05e-01	1.25e-01	1.34e-02	5.27e-04	4.97e-05	3.38e-06	0.00e+00	0.00e+00
 5.65871e+21	2.38e-21	2.92e-11	7.98e-09	3.33e-07	2.42e-04	1.73e-02	2.50e-01	6.02e-01	1.17e-01	1.19e-02	4.48e-04	4.14e-05	2.69e-06	0.00e+00	0.00e+00
 5.84226e+21	3.25e-21	3.72e-11	1.00e-08	4.09e-07	2.80e-04	1.90e-02	2.61e-01	5.98e-01	1.10e-01	1.06e-02	3.81e-04	3.44e-05	2.15e-06	0.00e+00	0.00e+00
 5.98841e+21	4.10e-21	4.47e-11	1.19e-08	4.78e-07	3.14e-04	2.04e-02	2.70e-01	5.95e-01	1.04e-01	9.71e-03	3.37e-04	2.98e-05	1.80e-06	0.00e+00	0.00e+00
 6.13574e+21	5.17e-21	5.32e-11	1.40e-08	5.56e-07	3.51e-04	2.19e-02	2.79e-01	5.91e-01	9.88e-02	8.87e-03	2.97e-04	2.58e-05	1.51e-06	0.00e+00	0.00e+00
 6.32728e+21	7.07e-21	6.67e-11	1.74e-08	6.77e-07	4.05e-04	2.39e-02	2.90e-01	5.85e-01	9.21e-02	7.88e-03	2.53e-04	2.15e-05	1.21e-06	0.00e+00	0.00e+00
 6.52898e+21	9.75e-21	8.45e-11	2.17e-08	8.30e-07	4.69e-04	2.62e-02	3.02e-01	5.78e-01	8.56e-02	6.98e-03	2.14e-04	1.78e-05	9.59e-07	0.00e+00	0.00e+00
 6.69873e+21	1.25e-20	1.02e-10	2.60e-08	9.77e-07	5.28e-04	2.82e-02	3.12e-01	5.72e-01	8.06e-02	6.32e-03	1.87e-04	1.52e-05	7.94e-07	0.00e+00	0.00e+00
 6.87424e+21	1.64e-20	1.23e-10	3.10e-08	1.15e-06	5.95e-04	3.04e-02	3.22e-01	5.66e-01	7.57e-02	5.70e-03	1.62e-04	1.30e-05	6.55e-07	0.00e+00	0.00e+00
 7.10239e+21	2.26e-20	1.56e-10	3.89e-08	1.42e-06	6.92e-04	3.33e-02	3.35e-01	5.56e-01	6.98e-02	4.99e-03	1.36e-04	1.06e-05	5.12e-07	0.00e+00	0.00e+00
 7.33972e+21	3.17e-20	2.00e-10	4.91e-08	1.76e-06	8.05e-04	3.66e-02	3.47e-01	5.46e-01	6.43e-02	4.36e-03	1.13e-04	8.68e-06	3.98e-07	0.00e+00	0.00e+00
 7.53640e+21	4.08e-20	2.43e-10	5.90e-08	2.08e-06	9.09e-04	3.94e-02	3.58e-01	5.38e-01	6.00e-02	3.91e-03	9.78e-05	7.36e-06	3.26e-07	0.00e+00	0.00e+00
 7.73952e+21	5.34e-20	2.94e-10	7.07e-08	2.46e-06	1.03e-03	4.24e-02	3.68e-01	5.29e-01	5.60e-02	3.50e-03	8.43e-05	6.23e-06	2.66e-07	0.00e+00	0.00e+00
 7.95416e+21	7.01e-20	3.60e-10	8.57e-08	2.94e-06	1.16e-03	4.58e-02	3.79e-01	5.19e-01	5.20e-02	3.12e-03	7.22e-05	5.23e-06	2.15e-07	0.00e+00	0.00e+00
 8.13504e+21	8.63e-20	4.25e-10	1.00e-07	3.39e-06	1.29e-03	4.87e-02	3.87e-01	5.11e-01	4.89e-02	2.83e-03	6.35e-05	4.54e-06	1.81e-07	0.00e+00	0.00e+00
 8.32148e+21	1.07e-19	4.99e-10	1.17e-07	3.91e-06	1.43e-03	5.18e-02	3.96e-01	5.02e-01	4.59e-02	2.57e-03	5.58e-05	3.92e-06	1.51e-07	0.00e+00	0.00e+00
 8.56386e+21	1.41e-19	6.14e-10	1.42e-07	4.70e-06	1.63e-03	5.60e-02	4.07e-01	4.91e-01	4.23e-02	2.26e-03	4.73e-05	3.26e-06	0.00e+00	0.00e+00	0.00e+00
 8.81447e+21	1.85e-19	7.61e-10	1.74e-07	5.66e-06	1.86e-03	6.05e-02	4.18e-01	4.79e-01	3.90e-02	1.99e-03	3.99e-05	2.70e-06	0.00e+00	0.00e+00	0.00e+00
 9.02149e+21	2.28e-19	9.01e-10	2.04e-07	6.56e-06	2.06e-03	6.43e-02	4.26e-01	4.69e-01	3.64e-02	1.79e-03	3.49e-05	2.32e-06	0.00e+00	0.00e+00	0.00e+00
 9.23632e+21	2.85e-19	1.06e-09	2.39e-07	7.58e-06	2.28e-03	6.83e-02	4.35e-01	4.59e-01	3.40e-02	1.62e-03	3.04e-05	1.99e-06	0.00e+00	0.00e+00	0.00e+00
 9.51559e+21	3.71e-19	1.32e-09	2.93e-07	9.17e-06	2.61e-03	7.39e-02	4.46e-01	4.45e-01	3.10e-02	1.41e-03	2.54e-05	1.63e-06	0.00e+00	0.00e+00	0.00e+00
 9.80962e+21	4.89e-19	1.65e-09	3.62e-07	1.12e-05	2.99e-03	7.99e-02	4.56e-01	4.32e-01	2.82e-02	1.22e-03	2.12e-05	1.33e-06	0.00e+00	0.00e+00	0.00e+00
 1.00479e+22	6.01e-19	1.96e-09	4.27e-07	1.30e-05	3.33e-03	8.49e-02	4.64e-01	4.21e-01	2.62e-02	1.09e-03	1.83e-05	1.14e-06	0.00e+00	0.00e+00	0.00e+00
 1.02828e+22	7.32e-19	2.31e-09	4.97e-07	1.50e-05	3.69e-03	9.00e-02	4.71e-01	4.10e-01	2.43e-02	9.79e-04	1.59e-05	9.72e-07	0.00e+00	0.00e+00	0.00e+00
 1.05882e+22	9.49e-19	2.84e-09	6.05e-07	1.80e-05	4.19e-03	9.68e-02	4.80e-01	3.96e-01	2.21e-02	8.51e-04	1.33e-05	7.97e-07	0.00e+00	0.00e+00	0.00e+00
 1.09028e+22	1.23e-18	3.52e-09	7.41e-07	2.17e-05	4.76e-03	1.04e-01	4.89e-01	3.82e-01	2.01e-02	7.38e-04	1.11e-05	6.52e-07	0.00e+00	0.00e+00	0.00e+00
 1.11597e+22	1.47e-18	4.17e-09	8.68e-07	2.51e-05	5.27e-03	1.10e-01	4.95e-01	3.70e-01	1.86e-02	6.60e-04	9.62e-06	5.56e-07	0.00e+00	0.00e+00	0.00e+00
 1.14240e+22	1.79e-18	4.91e-09	1.01e-06	2.90e-05	5.83e-03	1.16e-01	5.01e-01	3.59e-01	1.71e-02	5.88e-04	8.31e-06	4.73e-07	0.00e+00	0.00e+00	0.00e+00
 1.17676e+22	2.35e-18	6.07e-09	1.23e-06	3.48e-05	6.61e-03	1.25e-01	5.08e-01	3.45e-01	1.55e-02	5.08e-04	6.91e-06	3.86e-07	0.00e+00	0.00e+00	0.00e+00
 1.21273e+22	3.06e-18	7.58e-09	1.52e-06	4.21e-05	7.51e-03	1.34e-01	5.15e-01	3.30e-01	1.39e-02	4.36e-04	5.71e-06	3.12e-07	0.00e+00	0.00e+00	0.00e+00
 1.24307e+22	3.70e-18	9.07e-09	1.80e-06	4.90e-05	8.34e-03	1.41e-01	5.19e-01	3.18e-01	1.27e-02	3.85e-04	4.87e-06	2.63e-07	0.00e+00	0.00e+00	0.00e+00
 1.27477e+22	4.56e-18	1.08e-08	2.11e-06	5.71e-05	9.27e-03	1.49e-01	5.24e-01	3.06e-01	1.16e-02	3.39e-04	4.15e-06	2.20e-07	0.00e+00	0.00e+00	0.00e+00
 1.31598e+22	6.05e-18	1.36e-08	2.61e-06	6.93e-05	1.06e-02	1.60e-01	5.28e-01	2.90e-01	1.03e-02	2.88e-04	3.38e-06	1.76e-07	0.00e+00	0.00e+00	0.00e+00
 1.35878e+22	7.97e-18	1.72e-08	3.24e-06	8.44e-05	1.20e-02	1.71e-01	5.32e-01	2.75e-01	9.14e-03	2.43e-04	2.75e-06	1.40e-07	0.00e+00	0.00e+00	0.00e+00
 1.39371e+22	9.73e-18	2.07e-08	3.84e-06	9.85e-05	1.34e-02	1.81e-01	5.34e-01	2.63e-01	8.29e-03	2.13e-04	2.33e-06	0.00e+00	0.00e+00	0.00e+00	0.00e+00
 1.42919e+22	1.19e-17	2.46e-08	4.51e-06	1.14e-04	1.48e-02	1.90e-01	5.36e-01	2.52e-01	7.51e-03	1.86e-04	1.97e-06	0.00e+00	0.00e+00	0.00e+00	0.00e+00
 1.47531e+22	1.57e-17	3.08e-08	5.55e-06	1.38e-04	1.68e-02	2.03e-01	5.36e-01	2.37e-01	6.62e-03	1.57e-04	1.60e-06	0.00e+00	0.00e+00	0.00e+00	0.00e+00
 1.52376e+22	2.07e-17	3.90e-08	6.90e-06	1.68e-04	1.91e-02	2.16e-01	5.36e-01	2.23e-01	5.81e-03	1.32e-04	1.29e-06	0.00e+00	0.00e+00	0.00e+00	0.00e+00
 1.56421e+22	2.55e-17	4.72e-08	8.21e-06	1.97e-04	2.11e-02	2.27e-01	5.35e-01	2.11e-01	5.21e-03	1.14e-04	1.08e-06	0.00e+00	0.00e+00	0.00e+00	0.00e+00
 1.60578e+22	3.15e-17	5.66e-08	9.68e-06	2.29e-04	2.34e-02	2.38e-01	5.33e-01	2.00e-01	4.67e-03	9.91e-05	9.03e-07	0.00e+00	0.00e+00	0.00e+00	0.00e+00
 1.65982e+22	4.17e-17	7.14e-08	1.20e-05	2.77e-04	2.65e-02	2.52e-01	5.30e-01	1.87e-01	4.06e-03	8.25e-05	7.21e-07	0.00e+00	0.00e+00	0.00e+00	0.00e+00
 1.71635e+22	5.54e-17	9.12e-08	1.49e-05	3.39e-04	3.01e-02	2.67e-01	5.25e-01	1.73e-01	3.50e-03	6.83e-05	5.72e-07	0.00e+00	0.00e+00	0.00e+00	0.00e+00
 1.76287e+22	6.91e-17	1.10e-07	1.78e-05	3.96e-04	3.33e-02	2.80e-01	5.21e-01	1.63e-01	3.11e-03	5.87e-05	4.74e-07	0.00e+00	0.00e+00	0.00e+00	0.00e+00
 1.81007e+22	8.54e-17	1.32e-07	2.09e-05	4.60e-04	3.67e-02	2.92e-01	5.15e-01	1.53e-01	2.76e-03	5.04e-05	3.94e-07	0.00e+00	0.00e+00	0.00e+00	0.00e+00
 1.87144e+22	1.12e-16	1.67e-07	2.58e-05	5.57e-04	4.15e-02	3.07e-01	5.07e-01	1.41e-01	2.37e-03	4.16e-05	3.11e-07	0.00e+00	0.00e+00	0.00e+00	0.00e+00
 1.93615e+22	1.49e-16	2.14e-07	3.23e-05	6.80e-04	4.69e-02	3.23e-01	4.98e-01	1.29e-01	2.01e-03	3.40e-05	2.44e-07	0.00e+00	0.00e+00	0.00e+00	0.00e+00
 1.99152e+22	1.88e-16	2.61e-07	3.86e-05	7.99e-04	5.18e-02	3.37e-01	4.89e-01	1.20e-01	1.76e-03	2.88e-05	1.98e-07	0.00e+00	0.00e+00	0.00e+00	0.00e+00
 2.04982e+22	2.38e-16	3.18e-07	4.60e-05	9.38e-04	5.73e-02	3.50e-01	4.79e-01	1.11e-01	1.53e-03	2.42e-05	1.61e-07	0.00e+00	0.00e+00	0.00e+00	0.00e+00
 2.12562e+22	3.21e-16	4.11e-07	5.78e-05	1.15e-03	6.50e-02	3.67e-01	4.66e-01	1.00e-01	1.27e-03	1.95e-05	1.23e-07	0.00e+00	0.00e+00	0.00e+00	0.00e+00
 2.19709e+22	4.26e-16	5.23e-07	7.17e-05	1.40e-03	7.27e-02	3.82e-01	4.52e-01	9.09e-02	1.07e-03	1.59e-05	0.00e+00	0.00e+00	0.00e+00	0.00e+00	0.00e+00
 2.24666e+22	5.13e-16	6.13e-07	8.24e-05	1.58e-03	7.83e-02	3.91e-01	4.43e-01	8.51e-02	9.56e-04	1.38e-05	0.00e+00	0.00e+00	0.00e+00	0.00e+00	0.00e+00
 2.29484e+22	6.07e-16	7.06e-07	9.34e-05	1.77e-03	8.40e-02	4.01e-01	4.33e-01	7.97e-02	8.55e-04	1.21e-05	0.00e+00	0.00e+00	0.00e+00	0.00e+00	0.00e+00
 2.35746e+22	7.63e-16	8.49e-07	1.10e-04	2.05e-03	9.17e-02	4.12e-01	4.20e-01	7.32e-02	7.39e-04	1.02e-05	0.00e+00	0.00e+00	0.00e+00	0.00e+00	0.00e+00
 2.42393e+22	9.73e-16	1.04e-06	1.31e-04	2.40e-03	1.00e-01	4.23e-01	4.07e-01	6.69e-02	6.36e-04	8.58e-06	0.00e+00	0.00e+00	0.00e+00	0.00e+00	0.00e+00
 2.48307e+22	1.19e-15	1.23e-06	1.52e-04	2.74e-03	1.08e-01	4.32e-01	3.95e-01	6.16e-02	5.54e-04	7.33e-06	0.00e+00	0.00e+00	0.00e+00	0.00e+00	0.00e+00
 2.54764e+22	1.48e-15	1.46e-06	1.78e-04	3.15e-03	1.17e-01	4.41e-01	3.81e-01	5.65e-02	4.80e-04	6.21e-06	0.00e+00	0.00e+00	0.00e+00	0.00e+00	0.00e+00
 2.61807e+22	1.88e-15	1.78e-06	2.11e-04	3.66e-03	1.27e-01	4.51e-01	3.67e-01	5.13e-02	4.10e-04	5.20e-06	0.00e+00	0.00e+00	0.00e+00	0.00e+00	0.00e+00
 2.68339e+22	2.34e-15	2.12e-06	2.46e-04	4.19e-03	1.37e-01	4.58e-01	3.53e-01	4.69e-02	3.54e-04	4.41e-06	0.00e+00	0.00e+00	0.00e+00	0.00e+00	0.00e+00
 2.75557e+22	2.96e-15	2.55e-06	2.88e-04	4.82e-03	1.48e-01	4.65e-01	3.39e-01	4.25e-02	3.03e-04	3.70e-06	0.00e+00	0.00e+00	0.00e+00	0.00e+00	0.00e+00
 2.83346e+22	3.82e-15	3.12e-06	3.43e-04	5.62e-03	1.60e-01	4.72e-01	3.23e-01	3.82e-02	2.56e-04	3.07e-06	0.00e+00	0.00e+00	0.00e+00	0.00e+00	0.00e+00
 2.90496e+22	4.81e-15	3.72e-06	4.00e-04	6.43e-03	1.72e-01	4.77e-01	3.09e-01	3.47e-02	2.19e-04	2.59e-06	0.00e+00	0.00e+00	0.00e+00	0.00e+00	0.00e+00
 2.98415e+22	6.20e-15	4.51e-06	4.71e-04	7.41e-03	1.85e-01	4.82e-01	2.94e-01	3.11e-02	1.85e-04	2.15e-06	0.00e+00	0.00e+00	0.00e+00	0.00e+00	0.00e+00
 3.06896e+22	8.16e-15	5.54e-06	5.63e-04	8.63e-03	2.00e-01	4.86e-01	2.78e-01	2.77e-02	1.55e-04	1.77e-06	0.00e+00	0.00e+00	0.00e+00	0.00e+00	0.00e+00
 3.14284e+22	1.03e-14	6.65e-06	6.59e-04	9.80e-03	2.12e-01	4.88e-01	2.64e-01	2.51e-02	1.33e-04	1.50e-06	0.00e+00	0.00e+00	0.00e+00	0.00e+00	0.00e+00
 3.21015e+22	1.29e-14	7.76e-06	7.51e-04	1.10e-02	2.24e-01	4.89e-01	2.52e-01	2.29e-02	1.16e-04	1.29e-06	0.00e+00	0.00e+00	0.00e+00	0.00e+00	0.00e+00
 3.28715e+22	1.65e-14	9.28e-06	8.74e-04	1.25e-02	2.38e-01	4.89e-01	2.39e-01	2.06e-02	9.86e-05	1.09e-06	0.00e+00	0.00e+00	0.00e+00	0.00e+00	0.00e+00
 3.36900e+22	2.19e-14	1.12e-05	1.03e-03	1.42e-02	2.52e-01	4.88e-01	2.26e-01	1.85e-02	8.40e-05	9.17e-07	0.00e+00	0.00e+00	0.00e+00	0.00e+00	0.00e+00
 3.43908e+22	2.78e-14	1.31e-05	1.17e-03	1.59e-02	2.64e-01	4.87e-01	2.15e-01	1.68e-02	7.32e-05	7.91e-07	0.00e+00	0.00e+00	0.00e+00	0.00e+00	0.00e+00
 3.50191e+22	3.43e-14	1.51e-05	1.32e-03	1.75e-02	2.75e-01	4.85e-01	2.05e-01	1.55e-02	6.46e-05	6.93e-07	0.00e+00	0.00e+00	0.00e+00	0.00e+00	0.00e+00
 3.57337e+22	4.38e-14	1.78e-05	1.52e-03	1.95e-02	2.88e-01	4.82e-01	1.95e-01	1.40e-02	5.61e-05	5.98e-07	0.00e+00	0.00e+00	0.00e+00	0.00e+00	0.00e+00
 3.65118e+22	5.91e-14	2.13e-05	1.76e-03	2.19e-02	3.01e-01	4.78e-01	1.84e-01	1.27e-02	4.87e-05	5.14e-07	0.00e+00	0.00e+00	0.00e+00	0.00e+00	0.00e+00
 3.71960e+22	7.64e-14	2.49e-05	2.01e-03	2.41e-02	3.13e-01	4.74e-01	1.75e-01	1.16e-02	4.28e-05	4.49e-07	0.00e+00	0.00e+00	0.00e+00	0.00e+00	0.00e+00
 3.77931e+22	9.62e-14	2.85e-05	2.25e-03	2.62e-02	3.23e-01	4.71e-01	1.68e-01	1.07e-02	3.84e-05	4.01e-07	0.00e+00	0.00e+00	0.00e+00	0.00e+00	0.00e+00
 3.84534e+22	1.22e-13	3.30e-05	2.54e-03	2.88e-02	3.34e-01	4.66e-01	1.59e-01	9.83e-03	3.39e-05	3.52e-07	0.00e+00	0.00e+00	0.00e+00	0.00e+00	0.00e+00
 3.91672e+22	1.70e-13	3.93e-05	2.93e-03	3.17e-02	3.45e-01	4.60e-01	1.51e-01	9.01e-03	3.01e-05	3.10e-07	0.00e+00	0.00e+00	0.00e+00	0.00e+00	0.00e+00
 3.97826e+22	2.22e-13	4.52e-05	3.30e-03	3.44e-02	3.55e-01	4.55e-01	1.44e-01	8.33e-03	2.70e-05	2.77e-07	0.00e+00	0.00e+00	0.00e+00	0.00e+00	0.00e+00
 4.03071e+22	2.74e-13	5.06e-05	3.63e-03	3.67e-02	3.63e-01	4.50e-01	1.39e-01	7.80e-03	2.47e-05	2.52e-07	0.00e+00	0.00e+00	0.00e+00	0.00e+00	0.00e+00
 4.08812e+22	3.72e-13	5.84e-05	4.08e-03	3.94e-02	3.71e-01	4.45e-01	1.33e-01	7.29e-03	2.26e-05	2.30e-07	0.00e+00	0.00e+00	0.00e+00	0.00e+00	0.00e+00
 4.15007e+22	5.07e-13	6.81e-05	4.64e-03	4.27e-02	3.80e-01	4.39e-01	1.27e-01	6.74e-03	2.04e-05	2.06e-07	0.00e+00	0.00e+00	0.00e+00	0.00e+00	0.00e+00
 4.20314e+22	6.72e-13	7.73e-05	5.16e-03	4.56e-02	3.87e-01	4.34e-01	1.22e-01	6.32e-03	1.88e-05	1.89e-07	0.00e+00	0.00e+00	0.00e+00	0.00e+00	0.00e+00
 4.24805e+22	8.59e-13	8.64e-05	5.65e-03	4.82e-02	3.93e-01	4.29e-01	1.18e-01	5.99e-03	1.75e-05	1.76e-07	0.00e+00	0.00e+00	0.00e+00	0.00e+00	0.00e+00
 4.29708e+22	1.14e-12	9.81e-05	6.29e-03	5.14e-02	4.00e-01	4.23e-01	1.13e-01	5.62e-03	1.61e-05	1.61e-07	0.00e+00	0.00e+00	0.00e+00	0.00e+00	0.00e+00
 4.34983e+22	1.58e-12	1.13e-04	7.07e-03	5.50e-02	4.08e-01	4.16e-01	1.08e-01	5.25e-03	1.48e-05	1.48e-07	0.00e+00	0.00e+00	0.00e+00	0.00e+00	0.00e+00
 4.39496e+22	2.11e-12	1.26e-04	7.79e-03	5.83e-02	4.14e-01	4.10e-01	1.04e-01	4.95e-03	1.37e-05	1.37e-07	0.00e+00	0.00e+00	0.00e+00	0.00e+00	0.00e+00
 4.43328e+22	2.72e-12	1.39e-04	8.48e-03	6.13e-02	4.19e-01	4.05e-01	1.01e-01	4.71e-03	1.29e-05	1.28e-07	0.00e+00	0.00e+00	0.00e+00	0.00e+00	0.00e+00
 4.47522e+22	3.64e-12	1.56e-04	9.32e-03	6.49e-02	4.25e-01	3.99e-01	9.70e-02	4.44e-03	1.20e-05	0.00e+00	0.00e+00	0.00e+00	0.00e+00	0.00e+00	0.00e+00
 4.52059e+22	5.03e-12	1.76e-04	1.04e-02	6.94e-02	4.32e-01	3.91e-01	9.25e-02	4.14e-03	1.10e-05	0.00e+00	0.00e+00	0.00e+00	0.00e+00	0.00e+00	0.00e+00
 4.56044e+22	6.76e-12	1.96e-04	1.14e-02	7.37e-02	4.39e-01	3.84e-01	8.84e-02	3.87e-03	1.01e-05	0.00e+00	0.00e+00	0.00e+00	0.00e+00	0.00e+00	0.00e+00
 4.59580e+22	8.83e-12	2.16e-04	1.24e-02	7.80e-02	4.45e-01	3.76e-01	8.46e-02	3.63e-03	9.28e-06	0.00e+00	0.00e+00	0.00e+00	0.00e+00	0.00e+00	0.00e+00
 4.62934e+22	1.15e-11	2.37e-04	1.34e-02	8.26e-02	4.51e-01	3.69e-01	8.08e-02	3.40e-03	8.53e-06	0.00e+00	0.00e+00	0.00e+00	0.00e+00	0.00e+00	0.00e+00
 4.66118e+22	1.47e-11	2.59e-04	1.45e-02	8.74e-02	4.57e-01	3.61e-01	7.71e-02	3.18e-03	7.82e-06	0.00e+00	0.00e+00	0.00e+00	0.00e+00	0.00e+00	0.00e+00
 4.69680e+22	1.97e-11	2.86e-04	1.58e-02	9.35e-02	4.63e-01	3.51e-01	7.27e-02	2.93e-03	7.02e-06	0.00e+00	0.00e+00	0.00e+00	0.00e+00	0.00e+00	0.00e+00
 4.73509e+22	2.71e-11	3.20e-04	1.74e-02	1.01e-01	4.71e-01	3.40e-01	6.80e-02	2.66e-03	6.20e-06	0.00e+00	0.00e+00	0.00e+00	0.00e+00	0.00e+00	0.00e+00
 4.76929e+22	3.65e-11	3.53e-04	1.89e-02	1.08e-01	4.77e-01	3.30e-01	6.37e-02	2.43e-03	5.51e-06	0.00e+00	0.00e+00	0.00e+00	0.00e+00	0.00e+00	0.00e+00
 4.80617e+22	5.10e-11	3.95e-04	2.07e-02	1.16e-01	4.84e-01	3.17e-01	5.90e-02	2.18e-03	4.79e-06	0.00e+00	0.00e+00	0.00e+00	0.00e+00	0.00e+00	0.00e+00
 4.84782e+22	7.61e-11	4.48e-04	2.30e-02	1.26e-01	4.91e-01	3.03e-01	5.38e-02	1.92e-03	4.06e-06	0.00e+00	0.00e+00	0.00e+00	0.00e+00	0.00e+00	0.00e+00
 4.88816e+22	1.15e-10	5.06e-04	2.55e-02	1.37e-01	4.97e-01	2.89e-01	4.90e-02	1.69e-03	3.44e-06	0.00e+00	0.00e+00	0.00e+00	0.00e+00	0.00e+00	0.00e+00
 4.92416e+22	1.72e-10	5.65e-04	2.78e-02	1.47e-01	5.03e-01	2.76e-01	4.48e-02	1.50e-03	2.94e-06	0.00e+00	0.00e+00	0.00e+00	0.00e+00	0.00e+00	0.00e+00
 4.95695e+22	2.47e-10	6.25e-04	3.01e-02	1.56e-01	5.06e-01	2.64e-01	4.12e-02	1.34e-03	2.54e-06	0.00e+00	0.00e+00	0.00e+00	0.00e+00	0.00e+00	0.00e+00
 4.99451e+22	3.98e-10	7.04e-04	3.31e-02	1.68e-01	5.10e-01	2.50e-01	3.73e-02	1.17e-03	2.14e-06	0.00e+00	0.00e+00	0.00e+00	0.00e+00	0.00e+00	0.00e+00
 5.04273e+22	7.30e-10	8.17e-04	3.71e-02	1.83e-01	5.13e-01	2.32e-01	3.27e-02	9.81e-04	1.72e-06	0.00e+00	0.00e+00	0.00e+00	0.00e+00	0.00e+00	0.00e+00
 5.09320e+22	1.42e-09	9.48e-04	4.16e-02	1.98e-01	5.15e-01	2.15e-01	2.85e-02	8.17e-04	1.37e-06	0.00e+00	0.00e+00	0.00e+00	0.00e+00	0.00e+00	0.00e+00
 5.13870e+22	2.35e-09	1.08e-03	4.58e-02	2.13e-01	5.15e-01	2.00e-01	2.52e-02	6.91e-04	1.11e-06	0.00e+00	0.00e+00	0.00e+00	0.00e+00	0.00e+00	0.00e+00
 5.18704e+22	4.29e-09	1.24e-03	5.06e-02	2.28e-01	5.13e-01	1.85e-01	2.19e-02	5.77e-04	8.89e-07	0.00e+00	0.00e+00	0.00e+00	0.00e+00	0.00e+00	0.00e+00
 5.24401e+22	8.91e-09	1.44e-03	5.66e-02	2.45e-01	5.10e-01	1.68e-01	1.87e-02	4.67e-04	6.87e-07	0.00e+00	0.00e+00	0.00e+00	0.00e+00	0.00e+00	0.00e+00
 5.30725e+22	1.55e-08	1.69e-03	6.35e-02	2.64e-01	5.04e-01	1.51e-01	1.56e-02	3.71e-04	5.20e-07	0.00e+00	0.00e+00	0.00e+00	0.00e+00	0.00e+00	0.00e+00
 5.37435e+22	2.52e-08	1.98e-03	7.10e-02	2.83e-01	4.96e-01	1.35e-01	1.30e-02	2.91e-04	3.89e-07	0.00e+00	0.00e+00	0.00e+00	0.00e+00	0.00e+00	0.00e+00
 5.44700e+22	3.77e-08	2.33e-03	7.93e-02	3.03e-01	4.85e-01	1.19e-01	1.06e-02	2.24e-04	2.86e-07	0.00e+00	0.00e+00	0.00e+00	0.00e+00	0.00e+00	0.00e+00
 5.52759e+22	5.57e-08	2.75e-03	8.88e-02	3.24e-01	4.72e-01	1.03e-01	8.48e-03	1.69e-04	2.05e-07	0.00e+00	0.00e+00	0.00e+00	0.00e+00	0.00e+00	0.00e+00
 5.61857e+22	8.10e-08	3.27e-03	9.96e-02	3.46e-01	4.56e-01	8.85e-02	6.63e-03	1.23e-04	1.43e-07	0.00e+00	0.00e+00	0.00e+00	0.00e+00	0.00e+00	0.00e+00
 5.72378e+22	1.16e-07	3.94e-03	1.12e-01	3.69e-01	4.36e-01	7.40e-02	5.01e-03	8.66e-05	0.00e+00	0.00e+00	0.00e+00	0.00e+00	0.00e+00	0.00e+00	0.00e+00
 5.83611e+22	1.62e-07	4.72e-03	1.25e-01	3.90e-01	4.15e-01	6.14e-02	3.76e-03	6.03e-05	0.00e+00	0.00e+00	0.00e+00	0.00e+00	0.00e+00	0.00e+00	0.00e+00
 5.96406e+22	2.24e-07	5.69e-03	1.40e-01	4.12e-01	3.90e-01	4.97e-02	2.72e-03	4.04e-05	0.00e+00	0.00e+00	0.00e+00	0.00e+00	0.00e+00	0.00e+00	0.00e+00
 6.10628e+22	3.06e-07	6.92e-03	1.57e-01	4.32e-01	3.63e-01	3.97e-02	1.93e-03	2.64e-05	0.00e+00	0.00e+00	0.00e+00	0.00e+00	0.00e+00	0.00e+00	0.00e+00
 6.24135e+22	3.95e-07	8.21e-03	1.72e-01	4.48e-01	3.38e-01	3.21e-02	1.41e-03	1.79e-05	0.00e+00	0.00e+00	0.00e+00	0.00e+00	0.00e+00	0.00e+00	0.00e+00
 6.39124e+22	5.06e-07	9.76e-03	1.89e-01	4.63e-01	3.12e-01	2.55e-02	1.00e-03	1.18e-05	0.00e+00	0.00e+00	0.00e+00	0.00e+00	0.00e+00	0.00e+00	0.00e+00
 6.58610e+22	6.81e-07	1.21e-02	2.10e-01	4.78e-01	2.80e-01	1.90e-02	6.53e-04	7.00e-06	0.00e+00	0.00e+00	0.00e+00	0.00e+00	0.00e+00	0.00e+00	0.00e+00
 6.78890e+22	8.98e-07	1.49e-02	2.33e-01	4.89e-01	2.48e-01	1.42e-02	4.27e-04	4.21e-06	0.00e+00	0.00e+00	0.00e+00	0.00e+00	0.00e+00	0.00e+00	0.00e+00
 6.95979e+22	1.12e-06	1.78e-02	2.52e-01	4.96e-01	2.23e-01	1.11e-02	3.00e-04	2.77e-06	0.00e+00	0.00e+00	0.00e+00	0.00e+00	0.00e+00	0.00e+00	0.00e+00
 7.13968e+22	1.37e-06	2.11e-02	2.71e-01	5.00e-01	1.99e-01	8.50e-03	2.08e-04	1.80e-06	0.00e+00	0.00e+00	0.00e+00	0.00e+00	0.00e+00	0.00e+00	0.00e+00
 7.37353e+22	1.76e-06	2.62e-02	2.95e-01	5.03e-01	1.70e-01	6.04e-03	1.31e-04	1.05e-06	0.00e+00	0.00e+00	0.00e+00	0.00e+00	0.00e+00	0.00e+00	0.00e+00
 7.61583e+22	2.31e-06	3.32e-02	3.23e-01	4.99e-01	1.41e-01	4.15e-03	7.97e-05	5.93e-07	0.00e+00	0.00e+00	0.00e+00	0.00e+00	0.00e+00	0.00e+00	0.00e+00
 7.80845e+22	2.85e-06	4.01e-02	3.45e-01	4.93e-01	1.19e-01	3.03e-03	5.32e-05	3.74e-07	0.00e+00	0.00e+00	0.00e+00	0.00e+00	0.00e+00	0.00e+00	0.00e+00
 7.96990e+22	3.40e-06	4.71e-02	3.63e-01	4.85e-01	1.02e-01	2.29e-03	3.73e-05	2.50e-07	0.00e+00	0.00e+00	0.00e+00	0.00e+00	0.00e+00	0.00e+00	0.00e+00
 8.12459e+22	4.05e-06	5.53e-02	3.81e-01	4.76e-01	8.65e-02	1.71e-03	2.60e-05	1.67e-07	0.00e+00	0.00e+00	0.00e+00	0.00e+00	0.00e+00	0.00e+00	0.00e+00
 8.27125e+22	4.78e-06	6.45e-02	3.98e-01	4.64e-01	7.28e-02	1.28e-03	1.81e-05	0.00e+00	0.00e+00	0.00e+00	0.00e+00	0.00e+00	0.00e+00	0.00e+00	0.00e+00
 8.40788e+22	5.61e-06	7.49e-02	4.13e-01	4.50e-01	6.08e-02	9.49e-04	1.27e-05	0.00e+00	0.00e+00	0.00e+00	0.00e+00	0.00e+00	0.00e+00	0.00e+00	0.00e+00
 8.50568e+22	6.36e-06	8.43e-02	4.26e-01	4.37e-01	5.25e-02	7.53e-04	9.57e-06	0.00e+00	0.00e+00	0.00e+00	0.00e+00	0.00e+00	0.00e+00	0.00e+00	0.00e+00
 8.55759e+22	6.80e-06	8.98e-02	4.32e-01	4.29e-01	4.83e-02	6.61e-04	8.19e-06	0.00e+00	0.00e+00	0.00e+00	0.00e+00	0.00e+00	0.00e+00	0.00e+00	0.00e+00
 8.60316e+22	7.18e-06	9.44e-02	4.37e-01	4.23e-01	4.49e-02	5.90e-04	7.14e-06	0.00e+00	0.00e+00	0.00e+00	0.00e+00	0.00e+00	0.00e+00	0.00e+00	0.00e+00
 8.66240e+22	7.76e-06	1.02e-01	4.43e-01	4.14e-01	4.06e-02	5.05e-04	5.91e-06	0.00e+00	0.00e+00	0.00e+00	0.00e+00	0.00e+00	0.00e+00	0.00e+00	0.00e+00
 8.72909e+22	8.47e-06	1.10e-01	4.50e-01	4.03e-01	3.60e-02	4.21e-04	4.75e-06	0.00e+00	0.00e+00	0.00e+00	0.00e+00	0.00e+00	0.00e+00	0.00e+00	0.00e+00
 8.78926e+22	9.21e-06	1.19e-01	4.57e-01	3.91e-01	3.20e-02	3.55e-04	3.85e-06	0.00e+00	0.00e+00	0.00e+00	0.00e+00	0.00e+00	0.00e+00	0.00e+00	0.00e+00
 8.83747e+22	9.87e-06	1.27e-01	4.62e-01	3.81e-01	2.90e-02	3.07e-04	3.23e-06	0.00e+00	0.00e+00	0.00e+00	0.00e+00	0.00e+00	0.00e+00	0.00e+00	0.00e+00
 8.87874e+22	1.05e-05	1.35e-01	4.66e-01	3.72e-01	2.65e-02	2.70e-04	2.76e-06	0.00e+00	0.00e+00	0.00e+00	0.00e+00	0.00e+00	0.00e+00	0.00e+00	0.00e+00
 8.92478e+22	1.12e-05	1.44e-01	4.70e-01	3.62e-01	2.39e-02	2.33e-04	2.31e-06	0.00e+00	0.00e+00	0.00e+00	0.00e+00	0.00e+00	0.00e+00	0.00e+00	0.00e+00
 8.97492e+22	1.21e-05	1.54e-01	4.74e-01	3.50e-01	2.12e-02	1.98e-04	1.88e-06	0.00e+00	0.00e+00	0.00e+00	0.00e+00	0.00e+00	0.00e+00	0.00e+00	0.00e+00
 9.01788e+22	1.30e-05	1.65e-01	4.78e-01	3.38e-01	1.89e-02	1.71e-04	1.56e-06	0.00e+00	0.00e+00	0.00e+00	0.00e+00	0.00e+00	0.00e+00	0.00e+00	0.00e+00
 9.05304e+22	1.37e-05	1.74e-01	4.80e-01	3.28e-01	1.72e-02	1.51e-04	1.33e-06	0.00e+00	0.00e+00	0.00e+00	0.00e+00	0.00e+00	0.00e+00	0.00e+00	0.00e+00
 9.09057e+22	1.46e-05	1.84e-01	4.82e-01	3.18e-01	1.55e-02	1.32e-04	1.12e-06	0.00e+00	0.00e+00	0.00e+00	0.00e+00	0.00e+00	0.00e+00	0.00e+00	0.00e+00
 9.13175e+22	1.56e-05	1.96e-01	4.85e-01	3.05e-01	1.37e-02	1.13e-04	9.17e-07	0.00e+00	0.00e+00	0.00e+00	0.00e+00	0.00e+00	0.00e+00	0.00e+00	0.00e+00
 9.16743e+22	1.67e-05	2.09e-01	4.86e-01	2.93e-01	1.23e-02	9.83e-05	7.61e-07	0.00e+00	0.00e+00	0.00e+00	0.00e+00	0.00e+00	0.00e+00	0.00e+00	0.00e+00
 9.19672e+22	1.76e-05	2.20e-01	4.86e-01	2.82e-01	1.11e-02	8.74e-05	6.50e-07	0.00e+00	0.00e+00	0.00e+00	0.00e+00	0.00e+00	0.00e+00	0.00e+00	0.00e+00
 9.22792e+22	1.86e-05	2.32e-01	4.86e-01	2.71e-01	9.99e-03	7.71e-05	5.47e-07	0.00e+00	0.00e+00	0.00e+00	0.00e+00	0.00e+00	0.00e+00	0.00e+00	0.00e+00
 9.26245e+22	1.99e-05	2.47e-01	4.86e-01	2.58e-01	8.81e-03	6.68e-05	4.49e-07	0.00e+00	0.00e+00	0.00e+00	0.00e+00	0.00e+00	0.00e+00	0.00e+00	0.00e+00
 9.29274e+22	2.11e-05	2.62e-01	4.85e-01	2.46e-01	7.82e-03	5.85e-05	3.72e-07	0.00e+00	0.00e+00	0.00e+00	0.00e+00	0.00e+00	0.00e+00	0.00e+00	0.00e+00
 9.31766e+22	2.22e-05	2.74e-01	4.83e-01	2.35e-01	7.06e-03	5.24e-05	3.17e-07	0.00e+00	0.00e+00	0.00e+00	0.00e+00	0.00e+00	0.00e+00	0.00e+00	0.00e+00
 9.34419e+22	2.34e-05	2.88e-01	4.81e-01	2.24e-01	6.32e-03	4.66e-05	2.67e-07	0.00e+00	0.00e+00	0.00e+00	0.00e+00	0.00e+00	0.00e+00	0.00e+00	0.00e+00
 9.37359e+22	2.49e-05	3.06e-01	4.77e-01	2.11e-01	5.54e-03	4.06e-05	2.18e-07	0.00e+00	0.00e+00	0.00e+00	0.00e+00	0.00e+00	0.00e+00	0.00e+00	0.00e+00
 9.39956e+22	2.63e-05	3.22e-01	4.74e-01	1.99e-01	4.90e-03	3.59e-05	1.81e-07	0.00e+00	0.00e+00	0.00e+00	0.00e+00	0.00e+00	0.00e+00	0.00e+00	0.00e+00
 9.42108e+22	2.76e-05	3.37e-01	4.70e-01	1.89e-01	4.40e-03	3.23e-05	1.53e-07	0.00e+00	0.00e+00	0.00e+00	0.00e+00	0.00e+00	0.00e+00	0.00e+00	0.00e+00
 9.44400e+22	2.90e-05	3.54e-01	4.64e-01	1.78e-01	3.91e-03	2.88e-05	1.29e-07	0.00e+00	0.00e+00	0.00e+00	0.00e+00	0.00e+00	0.00e+00	0.00e+00	0.00e+00
 9.46966e+22	3.07e-05	3.73e-01	4.58e-01	1.65e-01	3.41e-03	2.53e-05	0.00e+00	0.00e+00	0.00e+00	0.00e+00	0.00e+00	0.00e+00	0.00e+00	0.00e+00	0.00e+00
 9.49271e+22	3.24e-05	3.93e-01	4.50e-01	1.53e-01	2.98e-03	2.24e-05	0.00e+00	0.00e+00	0.00e+00	0.00e+00	0.00e+00	0.00e+00	0.00e+00	0.00e+00	0.00e+00
 9.51201e+22	3.39e-05	4.11e-01	4.43e-01	1.43e-01	2.65e-03	2.01e-05	0.00e+00	0.00e+00	0.00e+00	0.00e+00	0.00e+00	0.00e+00	0.00e+00	0.00e+00	0.00e+00
 9.53263e+22	3.55e-05	4.30e-01	4.35e-01	1.33e-01	2.34e-03	1.80e-05	0.00e+00	0.00e+00	0.00e+00	0.00e+00	0.00e+00	0.00e+00	0.00e+00	0.00e+00	0.00e+00
 9.55584e+22	3.74e-05	4.52e-01	4.25e-01	1.21e-01	2.02e-03	1.58e-05	0.00e+00	0.00e+00	0.00e+00	0.00e+00	0.00e+00	0.00e+00	0.00e+00	0.00e+00	0.00e+00
 9.57696e+22	3.94e-05	4.76e-01	4.13e-01	1.10e-01	1.74e-03	1.39e-05	0.00e+00	0.00e+00	0.00e+00	0.00e+00	0.00e+00	0.00e+00	0.00e+00	0.00e+00	0.00e+00
 9.59499e+22	4.12e-05	4.97e-01	4.02e-01	1.00e-01	1.52e-03	1.25e-05	0.00e+00	0.00e+00	0.00e+00	0.00e+00	0.00e+00	0.00e+00	0.00e+00	0.00e+00	0.00e+00
 9.61442e+22	4.31e-05	5.19e-01	3.89e-01	9.06e-02	1.32e-03	1.11e-05	0.00e+00	0.00e+00	0.00e+00	0.00e+00	0.00e+00	0.00e+00	0.00e+00	0.00e+00	0.00e+00
 9.63969e+22	4.56e-05	5.50e-01	3.70e-01	7.85e-02	1.09e-03	9.45e-06	0.00e+00	0.00e+00	0.00e+00	0.00e+00	0.00e+00	0.00e+00	0.00e+00	0.00e+00	0.00e+00
 9.66463e+22	4.82e-05	5.83e-01	3.50e-01	6.65e-02	8.84e-04	7.94e-06	0.00e+00	0.00e+00	0.00e+00	0.00e+00	0.00e+00	0.00e+00	0.00e+00	0.00e+00	0.00e+00
 9.68237e+22	5.03e-05	6.09e-01	3.33e-01	5.80e-02	7.52e-04	6.95e-06	0.00e+00	0.00e+00	0.00e+00	0.00e+00	0.00e+00	0.00e+00	0.00e+00	0.00e+00	0.00e+00
 9.69584e+22	5.18e-05	6.28e-01	3.19e-01	5.21e-02	6.66e-04	6.30e-06	0.00e+00	0.00e+00	0.00e+00	0.00e+00	0.00e+00	0.00e+00	0.00e+00	0.00e+00	0.00e+00
 9.71055e+22	5.34e-05	6.48e-01	3.05e-01	4.63e-02	5.84e-04	5.66e-06	0.00e+00	0.00e+00	0.00e+00	0.00e+00	0.00e+00	0.00e+00	0.00e+00	0.00e+00	0.00e+00
 9.72968e+22	5.55e-05	6.76e-01	2.84e-01	3.92e-02	4.89e-04	4.89e-06	0.00e+00	0.00e+00	0.00e+00	0.00e+00	0.00e+00	0.00e+00	0.00e+00	0.00e+00	0.00e+00
 9.74969e+22	5.79e-05	7.07e-01	2.60e-01	3.20e-02	3.97e-04	4.12e-06	0.00e+00	0.00e+00	0.00e+00	0.00e+00	0.00e+00	0.00e+00	0.00e+00	0.00e+00	0.00e+00
 9.76553e+22	5.97e-05	7.33e-01	2.40e-01	2.67e-02	3.34e-04	3.56e-06	0.00e+00	0.00e+00	0.00e+00	0.00e+00	0.00e+00	0.00e+00	0.00e+00	0.00e+00	0.00e+00
 9.77749e+22	6.08e-05	7.51e-01	2.25e-01	2.33e-02	2.93e-04	3.19e-06	0.00e+00	0.00e+00	0.00e+00	0.00e+00	0.00e+00	0.00e+00	0.00e+00	0.00e+00	0.00e+00
 9.78976e+22	6.19e-05	7.70e-01	2.10e-01	2.02e-02	2.57e-04	2.86e-06	0.00e+00	0.00e+00	0.00e+00	0.00e+00	0.00e+00	0.00e+00	0.00e+00	0.00e+00	0.00e+00
 9.80571e+22	6.32e-05	7.93e-01	1.90e-01	1.66e-02	2.16e-04	2.47e-06	0.00e+00	0.00e+00	0.00e+00	0.00e+00	0.00e+00	0.00e+00	0.00e+00	0.00e+00	0.00e+00
 9.82130e+22	6.47e-05	8.19e-01	1.68e-01	1.33e-02	1.77e-04	2.07e-06	0.00e+00	0.00e+00	0.00e+00	0.00e+00	0.00e+00	0.00e+00	0.00e+00	0.00e+00	0.00e+00
 9.83205e+22	6.51e-05	8.35e-01	1.54e-01	1.14e-02	1.54e-04	1.84e-06	0.00e+00	0.00e+00	0.00e+00	0.00e+00	0.00e+00	0.00e+00	0.00e+00	0.00e+00	0.00e+00
 9.84016e+22	6.56e-05	8.47e-01	1.43e-01	1.01e-02	1.39e-04	1.68e-06	0.00e+00	0.00e+00	0.00e+00	0.00e+00	0.00e+00	0.00e+00	0.00e+00	0.00e+00	0.00e+00
 9.84925e+22	6.60e-05	8.59e-01	1.31e-01	8.89e-03	1.25e-04	1.53e-06	0.00e+00	0.00e+00	0.00e+00	0.00e+00	0.00e+00	0.00e+00	0.00e+00	0.00e+00	0.00e+00
 9.86106e+22	6.61e-05	8.75e-01	1.17e-01	7.52e-03	1.08e-04	1.34e-06	0.00e+00	0.00e+00	0.00e+00	0.00e+00	0.00e+00	0.00e+00	0.00e+00	0.00e+00	0.00e+00
 9.87312e+22	6.62e-05	8.92e-01	1.02e-01	6.19e-03	9.03e-05	1.15e-06	0.00e+00	0.00e+00	0.00e+00	0.00e+00	0.00e+00	0.00e+00	0.00e+00	0.00e+00	0.00e+00
 9.88217e+22	6.60e-05	9.05e-01	9.00e-02	5.34e-03	7.88e-05	1.01e-06	0.00e+00	0.00e+00	0.00e+00	0.00e+00	0.00e+00	0.00e+00	0.00e+00	0.00e+00	0.00e+00
 9.88902e+22	6.56e-05	9.13e-01	8.23e-02	4.81e-03	7.17e-05	9.30e-07	0.00e+00	0.00e+00	0.00e+00	0.00e+00	0.00e+00	0.00e+00	0.00e+00	0.00e+00	0.00e+00
 9.89638e+22	6.52e-05	9.21e-01	7.44e-02	4.32e-03	6.49e-05	8.49e-07	0.00e+00	0.00e+00	0.00e+00	0.00e+00	0.00e+00	0.00e+00	0.00e+00	0.00e+00	0.00e+00
 9.90595e+22	6.43e-05	9.31e-01	6.48e-02	3.76e-03	5.68e-05	7.51e-07	0.00e+00	0.00e+00	0.00e+00	0.00e+00	0.00e+00	0.00e+00	0.00e+00	0.00e+00	0.00e+00
 9.91591e+22	6.29e-05	9.42e-01	5.47e-02	3.22e-03	4.86e-05	6.51e-07	0.00e+00	0.00e+00	0.00e+00	0.00e+00	0.00e+00	0.00e+00	0.00e+00	0.00e+00	0.00e+00
 9.92374e+22	6.15e-05	9.50e-01	4.71e-02	2.85e-03	4.29e-05	5.79e-07	0.00e+00	0.00e+00	0.00e+00	0.00e+00	0.00e+00	0.00e+00	0.00e+00	0.00e+00	0.00e+00
 9.92996e+22	6.03e-05	9.55e-01	4.19e-02	2.61e-03	3.93e-05	5.33e-07	0.00e+00	0.00e+00	0.00e+00	0.00e+00	0.00e+00	0.00e+00	0.00e+00	0.00e+00	0.00e+00
 9.93673e+22	5.89e-05	9.61e-01	3.68e-02	2.38e-03	3.57e-05	4.87e-07	0.00e+00	0.00e+00	0.00e+00	0.00e+00	0.00e+00	0.00e+00	0.00e+00	0.00e+00	0.00e+00
 9.94553e+22	5.66e-05	9.67e-01	3.08e-02	2.11e-03	3.15e-05	4.33e-07	0.00e+00	0.00e+00	0.00e+00	0.00e+00	0.00e+00	0.00e+00	0.00e+00	0.00e+00	0.00e+00
 9.95435e+22	5.37e-05	9.73e-01	2.47e-02	1.86e-03	2.75e-05	3.79e-07	0.00e+00	0.00e+00	0.00e+00	0.00e+00	0.00e+00	0.00e+00	0.00e+00	0.00e+00	0.00e+00
 9.96066e+22	5.14e-05	9.77e-01	2.09e-02	1.70e-03	2.50e-05	3.46e-07	0.00e+00	0.00e+00	0.00e+00	0.00e+00	0.00e+00	0.00e+00	0.00e+00	0.00e+00	0.00e+00
 9.96485e+22	5.00e-05	9.80e-01	1.88e-02	1.62e-03	2.37e-05	3.28e-07	0.00e+00	0.00e+00	0.00e+00	0.00e+00	0.00e+00	0.00e+00	0.00e+00	0.00e+00	0.00e+00
 9.96851e+22	4.88e-05	9.81e-01	1.71e-02	1.55e-03	2.27e-05	3.15e-07	0.00e+00	0.00e+00	0.00e+00	0.00e+00	0.00e+00	0.00e+00	0.00e+00	0.00e+00	0.00e+00
 9.97296e+22	4.72e-05	9.83e-01	1.52e-02	1.47e-03	2.15e-05	2.98e-07	0.00e+00	0.00e+00	0.00e+00	0.00e+00	0.00e+00	0.00e+00	0.00e+00	0.00e+00	0.00e+00
 9.97816e+22	4.49e-05	9.85e-01	1.31e-02	1.38e-03	2.01e-05	2.79e-07	0.00e+00	0.00e+00	0.00e+00	0.00e+00	0.00e+00	0.00e+00	0.00e+00	0.00e+00	0.00e+00
 9.98277e+22	4.27e-05	9.87e-01	1.13e-02	1.30e-03	1.89e-05	2.63e-07	0.00e+00	0.00e+00	0.00e+00	0.00e+00	0.00e+00	0.00e+00	0.00e+00	0.00e+00	0.00e+00
 9.98557e+22	4.15e-05	9.88e-01	1.03e-02	1.26e-03	1.83e-05	2.55e-07	0.00e+00	0.00e+00	0.00e+00	0.00e+00	0.00e+00	0.00e+00	0.00e+00	0.00e+00	0.00e+00
 9.98713e+22	4.10e-05	9.89e-01	9.89e-03	1.24e-03	1.80e-05	2.51e-07	0.00e+00	0.00e+00	0.00e+00	0.00e+00	0.00e+00	0.00e+00	0.00e+00	0.00e+00	0.00e+00
 9.98870e+22	4.05e-05	9.89e-01	9.46e-03	1.23e-03	1.78e-05	2.48e-07	0.00e+00	0.00e+00	0.00e+00	0.00e+00	0.00e+00	0.00e+00	0.00e+00	0.00e+00	0.00e+00
 9.99073e+22	3.98e-05	9.90e-01	8.87e-03	1.20e-03	1.75e-05	2.43e-07	0.00e+00	0.00e+00	0.00e+00	0.00e+00	0.00e+00	0.00e+00	0.00e+00	0.00e+00	0.00e+00
 9.99324e+22	3.87e-05	9.91e-01	8.16e-03	1.17e-03	1.70e-05	2.36e-07	0.00e+00	0.00e+00	0.00e+00	0.00e+00	0.00e+00	0.00e+00	0.00e+00	0.00e+00	0.00e+00
 9.99574e+22	3.75e-05	9.91e-01	7.48e-03	1.14e-03	1.65e-05	2.30e-07	0.00e+00	0.00e+00	0.00e+00	0.00e+00	0.00e+00	0.00e+00	0.00e+00	0.00e+00	0.00e+00
 9.99781e+22	3.65e-05	9.92e-01	7.03e-03	1.11e-03	1.62e-05	2.25e-07	0.00e+00	0.00e+00	0.00e+00	0.00e+00	0.00e+00	0.00e+00	0.00e+00	0.00e+00	0.00e+00
 9.99967e+22	3.57e-05	9.92e-01	6.56e-03	1.09e-03	1.59e-05	2.21e-07	0.00e+00	0.00e+00	0.00e+00	0.00e+00	0.00e+00	0.00e+00	0.00e+00	0.00e+00	0.00e+00
 1.00017e+23	3.49e-05	9.93e-01	6.08e-03	1.07e-03	1.56e-05	2.17e-07	0.00e+00	0.00e+00	0.00e+00	0.00e+00	0.00e+00	0.00e+00	0.00e+00	0.00e+00	0.00e+00
 1.00040e+23	3.39e-05	9.93e-01	5.60e-03	1.05e-03	1.53e-05	2.12e-07	0.00e+00	0.00e+00	0.00e+00	0.00e+00	0.00e+00	0.00e+00	0.00e+00	0.00e+00	0.00e+00
 1.00061e+23	3.28e-05	9.94e-01	5.20e-03	1.03e-03	1.50e-05	2.08e-07	0.00e+00	0.00e+00	0.00e+00	0.00e+00	0.00e+00	0.00e+00	0.00e+00	0.00e+00	0.00e+00
 1.00080e+23	3.20e-05	9.94e-01	4.82e-03	1.01e-03	1.48e-05	2.05e-07	0.00e+00	0.00e+00	0.00e+00	0.00e+00	0.00e+00	0.00e+00	0.00e+00	0.00e+00	0.00e+00
 1.00100e+23	3.13e-05	9.94e-01	4.47e-03	9.92e-04	1.45e-05	2.01e-07	0.00e+00	0.00e+00	0.00e+00	0.00e+00	0.00e+00	0.00e+00	0.00e+00	0.00e+00	0.00e+00
 1.00120e+23	3.04e-05	9.95e-01	4.14e-03	9.75e-04	1.43e-05	1.98e-07	0.00e+00	0.00e+00	0.00e+00	0.00e+00	0.00e+00	0.00e+00	0.00e+00	0.00e+00	0.00e+00
 1.00140e+23	2.95e-05	9.95e-01	3.80e-03	9.57e-04	1.41e-05	1.94e-07	0.00e+00	0.00e+00	0.00e+00	0.00e+00	0.00e+00	0.00e+00	0.00e+00	0.00e+00	0.00e+00
