#depth	H	H+	H2
 6.17135e+19	6.11e-08	1.00e+00	7.46e-32
 1.87609e+20	6.95e-08	1.00e+00	9.63e-32
 2.94450e+20	7.73e-08	1.00e+00	1.20e-31
 3.71685e+20	8.33e-08	1.00e+00	1.42e-31
 4.26265e+20	8.79e-08	1.00e+00	1.59e-31
 4.63275e+20	9.05e-08	1.00e+00	1.70e-31
 5.02387e+20	9.44e-08	1.00e+00	1.86e-31
 5.53233e+20	9.89e-08	1.00e+00	2.06e-31
 6.07199e+20	1.04e-07	1.00e+00	2.31e-31
 6.53088e+20	1.09e-07	1.00e+00	2.54e-31
 7.00611e+20	1.14e-07	1.00e+00	2.80e-31
 7.62389e+20	1.21e-07	1.00e+00	3.18e-31
 8.25234e+20	1.28e-07	1.00e+00	3.59e-31
 8.74575e+20	1.34e-07	1.00e+00	3.94e-31
 9.23830e+20	1.40e-07	1.00e+00	4.35e-31
 9.87862e+20	1.48e-07	1.00e+00	4.93e-31
 1.05564e+21	1.57e-07	1.00e+00	5.61e-31
 1.11283e+21	1.65e-07	1.00e+00	6.23e-31
 1.17173e+21	1.74e-07	1.00e+00	6.97e-31
 1.24830e+21	1.85e-07	1.00e+00	8.06e-31
 1.32640e+21	1.98e-07	1.00e+00	9.25e-31
 1.38780e+21	2.08e-07	1.00e+00	1.03e-30
 1.44893e+21	2.18e-07	1.00e+00	1.15e-30
 1.52841e+21	2.32e-07	1.00e+00	1.33e-30
 1.61199e+21	2.47e-07	1.00e+00	1.53e-30
 1.68161e+21	2.60e-07	1.00e+00	1.71e-30
 1.75282e+21	2.74e-07	1.00e+00	1.93e-30
 1.83238e+21	2.90e-07	1.00e+00	2.20e-30
 1.90574e+21	3.05e-07	1.00e+00	2.48e-30
 1.96867e+21	3.18e-07	1.00e+00	2.73e-30
 2.03510e+21	3.32e-07	1.00e+00	3.05e-30
 2.12145e+21	3.52e-07	1.00e+00	3.50e-30
 2.20858e+21	3.72e-07	1.00e+00	3.99e-30
 2.27659e+21	3.88e-07	1.00e+00	4.41e-30
 2.34489e+21	4.04e-07	1.00e+00	4.90e-30
 2.43367e+21	4.27e-07	1.00e+00	5.62e-30
 2.52792e+21	4.51e-07	1.00e+00	6.44e-30
 2.60878e+21	4.72e-07	1.00e+00	7.23e-30
 2.69342e+21	4.95e-07	1.00e+00	8.20e-30
 2.80345e+21	5.26e-07	1.00e+00	9.63e-30
 2.91567e+21	5.58e-07	1.00e+00	1.12e-29
 3.00442e+21	5.84e-07	1.00e+00	1.27e-29
 3.09349e+21	6.11e-07	1.00e+00	1.44e-29
 3.20928e+21	6.47e-07	1.00e+00	1.70e-29
 3.33064e+21	6.87e-07	1.00e+00	2.00e-29
 3.43159e+21	7.20e-07	1.00e+00	2.29e-29
 3.53520e+21	7.55e-07	1.00e+00	2.65e-29
 3.66989e+21	8.03e-07	1.00e+00	3.20e-29
 3.80899e+21	8.54e-07	1.00e+00	3.85e-29
 3.92219e+21	8.96e-07	1.00e+00	4.48e-29
 4.03772e+21	9.40e-07	1.00e+00	5.27e-29
 4.16198e+21	9.89e-07	1.00e+00	6.24e-29
 4.26883e+21	1.03e-06	1.00e+00	7.17e-29
 4.37899e+21	1.08e-06	1.00e+00	8.43e-29
 4.52220e+21	1.14e-06	1.00e+00	1.03e-28
 4.66697e+21	1.20e-06	1.00e+00	1.25e-28
 4.78115e+21	1.25e-06	1.00e+00	1.46e-28
 4.89700e+21	1.31e-06	1.00e+00	1.71e-28
 5.04760e+21	1.38e-06	1.00e+00	2.13e-28
 5.20689e+21	1.46e-06	1.00e+00	2.66e-28
 5.34110e+21	1.53e-06	1.00e+00	3.18e-28
 5.47919e+21	1.60e-06	1.00e+00	3.91e-28
 5.65871e+21	1.69e-06	1.00e+00	5.05e-28
 5.84226e+21	1.79e-06	1.00e+00	6.54e-28
 5.98841e+21	1.88e-06	1.00e+00	7.94e-28
 6.13574e+21	1.96e-06	1.00e+00	9.79e-28
 6.32728e+21	2.08e-06	1.00e+00	1.31e-27
 6.52898e+21	2.20e-06	1.00e+00	1.74e-27
 6.69873e+21	2.31e-06	1.00e+00	2.16e-27
 6.87424e+21	2.42e-06	1.00e+00	2.80e-27
 7.10239e+21	2.58e-06	1.00e+00	3.81e-27
 7.33972e+21	2.74e-06	1.00e+00	5.18e-27
 7.53640e+21	2.88e-06	1.00e+00	6.53e-27
 7.73952e+21	3.03e-06	1.00e+00	8.53e-27
 7.95416e+21	3.20e-06	1.00e+00	1.10e-26
 8.13504e+21	3.33e-06	1.00e+00	1.34e-26
 8.32148e+21	3.48e-06	1.00e+00	1.65e-26
 8.56386e+21	3.68e-06	1.00e+00	2.17e-26
 8.81447e+21	3.89e-06	1.00e+00	2.82e-26
 9.02149e+21	4.07e-06	1.00e+00	3.43e-26
 9.23632e+21	4.25e-06	1.00e+00	4.30e-26
 9.51559e+21	4.51e-06	1.00e+00	5.64e-26
 9.80962e+21	4.78e-06	1.00e+00	7.36e-26
 1.00479e+22	5.01e-06	1.00e+00	8.97e-26
 1.02828e+22	5.24e-06	1.00e+00	1.10e-25
 1.05882e+22	5.54e-06	1.00e+00	1.44e-25
 1.09028e+22	5.87e-06	1.00e+00	1.85e-25
 1.11597e+22	6.13e-06	1.00e+00	2.20e-25
 1.14240e+22	6.42e-06	1.00e+00	2.70e-25
 1.17676e+22	6.81e-06	1.00e+00	3.59e-25
 1.21273e+22	7.23e-06	1.00e+00	4.64e-25
 1.24307e+22	7.58e-06	1.00e+00	5.59e-25
 1.27477e+22	7.96e-06	1.00e+00	6.94e-25
 1.31598e+22	8.48e-06	1.00e+00	9.34e-25
 1.35878e+22	9.04e-06	1.00e+00	1.22e-24
 1.39371e+22	9.49e-06	1.00e+00	1.48e-24
 1.42919e+22	9.97e-06	1.00e+00	1.84e-24
 1.47531e+22	1.06e-05	1.00e+00	2.45e-24
 1.52376e+22	1.13e-05	1.00e+00	3.21e-24
 1.56421e+22	1.19e-05	1.00e+00	3.93e-24
 1.60578e+22	1.26e-05	1.00e+00	4.91e-24
 1.65982e+22	1.34e-05	1.00e+00	6.62e-24
 1.71635e+22	1.43e-05	1.00e+00	8.74e-24
 1.76287e+22	1.51e-05	1.00e+00	1.09e-23
 1.81007e+22	1.59e-05	1.00e+00	1.37e-23
 1.87144e+22	1.71e-05	1.00e+00	1.82e-23
 1.93615e+22	1.83e-05	1.00e+00	2.43e-23
 1.99152e+22	1.93e-05	1.00e+00	3.07e-23
 2.04982e+22	2.05e-05	1.00e+00	3.95e-23
 2.12562e+22	2.20e-05	1.00e+00	5.41e-23
 2.19709e+22	2.36e-05	1.00e+00	7.14e-23
 2.24666e+22	2.46e-05	1.00e+00	8.53e-23
 2.29484e+22	2.57e-05	1.00e+00	1.03e-22
 2.35746e+22	2.72e-05	1.00e+00	1.32e-22
 2.42393e+22	2.88e-05	1.00e+00	1.67e-22
 2.48307e+22	3.02e-05	1.00e+00	2.07e-22
 2.54764e+22	3.19e-05	1.00e+00	2.61e-22
 2.61807e+22	3.37e-05	1.00e+00	3.33e-22
 2.68339e+22	3.55e-05	1.00e+00	4.16e-22
 2.75557e+22	3.75e-05	1.00e+00	5.31e-22
 2.83346e+22	3.97e-05	1.00e+00	6.86e-22
 2.90496e+22	4.18e-05	1.00e+00	8.64e-22
 2.98415e+22	4.42e-05	1.00e+00	1.12e-21
 3.06896e+22	4.68e-05	1.00e+00	1.46e-21
 3.14284e+22	4.91e-05	1.00e+00	1.82e-21
 3.21015e+22	5.13e-05	1.00e+00	2.25e-21
 3.28715e+22	5.39e-05	1.00e+00	2.87e-21
 3.36900e+22	5.68e-05	1.00e+00	3.74e-21
 3.43908e+22	5.92e-05	1.00e+00	4.63e-21
 3.50191e+22	6.14e-05	1.00e+00	5.63e-21
 3.57337e+22	6.40e-05	1.00e+00	6.98e-21
 3.65118e+22	6.69e-05	1.00e+00	9.11e-21
 3.71960e+22	6.94e-05	1.00e+00	1.13e-20
 3.77931e+22	7.16e-05	1.00e+00	1.37e-20
 3.84534e+22	7.40e-05	1.00e+00	1.69e-20
 3.91672e+22	7.68e-05	1.00e+00	2.18e-20
 3.97826e+22	7.91e-05	1.00e+00	2.71e-20
 4.03071e+22	8.09e-05	1.00e+00	3.20e-20
 4.08812e+22	8.32e-05	1.00e+00	4.05e-20
 4.15007e+22	8.56e-05	1.00e+00	5.13e-20
 4.20314e+22	8.76e-05	1.00e+00	6.39e-20
 4.24805e+22	8.93e-05	1.00e+00	7.71e-20
 4.29708e+22	9.15e-05	1.00e+00	9.67e-20
 4.34983e+22	9.37e-05	1.00e+00	1.25e-19
 4.39496e+22	9.58e-05	1.00e+00	1.56e-19
 4.43328e+22	9.77e-05	1.00e+00	1.93e-19
 4.47522e+22	1.00e-04	1.00e+00	2.47e-19
 4.52059e+22	1.03e-04	1.00e+00	3.28e-19
 4.56044e+22	1.05e-04	1.00e+00	4.30e-19
 4.59580e+22	1.08e-04	1.00e+00	5.53e-19
 4.62934e+22	1.11e-04	1.00e+00	7.10e-19
 4.66118e+22	1.14e-04	1.00e+00	9.10e-19
 4.69680e+22	1.18e-04	1.00e+00	1.22e-18
 4.73509e+22	1.22e-04	1.00e+00	1.69e-18
 4.76929e+22	1.26e-04	1.00e+00	2.29e-18
 4.80617e+22	1.31e-04	1.00e+00	3.22e-18
 4.84782e+22	1.37e-04	1.00e+00	4.79e-18
 4.88816e+22	1.43e-04	1.00e+00	7.12e-18
 4.92416e+22	1.48e-04	1.00e+00	1.03e-17
 4.95695e+22	1.53e-04	1.00e+00	1.40e-17
 4.99451e+22	1.60e-04	1.00e+00	2.03e-17
 5.04273e+22	1.68e-04	1.00e+00	3.09e-17
 5.09320e+22	1.77e-04	1.00e+00	4.55e-17
 5.13870e+22	1.85e-04	1.00e+00	5.93e-17
 5.18704e+22	1.93e-04	1.00e+00	7.72e-17
 5.24401e+22	2.04e-04	1.00e+00	1.01e-16
 5.30725e+22	2.16e-04	1.00e+00	1.26e-16
 5.37435e+22	2.28e-04	1.00e+00	1.55e-16
 5.44700e+22	2.42e-04	1.00e+00	1.91e-16
 5.52759e+22	2.58e-04	1.00e+00	2.35e-16
 5.61857e+22	2.77e-04	1.00e+00	2.93e-16
 5.72378e+22	2.99e-04	1.00e+00	3.74e-16
 5.83611e+22	3.23e-04	1.00e+00	4.77e-16
 5.96406e+22	3.53e-04	1.00e+00	6.22e-16
 6.10628e+22	3.89e-04	1.00e+00	8.25e-16
 6.24135e+22	4.25e-04	1.00e+00	1.07e-15
 6.39124e+22	4.69e-04	1.00e+00	1.42e-15
 6.58610e+22	5.33e-04	9.99e-01	2.05e-15
 6.78890e+22	6.09e-04	9.99e-01	2.98e-15
 6.95979e+22	6.84e-04	9.99e-01	4.12e-15
 7.13968e+22	7.76e-04	9.99e-01	5.79e-15
 7.37353e+22	9.18e-04	9.99e-01	9.06e-15
 7.61583e+22	1.11e-03	9.99e-01	1.48e-14
 7.80845e+22	1.30e-03	9.99e-01	2.24e-14
 7.96990e+22	1.51e-03	9.98e-01	3.24e-14
 8.12459e+22	1.75e-03	9.98e-01	4.68e-14
 8.27125e+22	2.03e-03	9.98e-01	6.74e-14
 8.40788e+22	2.36e-03	9.98e-01	9.70e-14
 8.50568e+22	2.65e-03	9.97e-01	1.28e-13
 8.55759e+22	2.83e-03	9.97e-01	1.50e-13
 8.60316e+22	3.00e-03	9.97e-01	1.72e-13
 8.66240e+22	3.24e-03	9.97e-01	2.06e-13
 8.72909e+22	3.55e-03	9.96e-01	2.55e-13
 8.78926e+22	3.88e-03	9.96e-01	3.11e-13
 8.83747e+22	4.17e-03	9.96e-01	3.67e-13
 8.87874e+22	4.45e-03	9.96e-01	4.25e-13
 8.92478e+22	4.79e-03	9.95e-01	5.02e-13
 8.97492e+22	5.21e-03	9.95e-01	6.05e-13
 9.01788e+22	5.62e-03	9.94e-01	7.18e-13
 9.05304e+22	6.00e-03	9.94e-01	8.26e-13
 9.09057e+22	6.43e-03	9.94e-01	9.64e-13
 9.13175e+22	6.97e-03	9.93e-01	1.15e-12
 9.16743e+22	7.51e-03	9.92e-01	1.35e-12
 9.19672e+22	8.00e-03	9.92e-01	1.55e-12
 9.22792e+22	8.57e-03	9.91e-01	1.80e-12
 9.26245e+22	9.28e-03	9.91e-01	2.13e-12
 9.29274e+22	9.99e-03	9.90e-01	2.50e-12
 9.31766e+22	1.06e-02	9.89e-01	2.85e-12
 9.34419e+22	1.14e-02	9.89e-01	3.29e-12
 9.37359e+22	1.23e-02	9.88e-01	3.89e-12
 9.39956e+22	1.33e-02	9.87e-01	4.53e-12
 9.42108e+22	1.42e-02	9.86e-01	5.17e-12
 9.44400e+22	1.51e-02	9.85e-01	5.98e-12
 9.46966e+22	1.64e-02	9.84e-01	7.03e-12
 9.49271e+22	1.77e-02	9.82e-01	8.27e-12
 9.51201e+22	1.90e-02	9.81e-01	9.52e-12
 9.53263e+22	2.04e-02	9.80e-01	1.10e-11
 9.55584e+22	2.22e-02	9.78e-01	1.31e-11
 9.57696e+22	2.41e-02	9.76e-01	1.56e-11
 9.59499e+22	2.60e-02	9.74e-01	1.81e-11
 9.61442e+22	2.81e-02	9.72e-01	2.13e-11
 9.63969e+22	3.13e-02	9.69e-01	2.67e-11
 9.66463e+22	3.53e-02	9.65e-01	3.39e-11
 9.68237e+22	3.87e-02	9.61e-01	4.10e-11
 9.69584e+22	4.15e-02	9.59e-01	4.72e-11
 9.71055e+22	4.47e-02	9.55e-01	5.51e-11
 9.72968e+22	4.96e-02	9.50e-01	6.83e-11
 9.74969e+22	5.61e-02	9.44e-01	8.82e-11
 9.76553e+22	6.23e-02	9.38e-01	1.09e-10
 9.77749e+22	6.75e-02	9.32e-01	1.29e-10
 9.78976e+22	7.32e-02	9.27e-01	1.52e-10
 9.80571e+22	8.17e-02	9.18e-01	1.91e-10
 9.82130e+22	9.33e-02	9.07e-01	2.51e-10
 9.83205e+22	1.02e-01	8.98e-01	3.02e-10
 9.84016e+22	1.09e-01	8.91e-01	3.48e-10
 9.84925e+22	1.18e-01	8.82e-01	4.08e-10
 9.86106e+22	1.31e-01	8.69e-01	5.05e-10
 9.87312e+22	1.48e-01	8.52e-01	6.53e-10
 9.88217e+22	1.64e-01	8.36e-01	8.01e-10
 9.88902e+22	1.76e-01	8.24e-01	9.26e-10
 9.89638e+22	1.90e-01	8.10e-01	1.08e-09
 9.90595e+22	2.10e-01	7.90e-01	1.33e-09
 9.91591e+22	2.38e-01	7.62e-01	1.71e-09
 9.92374e+22	2.63e-01	7.37e-01	2.09e-09
 9.92996e+22	2.83e-01	7.17e-01	2.41e-09
 9.93673e+22	3.06e-01	6.94e-01	2.82e-09
 9.94553e+22	3.40e-01	6.60e-01	3.45e-09
 9.95435e+22	3.83e-01	6.17e-01	4.35e-09
 9.96066e+22	4.15e-01	5.85e-01	5.08e-09
 9.96485e+22	4.36e-01	5.64e-01	5.57e-09
 9.96851e+22	4.53e-01	5.47e-01	6.00e-09
 9.97296e+22	4.76e-01	5.24e-01	6.57e-09
 9.97816e+22	5.06e-01	4.94e-01	7.30e-09
 9.98277e+22	5.34e-01	4.66e-01	7.99e-09
 9.98557e+22	5.51e-01	4.49e-01	8.42e-09
 9.98713e+22	5.58e-01	4.42e-01	8.60e-09
 9.98870e+22	5.65e-01	4.35e-01	8.78e-09
 9.99073e+22	5.75e-01	4.25e-01	9.06e-09
 9.99324e+22	5.90e-01	4.10e-01	9.42e-09
 9.99574e+22	6.06e-01	3.94e-01	9.78e-09
 9.99781e+22	6.17e-01	3.83e-01	1.00e-08
 9.99967e+22	6.28e-01	3.72e-01	1.03e-08
 1.00017e+23	6.39e-01	3.61e-01	1.05e-08
 1.00040e+23	6.53e-01	3.47e-01	1.08e-08
 1.00061e+23	6.65e-01	3.35e-01	1.10e-08
 1.00080e+23	6.76e-01	3.24e-01	1.12e-08
 1.00100e+23	6.86e-01	3.14e-01	1.14e-08
 1.00120e+23	6.97e-01	3.03e-01	1.16e-08
 1.00140e+23	7.09e-01	2.91e-01	1.18e-08
 1.00160e+23	7.20e-01	2.80e-01	1.19e-08
 1.00179e+23	7.29e-01	2.71e-01	1.21e-08
 1.00198e+23	7.39e-01	2.61e-01	1.22e-08
 1.00218e+23	7.49e-01	2.51e-01	1.23e-08
 1.00238e+23	7.60e-01	2.40e-01	1.23e-08
 1.00257e+23	7.68e-01	2.32e-01	1.24e-08
 1.00275e+23	7.77e-01	2.23e-01	1.24e-08
 1.00294e+23	7.85e-01	2.15e-01	1.24e-08
 1.00315e+23	7.95e-01	2.05e-01	1.24e-08
 1.00334e+23	8.03e-01	1.97e-01	1.24e-08
 1.00352e+23	8.11e-01	1.89e-01	1.24e-08
 1.00370e+23	8.18e-01	1.82e-01	1.23e-08
 1.00390e+23	8.26e-01	1.74e-01	1.22e-08
 1.00409e+23	8.33e-01	1.67e-01	1.21e-08
 1.00428e+23	8.40e-01	1.60e-01	1.20e-08
 1.00446e+23	8.46e-01	1.54e-01	1.19e-08
 1.00464e+23	8.52e-01	1.48e-01	1.18e-08
 1.00483e+23	8.57e-01	1.43e-01	1.17e-08
 1.00501e+23	8.63e-01	1.37e-01	1.15e-08
 1.00519e+23	8.68e-01	1.32e-01	1.14e-08
 1.00537e+23	8.73e-01	1.27e-01	1.13e-08
 1.00555e+23	8.77e-01	1.23e-01	1.11e-08
 1.00574e+23	8.82e-01	1.18e-01	1.09e-08
 1.00593e+23	8.86e-01	1.14e-01	1.07e-08
 1.00611e+23	8.90e-01	1.10e-01	1.06e-08
 1.00630e+23	8.94e-01	1.06e-01	1.04e-08
 1.00649e+23	8.98e-01	1.02e-01	1.02e-08
 1.00669e+23	9.01e-01	9.88e-02	1.00e-08
 1.00689e+23	9.04e-01	9.55e-02	9.85e-09
 1.00709e+23	9.07e-01	9.25e-02	9.67e-09
 1.00730e+23	9.10e-01	8.96e-02	9.45e-09
 1.00751e+23	9.13e-01	8.69e-02	9.22e-09
 1.00771e+23	9.15e-01	8.46e-02	9.01e-09
 1.00790e+23	9.17e-01	8.26e-02	8.81e-09
 1.00809e+23	9.19e-01	8.08e-02	8.63e-09
 1.00827e+23	9.21e-01	7.91e-02	8.46e-09
 1.00847e+23	9.22e-01	7.75e-02	8.27e-09
 1.00868e+23	9.24e-01	7.58e-02	8.10e-09
 1.00889e+23	9.26e-01	7.43e-02	7.92e-09
 1.00911e+23	9.27e-01	7.28e-02	7.73e-09
 1.00932e+23	9.28e-01	7.16e-02	7.55e-09
 1.00955e+23	9.30e-01	7.04e-02	7.36e-09
 1.00979e+23	9.31e-01	6.91e-02	7.17e-09
 1.01005e+23	9.32e-01	6.80e-02	7.00e-09
 1.01033e+23	9.33e-01	6.69e-02	6.82e-09
 1.01064e+23	9.34e-01	6.58e-02	6.65e-09
 1.01097e+23	9.35e-01	6.49e-02	6.50e-09
 1.01134e+23	9.36e-01	6.39e-02	6.35e-09
 1.01177e+23	9.37e-01	6.29e-02	6.20e-09
 1.01220e+23	9.38e-01	6.22e-02	6.08e-09
 1.01259e+23	9.38e-01	6.19e-02	6.02e-09
 1.01301e+23	9.39e-01	6.14e-02	5.93e-09
 1.01348e+23	9.39e-01	6.10e-02	5.87e-09
 1.01397e+23	9.40e-01	6.04e-02	5.79e-09
 1.01449e+23	9.40e-01	6.01e-02	5.79e-09
 1.01507e+23	9.40e-01	5.98e-02	5.70e-09
 1.01581e+23	9.41e-01	5.93e-02	5.66e-09
 1.01678e+23	9.41e-01	5.87e-02	5.60e-09
 1.01804e+23	9.42e-01	5.81e-02	5.53e-09
 1.01940e+23	9.42e-01	5.77e-02	5.50e-09
 1.02089e+23	9.43e-01	5.73e-02	5.44e-09
 1.02282e+23	9.43e-01	5.66e-02	5.39e-09
 1.02492e+23	9.44e-01	5.62e-02	5.36e-09
 1.02721e+23	9.45e-01	5.55e-02	5.29e-09
 1.02968e+23	9.45e-01	5.49e-02	5.25e-09
 1.03239e+23	9.46e-01	5.42e-02	5.18e-09
 1.03532e+23	9.46e-01	5.36e-02	5.13e-09
 1.03852e+23	9.47e-01	5.28e-02	5.04e-09
 1.04198e+23	9.48e-01	5.21e-02	4.99e-09
 1.04513e+23	9.48e-01	5.15e-02	4.95e-09
 1.04859e+23	9.49e-01	5.08e-02	4.87e-09
 1.05231e+23	9.50e-01	5.02e-02	4.83e-09
 1.05640e+23	9.51e-01	4.93e-02	4.75e-09
 1.06080e+23	9.51e-01	4.86e-02	4.69e-09
 1.06482e+23	9.52e-01	4.80e-02	4.65e-09
 1.06847e+23	9.53e-01	4.74e-02	4.59e-09
 1.07179e+23	9.53e-01	4.71e-02	4.58e-09
 1.07543e+23	9.54e-01	4.64e-02	4.51e-09
 1.07936e+23	9.54e-01	4.57e-02	4.46e-09
 1.08293e+23	9.55e-01	4.53e-02	4.43e-09
 1.08685e+23	9.55e-01	4.46e-02	4.35e-09
 1.09108e+23	9.56e-01	4.40e-02	4.30e-09
 1.09493e+23	9.56e-01	4.35e-02	4.26e-09
 1.09915e+23	9.57e-01	4.27e-02	4.18e-09
 1.10371e+23	9.58e-01	4.20e-02	4.11e-09
 1.10785e+23	9.58e-01	4.15e-02	4.07e-09
 1.11162e+23	9.59e-01	4.10e-02	4.01e-09
 1.11506e+23	9.59e-01	4.07e-02	3.99e-09
 1.11882e+23	9.60e-01	4.01e-02	3.93e-09
 1.12288e+23	9.60e-01	3.96e-02	3.88e-09
 1.12657e+23	9.61e-01	3.92e-02	3.85e-09
 1.13062e+23	9.61e-01	3.85e-02	3.77e-09
 1.13499e+23	9.62e-01	3.80e-02	3.72e-09
 1.13897e+23	9.62e-01	3.76e-02	3.67e-09
 1.14333e+23	9.63e-01	3.70e-02	3.59e-09
 1.14803e+23	9.64e-01	3.65e-02	3.53e-09
 1.15231e+23	9.64e-01	3.60e-02	3.49e-09
 1.15621e+23	9.64e-01	3.57e-02	3.45e-09
 1.16048e+23	9.65e-01	3.51e-02	3.37e-09
 1.16509e+23	9.65e-01	3.47e-02	3.34e-09
 1.17014e+23	9.66e-01	3.42e-02	3.28e-09
 1.17560e+23	9.66e-01	3.37e-02	3.23e-09
 1.18056e+23	9.67e-01	3.33e-02	3.20e-09
 1.18600e+23	9.67e-01	3.28e-02	3.14e-09
 1.19187e+23	9.68e-01	3.23e-02	3.10e-09
 1.19721e+23	9.68e-01	3.19e-02	3.06e-09
 1.20207e+23	9.68e-01	3.16e-02	3.04e-09
 1.20740e+23	9.69e-01	3.11e-02	2.98e-09
 1.21315e+23	9.69e-01	3.06e-02	2.94e-09
 1.21838e+23	9.70e-01	3.03e-02	2.92e-09
 1.22412e+23	9.70e-01	2.98e-02	2.87e-09
 1.23031e+23	9.71e-01	2.94e-02	2.83e-09
 1.23594e+23	9.71e-01	2.90e-02	2.80e-09
 1.24107e+23	9.71e-01	2.88e-02	2.78e-09
 1.24669e+23	9.72e-01	2.83e-02	2.73e-09
 1.25275e+23	9.72e-01	2.80e-02	2.70e-09
 1.25827e+23	9.72e-01	2.77e-02	2.69e-09
 1.26432e+23	9.73e-01	2.72e-02	2.64e-09
 1.27085e+23	9.73e-01	2.69e-02	2.61e-09
 1.27679e+23	9.73e-01	2.66e-02	2.59e-09
 1.28330e+23	9.74e-01	2.62e-02	2.55e-09
 1.29033e+23	9.74e-01	2.58e-02	2.52e-09
 1.29673e+23	9.74e-01	2.55e-02	2.50e-09
 1.30373e+23	9.75e-01	2.51e-02	2.47e-09
 1.31130e+23	9.75e-01	2.47e-02	2.45e-09
 1.31819e+23	9.76e-01	2.44e-02	2.43e-09
 1.32573e+23	9.76e-01	2.40e-02	2.40e-09
 1.33388e+23	9.76e-01	2.37e-02	2.38e-09
 1.34129e+23	9.77e-01	2.34e-02	2.36e-09
 1.34941e+23	9.77e-01	2.30e-02	2.33e-09
 1.35818e+23	9.77e-01	2.26e-02	2.31e-09
 1.36616e+23	9.78e-01	2.24e-02	2.30e-09
 1.37491e+23	9.78e-01	2.20e-02	2.27e-09
 1.38435e+23	9.78e-01	2.17e-02	2.25e-09
 1.39294e+23	9.79e-01	2.14e-02	2.24e-09
 1.40235e+23	9.79e-01	2.10e-02	2.21e-09
 1.41252e+23	9.79e-01	2.07e-02	2.20e-09
 1.42177e+23	9.80e-01	2.04e-02	2.19e-09
 1.43190e+23	9.80e-01	2.01e-02	2.16e-09
 1.44284e+23	9.80e-01	1.97e-02	2.15e-09
 1.45280e+23	9.81e-01	1.95e-02	2.14e-09
 1.46371e+23	9.81e-01	1.91e-02	2.11e-09
 1.47548e+23	9.81e-01	1.88e-02	2.10e-09
 1.48620e+23	9.81e-01	1.86e-02	2.09e-09
 1.49795e+23	9.82e-01	1.83e-02	2.07e-09
 1.51063e+23	9.82e-01	1.80e-02	2.06e-09
 1.52217e+23	9.82e-01	1.77e-02	2.05e-09
 1.53481e+23	9.83e-01	1.74e-02	2.03e-09
 1.54846e+23	9.83e-01	1.71e-02	2.02e-09
 1.56088e+23	9.83e-01	1.69e-02	2.01e-09
 1.57449e+23	9.83e-01	1.66e-02	1.99e-09
 1.58919e+23	9.84e-01	1.63e-02	1.98e-09
 1.60256e+23	9.84e-01	1.61e-02	1.97e-09
 1.61721e+23	9.84e-01	1.58e-02	1.95e-09
 1.63303e+23	9.84e-01	1.55e-02	1.94e-09
 1.64742e+23	9.85e-01	1.53e-02	1.94e-09
 1.66320e+23	9.85e-01	1.51e-02	1.92e-09
 1.68023e+23	9.85e-01	1.49e-02	1.92e-09
 1.69573e+23	9.85e-01	1.46e-02	1.91e-09
 1.71271e+23	9.86e-01	1.43e-02	1.89e-09
 1.73104e+23	9.86e-01	1.41e-02	1.88e-09
 1.74772e+23	9.86e-01	1.39e-02	1.88e-09
 1.76600e+23	9.86e-01	1.37e-02	1.87e-09
 1.78574e+23	9.87e-01	1.34e-02	1.86e-09
 1.80737e+23	9.87e-01	1.32e-02	1.85e-09
 1.83071e+23	9.87e-01	1.30e-02	1.84e-09
 1.85196e+23	9.87e-01	1.28e-02	1.83e-09
 1.87524e+23	9.87e-01	1.25e-02	1.82e-09
 1.90038e+23	9.88e-01	1.23e-02	1.81e-09
 1.92325e+23	9.88e-01	1.21e-02	1.81e-09
 1.94831e+23	9.88e-01	1.19e-02	1.80e-09
 1.97537e+23	9.88e-01	1.17e-02	1.79e-09
 1.99999e+23	9.89e-01	1.15e-02	1.79e-09
 2.02697e+23	9.89e-01	1.13e-02	1.77e-09
 2.06205e+23	9.89e-01	1.11e-02	1.76e-09
 2.10600e+23	9.89e-01	1.08e-02	1.75e-09
 2.15470e+23	9.89e-01	1.05e-02	1.73e-09
 2.20533e+23	9.90e-01	1.03e-02	1.72e-09
 2.25984e+23	9.90e-01	1.00e-02	1.71e-09
 2.31916e+23	9.90e-01	9.76e-03	1.69e-09
 2.38353e+23	9.90e-01	9.52e-03	1.68e-09
 2.44894e+23	9.91e-01	9.29e-03	1.66e-09
 2.50953e+23	9.91e-01	9.08e-03	1.65e-09
 2.56406e+23	9.91e-01	8.93e-03	1.64e-09
 2.61314e+23	9.91e-01	8.80e-03	1.63e-09
 2.65730e+23	9.91e-01	8.70e-03	1.63e-09
 2.69706e+23	9.91e-01	8.60e-03	1.62e-09
 2.73283e+23	9.91e-01	8.53e-03	1.61e-09
 2.76505e+23	9.92e-01	8.47e-03	1.61e-09
 2.79560e+23	9.92e-01	8.40e-03	1.60e-09
 2.82615e+23	9.92e-01	8.36e-03	1.59e-09
 2.85670e+23	9.92e-01	8.30e-03	1.59e-09
 2.88724e+23	9.92e-01	8.25e-03	1.58e-09
 2.91779e+23	9.92e-01	8.19e-03	1.57e-09
 2.94834e+23	9.92e-01	8.16e-03	1.56e-09
 2.97889e+23	9.92e-01	8.11e-03	1.56e-09
 3.00944e+23	9.92e-01	8.08e-03	1.55e-09
 3.03976e+23	9.92e-01	8.03e-03	1.54e-09
