#depth	O	O+	O+2	O+3	O+4	O+5	O+6	O+7	O+8	O[1]	O[2]	O[3]
 6.17135e+19	4.27e-20	1.23e-14	2.81e-10	2.68e-07	3.90e-05	1.50e-03	2.33e-01	5.36e-01	2.30e-01	0.00e+00	0.00e+00	0.00e+00
 1.87609e+20	8.57e-20	2.28e-14	4.83e-10	4.33e-07	5.80e-05	1.96e-03	2.59e-01	5.34e-01	2.05e-01	0.00e+00	0.00e+00	0.00e+00
 2.94450e+20	1.49e-19	3.73e-14	7.42e-10	6.32e-07	7.92e-05	2.42e-03	2.82e-01	5.30e-01	1.86e-01	0.00e+00	0.00e+00	0.00e+00
 3.71685e+20	2.17e-19	5.19e-14	9.88e-10	8.13e-07	9.74e-05	2.78e-03	2.98e-01	5.26e-01	1.73e-01	0.00e+00	0.00e+00	0.00e+00
 4.26265e+20	2.80e-19	6.50e-14	1.20e-09	9.68e-07	1.13e-04	3.07e-03	3.10e-01	5.23e-01	1.64e-01	0.00e+00	0.00e+00	0.00e+00
 4.63275e+20	3.28e-19	7.47e-14	1.36e-09	1.08e-06	1.23e-04	3.25e-03	3.17e-01	5.21e-01	1.59e-01	0.00e+00	0.00e+00	0.00e+00
 5.02387e+20	3.93e-19	8.77e-14	1.56e-09	1.22e-06	1.36e-04	3.48e-03	3.26e-01	5.18e-01	1.53e-01	0.00e+00	0.00e+00	0.00e+00
 5.53233e+20	4.88e-19	1.06e-13	1.85e-09	1.41e-06	1.54e-04	3.79e-03	3.36e-01	5.14e-01	1.45e-01	0.00e+00	0.00e+00	0.00e+00
 6.07199e+20	6.13e-19	1.30e-13	2.21e-09	1.65e-06	1.75e-04	4.14e-03	3.48e-01	5.10e-01	1.38e-01	0.00e+00	0.00e+00	0.00e+00
 6.53088e+20	7.38e-19	1.53e-13	2.55e-09	1.88e-06	1.95e-04	4.45e-03	3.58e-01	5.05e-01	1.32e-01	0.00e+00	0.00e+00	0.00e+00
 7.00611e+20	8.88e-19	1.81e-13	2.94e-09	2.14e-06	2.17e-04	4.79e-03	3.68e-01	5.01e-01	1.26e-01	0.00e+00	0.00e+00	0.00e+00
 7.62389e+20	1.12e-18	2.23e-13	3.53e-09	2.52e-06	2.49e-04	5.26e-03	3.82e-01	4.95e-01	1.18e-01	0.00e+00	0.00e+00	0.00e+00
 8.25234e+20	1.41e-18	2.74e-13	4.23e-09	2.96e-06	2.86e-04	5.77e-03	3.95e-01	4.88e-01	1.11e-01	0.00e+00	0.00e+00	0.00e+00
 8.74575e+20	1.68e-18	3.19e-13	4.85e-09	3.35e-06	3.17e-04	6.19e-03	4.05e-01	4.83e-01	1.06e-01	0.00e+00	0.00e+00	0.00e+00
 9.23830e+20	1.98e-18	3.70e-13	5.53e-09	3.77e-06	3.49e-04	6.62e-03	4.16e-01	4.77e-01	1.01e-01	0.00e+00	0.00e+00	0.00e+00
 9.87862e+20	2.44e-18	4.46e-13	6.53e-09	4.38e-06	3.97e-04	7.22e-03	4.29e-01	4.69e-01	9.43e-02	0.00e+00	0.00e+00	0.00e+00
 1.05564e+21	3.02e-18	5.40e-13	7.74e-09	5.12e-06	4.53e-04	7.90e-03	4.43e-01	4.61e-01	8.80e-02	0.00e+00	0.00e+00	0.00e+00
 1.11283e+21	3.58e-18	6.30e-13	8.88e-09	5.81e-06	5.03e-04	8.50e-03	4.54e-01	4.54e-01	8.31e-02	0.00e+00	0.00e+00	0.00e+00
 1.17173e+21	4.24e-18	7.34e-13	1.02e-08	6.58e-06	5.59e-04	9.13e-03	4.66e-01	4.46e-01	7.83e-02	0.00e+00	0.00e+00	0.00e+00
 1.24830e+21	5.23e-18	8.88e-13	1.21e-08	7.71e-06	6.39e-04	1.00e-02	4.81e-01	4.36e-01	7.25e-02	0.00e+00	0.00e+00	0.00e+00
 1.32640e+21	6.41e-18	1.07e-12	1.43e-08	9.01e-06	7.29e-04	1.10e-02	4.95e-01	4.26e-01	6.70e-02	0.00e+00	0.00e+00	0.00e+00
 1.38780e+21	7.47e-18	1.23e-12	1.62e-08	1.01e-05	8.04e-04	1.17e-02	5.06e-01	4.18e-01	6.31e-02	0.00e+00	0.00e+00	0.00e+00
 1.44893e+21	8.65e-18	1.41e-12	1.83e-08	1.13e-05	8.84e-04	1.25e-02	5.17e-01	4.10e-01	5.94e-02	0.00e+00	0.00e+00	0.00e+00
 1.52841e+21	1.04e-17	1.66e-12	2.13e-08	1.31e-05	9.97e-04	1.36e-02	5.31e-01	4.00e-01	5.49e-02	0.00e+00	0.00e+00	0.00e+00
 1.61199e+21	1.24e-17	1.97e-12	2.49e-08	1.52e-05	1.13e-03	1.49e-02	5.45e-01	3.89e-01	5.06e-02	0.00e+00	0.00e+00	0.00e+00
 1.68161e+21	1.44e-17	2.25e-12	2.82e-08	1.70e-05	1.24e-03	1.59e-02	5.56e-01	3.80e-01	4.73e-02	0.00e+00	0.00e+00	0.00e+00
 1.75282e+21	1.66e-17	2.57e-12	3.19e-08	1.91e-05	1.37e-03	1.70e-02	5.67e-01	3.71e-01	4.42e-02	0.00e+00	0.00e+00	0.00e+00
 1.83238e+21	1.93e-17	2.97e-12	3.64e-08	2.17e-05	1.52e-03	1.83e-02	5.79e-01	3.61e-01	4.09e-02	0.00e+00	0.00e+00	0.00e+00
 1.90574e+21	2.21e-17	3.37e-12	4.10e-08	2.43e-05	1.67e-03	1.95e-02	5.89e-01	3.52e-01	3.82e-02	0.00e+00	0.00e+00	0.00e+00
 1.96867e+21	2.47e-17	3.75e-12	4.53e-08	2.67e-05	1.80e-03	2.06e-02	5.98e-01	3.44e-01	3.60e-02	2.47e-17	8.14e-23	9.19e-23
 2.03510e+21	2.77e-17	4.18e-12	5.01e-08	2.93e-05	1.95e-03	2.18e-02	6.06e-01	3.36e-01	3.39e-02	2.77e-17	6.44e-22	7.71e-22
 2.12145e+21	3.20e-17	4.79e-12	5.69e-08	3.32e-05	2.15e-03	2.34e-02	6.17e-01	3.26e-01	3.13e-02	3.20e-17	7.22e-22	8.64e-22
 2.20858e+21	3.68e-17	5.48e-12	6.46e-08	3.74e-05	2.37e-03	2.51e-02	6.28e-01	3.16e-01	2.89e-02	3.68e-17	8.00e-22	9.58e-22
 2.27659e+21	4.09e-17	6.07e-12	7.11e-08	4.10e-05	2.55e-03	2.64e-02	6.35e-01	3.08e-01	2.72e-02	4.09e-17	8.73e-22	1.04e-21
 2.34489e+21	4.54e-17	6.70e-12	7.81e-08	4.48e-05	2.74e-03	2.77e-02	6.43e-01	3.01e-01	2.56e-02	4.54e-17	9.51e-22	1.14e-21
 2.43367e+21	5.15e-17	7.58e-12	8.79e-08	5.01e-05	3.00e-03	2.96e-02	6.52e-01	2.91e-01	2.37e-02	5.15e-17	1.05e-21	1.26e-21
 2.52792e+21	5.89e-17	8.63e-12	9.95e-08	5.64e-05	3.29e-03	3.16e-02	6.61e-01	2.82e-01	2.18e-02	5.89e-17	1.16e-21	1.39e-21
 2.60878e+21	6.59e-17	9.63e-12	1.10e-07	6.22e-05	3.55e-03	3.34e-02	6.69e-01	2.74e-01	2.04e-02	6.59e-17	1.27e-21	1.52e-21
 2.69342e+21	7.37e-17	1.08e-11	1.23e-07	6.87e-05	3.84e-03	3.53e-02	6.76e-01	2.66e-01	1.90e-02	7.37e-17	1.39e-21	1.66e-21
 2.80345e+21	8.48e-17	1.23e-11	1.40e-07	7.79e-05	4.23e-03	3.78e-02	6.85e-01	2.55e-01	1.73e-02	8.48e-17	1.55e-21	1.85e-21
 2.91567e+21	9.76e-17	1.42e-11	1.60e-07	8.84e-05	4.67e-03	4.06e-02	6.94e-01	2.45e-01	1.58e-02	9.76e-17	1.71e-21	2.05e-21
 3.00442e+21	1.09e-16	1.58e-11	1.78e-07	9.74e-05	5.02e-03	4.27e-02	7.00e-01	2.38e-01	1.47e-02	1.09e-16	1.87e-21	2.23e-21
 3.09349e+21	1.21e-16	1.76e-11	1.96e-07	1.07e-04	5.39e-03	4.50e-02	7.06e-01	2.30e-01	1.37e-02	1.21e-16	2.04e-21	2.44e-21
 3.20928e+21	1.38e-16	2.01e-11	2.23e-07	1.21e-04	5.90e-03	4.80e-02	7.13e-01	2.21e-01	1.25e-02	1.38e-16	2.26e-21	2.69e-21
 3.33064e+21	1.59e-16	2.31e-11	2.55e-07	1.37e-04	6.47e-03	5.12e-02	7.19e-01	2.12e-01	1.13e-02	1.59e-16	2.49e-21	2.97e-21
 3.43159e+21	1.78e-16	2.58e-11	2.84e-07	1.51e-04	6.97e-03	5.40e-02	7.24e-01	2.04e-01	1.05e-02	1.78e-16	2.71e-21	3.24e-21
 3.53520e+21	1.98e-16	2.89e-11	3.16e-07	1.67e-04	7.49e-03	5.68e-02	7.29e-01	1.97e-01	9.69e-03	1.98e-16	2.97e-21	3.55e-21
 3.66989e+21	2.28e-16	3.33e-11	3.63e-07	1.89e-04	8.21e-03	6.07e-02	7.34e-01	1.88e-01	8.76e-03	2.28e-16	3.31e-21	3.95e-21
 3.80899e+21	2.64e-16	3.86e-11	4.17e-07	2.15e-04	9.00e-03	6.47e-02	7.39e-01	1.79e-01	7.91e-03	2.64e-16	3.67e-21	4.37e-21
 3.92219e+21	2.96e-16	4.34e-11	4.67e-07	2.37e-04	9.66e-03	6.81e-02	7.42e-01	1.72e-01	7.28e-03	2.96e-16	4.01e-21	4.79e-21
 4.03772e+21	3.32e-16	4.88e-11	5.21e-07	2.62e-04	1.04e-02	7.15e-02	7.45e-01	1.66e-01	6.71e-03	3.32e-16	4.41e-21	5.25e-21
 4.16198e+21	3.75e-16	5.53e-11	5.87e-07	2.92e-04	1.12e-02	7.54e-02	7.48e-01	1.59e-01	6.14e-03	3.75e-16	4.81e-21	5.73e-21
 4.26883e+21	4.16e-16	6.16e-11	6.49e-07	3.19e-04	1.19e-02	7.87e-02	7.50e-01	1.53e-01	5.70e-03	4.16e-16	5.22e-21	6.22e-21
 4.37899e+21	4.61e-16	6.84e-11	7.18e-07	3.48e-04	1.26e-02	8.21e-02	7.52e-01	1.48e-01	5.29e-03	4.61e-16	5.67e-21	6.75e-21
 4.52220e+21	5.26e-16	7.85e-11	8.17e-07	3.90e-04	1.37e-02	8.67e-02	7.54e-01	1.41e-01	4.79e-03	5.26e-16	6.28e-21	7.47e-21
 4.66697e+21	6.01e-16	9.01e-11	9.30e-07	4.36e-04	1.47e-02	9.15e-02	7.55e-01	1.34e-01	4.35e-03	6.01e-16	6.91e-21	8.22e-21
 4.78115e+21	6.69e-16	1.00e-10	1.03e-06	4.76e-04	1.56e-02	9.52e-02	7.55e-01	1.29e-01	4.04e-03	6.69e-16	7.52e-21	8.94e-21
 4.89700e+21	7.42e-16	1.12e-10	1.14e-06	5.18e-04	1.65e-02	9.90e-02	7.56e-01	1.24e-01	3.75e-03	7.42e-16	8.20e-21	9.74e-21
 5.04760e+21	8.46e-16	1.28e-10	1.29e-06	5.78e-04	1.78e-02	1.04e-01	7.56e-01	1.18e-01	3.40e-03	8.46e-16	9.08e-21	1.08e-20
 5.20689e+21	9.73e-16	1.49e-10	1.48e-06	6.47e-04	1.92e-02	1.10e-01	7.55e-01	1.13e-01	3.07e-03	9.73e-16	1.01e-20	1.20e-20
 5.34110e+21	1.10e-15	1.68e-10	1.65e-06	7.09e-04	2.04e-02	1.14e-01	7.54e-01	1.08e-01	2.83e-03	1.10e-15	1.11e-20	1.31e-20
 5.47919e+21	1.23e-15	1.90e-10	1.85e-06	7.79e-04	2.17e-02	1.19e-01	7.53e-01	1.03e-01	2.59e-03	1.23e-15	1.22e-20	1.45e-20
 5.65871e+21	1.43e-15	2.22e-10	2.14e-06	8.77e-04	2.34e-02	1.25e-01	7.51e-01	9.76e-02	2.33e-03	1.43e-15	1.38e-20	1.63e-20
 5.84226e+21	1.68e-15	2.61e-10	2.47e-06	9.87e-04	2.52e-02	1.32e-01	7.48e-01	9.22e-02	2.08e-03	1.68e-15	1.55e-20	1.83e-20
 5.98841e+21	1.90e-15	2.97e-10	2.77e-06	1.08e-03	2.68e-02	1.37e-01	7.45e-01	8.81e-02	1.91e-03	1.90e-15	1.71e-20	2.03e-20
 6.13574e+21	2.14e-15	3.37e-10	3.10e-06	1.18e-03	2.83e-02	1.42e-01	7.42e-01	8.43e-02	1.76e-03	2.14e-15	1.90e-20	2.25e-20
 6.32728e+21	2.50e-15	3.97e-10	3.58e-06	1.33e-03	3.05e-02	1.49e-01	7.38e-01	7.95e-02	1.57e-03	2.50e-15	2.15e-20	2.54e-20
 6.52898e+21	2.95e-15	4.71e-10	4.17e-06	1.49e-03	3.28e-02	1.56e-01	7.33e-01	7.48e-02	1.40e-03	2.95e-15	2.44e-20	2.89e-20
 6.69873e+21	3.40e-15	5.43e-10	4.72e-06	1.65e-03	3.49e-02	1.62e-01	7.29e-01	7.11e-02	1.28e-03	3.39e-15	2.74e-20	3.24e-20
 6.87424e+21	3.91e-15	6.28e-10	5.36e-06	1.82e-03	3.71e-02	1.69e-01	7.24e-01	6.75e-02	1.16e-03	3.91e-15	3.09e-20	3.65e-20
 7.10239e+21	4.68e-15	7.57e-10	6.30e-06	2.06e-03	4.00e-02	1.77e-01	7.17e-01	6.31e-02	1.02e-03	4.68e-15	3.59e-20	4.24e-20
 7.33972e+21	5.65e-15	9.17e-10	7.44e-06	2.33e-03	4.32e-02	1.86e-01	7.09e-01	5.89e-02	9.03e-04	5.65e-15	4.17e-20	4.92e-20
 7.53640e+21	6.61e-15	1.07e-09	8.51e-06	2.58e-03	4.60e-02	1.93e-01	7.02e-01	5.57e-02	8.16e-04	6.61e-15	4.75e-20	5.60e-20
 7.73952e+21	7.74e-15	1.26e-09	9.75e-06	2.86e-03	4.89e-02	2.00e-01	6.95e-01	5.26e-02	7.35e-04	7.74e-15	5.44e-20	6.43e-20
 7.95416e+21	9.14e-15	1.49e-09	1.12e-05	3.17e-03	5.22e-02	2.07e-01	6.87e-01	4.95e-02	6.59e-04	9.14e-15	6.23e-20	7.35e-20
 8.13504e+21	1.05e-14	1.71e-09	1.26e-05	3.46e-03	5.49e-02	2.14e-01	6.80e-01	4.70e-02	6.02e-04	1.05e-14	7.01e-20	8.27e-20
 8.32148e+21	1.21e-14	1.97e-09	1.42e-05	3.78e-03	5.79e-02	2.20e-01	6.73e-01	4.46e-02	5.50e-04	1.21e-14	7.95e-20	9.37e-20
 8.56386e+21	1.45e-14	2.37e-09	1.66e-05	4.22e-03	6.19e-02	2.29e-01	6.63e-01	4.17e-02	4.88e-04	1.45e-14	9.28e-20	1.10e-19
 8.81447e+21	1.75e-14	2.85e-09	1.94e-05	4.72e-03	6.62e-02	2.37e-01	6.53e-01	3.90e-02	4.33e-04	1.75e-14	1.08e-19	1.28e-19
 9.02149e+21	2.04e-14	3.31e-09	2.19e-05	5.16e-03	6.97e-02	2.44e-01	6.44e-01	3.69e-02	3.93e-04	2.04e-14	1.24e-19	1.46e-19
 9.23632e+21	2.40e-14	3.86e-09	2.49e-05	5.66e-03	7.36e-02	2.51e-01	6.35e-01	3.48e-02	3.56e-04	2.40e-14	1.43e-19	1.68e-19
 9.51559e+21	2.93e-14	4.70e-09	2.93e-05	6.36e-03	7.88e-02	2.60e-01	6.22e-01	3.23e-02	3.12e-04	2.93e-14	1.70e-19	2.00e-19
 9.80962e+21	3.61e-14	5.75e-09	3.46e-05	7.15e-03	8.44e-02	2.69e-01	6.09e-01	2.99e-02	2.74e-04	3.61e-14	2.02e-19	2.38e-19
 1.00479e+22	4.27e-14	6.74e-09	3.95e-05	7.85e-03	8.92e-02	2.76e-01	5.98e-01	2.80e-02	2.46e-04	4.27e-14	2.34e-19	2.76e-19
 1.02828e+22	5.03e-14	7.89e-09	4.50e-05	8.60e-03	9.40e-02	2.83e-01	5.88e-01	2.64e-02	2.22e-04	5.03e-14	2.72e-19	3.20e-19
 1.05882e+22	6.19e-14	9.62e-09	5.30e-05	9.64e-03	1.00e-01	2.92e-01	5.73e-01	2.44e-02	1.94e-04	6.19e-14	3.27e-19	3.84e-19
 1.09028e+22	7.65e-14	1.17e-08	6.24e-05	1.08e-02	1.07e-01	3.00e-01	5.59e-01	2.25e-02	1.70e-04	7.65e-14	3.92e-19	4.61e-19
 1.11597e+22	9.14e-14	1.38e-08	7.10e-05	1.18e-02	1.13e-01	3.07e-01	5.47e-01	2.10e-02	1.52e-04	9.14e-14	4.60e-19	5.40e-19
 1.14240e+22	1.09e-13	1.63e-08	8.10e-05	1.29e-02	1.19e-01	3.14e-01	5.35e-01	1.97e-02	1.36e-04	1.09e-13	5.39e-19	6.34e-19
 1.17676e+22	1.36e-13	2.00e-08	9.57e-05	1.45e-02	1.27e-01	3.22e-01	5.19e-01	1.80e-02	1.18e-04	1.36e-13	6.60e-19	7.74e-19
 1.21273e+22	1.72e-13	2.47e-08	1.13e-04	1.63e-02	1.35e-01	3.30e-01	5.02e-01	1.65e-02	1.02e-04	1.72e-13	8.09e-19	9.49e-19
 1.24307e+22	2.10e-13	2.96e-08	1.30e-04	1.79e-02	1.42e-01	3.36e-01	4.89e-01	1.53e-02	9.05e-05	2.10e-13	9.68e-19	1.13e-18
 1.27477e+22	2.56e-13	3.54e-08	1.50e-04	1.97e-02	1.50e-01	3.42e-01	4.74e-01	1.41e-02	7.98e-05	2.56e-13	1.16e-18	1.36e-18
 1.31598e+22	3.28e-13	4.42e-08	1.79e-04	2.22e-02	1.60e-01	3.49e-01	4.56e-01	1.28e-02	6.80e-05	3.28e-13	1.46e-18	1.70e-18
 1.35878e+22	4.24e-13	5.54e-08	2.14e-04	2.50e-02	1.70e-01	3.56e-01	4.37e-01	1.15e-02	5.76e-05	4.24e-13	1.83e-18	2.14e-18
 1.39371e+22	5.23e-13	6.66e-08	2.47e-04	2.74e-02	1.79e-01	3.61e-01	4.22e-01	1.06e-02	5.05e-05	5.23e-13	2.22e-18	2.59e-18
 1.42919e+22	6.41e-13	7.96e-08	2.84e-04	3.01e-02	1.88e-01	3.65e-01	4.07e-01	9.70e-03	4.42e-05	6.41e-13	2.68e-18	3.13e-18
 1.47531e+22	8.27e-13	9.92e-08	3.39e-04	3.38e-02	2.00e-01	3.70e-01	3.88e-01	8.68e-03	3.73e-05	8.27e-13	3.38e-18	3.95e-18
 1.52376e+22	1.08e-12	1.25e-07	4.06e-04	3.80e-02	2.12e-01	3.74e-01	3.68e-01	7.73e-03	3.12e-05	1.08e-12	4.29e-18	5.00e-18
 1.56421e+22	1.35e-12	1.51e-07	4.68e-04	4.17e-02	2.22e-01	3.76e-01	3.53e-01	7.03e-03	2.70e-05	1.35e-12	5.27e-18	6.14e-18
 1.60578e+22	1.67e-12	1.81e-07	5.41e-04	4.58e-02	2.32e-01	3.78e-01	3.37e-01	6.38e-03	2.33e-05	1.67e-12	6.45e-18	7.51e-18
 1.65982e+22	2.19e-12	2.27e-07	6.49e-04	5.14e-02	2.46e-01	3.80e-01	3.17e-01	5.61e-03	1.93e-05	2.19e-12	8.26e-18	9.61e-18
 1.71635e+22	2.88e-12	2.86e-07	7.79e-04	5.77e-02	2.59e-01	3.80e-01	2.97e-01	4.92e-03	1.58e-05	2.88e-12	1.06e-17	1.24e-17
 1.76287e+22	3.60e-12	3.45e-07	9.01e-04	6.31e-02	2.70e-01	3.80e-01	2.82e-01	4.42e-03	1.35e-05	3.60e-12	1.30e-17	1.52e-17
 1.81007e+22	4.50e-12	4.15e-07	1.04e-03	6.90e-02	2.81e-01	3.79e-01	2.66e-01	3.96e-03	1.15e-05	4.50e-12	1.61e-17	1.87e-17
 1.87144e+22	5.95e-12	5.22e-07	1.25e-03	7.71e-02	2.95e-01	3.76e-01	2.47e-01	3.44e-03	9.35e-06	5.95e-12	2.08e-17	2.42e-17
 1.93615e+22	7.89e-12	6.57e-07	1.49e-03	8.61e-02	3.09e-01	3.72e-01	2.29e-01	2.96e-03	7.54e-06	7.89e-12	2.70e-17	3.13e-17
 1.99152e+22	9.96e-12	7.95e-07	1.74e-03	9.42e-02	3.20e-01	3.68e-01	2.13e-01	2.61e-03	6.29e-06	9.96e-12	3.35e-17	3.89e-17
 2.04982e+22	1.27e-11	9.68e-07	2.03e-03	1.03e-01	3.32e-01	3.62e-01	1.98e-01	2.29e-03	5.21e-06	1.27e-11	4.21e-17	4.89e-17
 2.12562e+22	1.73e-11	1.24e-06	2.46e-03	1.16e-01	3.46e-01	3.54e-01	1.80e-01	1.93e-03	4.09e-06	1.73e-11	5.61e-17	6.52e-17
 2.19709e+22	2.26e-11	1.54e-06	2.93e-03	1.28e-01	3.58e-01	3.46e-01	1.64e-01	1.64e-03	3.25e-06	2.26e-11	7.19e-17	8.34e-17
 2.24666e+22	2.75e-11	1.80e-06	3.28e-03	1.36e-01	3.66e-01	3.39e-01	1.54e-01	1.47e-03	2.79e-06	2.75e-11	8.65e-17	1.00e-16
 2.29484e+22	3.28e-11	2.07e-06	3.68e-03	1.45e-01	3.73e-01	3.33e-01	1.45e-01	1.32e-03	2.40e-06	3.28e-11	1.02e-16	1.19e-16
 2.35746e+22	4.09e-11	2.47e-06	4.25e-03	1.57e-01	3.81e-01	3.23e-01	1.33e-01	1.14e-03	1.98e-06	4.09e-11	1.25e-16	1.46e-16
 2.42393e+22	5.14e-11	2.95e-06	4.91e-03	1.70e-01	3.89e-01	3.13e-01	1.22e-01	9.88e-04	1.62e-06	5.14e-11	1.55e-16	1.80e-16
 2.48307e+22	6.29e-11	3.46e-06	5.58e-03	1.82e-01	3.95e-01	3.04e-01	1.12e-01	8.65e-04	1.35e-06	6.29e-11	1.87e-16	2.18e-16
 2.54764e+22	7.83e-11	4.12e-06	6.40e-03	1.96e-01	4.01e-01	2.94e-01	1.03e-01	7.50e-04	1.11e-06	7.83e-11	2.31e-16	2.68e-16
 2.61807e+22	9.84e-11	4.92e-06	7.40e-03	2.11e-01	4.06e-01	2.82e-01	9.30e-02	6.42e-04	9.00e-07	9.84e-11	2.86e-16	3.31e-16
 2.68339e+22	1.22e-10	5.81e-06	8.44e-03	2.25e-01	4.10e-01	2.71e-01	8.48e-02	5.56e-04	7.41e-07	1.22e-10	3.49e-16	4.05e-16
 2.75557e+22	1.53e-10	6.94e-06	9.74e-03	2.41e-01	4.13e-01	2.59e-01	7.66e-02	4.74e-04	6.00e-07	1.53e-10	4.32e-16	5.02e-16
 2.83346e+22	1.93e-10	8.35e-06	1.13e-02	2.59e-01	4.15e-01	2.46e-01	6.85e-02	4.00e-04	4.78e-07	1.93e-10	5.39e-16	6.26e-16
 2.90496e+22	2.40e-10	9.88e-06	1.30e-02	2.76e-01	4.16e-01	2.34e-01	6.17e-02	3.42e-04	3.88e-07	2.40e-10	6.61e-16	7.67e-16
 2.98415e+22	3.06e-10	1.20e-05	1.51e-02	2.95e-01	4.15e-01	2.20e-01	5.49e-02	2.87e-04	3.09e-07	3.06e-10	8.32e-16	9.66e-16
 3.06896e+22	3.91e-10	1.45e-05	1.77e-02	3.16e-01	4.12e-01	2.06e-01	4.83e-02	2.38e-04	2.43e-07	3.91e-10	1.05e-15	1.22e-15
 3.14284e+22	4.92e-10	1.74e-05	2.03e-02	3.34e-01	4.09e-01	1.94e-01	4.32e-02	2.02e-04	1.96e-07	4.92e-10	1.31e-15	1.52e-15
 3.21015e+22	5.95e-10	2.02e-05	2.30e-02	3.51e-01	4.04e-01	1.83e-01	3.89e-02	1.75e-04	1.63e-07	5.95e-10	1.56e-15	1.82e-15
 3.28715e+22	7.46e-10	2.42e-05	2.66e-02	3.71e-01	3.98e-01	1.70e-01	3.45e-02	1.47e-04	1.30e-07	7.46e-10	1.94e-15	2.26e-15
 3.36900e+22	9.31e-10	2.88e-05	3.10e-02	3.91e-01	3.90e-01	1.58e-01	3.03e-02	1.23e-04	0.00e+00	9.31e-10	2.39e-15	2.78e-15
 3.43908e+22	1.14e-09	3.37e-05	3.53e-02	4.09e-01	3.82e-01	1.47e-01	2.70e-02	1.05e-04	0.00e+00	1.14e-09	2.90e-15	3.37e-15
 3.50191e+22	1.36e-09	3.90e-05	3.98e-02	4.25e-01	3.73e-01	1.38e-01	2.44e-02	9.11e-05	0.00e+00	1.36e-09	3.45e-15	4.01e-15
 3.57337e+22	1.70e-09	4.67e-05	4.58e-02	4.43e-01	3.63e-01	1.27e-01	2.15e-02	7.74e-05	0.00e+00	1.70e-09	4.26e-15	4.95e-15
 3.65118e+22	2.13e-09	5.60e-05	5.33e-02	4.61e-01	3.50e-01	1.16e-01	1.89e-02	6.49e-05	0.00e+00	2.13e-09	5.29e-15	6.15e-15
 3.71960e+22	2.61e-09	6.62e-05	6.11e-02	4.78e-01	3.38e-01	1.07e-01	1.67e-02	5.54e-05	0.00e+00	2.61e-09	6.44e-15	7.48e-15
 3.77931e+22	3.14e-09	7.70e-05	6.91e-02	4.91e-01	3.26e-01	9.89e-02	1.49e-02	4.81e-05	0.00e+00	3.14e-09	7.68e-15	8.93e-15
 3.84534e+22	3.87e-09	9.15e-05	7.96e-02	5.06e-01	3.11e-01	9.01e-02	1.31e-02	4.08e-05	0.00e+00	3.87e-09	9.39e-15	1.09e-14
 3.91672e+22	4.89e-09	1.11e-04	9.27e-02	5.20e-01	2.95e-01	8.11e-02	1.14e-02	3.44e-05	0.00e+00	4.89e-09	1.18e-14	1.37e-14
 3.97826e+22	5.99e-09	1.32e-04	1.07e-01	5.31e-01	2.79e-01	7.35e-02	1.00e-02	2.93e-05	0.00e+00	5.99e-09	1.43e-14	1.67e-14
 4.03071e+22	7.07e-09	1.52e-04	1.20e-01	5.39e-01	2.65e-01	6.71e-02	8.95e-03	2.56e-05	0.00e+00	7.07e-09	1.68e-14	1.96e-14
 4.08812e+22	8.74e-09	1.82e-04	1.38e-01	5.45e-01	2.49e-01	6.03e-02	7.85e-03	2.19e-05	0.00e+00	8.74e-09	2.07e-14	2.41e-14
 4.15007e+22	1.09e-08	2.20e-04	1.60e-01	5.50e-01	2.30e-01	5.32e-02	6.73e-03	1.83e-05	0.00e+00	1.09e-08	2.57e-14	2.98e-14
 4.20314e+22	1.32e-08	2.59e-04	1.83e-01	5.51e-01	2.12e-01	4.72e-02	5.85e-03	1.56e-05	0.00e+00	1.32e-08	3.10e-14	3.60e-14
 4.24805e+22	1.57e-08	3.01e-04	2.06e-01	5.50e-01	1.97e-01	4.23e-02	5.14e-03	1.35e-05	0.00e+00	1.57e-08	3.66e-14	4.24e-14
 4.29708e+22	1.91e-08	3.56e-04	2.34e-01	5.45e-01	1.79e-01	3.70e-02	4.40e-03	1.13e-05	0.00e+00	1.91e-08	4.43e-14	5.15e-14
 4.34983e+22	2.34e-08	4.26e-04	2.69e-01	5.36e-01	1.60e-01	3.17e-02	3.69e-03	9.32e-06	0.00e+00	2.34e-08	5.42e-14	6.29e-14
 4.39496e+22	2.80e-08	4.97e-04	3.04e-01	5.23e-01	1.43e-01	2.73e-02	3.11e-03	7.75e-06	0.00e+00	2.80e-08	6.46e-14	7.49e-14
 4.43328e+22	3.26e-08	5.68e-04	3.36e-01	5.09e-01	1.28e-01	2.37e-02	2.66e-03	6.56e-06	0.00e+00	3.26e-08	7.51e-14	8.71e-14
 4.47522e+22	3.86e-08	6.57e-04	3.75e-01	4.90e-01	1.12e-01	2.01e-02	2.22e-03	5.38e-06	0.00e+00	3.86e-08	8.87e-14	1.03e-13
 4.52059e+22	4.62e-08	7.65e-04	4.20e-01	4.66e-01	9.53e-02	1.66e-02	1.78e-03	4.26e-06	0.00e+00	4.62e-08	1.06e-13	1.23e-13
 4.56044e+22	5.40e-08	8.72e-04	4.62e-01	4.40e-01	8.12e-02	1.37e-02	1.44e-03	3.40e-06	0.00e+00	5.40e-08	1.23e-13	1.43e-13
 4.59580e+22	6.19e-08	9.76e-04	5.01e-01	4.15e-01	6.96e-02	1.15e-02	1.18e-03	2.75e-06	0.00e+00	6.19e-08	1.41e-13	1.63e-13
 4.62934e+22	7.02e-08	1.08e-03	5.38e-01	3.90e-01	5.95e-02	9.62e-03	9.66e-04	2.22e-06	0.00e+00	7.02e-08	1.59e-13	1.85e-13
 4.66118e+22	7.88e-08	1.19e-03	5.73e-01	3.66e-01	5.09e-02	8.08e-03	7.91e-04	1.79e-06	0.00e+00	7.88e-08	1.78e-13	2.07e-13
 4.69680e+22	8.96e-08	1.31e-03	6.11e-01	3.38e-01	4.23e-02	6.60e-03	6.27e-04	1.40e-06	0.00e+00	8.96e-08	2.02e-13	2.35e-13
 4.73509e+22	1.02e-07	1.44e-03	6.50e-01	3.08e-01	3.46e-02	5.32e-03	4.86e-04	1.06e-06	0.00e+00	1.02e-07	2.29e-13	2.66e-13
 4.76929e+22	1.14e-07	1.56e-03	6.82e-01	2.83e-01	2.88e-02	4.38e-03	3.87e-04	8.28e-07	0.00e+00	1.14e-07	2.54e-13	2.96e-13
 4.80617e+22	1.28e-07	1.70e-03	7.14e-01	2.57e-01	2.36e-02	3.56e-03	3.01e-04	6.31e-07	0.00e+00	1.28e-07	2.85e-13	3.32e-13
 4.84782e+22	1.44e-07	1.85e-03	7.46e-01	2.30e-01	1.90e-02	2.85e-03	2.29e-04	4.67e-07	0.00e+00	1.44e-07	3.20e-13	3.74e-13
 4.88816e+22	1.61e-07	1.98e-03	7.73e-01	2.06e-01	1.56e-02	2.32e-03	1.78e-04	3.52e-07	0.00e+00	1.61e-07	3.56e-13	4.16e-13
 4.92416e+22	1.77e-07	2.11e-03	7.95e-01	1.88e-01	1.32e-02	1.95e-03	1.43e-04	2.76e-07	0.00e+00	1.77e-07	3.89e-13	4.56e-13
 4.95695e+22	1.92e-07	2.22e-03	8.12e-01	1.73e-01	1.14e-02	1.68e-03	1.18e-04	2.22e-07	0.00e+00	1.92e-07	4.22e-13	4.94e-13
 4.99451e+22	2.11e-07	2.35e-03	8.30e-01	1.57e-01	9.73e-03	1.43e-03	9.56e-05	1.75e-07	0.00e+00	2.11e-07	4.62e-13	5.41e-13
 5.04273e+22	2.36e-07	2.50e-03	8.49e-01	1.39e-01	8.11e-03	1.17e-03	7.44e-05	1.31e-07	0.00e+00	2.36e-07	5.13e-13	6.02e-13
 5.09320e+22	2.63e-07	2.66e-03	8.66e-01	1.24e-01	6.89e-03	9.80e-04	5.87e-05	0.00e+00	0.00e+00	2.63e-07	5.69e-13	6.68e-13
 5.13870e+22	2.88e-07	2.79e-03	8.78e-01	1.12e-01	6.04e-03	8.43e-04	4.83e-05	0.00e+00	0.00e+00	2.88e-07	6.20e-13	7.29e-13
 5.18704e+22	3.16e-07	2.94e-03	8.90e-01	1.01e-01	5.33e-03	7.24e-04	3.98e-05	0.00e+00	0.00e+00	3.16e-07	6.79e-13	7.98e-13
 5.24401e+22	3.52e-07	3.11e-03	9.01e-01	9.02e-02	4.69e-03	6.14e-04	3.23e-05	0.00e+00	0.00e+00	3.52e-07	7.51e-13	8.83e-13
 5.30725e+22	3.93e-07	3.29e-03	9.12e-01	8.02e-02	4.16e-03	5.20e-04	2.63e-05	0.00e+00	0.00e+00	3.93e-07	8.27e-13	9.75e-13
 5.37435e+22	4.39e-07	3.47e-03	9.21e-01	7.15e-02	3.73e-03	4.42e-04	2.16e-05	0.00e+00	0.00e+00	4.39e-07	9.10e-13	1.07e-12
 5.44700e+22	4.92e-07	3.67e-03	9.29e-01	6.36e-02	3.37e-03	3.76e-04	1.79e-05	0.00e+00	0.00e+00	4.92e-07	1.00e-12	1.19e-12
 5.52759e+22	5.55e-07	3.88e-03	9.36e-01	5.64e-02	3.07e-03	3.18e-04	1.48e-05	0.00e+00	0.00e+00	5.55e-07	1.11e-12	1.32e-12
 5.61857e+22	6.32e-07	4.11e-03	9.43e-01	4.97e-02	2.80e-03	2.68e-04	1.23e-05	0.00e+00	0.00e+00	6.32e-07	1.25e-12	1.48e-12
 5.72378e+22	7.29e-07	4.38e-03	9.49e-01	4.35e-02	2.56e-03	2.22e-04	1.02e-05	0.00e+00	0.00e+00	7.29e-07	1.41e-12	1.68e-12
 5.83611e+22	8.45e-07	4.67e-03	9.54e-01	3.83e-02	2.36e-03	1.85e-04	8.52e-06	0.00e+00	0.00e+00	8.45e-07	1.61e-12	1.91e-12
 5.96406e+22	9.91e-07	4.98e-03	9.59e-01	3.33e-02	2.18e-03	1.52e-04	7.12e-06	0.00e+00	0.00e+00	9.91e-07	1.86e-12	2.21e-12
 6.10628e+22	1.18e-06	5.35e-03	9.63e-01	2.90e-02	2.02e-03	1.25e-04	5.98e-06	0.00e+00	0.00e+00	1.18e-06	2.18e-12	2.58e-12
 6.24135e+22	1.39e-06	5.71e-03	9.66e-01	2.58e-02	1.90e-03	1.05e-04	5.15e-06	0.00e+00	0.00e+00	1.39e-06	2.53e-12	3.00e-12
 6.39124e+22	1.65e-06	6.08e-03	9.69e-01	2.26e-02	1.78e-03	8.67e-05	4.43e-06	0.00e+00	0.00e+00	1.65e-06	2.96e-12	3.51e-12
 6.58610e+22	2.08e-06	6.59e-03	9.72e-01	1.93e-02	1.65e-03	6.87e-05	3.71e-06	0.00e+00	0.00e+00	2.08e-06	3.64e-12	4.33e-12
 6.78890e+22	2.65e-06	7.19e-03	9.74e-01	1.68e-02	1.54e-03	5.51e-05	3.14e-06	0.00e+00	0.00e+00	2.65e-06	4.58e-12	5.43e-12
 6.95979e+22	3.28e-06	7.74e-03	9.76e-01	1.51e-02	1.46e-03	4.61e-05	2.74e-06	0.00e+00	0.00e+00	3.28e-06	5.59e-12	6.64e-12
 7.13968e+22	4.10e-06	8.32e-03	9.77e-01	1.34e-02	1.39e-03	3.81e-05	2.40e-06	0.00e+00	0.00e+00	4.10e-06	6.90e-12	8.18e-12
 7.37353e+22	5.51e-06	9.13e-03	9.78e-01	1.14e-02	1.30e-03	2.98e-05	2.04e-06	0.00e+00	0.00e+00	5.51e-06	9.14e-12	1.08e-11
 7.61583e+22	7.79e-06	1.03e-02	9.79e-01	9.89e-03	1.23e-03	2.32e-05	1.71e-06	0.00e+00	0.00e+00	7.79e-06	1.28e-11	1.51e-11
 7.80845e+22	1.05e-05	1.14e-02	9.79e-01	8.85e-03	1.17e-03	1.90e-05	1.48e-06	0.00e+00	0.00e+00	1.05e-05	1.72e-11	2.03e-11
 7.96990e+22	1.38e-05	1.24e-02	9.78e-01	8.01e-03	1.13e-03	1.59e-05	1.31e-06	0.00e+00	0.00e+00	1.38e-05	2.23e-11	2.64e-11
 8.12459e+22	1.82e-05	1.37e-02	9.78e-01	7.23e-03	1.09e-03	1.32e-05	1.15e-06	0.00e+00	0.00e+00	1.82e-05	2.94e-11	3.46e-11
 8.27125e+22	2.43e-05	1.52e-02	9.77e-01	6.53e-03	1.06e-03	1.10e-05	1.02e-06	0.00e+00	0.00e+00	2.43e-05	3.90e-11	4.59e-11
 8.40788e+22	3.25e-05	1.69e-02	9.76e-01	5.89e-03	1.03e-03	9.14e-06	8.97e-07	0.00e+00	0.00e+00	3.25e-05	5.22e-11	6.11e-11
 8.50568e+22	4.12e-05	1.85e-02	9.75e-01	5.50e-03	1.01e-03	7.96e-06	8.10e-07	0.00e+00	0.00e+00	4.12e-05	6.63e-11	7.74e-11
 8.55759e+22	4.70e-05	1.95e-02	9.74e-01	5.30e-03	1.00e-03	7.37e-06	7.66e-07	0.00e+00	0.00e+00	4.70e-05	7.57e-11	8.82e-11
 8.60316e+22	5.27e-05	2.04e-02	9.73e-01	5.08e-03	9.91e-04	6.85e-06	7.30e-07	0.00e+00	0.00e+00	5.27e-05	8.49e-11	9.88e-11
 8.66240e+22	6.15e-05	2.17e-02	9.73e-01	4.78e-03	9.79e-04	6.18e-06	6.81e-07	0.00e+00	0.00e+00	6.15e-05	9.92e-11	1.15e-10
 8.72909e+22	7.41e-05	2.33e-02	9.71e-01	4.47e-03	9.66e-04	5.49e-06	6.29e-07	0.00e+00	0.00e+00	7.41e-05	1.20e-10	1.38e-10
 8.78926e+22	8.86e-05	2.52e-02	9.70e-01	4.21e-03	9.54e-04	4.91e-06	5.82e-07	0.00e+00	0.00e+00	8.86e-05	1.43e-10	1.65e-10
 8.83747e+22	1.03e-04	2.69e-02	9.68e-01	4.00e-03	9.44e-04	4.47e-06	5.44e-07	0.00e+00	0.00e+00	1.03e-04	1.67e-10	1.92e-10
 8.87874e+22	1.18e-04	2.85e-02	9.67e-01	3.81e-03	9.35e-04	4.11e-06	5.13e-07	0.00e+00	0.00e+00	1.18e-04	1.92e-10	2.19e-10
 8.92478e+22	1.37e-04	3.04e-02	9.65e-01	3.59e-03	9.26e-04	3.72e-06	4.79e-07	0.00e+00	0.00e+00	1.37e-04	2.25e-10	2.55e-10
 8.97492e+22	1.64e-04	3.29e-02	9.63e-01	3.36e-03	9.15e-04	3.32e-06	4.43e-07	0.00e+00	0.00e+00	1.64e-04	2.70e-10	3.04e-10
 9.01788e+22	1.94e-04	3.54e-02	9.60e-01	3.17e-03	9.05e-04	2.99e-06	4.12e-07	0.00e+00	0.00e+00	1.94e-04	3.20e-10	3.58e-10
 9.05304e+22	2.22e-04	3.78e-02	9.58e-01	3.02e-03	8.98e-04	2.74e-06	3.87e-07	0.00e+00	0.00e+00	2.22e-04	3.70e-10	4.10e-10
 9.09057e+22	2.58e-04	4.04e-02	9.56e-01	2.84e-03	8.89e-04	2.49e-06	3.62e-07	0.00e+00	0.00e+00	2.58e-04	4.33e-10	4.76e-10
 9.13175e+22	3.08e-04	4.39e-02	9.52e-01	2.66e-03	8.79e-04	2.22e-06	3.34e-07	0.00e+00	0.00e+00	3.08e-04	5.19e-10	5.65e-10
 9.16743e+22	3.63e-04	4.75e-02	9.49e-01	2.50e-03	8.70e-04	2.00e-06	3.10e-07	0.00e+00	0.00e+00	3.63e-04	6.17e-10	6.64e-10
 9.19672e+22	4.17e-04	5.08e-02	9.46e-01	2.37e-03	8.61e-04	1.83e-06	2.91e-07	0.00e+00	0.00e+00	4.17e-04	7.15e-10	7.60e-10
 9.22792e+22	4.85e-04	5.45e-02	9.42e-01	2.24e-03	8.52e-04	1.66e-06	2.71e-07	0.00e+00	0.00e+00	4.85e-04	8.37e-10	8.80e-10
 9.26245e+22	5.78e-04	5.95e-02	9.37e-01	2.09e-03	8.42e-04	1.48e-06	2.49e-07	0.00e+00	0.00e+00	5.78e-04	1.01e-09	1.05e-09
 9.29274e+22	6.83e-04	6.45e-02	9.32e-01	1.95e-03	8.31e-04	1.33e-06	2.30e-07	0.00e+00	0.00e+00	6.83e-04	1.21e-09	1.23e-09
 9.31766e+22	7.86e-04	6.93e-02	9.27e-01	1.85e-03	8.22e-04	1.22e-06	2.15e-07	0.00e+00	0.00e+00	7.86e-04	1.41e-09	1.41e-09
 9.34419e+22	9.14e-04	7.46e-02	9.22e-01	1.74e-03	8.12e-04	1.10e-06	2.00e-07	0.00e+00	0.00e+00	9.14e-04	1.67e-09	1.63e-09
 9.37359e+22	1.09e-03	8.17e-02	9.15e-01	1.61e-03	8.00e-04	9.80e-07	1.83e-07	0.00e+00	0.00e+00	1.09e-03	2.03e-09	1.95e-09
 9.39956e+22	1.29e-03	8.90e-02	9.07e-01	1.51e-03	7.88e-04	8.78e-07	1.69e-07	0.00e+00	0.00e+00	1.29e-03	2.45e-09	2.29e-09
 9.42108e+22	1.50e-03	9.59e-02	9.00e-01	1.42e-03	7.77e-04	7.98e-07	1.57e-07	0.00e+00	0.00e+00	1.50e-03	2.88e-09	2.64e-09
 9.44400e+22	1.74e-03	1.04e-01	8.93e-01	1.33e-03	7.64e-04	7.20e-07	1.45e-07	0.00e+00	0.00e+00	1.74e-03	3.42e-09	3.06e-09
 9.46966e+22	2.09e-03	1.14e-01	8.82e-01	1.23e-03	7.50e-04	6.38e-07	1.32e-07	0.00e+00	0.00e+00	2.09e-03	4.20e-09	3.66e-09
 9.49271e+22	2.50e-03	1.25e-01	8.71e-01	1.14e-03	7.34e-04	5.66e-07	0.00e+00	0.00e+00	0.00e+00	2.50e-03	5.12e-09	4.34e-09
 9.51201e+22	2.91e-03	1.35e-01	8.60e-01	1.06e-03	7.19e-04	5.11e-07	0.00e+00	0.00e+00	0.00e+00	2.91e-03	6.06e-09	5.03e-09
 9.53263e+22	3.42e-03	1.47e-01	8.48e-01	9.89e-04	7.03e-04	4.57e-07	0.00e+00	0.00e+00	0.00e+00	3.42e-03	7.24e-09	5.88e-09
 9.55584e+22	4.14e-03	1.62e-01	8.32e-01	9.06e-04	6.84e-04	3.99e-07	0.00e+00	0.00e+00	0.00e+00	4.14e-03	8.98e-09	7.08e-09
 9.57696e+22	5.01e-03	1.79e-01	8.15e-01	8.30e-04	6.62e-04	3.49e-07	0.00e+00	0.00e+00	0.00e+00	5.01e-03	1.11e-08	8.51e-09
 9.59499e+22	5.91e-03	1.94e-01	7.98e-01	7.68e-04	6.42e-04	3.10e-07	0.00e+00	0.00e+00	0.00e+00	5.91e-03	1.32e-08	9.99e-09
 9.61442e+22	7.04e-03	2.13e-01	7.79e-01	7.05e-04	6.19e-04	2.72e-07	0.00e+00	0.00e+00	0.00e+00	7.04e-03	1.60e-08	1.18e-08
 9.63969e+22	8.93e-03	2.40e-01	7.50e-01	6.26e-04	5.87e-04	2.26e-07	0.00e+00	0.00e+00	0.00e+00	8.93e-03	2.07e-08	1.49e-08
 9.66463e+22	1.16e-02	2.74e-01	7.13e-01	5.47e-04	5.48e-04	1.84e-07	0.00e+00	0.00e+00	0.00e+00	1.16e-02	2.74e-08	1.92e-08
 9.68237e+22	1.42e-02	3.02e-01	6.82e-01	4.93e-04	5.16e-04	1.56e-07	0.00e+00	0.00e+00	0.00e+00	1.42e-02	3.38e-08	2.34e-08
 9.69584e+22	1.64e-02	3.25e-01	6.58e-01	4.55e-04	4.91e-04	1.37e-07	0.00e+00	0.00e+00	0.00e+00	1.64e-02	3.93e-08	2.69e-08
 9.71055e+22	1.92e-02	3.50e-01	6.30e-01	4.16e-04	4.64e-04	1.19e-07	0.00e+00	0.00e+00	0.00e+00	1.92e-02	4.62e-08	3.13e-08
 9.72968e+22	2.37e-02	3.86e-01	5.89e-01	3.67e-04	4.25e-04	0.00e+00	0.00e+00	0.00e+00	0.00e+00	2.37e-02	5.72e-08	3.84e-08
 9.74969e+22	3.03e-02	4.31e-01	5.38e-01	3.16e-04	3.77e-04	0.00e+00	0.00e+00	0.00e+00	0.00e+00	3.03e-02	7.33e-08	4.87e-08
 9.76553e+22	3.71e-02	4.70e-01	4.92e-01	2.77e-04	3.37e-04	0.00e+00	0.00e+00	0.00e+00	0.00e+00	3.71e-02	8.97e-08	5.91e-08
 9.77749e+22	4.31e-02	5.00e-01	4.56e-01	2.50e-04	3.06e-04	0.00e+00	0.00e+00	0.00e+00	0.00e+00	4.31e-02	1.04e-07	6.82e-08
 9.78976e+22	4.99e-02	5.29e-01	4.20e-01	2.26e-04	2.76e-04	0.00e+00	0.00e+00	0.00e+00	0.00e+00	4.99e-02	1.20e-07	7.84e-08
 9.80571e+22	6.05e-02	5.67e-01	3.72e-01	1.95e-04	2.37e-04	0.00e+00	0.00e+00	0.00e+00	0.00e+00	6.05e-02	1.45e-07	9.41e-08
 9.82130e+22	7.52e-02	6.08e-01	3.16e-01	1.64e-04	1.94e-04	0.00e+00	0.00e+00	0.00e+00	0.00e+00	7.52e-02	1.78e-07	1.16e-07
 9.83205e+22	8.69e-02	6.34e-01	2.79e-01	1.45e-04	1.67e-04	0.00e+00	0.00e+00	0.00e+00	0.00e+00	8.69e-02	2.04e-07	1.32e-07
 9.84016e+22	9.65e-02	6.51e-01	2.52e-01	1.32e-04	1.47e-04	0.00e+00	0.00e+00	0.00e+00	0.00e+00	9.65e-02	2.26e-07	1.46e-07
 9.84925e+22	1.08e-01	6.68e-01	2.24e-01	1.19e-04	1.27e-04	0.00e+00	0.00e+00	0.00e+00	0.00e+00	1.08e-01	2.50e-07	1.61e-07
 9.86106e+22	1.25e-01	6.86e-01	1.89e-01	1.04e-04	1.04e-04	0.00e+00	0.00e+00	0.00e+00	0.00e+00	1.25e-01	2.86e-07	1.84e-07
 9.87312e+22	1.48e-01	7.00e-01	1.52e-01	8.71e-05	7.93e-05	0.00e+00	0.00e+00	0.00e+00	0.00e+00	1.48e-01	3.34e-07	2.14e-07
 9.88217e+22	1.69e-01	7.06e-01	1.26e-01	7.58e-05	6.30e-05	0.00e+00	0.00e+00	0.00e+00	0.00e+00	1.69e-01	3.73e-07	2.40e-07
 9.88902e+22	1.84e-01	7.07e-01	1.09e-01	6.87e-05	5.29e-05	0.00e+00	0.00e+00	0.00e+00	0.00e+00	1.84e-01	4.03e-07	2.58e-07
 9.89638e+22	2.02e-01	7.06e-01	9.26e-02	6.18e-05	4.36e-05	0.00e+00	0.00e+00	0.00e+00	0.00e+00	2.02e-01	4.35e-07	2.79e-07
 9.90595e+22	2.28e-01	6.99e-01	7.37e-02	5.33e-05	3.31e-05	0.00e+00	0.00e+00	0.00e+00	0.00e+00	2.28e-01	4.80e-07	3.07e-07
 9.91591e+22	2.61e-01	6.83e-01	5.54e-02	4.46e-05	2.35e-05	0.00e+00	0.00e+00	0.00e+00	0.00e+00	2.61e-01	5.34e-07	3.42e-07
 9.92374e+22	2.91e-01	6.66e-01	4.31e-02	3.84e-05	1.74e-05	0.00e+00	0.00e+00	0.00e+00	0.00e+00	2.91e-01	5.79e-07	3.70e-07
 9.92996e+22	3.15e-01	6.50e-01	3.52e-02	3.43e-05	1.37e-05	0.00e+00	0.00e+00	0.00e+00	0.00e+00	3.15e-01	6.11e-07	3.90e-07
 9.93673e+22	3.41e-01	6.30e-01	2.82e-02	3.04e-05	1.05e-05	0.00e+00	0.00e+00	0.00e+00	0.00e+00	3.41e-01	6.44e-07	4.11e-07
 9.94553e+22	3.80e-01	6.00e-01	2.06e-02	2.56e-05	7.23e-06	0.00e+00	0.00e+00	0.00e+00	0.00e+00	3.80e-01	6.86e-07	4.38e-07
 9.95435e+22	4.27e-01	5.59e-01	1.41e-02	2.09e-05	4.63e-06	0.00e+00	0.00e+00	0.00e+00	0.00e+00	4.27e-01	7.26e-07	4.63e-07
 9.96066e+22	4.62e-01	5.27e-01	1.05e-02	1.81e-05	3.29e-06	0.00e+00	0.00e+00	0.00e+00	0.00e+00	4.62e-01	7.48e-07	4.77e-07
 9.96485e+22	4.84e-01	5.07e-01	8.66e-03	1.65e-05	2.63e-06	0.00e+00	0.00e+00	0.00e+00	0.00e+00	4.84e-01	7.59e-07	4.83e-07
 9.96851e+22	5.02e-01	4.91e-01	7.37e-03	1.53e-05	2.19e-06	0.00e+00	0.00e+00	0.00e+00	0.00e+00	5.02e-01	7.65e-07	4.87e-07
 9.97296e+22	5.26e-01	4.68e-01	5.99e-03	1.39e-05	1.72e-06	0.00e+00	0.00e+00	0.00e+00	0.00e+00	5.26e-01	7.71e-07	4.91e-07
 9.97816e+22	5.56e-01	4.39e-01	4.60e-03	1.22e-05	1.28e-06	0.00e+00	0.00e+00	0.00e+00	0.00e+00	5.56e-01	7.76e-07	4.94e-07
 9.98277e+22	5.85e-01	4.12e-01	3.56e-03	1.08e-05	9.55e-07	0.00e+00	0.00e+00	0.00e+00	0.00e+00	5.85e-01	7.76e-07	4.93e-07
 9.98557e+22	6.01e-01	3.96e-01	3.05e-03	1.00e-05	8.01e-07	0.00e+00	0.00e+00	0.00e+00	0.00e+00	6.01e-01	7.73e-07	4.92e-07
 9.98713e+22	6.08e-01	3.89e-01	2.83e-03	9.76e-06	7.37e-07	0.00e+00	0.00e+00	0.00e+00	0.00e+00	6.08e-01	7.71e-07	4.91e-07
 9.98870e+22	6.15e-01	3.83e-01	2.62e-03	9.47e-06	6.79e-07	0.00e+00	0.00e+00	0.00e+00	0.00e+00	6.15e-01	7.69e-07	4.89e-07
 9.99073e+22	6.25e-01	3.72e-01	2.36e-03	9.05e-06	6.04e-07	0.00e+00	0.00e+00	0.00e+00	0.00e+00	6.25e-01	7.66e-07	4.87e-07
 9.99324e+22	6.40e-01	3.58e-01	2.06e-03	8.49e-06	5.18e-07	0.00e+00	0.00e+00	0.00e+00	0.00e+00	6.40e-01	7.61e-07	4.84e-07
 9.99574e+22	6.55e-01	3.43e-01	1.78e-03	7.92e-06	4.41e-07	0.00e+00	0.00e+00	0.00e+00	0.00e+00	6.55e-01	7.54e-07	4.79e-07
 9.99781e+22	6.66e-01	3.33e-01	1.59e-03	7.52e-06	3.87e-07	0.00e+00	0.00e+00	0.00e+00	0.00e+00	6.66e-01	7.49e-07	4.76e-07
 9.99967e+22	6.76e-01	3.23e-01	1.43e-03	7.18e-06	3.46e-07	0.00e+00	0.00e+00	0.00e+00	0.00e+00	6.76e-01	7.43e-07	4.72e-07
 1.00017e+23	6.87e-01	3.12e-01	1.28e-03	6.81e-06	3.05e-07	0.00e+00	0.00e+00	0.00e+00	0.00e+00	6.87e-01	7.36e-07	4.67e-07
 1.00040e+23	6.99e-01	2.99e-01	1.12e-03	6.40e-06	2.64e-07	0.00e+00	0.00e+00	0.00e+00	0.00e+00	6.99e-01	7.27e-07	4.62e-07
 1.00061e+23	7.11e-01	2.88e-01	9.91e-04	6.04e-06	2.31e-07	0.00e+00	0.00e+00	0.00e+00	0.00e+00	7.11e-01	7.19e-07	4.56e-07
 1.00080e+23	7.21e-01	2.78e-01	8.89e-04	5.74e-06	2.05e-07	0.00e+00	0.00e+00	0.00e+00	0.00e+00	7.21e-01	7.11e-07	4.51e-07
 1.00100e+23	7.31e-01	2.69e-01	7.99e-04	5.46e-06	1.82e-07	0.00e+00	0.00e+00	0.00e+00	0.00e+00	7.31e-01	7.02e-07	4.45e-07
 1.00120e+23	7.41e-01	2.58e-01	7.14e-04	5.17e-06	1.61e-07	0.00e+00	0.00e+00	0.00e+00	0.00e+00	7.41e-01	6.93e-07	4.39e-07
 1.00140e+23	7.51e-01	2.48e-01	6.36e-04	4.88e-06	1.42e-07	0.00e+00	0.00e+00	0.00e+00	0.00e+00	7.51e-01	6.82e-07	4.32e-07
 1.00160e+23	7.61e-01	2.38e-01	5.70e-04	4.62e-06	1.26e-07	0.00e+00	0.00e+00	0.00e+00	0.00e+00	7.61e-01	6.72e-07	4.25e-07
 1.00179e+23	7.70e-01	2.29e-01	5.15e-04	4.39e-06	0.00e+00	0.00e+00	0.00e+00	0.00e+00	0.00e+00	7.70e-01	6.62e-07	4.19e-07
 1.00198e+23	7.79e-01	2.21e-01	4.66e-04	4.17e-06	0.00e+00	0.00e+00	0.00e+00	0.00e+00	0.00e+00	7.79e-01	6.52e-07	4.12e-07
 1.00218e+23	7.88e-01	2.12e-01	4.20e-04	3.95e-06	0.00e+00	0.00e+00	0.00e+00	0.00e+00	0.00e+00	7.88e-01	6.41e-07	4.05e-07
 1.00238e+23	7.97e-01	2.02e-01	3.78e-04	3.73e-06	0.00e+00	0.00e+00	0.00e+00	0.00e+00	0.00e+00	7.97e-01	6.29e-07	3.98e-07
 1.00257e+23	8.05e-01	1.95e-01	3.45e-04	3.54e-06	0.00e+00	0.00e+00	0.00e+00	0.00e+00	0.00e+00	8.05e-01	6.19e-07	3.91e-07
 1.00275e+23	8.13e-01	1.87e-01	3.17e-04	3.37e-06	0.00e+00	0.00e+00	0.00e+00	0.00e+00	0.00e+00	8.13e-01	6.09e-07	3.84e-07
 1.00294e+23	8.20e-01	1.79e-01	2.90e-04	3.20e-06	0.00e+00	0.00e+00	0.00e+00	0.00e+00	0.00e+00	8.20e-01	5.98e-07	3.77e-07
 1.00315e+23	8.29e-01	1.71e-01	2.65e-04	3.02e-06	0.00e+00	0.00e+00	0.00e+00	0.00e+00	0.00e+00	8.29e-01	5.86e-07	3.69e-07
 1.00334e+23	8.36e-01	1.64e-01	2.45e-04	2.86e-06	0.00e+00	0.00e+00	0.00e+00	0.00e+00	0.00e+00	8.36e-01	5.75e-07	3.62e-07
 1.00352e+23	8.42e-01	1.57e-01	2.28e-04	2.72e-06	0.00e+00	0.00e+00	0.00e+00	0.00e+00	0.00e+00	8.42e-01	5.65e-07	3.55e-07
 1.00370e+23	8.49e-01	1.51e-01	2.14e-04	2.59e-06	0.00e+00	0.00e+00	0.00e+00	0.00e+00	0.00e+00	8.49e-01	5.54e-07	3.46e-07
 1.00390e+23	8.55e-01	1.44e-01	2.00e-04	2.46e-06	0.00e+00	0.00e+00	0.00e+00	0.00e+00	0.00e+00	8.55e-01	5.42e-07	3.38e-07
 1.00409e+23	8.62e-01	1.38e-01	1.88e-04	2.33e-06	0.00e+00	0.00e+00	0.00e+00	0.00e+00	0.00e+00	8.62e-01	5.31e-07	3.29e-07
 1.00428e+23	8.68e-01	1.32e-01	1.78e-04	2.22e-06	0.00e+00	0.00e+00	0.00e+00	0.00e+00	0.00e+00	8.68e-01	5.20e-07	3.21e-07
 1.00446e+23	8.73e-01	1.27e-01	1.70e-04	2.12e-06	0.00e+00	0.00e+00	0.00e+00	0.00e+00	0.00e+00	8.73e-01	5.10e-07	3.13e-07
 1.00464e+23	8.78e-01	1.22e-01	1.63e-04	2.02e-06	0.00e+00	0.00e+00	0.00e+00	0.00e+00	0.00e+00	8.78e-01	5.00e-07	3.06e-07
 1.00483e+23	8.83e-01	1.17e-01	1.57e-04	1.93e-06	0.00e+00	0.00e+00	0.00e+00	0.00e+00	0.00e+00	8.83e-01	4.90e-07	2.98e-07
 1.00501e+23	8.88e-01	1.12e-01	1.51e-04	1.84e-06	0.00e+00	0.00e+00	0.00e+00	0.00e+00	0.00e+00	8.88e-01	4.80e-07	2.91e-07
 1.00519e+23	8.92e-01	1.08e-01	1.47e-04	1.76e-06	0.00e+00	0.00e+00	0.00e+00	0.00e+00	0.00e+00	8.92e-01	4.72e-07	2.84e-07
 1.00537e+23	8.96e-01	1.04e-01	1.43e-04	1.69e-06	0.00e+00	0.00e+00	0.00e+00	0.00e+00	0.00e+00	8.96e-01	4.64e-07	2.78e-07
 1.00555e+23	9.00e-01	9.99e-02	1.40e-04	1.62e-06	0.00e+00	0.00e+00	0.00e+00	0.00e+00	0.00e+00	9.00e-01	4.55e-07	2.72e-07
 1.00574e+23	9.04e-01	9.59e-02	1.37e-04	1.55e-06	0.00e+00	0.00e+00	0.00e+00	0.00e+00	0.00e+00	9.04e-01	4.47e-07	2.65e-07
 1.00593e+23	9.08e-01	9.23e-02	1.35e-04	1.48e-06	0.00e+00	0.00e+00	0.00e+00	0.00e+00	0.00e+00	9.08e-01	4.39e-07	2.60e-07
 1.00611e+23	9.11e-01	8.90e-02	1.33e-04	1.43e-06	0.00e+00	0.00e+00	0.00e+00	0.00e+00	0.00e+00	9.11e-01	4.32e-07	2.54e-07
 1.00630e+23	9.14e-01	8.59e-02	1.32e-04	1.37e-06	0.00e+00	0.00e+00	0.00e+00	0.00e+00	0.00e+00	9.14e-01	4.25e-07	2.49e-07
 1.00649e+23	9.17e-01	8.26e-02	1.31e-04	1.32e-06	0.00e+00	0.00e+00	0.00e+00	0.00e+00	0.00e+00	9.17e-01	4.18e-07	2.44e-07
 1.00669e+23	9.20e-01	7.96e-02	1.30e-04	1.27e-06	0.00e+00	0.00e+00	0.00e+00	0.00e+00	0.00e+00	9.20e-01	4.11e-07	2.39e-07
 1.00689e+23	9.23e-01	7.69e-02	1.30e-04	1.22e-06	0.00e+00	0.00e+00	0.00e+00	0.00e+00	0.00e+00	9.23e-01	4.05e-07	2.34e-07
 1.00709e+23	9.26e-01	7.43e-02	1.29e-04	1.18e-06	0.00e+00	0.00e+00	0.00e+00	0.00e+00	0.00e+00	9.26e-01	3.99e-07	2.29e-07
 1.00730e+23	9.28e-01	7.18e-02	1.30e-04	1.14e-06	0.00e+00	0.00e+00	0.00e+00	0.00e+00	0.00e+00	9.28e-01	3.93e-07	2.25e-07
 1.00751e+23	9.30e-01	6.96e-02	1.30e-04	1.10e-06	0.00e+00	0.00e+00	0.00e+00	0.00e+00	0.00e+00	9.30e-01	3.87e-07	2.21e-07
 1.00771e+23	9.32e-01	6.76e-02	1.30e-04	1.07e-06	0.00e+00	0.00e+00	0.00e+00	0.00e+00	0.00e+00	9.32e-01	3.82e-07	2.17e-07
 1.00790e+23	9.34e-01	6.58e-02	1.31e-04	1.04e-06	0.00e+00	0.00e+00	0.00e+00	0.00e+00	0.00e+00	9.34e-01	3.77e-07	2.13e-07
 1.00809e+23	9.36e-01	6.43e-02	1.32e-04	1.02e-06	0.00e+00	0.00e+00	0.00e+00	0.00e+00	0.00e+00	9.36e-01	3.73e-07	2.10e-07
 1.00827e+23	9.37e-01	6.29e-02	1.32e-04	9.95e-07	0.00e+00	0.00e+00	0.00e+00	0.00e+00	0.00e+00	9.37e-01	3.69e-07	2.07e-07
 1.00847e+23	9.38e-01	6.15e-02	1.33e-04	9.74e-07	0.00e+00	0.00e+00	0.00e+00	0.00e+00	0.00e+00	9.38e-01	3.65e-07	2.05e-07
 1.00868e+23	9.40e-01	6.01e-02	1.34e-04	9.51e-07	0.00e+00	0.00e+00	0.00e+00	0.00e+00	0.00e+00	9.40e-01	3.61e-07	2.02e-07
 1.00889e+23	9.41e-01	5.87e-02	1.35e-04	9.30e-07	0.00e+00	0.00e+00	0.00e+00	0.00e+00	0.00e+00	9.41e-01	3.57e-07	1.99e-07
 1.00911e+23	9.42e-01	5.74e-02	1.36e-04	9.10e-07	0.00e+00	0.00e+00	0.00e+00	0.00e+00	0.00e+00	9.42e-01	3.54e-07	1.97e-07
 1.00932e+23	9.43e-01	5.64e-02	1.37e-04	8.94e-07	0.00e+00	0.00e+00	0.00e+00	0.00e+00	0.00e+00	9.43e-01	3.51e-07	1.94e-07
 1.00955e+23	9.44e-01	5.54e-02	1.38e-04	8.79e-07	0.00e+00	0.00e+00	0.00e+00	0.00e+00	0.00e+00	9.44e-01	3.48e-07	1.92e-07
 1.00979e+23	9.46e-01	5.43e-02	1.39e-04	8.62e-07	0.00e+00	0.00e+00	0.00e+00	0.00e+00	0.00e+00	9.46e-01	3.45e-07	1.90e-07
 1.01005e+23	9.47e-01	5.33e-02	1.39e-04	8.47e-07	0.00e+00	0.00e+00	0.00e+00	0.00e+00	0.00e+00	9.47e-01	3.42e-07	1.88e-07
 1.01033e+23	9.47e-01	5.24e-02	1.40e-04	8.33e-07	0.00e+00	0.00e+00	0.00e+00	0.00e+00	0.00e+00	9.47e-01	3.39e-07	1.86e-07
 1.01064e+23	9.48e-01	5.14e-02	1.41e-04	8.18e-07	0.00e+00	0.00e+00	0.00e+00	0.00e+00	0.00e+00	9.48e-01	3.37e-07	1.84e-07
 1.01097e+23	9.49e-01	5.06e-02	1.42e-04	8.06e-07	0.00e+00	0.00e+00	0.00e+00	0.00e+00	0.00e+00	9.49e-01	3.35e-07	1.83e-07
 1.01134e+23	9.50e-01	4.98e-02	1.43e-04	7.93e-07	0.00e+00	0.00e+00	0.00e+00	0.00e+00	0.00e+00	9.50e-01	3.32e-07	1.81e-07
 1.01177e+23	9.51e-01	4.89e-02	1.44e-04	7.80e-07	0.00e+00	0.00e+00	0.00e+00	0.00e+00	0.00e+00	9.51e-01	3.30e-07	1.79e-07
 1.01220e+23	9.52e-01	4.83e-02	1.44e-04	7.70e-07	0.00e+00	0.00e+00	0.00e+00	0.00e+00	0.00e+00	9.52e-01	3.28e-07	1.78e-07
 1.01259e+23	9.52e-01	4.80e-02	1.44e-04	7.66e-07	0.00e+00	0.00e+00	0.00e+00	0.00e+00	0.00e+00	9.52e-01	3.28e-07	1.77e-07
 1.01301e+23	9.52e-01	4.76e-02	1.45e-04	7.59e-07	0.00e+00	0.00e+00	0.00e+00	0.00e+00	0.00e+00	9.52e-01	3.26e-07	1.76e-07
 1.01348e+23	9.53e-01	4.72e-02	1.45e-04	7.53e-07	0.00e+00	0.00e+00	0.00e+00	0.00e+00	0.00e+00	9.53e-01	3.25e-07	1.75e-07
 1.01397e+23	9.53e-01	4.67e-02	1.46e-04	7.46e-07	0.00e+00	0.00e+00	0.00e+00	0.00e+00	0.00e+00	9.53e-01	3.24e-07	1.74e-07
 1.01449e+23	9.53e-01	4.64e-02	1.45e-04	7.40e-07	0.00e+00	0.00e+00	0.00e+00	0.00e+00	0.00e+00	9.53e-01	3.24e-07	1.74e-07
 1.01507e+23	9.54e-01	4.61e-02	1.46e-04	7.36e-07	0.00e+00	0.00e+00	0.00e+00	0.00e+00	0.00e+00	9.54e-01	3.23e-07	1.73e-07
 1.01581e+23	9.54e-01	4.57e-02	1.46e-04	7.29e-07	0.00e+00	0.00e+00	0.00e+00	0.00e+00	0.00e+00	9.54e-01	3.22e-07	1.72e-07
 1.01678e+23	9.55e-01	4.52e-02	1.46e-04	7.20e-07	0.00e+00	0.00e+00	0.00e+00	0.00e+00	0.00e+00	9.55e-01	3.21e-07	1.71e-07
 1.01804e+23	9.55e-01	4.46e-02	1.47e-04	7.11e-07	0.00e+00	0.00e+00	0.00e+00	0.00e+00	0.00e+00	9.55e-01	3.20e-07	1.70e-07
 1.01940e+23	9.56e-01	4.43e-02	1.47e-04	7.04e-07	0.00e+00	0.00e+00	0.00e+00	0.00e+00	0.00e+00	9.56e-01	3.19e-07	1.69e-07
 1.02089e+23	9.56e-01	4.39e-02	1.47e-04	6.98e-07	0.00e+00	0.00e+00	0.00e+00	0.00e+00	0.00e+00	9.56e-01	3.18e-07	1.68e-07
