#depth	N	N+	N+2	N+3	N+4	N+5	N+6	N+7
 6.17135e+19	2.52e-27	1.07e-20	1.23e-15	1.29e-11	2.78e-08	2.81e-04	4.02e-02	9.59e-01
 1.87609e+20	7.27e-27	2.65e-20	2.59e-15	2.32e-11	4.21e-08	3.68e-04	4.59e-02	9.54e-01
 2.83882e+20	1.59e-26	5.17e-20	4.52e-15	3.59e-11	5.75e-08	4.50e-04	5.05e-02	9.49e-01
 3.32018e+20	2.33e-26	7.15e-20	5.93e-15	4.45e-11	6.69e-08	4.96e-04	5.30e-02	9.47e-01
 3.58442e+20	2.85e-26	8.51e-20	6.86e-15	4.99e-11	7.26e-08	5.23e-04	5.43e-02	9.45e-01
 3.82312e+20	3.42e-26	9.94e-20	7.81e-15	5.53e-11	7.81e-08	5.48e-04	5.56e-02	9.44e-01
 4.13342e+20	4.32e-26	1.21e-19	9.22e-15	6.31e-11	8.58e-08	5.82e-04	5.72e-02	9.42e-01
 4.53682e+20	5.81e-26	1.56e-19	1.14e-14	7.47e-11	9.67e-08	6.29e-04	5.94e-02	9.40e-01
 4.96663e+20	7.90e-26	2.03e-19	1.42e-14	8.90e-11	1.10e-07	6.82e-04	6.18e-02	9.38e-01
 5.34107e+20	1.03e-25	2.55e-19	1.72e-14	1.03e-10	1.22e-07	7.31e-04	6.38e-02	9.35e-01
 5.73813e+20	1.35e-25	3.22e-19	2.09e-14	1.21e-10	1.36e-07	7.86e-04	6.61e-02	9.33e-01
 6.18609e+20	1.82e-25	4.16e-19	2.59e-14	1.43e-10	1.54e-07	8.51e-04	6.86e-02	9.31e-01
 6.61102e+20	2.40e-25	5.27e-19	3.16e-14	1.68e-10	1.73e-07	9.16e-04	7.11e-02	9.28e-01
 7.01150e+20	3.09e-25	6.55e-19	3.79e-14	1.95e-10	1.92e-07	9.80e-04	7.34e-02	9.26e-01
 7.40596e+20	3.95e-25	8.09e-19	4.53e-14	2.24e-10	2.13e-07	1.05e-03	7.58e-02	9.23e-01
 7.79063e+20	4.99e-25	9.88e-19	5.36e-14	2.57e-10	2.34e-07	1.11e-03	7.80e-02	9.21e-01
 8.22600e+20	6.45e-25	1.23e-18	6.46e-14	2.98e-10	2.61e-07	1.19e-03	8.07e-02	9.18e-01
 8.69946e+20	8.47e-25	1.56e-18	7.87e-14	3.50e-10	2.93e-07	1.29e-03	8.35e-02	9.15e-01
 9.12442e+20	1.08e-24	1.91e-18	9.36e-14	4.02e-10	3.24e-07	1.37e-03	8.62e-02	9.12e-01
 9.57886e+20	1.38e-24	2.37e-18	1.12e-13	4.65e-10	3.60e-07	1.47e-03	8.90e-02	9.10e-01
 1.00850e+21	1.81e-24	3.00e-18	1.37e-13	5.46e-10	4.04e-07	1.58e-03	9.21e-02	9.06e-01
 1.05562e+21	2.32e-24	3.71e-18	1.64e-13	6.31e-10	4.48e-07	1.69e-03	9.51e-02	9.03e-01
 1.09996e+21	2.91e-24	4.50e-18	1.93e-13	7.20e-10	4.94e-07	1.80e-03	9.79e-02	9.00e-01
 1.15086e+21	3.74e-24	5.60e-18	2.32e-13	8.36e-10	5.50e-07	1.93e-03	1.01e-01	8.97e-01
 1.20786e+21	4.93e-24	7.11e-18	2.84e-13	9.84e-10	6.19e-07	2.09e-03	1.05e-01	8.93e-01
 1.25785e+21	6.24e-24	8.71e-18	3.38e-13	1.13e-09	6.86e-07	2.23e-03	1.08e-01	8.90e-01
 1.29968e+21	7.57e-24	1.03e-17	3.89e-13	1.27e-09	7.45e-07	2.35e-03	1.11e-01	8.87e-01
 1.34585e+21	9.33e-24	1.23e-17	4.53e-13	1.44e-09	8.15e-07	2.49e-03	1.14e-01	8.84e-01
 1.40588e+21	1.22e-23	1.55e-17	5.50e-13	1.68e-09	9.14e-07	2.68e-03	1.18e-01	8.79e-01
 1.46803e+21	1.59e-23	1.95e-17	6.68e-13	1.97e-09	1.03e-06	2.89e-03	1.22e-01	8.75e-01
 1.51973e+21	1.98e-23	2.36e-17	7.86e-13	2.25e-09	1.13e-06	3.07e-03	1.26e-01	8.71e-01
 1.57371e+21	2.46e-23	2.84e-17	9.21e-13	2.55e-09	1.24e-06	3.26e-03	1.29e-01	8.68e-01
 1.64390e+21	3.25e-23	3.62e-17	1.13e-12	3.02e-09	1.40e-06	3.53e-03	1.34e-01	8.63e-01
 1.71610e+21	4.29e-23	4.61e-17	1.39e-12	3.56e-09	1.58e-06	3.81e-03	1.39e-01	8.58e-01
 1.77550e+21	5.37e-23	5.59e-17	1.64e-12	4.07e-09	1.75e-06	4.06e-03	1.43e-01	8.53e-01
 1.83729e+21	6.73e-23	6.80e-17	1.93e-12	4.66e-09	1.93e-06	4.33e-03	1.47e-01	8.49e-01
 1.90511e+21	8.58e-23	8.39e-17	2.31e-12	5.39e-09	2.15e-06	4.63e-03	1.52e-01	8.44e-01
 1.96705e+21	1.07e-22	1.01e-16	2.71e-12	6.14e-09	2.36e-06	4.92e-03	1.56e-01	8.39e-01
 2.03387e+21	1.34e-22	1.23e-16	3.20e-12	7.04e-09	2.61e-06	5.25e-03	1.60e-01	8.34e-01
 2.10860e+21	1.72e-22	1.53e-16	3.84e-12	8.16e-09	2.91e-06	5.63e-03	1.65e-01	8.29e-01
 2.17902e+21	2.16e-22	1.86e-16	4.55e-12	9.36e-09	3.22e-06	6.00e-03	1.70e-01	8.24e-01
 2.25594e+21	2.75e-22	2.30e-16	5.44e-12	1.08e-08	3.58e-06	6.42e-03	1.76e-01	8.18e-01
 2.34147e+21	3.58e-22	2.89e-16	6.60e-12	1.27e-08	4.02e-06	6.92e-03	1.81e-01	8.12e-01
 2.42167e+21	4.56e-22	3.56e-16	7.88e-12	1.46e-08	4.47e-06	7.40e-03	1.87e-01	8.06e-01
 2.50938e+21	5.90e-22	4.44e-16	9.52e-12	1.71e-08	5.00e-06	7.95e-03	1.93e-01	7.99e-01
 2.60784e+21	7.82e-22	5.67e-16	1.17e-11	2.02e-08	5.66e-06	8.60e-03	2.00e-01	7.92e-01
 2.69550e+21	9.98e-22	7.00e-16	1.40e-11	2.34e-08	6.30e-06	9.20e-03	2.06e-01	7.85e-01
 2.77086e+21	1.23e-21	8.36e-16	1.63e-11	2.64e-08	6.89e-06	9.74e-03	2.11e-01	7.80e-01
 2.85504e+21	1.54e-21	1.02e-15	1.92e-11	3.02e-08	7.61e-06	1.04e-02	2.17e-01	7.73e-01
 2.96448e+21	2.03e-21	1.29e-15	2.36e-11	3.56e-08	8.59e-06	1.12e-02	2.24e-01	7.65e-01
 3.07543e+21	2.71e-21	1.66e-15	2.91e-11	4.23e-08	9.75e-06	1.21e-02	2.31e-01	7.56e-01
 3.16322e+21	3.37e-21	2.00e-15	3.41e-11	4.82e-08	1.07e-05	1.29e-02	2.37e-01	7.50e-01
 3.25222e+21	4.19e-21	2.42e-15	4.00e-11	5.48e-08	1.18e-05	1.37e-02	2.43e-01	7.43e-01
 3.36793e+21	5.50e-21	3.06e-15	4.88e-11	6.44e-08	1.33e-05	1.47e-02	2.51e-01	7.34e-01
 3.48838e+21	7.25e-21	3.88e-15	5.98e-11	7.58e-08	1.50e-05	1.59e-02	2.59e-01	7.25e-01
 3.58927e+21	9.17e-21	4.75e-15	7.10e-11	8.73e-08	1.66e-05	1.69e-02	2.66e-01	7.17e-01
 3.69472e+21	1.16e-20	5.82e-15	8.43e-11	1.00e-07	1.84e-05	1.80e-02	2.73e-01	7.09e-01
 3.83181e+21	1.56e-20	7.51e-15	1.05e-10	1.19e-07	2.09e-05	1.95e-02	2.82e-01	6.98e-01
 3.97122e+21	2.10e-20	9.72e-15	1.30e-10	1.43e-07	2.38e-05	2.12e-02	2.91e-01	6.88e-01
 4.08307e+21	2.65e-20	1.19e-14	1.55e-10	1.64e-07	2.63e-05	2.26e-02	2.99e-01	6.79e-01
 4.19792e+21	3.36e-20	1.46e-14	1.84e-10	1.89e-07	2.92e-05	2.40e-02	3.06e-01	6.70e-01
 4.34723e+21	4.52e-20	1.89e-14	2.29e-10	2.26e-07	3.33e-05	2.60e-02	3.16e-01	6.58e-01
 4.49138e+21	5.96e-20	2.39e-14	2.79e-10	2.65e-07	3.74e-05	2.80e-02	3.25e-01	6.47e-01
 4.59762e+21	7.31e-20	2.86e-14	3.25e-10	3.00e-07	4.09e-05	2.96e-02	3.32e-01	6.39e-01
 4.70451e+21	8.95e-20	3.41e-14	3.77e-10	3.39e-07	4.47e-05	3.12e-02	3.38e-01	6.30e-01
 4.84347e+21	1.15e-19	4.24e-14	4.54e-10	3.94e-07	5.00e-05	3.34e-02	3.47e-01	6.20e-01
 4.99032e+21	1.51e-19	5.37e-14	5.55e-10	4.65e-07	5.64e-05	3.59e-02	3.56e-01	6.08e-01
 5.11502e+21	1.89e-19	6.52e-14	6.55e-10	5.32e-07	6.22e-05	3.81e-02	3.64e-01	5.98e-01
 5.24474e+21	2.37e-19	7.93e-14	7.74e-10	6.09e-07	6.87e-05	4.05e-02	3.72e-01	5.88e-01
 5.41338e+21	3.16e-19	1.02e-13	9.58e-10	7.26e-07	7.81e-05	4.37e-02	3.82e-01	5.74e-01
 5.58480e+21	4.21e-19	1.30e-13	1.19e-09	8.64e-07	8.87e-05	4.72e-02	3.92e-01	5.61e-01
 5.72275e+21	5.28e-19	1.59e-13	1.40e-09	9.93e-07	9.82e-05	5.01e-02	4.00e-01	5.50e-01
 5.86498e+21	6.63e-19	1.94e-13	1.66e-09	1.14e-06	1.09e-04	5.32e-02	4.08e-01	5.39e-01
 6.04988e+21	8.81e-19	2.48e-13	2.06e-09	1.36e-06	1.23e-04	5.74e-02	4.18e-01	5.25e-01
 6.24306e+21	1.18e-18	3.21e-13	2.57e-09	1.63e-06	1.41e-04	6.21e-02	4.28e-01	5.10e-01
 6.40408e+21	1.51e-18	3.96e-13	3.08e-09	1.90e-06	1.58e-04	6.62e-02	4.37e-01	4.97e-01
 6.57049e+21	1.92e-18	4.89e-13	3.69e-09	2.21e-06	1.76e-04	7.06e-02	4.45e-01	4.84e-01
 6.78683e+21	2.59e-18	6.37e-13	4.65e-09	2.68e-06	2.03e-04	7.65e-02	4.55e-01	4.68e-01
 7.00644e+21	3.50e-18	8.30e-13	5.85e-09	3.25e-06	2.33e-04	8.30e-02	4.65e-01	4.51e-01
 7.18218e+21	4.43e-18	1.02e-12	7.02e-09	3.79e-06	2.61e-04	8.84e-02	4.73e-01	4.38e-01
 7.33309e+21	5.37e-18	1.21e-12	8.13e-09	4.28e-06	2.86e-04	9.30e-02	4.79e-01	4.27e-01
 7.49984e+21	6.61e-18	1.45e-12	9.55e-09	4.90e-06	3.16e-04	9.84e-02	4.86e-01	4.15e-01
 7.71661e+21	8.59e-18	1.83e-12	1.17e-08	5.82e-06	3.58e-04	1.06e-01	4.94e-01	4.00e-01
 7.93993e+21	1.12e-17	2.31e-12	1.44e-08	6.93e-06	4.07e-04	1.13e-01	5.02e-01	3.85e-01
 8.12361e+21	1.38e-17	2.78e-12	1.69e-08	7.97e-06	4.51e-04	1.20e-01	5.07e-01	3.72e-01
 8.31424e+21	1.70e-17	3.35e-12	2.00e-08	9.17e-06	5.01e-04	1.27e-01	5.13e-01	3.60e-01
 8.56205e+21	2.20e-17	4.22e-12	2.45e-08	1.09e-05	5.70e-04	1.36e-01	5.19e-01	3.44e-01
 8.81122e+21	2.84e-17	5.30e-12	3.00e-08	1.30e-05	6.49e-04	1.46e-01	5.25e-01	3.28e-01
 9.00709e+21	3.44e-17	6.30e-12	3.51e-08	1.49e-05	7.16e-04	1.54e-01	5.29e-01	3.16e-01
 9.20667e+21	4.15e-17	7.45e-12	4.08e-08	1.70e-05	7.88e-04	1.62e-01	5.33e-01	3.05e-01
 9.46612e+21	5.25e-17	9.20e-12	4.93e-08	2.00e-05	8.91e-04	1.72e-01	5.36e-01	2.90e-01
 9.73692e+21	6.65e-17	1.14e-11	5.97e-08	2.36e-05	1.01e-03	1.84e-01	5.40e-01	2.76e-01
 9.96440e+21	8.05e-17	1.35e-11	6.98e-08	2.70e-05	1.11e-03	1.94e-01	5.42e-01	2.64e-01
 1.02021e+22	9.74e-17	1.61e-11	8.16e-08	3.10e-05	1.23e-03	2.04e-01	5.43e-01	2.52e-01
 1.05111e+22	1.24e-16	1.99e-11	9.91e-08	3.67e-05	1.40e-03	2.17e-01	5.44e-01	2.38e-01
 1.08284e+22	1.56e-16	2.47e-11	1.20e-07	4.35e-05	1.59e-03	2.31e-01	5.44e-01	2.23e-01
 1.10888e+22	1.88e-16	2.92e-11	1.40e-07	4.97e-05	1.75e-03	2.42e-01	5.43e-01	2.12e-01
 1.13056e+22	2.17e-16	3.34e-11	1.59e-07	5.55e-05	1.90e-03	2.52e-01	5.42e-01	2.04e-01
 1.15336e+22	2.53e-16	3.83e-11	1.80e-07	6.18e-05	2.06e-03	2.62e-01	5.41e-01	1.95e-01
 1.18300e+22	3.05e-16	4.54e-11	2.10e-07	7.08e-05	2.28e-03	2.75e-01	5.39e-01	1.84e-01
 1.21347e+22	3.68e-16	5.39e-11	2.46e-07	8.13e-05	2.53e-03	2.88e-01	5.35e-01	1.74e-01
 1.23847e+22	4.26e-16	6.16e-11	2.78e-07	9.07e-05	2.75e-03	2.99e-01	5.32e-01	1.66e-01
 1.26438e+22	4.95e-16	7.06e-11	3.15e-07	1.01e-04	2.97e-03	3.10e-01	5.29e-01	1.58e-01
 1.29807e+22	5.95e-16	8.37e-11	3.68e-07	1.16e-04	3.28e-03	3.24e-01	5.24e-01	1.48e-01
 1.33259e+22	7.16e-16	9.91e-11	4.29e-07	1.32e-04	3.63e-03	3.39e-01	5.18e-01	1.39e-01
 1.36063e+22	8.24e-16	1.13e-10	4.85e-07	1.47e-04	3.93e-03	3.51e-01	5.13e-01	1.32e-01
 1.38951e+22	9.54e-16	1.29e-10	5.47e-07	1.63e-04	4.24e-03	3.62e-01	5.08e-01	1.25e-01
 1.42706e+22	1.14e-15	1.52e-10	6.36e-07	1.86e-04	4.67e-03	3.77e-01	5.01e-01	1.17e-01
 1.46585e+22	1.37e-15	1.79e-10	7.41e-07	2.12e-04	5.15e-03	3.93e-01	4.93e-01	1.09e-01
 1.49785e+22	1.57e-15	2.04e-10	8.36e-07	2.36e-04	5.57e-03	4.05e-01	4.86e-01	1.02e-01
 1.53103e+22	1.82e-15	2.34e-10	9.44e-07	2.61e-04	6.00e-03	4.18e-01	4.79e-01	9.66e-02
 1.57417e+22	2.18e-15	2.76e-10	1.10e-06	2.97e-04	6.60e-03	4.33e-01	4.70e-01	8.95e-02
 1.61885e+22	2.61e-15	3.26e-10	1.28e-06	3.39e-04	7.27e-03	4.50e-01	4.60e-01	8.27e-02
 1.65592e+22	3.01e-15	3.71e-10	1.45e-06	3.77e-04	7.86e-03	4.63e-01	4.52e-01	7.74e-02
 1.69451e+22	3.49e-15	4.25e-10	1.64e-06	4.17e-04	8.46e-03	4.76e-01	4.43e-01	7.26e-02
 1.74468e+22	4.18e-15	5.03e-10	1.91e-06	4.75e-04	9.30e-03	4.92e-01	4.32e-01	6.67e-02
 1.79707e+22	5.03e-15	5.96e-10	2.24e-06	5.42e-04	1.02e-02	5.08e-01	4.20e-01	6.10e-02
 1.84137e+22	5.82e-15	6.83e-10	2.54e-06	6.03e-04	1.11e-02	5.22e-01	4.10e-01	5.66e-02
 1.87818e+22	6.61e-15	7.67e-10	2.82e-06	6.57e-04	1.18e-02	5.33e-01	4.02e-01	5.33e-02
 1.91626e+22	7.44e-15	8.57e-10	3.12e-06	7.16e-04	1.25e-02	5.44e-01	3.93e-01	5.01e-02
 1.96577e+22	8.70e-15	9.89e-10	3.56e-06	7.96e-04	1.35e-02	5.57e-01	3.83e-01	4.63e-02
 2.01757e+22	1.02e-14	1.14e-09	4.07e-06	8.88e-04	1.46e-02	5.70e-01	3.71e-01	4.26e-02
 2.06108e+22	1.16e-14	1.29e-09	4.54e-06	9.70e-04	1.56e-02	5.81e-01	3.62e-01	3.98e-02
 2.10640e+22	1.31e-14	1.45e-09	5.07e-06	1.06e-03	1.66e-02	5.92e-01	3.53e-01	3.71e-02
 2.16531e+22	1.54e-14	1.68e-09	5.81e-06	1.18e-03	1.80e-02	6.05e-01	3.41e-01	3.40e-02
 2.22538e+22	1.82e-14	1.96e-09	6.68e-06	1.32e-03	1.95e-02	6.19e-01	3.30e-01	3.10e-02
 2.27359e+22	2.06e-14	2.20e-09	7.44e-06	1.44e-03	2.07e-02	6.28e-01	3.21e-01	2.89e-02
 2.32287e+22	2.33e-14	2.47e-09	8.27e-06	1.57e-03	2.19e-02	6.38e-01	3.12e-01	2.69e-02
 2.38695e+22	2.73e-14	2.85e-09	9.46e-06	1.74e-03	2.36e-02	6.50e-01	3.00e-01	2.45e-02
 2.45441e+22	3.21e-14	3.32e-09	1.09e-05	1.94e-03	2.55e-02	6.61e-01	2.89e-01	2.23e-02
 2.51179e+22	3.67e-14	3.76e-09	1.22e-05	2.12e-03	2.71e-02	6.71e-01	2.79e-01	2.06e-02
 2.57191e+22	4.20e-14	4.26e-09	1.37e-05	2.31e-03	2.88e-02	6.80e-01	2.70e-01	1.90e-02
 2.65007e+22	4.98e-14	4.99e-09	1.58e-05	2.58e-03	3.12e-02	6.91e-01	2.58e-01	1.71e-02
 2.73140e+22	5.94e-14	5.87e-09	1.84e-05	2.89e-03	3.37e-02	7.01e-01	2.47e-01	1.54e-02
 2.79941e+22	6.82e-14	6.68e-09	2.07e-05	3.16e-03	3.59e-02	7.10e-01	2.37e-01	1.40e-02
 2.87041e+22	7.90e-14	7.64e-09	2.34e-05	3.46e-03	3.81e-02	7.17e-01	2.28e-01	1.29e-02
 2.96272e+22	9.46e-14	9.03e-09	2.73e-05	3.86e-03	4.11e-02	7.26e-01	2.17e-01	1.15e-02
 3.06097e+22	1.14e-13	1.08e-08	3.20e-05	4.34e-03	4.45e-02	7.35e-01	2.06e-01	1.02e-02
 3.14617e+22	1.34e-13	1.25e-08	3.66e-05	4.78e-03	4.75e-02	7.42e-01	1.97e-01	9.23e-03
 3.21640e+22	1.53e-13	1.40e-08	4.08e-05	5.17e-03	5.01e-02	7.47e-01	1.89e-01	8.51e-03
 3.28796e+22	1.74e-13	1.58e-08	4.53e-05	5.57e-03	5.26e-02	7.51e-01	1.82e-01	7.85e-03
 3.38099e+22	2.04e-13	1.83e-08	5.18e-05	6.12e-03	5.60e-02	7.57e-01	1.74e-01	7.10e-03
 3.47912e+22	2.42e-13	2.14e-08	5.95e-05	6.75e-03	5.97e-02	7.62e-01	1.65e-01	6.38e-03
 3.56303e+22	2.79e-13	2.43e-08	6.68e-05	7.31e-03	6.29e-02	7.65e-01	1.59e-01	5.83e-03
 3.65127e+22	3.24e-13	2.78e-08	7.51e-05	7.92e-03	6.62e-02	7.68e-01	1.52e-01	5.34e-03
 3.76598e+22	3.87e-13	3.26e-08	8.68e-05	8.76e-03	7.07e-02	7.72e-01	1.44e-01	4.76e-03
 3.88163e+22	4.63e-13	3.85e-08	1.01e-04	9.68e-03	7.55e-02	7.75e-01	1.36e-01	4.23e-03
 3.97228e+22	5.36e-13	4.38e-08	1.13e-04	1.05e-02	7.91e-02	7.76e-01	1.30e-01	3.88e-03
 4.06388e+22	6.14e-13	4.94e-08	1.25e-04	1.12e-02	8.28e-02	7.77e-01	1.25e-01	3.57e-03
 4.18296e+22	7.35e-13	5.78e-08	1.43e-04	1.23e-02	8.74e-02	7.78e-01	1.19e-01	3.21e-03
 4.31338e+22	8.83e-13	6.83e-08	1.66e-04	1.35e-02	9.29e-02	7.79e-01	1.12e-01	2.85e-03
 4.43017e+22	1.04e-12	7.91e-08	1.88e-04	1.47e-02	9.78e-02	7.79e-01	1.06e-01	2.58e-03
 4.55361e+22	1.24e-12	9.18e-08	2.14e-04	1.60e-02	1.03e-01	7.78e-01	1.01e-01	2.33e-03
 4.71409e+22	1.53e-12	1.10e-07	2.51e-04	1.78e-02	1.09e-01	7.76e-01	9.45e-02	2.05e-03
 4.87948e+22	1.89e-12	1.34e-07	2.95e-04	1.98e-02	1.17e-01	7.73e-01	8.82e-02	1.79e-03
 5.01406e+22	2.25e-12	1.55e-07	3.35e-04	2.15e-02	1.22e-01	7.71e-01	8.35e-02	1.61e-03
 5.15185e+22	2.66e-12	1.79e-07	3.78e-04	2.32e-02	1.28e-01	7.68e-01	7.92e-02	1.46e-03
 5.33097e+22	3.30e-12	2.15e-07	4.40e-04	2.56e-02	1.35e-01	7.63e-01	7.42e-02	1.29e-03
 5.52433e+22	4.12e-12	2.62e-07	5.18e-04	2.84e-02	1.43e-01	7.58e-01	6.89e-02	1.12e-03
 5.69443e+22	5.01e-12	3.09e-07	5.95e-04	3.10e-02	1.50e-01	7.52e-01	6.47e-02	9.94e-04
 5.87379e+22	6.06e-12	3.64e-07	6.80e-04	3.38e-02	1.58e-01	7.46e-01	6.08e-02	8.85e-04
 6.10084e+22	7.65e-12	4.43e-07	8.00e-04	3.74e-02	1.67e-01	7.38e-01	5.64e-02	7.69e-04
 6.33903e+22	9.77e-12	5.45e-07	9.47e-04	4.16e-02	1.76e-01	7.29e-01	5.20e-02	6.62e-04
 6.54944e+22	1.20e-11	6.49e-07	1.09e-03	4.54e-02	1.84e-01	7.20e-01	4.85e-02	5.84e-04
 6.77460e+22	1.48e-11	7.71e-07	1.25e-03	4.95e-02	1.93e-01	7.11e-01	4.52e-02	5.15e-04
 7.01984e+22	1.85e-11	9.31e-07	1.45e-03	5.43e-02	2.02e-01	7.00e-01	4.19e-02	4.49e-04
 7.24139e+22	2.24e-11	1.09e-06	1.66e-03	5.88e-02	2.10e-01	6.90e-01	3.92e-02	3.97e-04
 7.47963e+22	2.72e-11	1.28e-06	1.88e-03	6.35e-02	2.18e-01	6.80e-01	3.66e-02	3.53e-04
 7.77275e+22	3.42e-11	1.55e-06	2.18e-03	6.95e-02	2.28e-01	6.67e-01	3.37e-02	3.06e-04
 8.07834e+22	4.33e-11	1.89e-06	2.54e-03	7.62e-02	2.37e-01	6.53e-01	3.10e-02	2.64e-04
 8.34591e+22	5.28e-11	2.22e-06	2.89e-03	8.23e-02	2.46e-01	6.40e-01	2.87e-02	2.32e-04
 8.62291e+22	6.36e-11	2.59e-06	3.25e-03	8.83e-02	2.54e-01	6.27e-01	2.68e-02	2.05e-04
 8.96123e+22	7.92e-11	3.10e-06	3.74e-03	9.59e-02	2.63e-01	6.12e-01	2.47e-02	1.78e-04
 9.31498e+22	9.93e-11	3.72e-06	4.30e-03	1.04e-01	2.73e-01	5.96e-01	2.26e-02	1.53e-04
 9.63735e+22	1.21e-10	4.37e-06	4.85e-03	1.12e-01	2.80e-01	5.82e-01	2.09e-02	1.35e-04
 9.98322e+22	1.46e-10	5.09e-06	5.46e-03	1.20e-01	2.88e-01	5.67e-01	1.93e-02	1.18e-04
 1.03885e+23	1.81e-10	6.06e-06	6.22e-03	1.29e-01	2.97e-01	5.50e-01	1.77e-02	1.02e-04
 1.07978e+23	2.24e-10	7.18e-06	7.07e-03	1.39e-01	3.05e-01	5.33e-01	1.62e-02	8.81e-05
 1.11947e+23	2.71e-10	8.36e-06	7.92e-03	1.48e-01	3.11e-01	5.18e-01	1.49e-02	7.72e-05
 1.16259e+23	3.27e-10	9.72e-06	8.86e-03	1.57e-01	3.18e-01	5.02e-01	1.37e-02	6.74e-05
 1.21033e+23	4.00e-10	1.14e-05	9.98e-03	1.68e-01	3.25e-01	4.84e-01	1.25e-02	5.82e-05
 1.25997e+23	4.87e-10	1.33e-05	1.12e-02	1.79e-01	3.31e-01	4.67e-01	1.14e-02	5.04e-05
 1.31161e+23	5.88e-10	1.55e-05	1.25e-02	1.90e-01	3.36e-01	4.51e-01	1.05e-02	4.38e-05
 1.36531e+23	7.07e-10	1.79e-05	1.38e-02	2.01e-01	3.41e-01	4.35e-01	9.59e-03	3.81e-05
 1.42115e+23	8.44e-10	2.06e-05	1.53e-02	2.11e-01	3.46e-01	4.19e-01	8.79e-03	3.33e-05
 1.47923e+23	1.00e-09	2.35e-05	1.68e-02	2.22e-01	3.50e-01	4.03e-01	8.07e-03	2.91e-05
 1.53964e+23	1.18e-09	2.67e-05	1.84e-02	2.33e-01	3.53e-01	3.89e-01	7.42e-03	2.56e-05
 1.60246e+23	1.38e-09	3.02e-05	2.01e-02	2.43e-01	3.55e-01	3.74e-01	6.83e-03	2.26e-05
 1.66779e+23	1.61e-09	3.39e-05	2.18e-02	2.54e-01	3.57e-01	3.61e-01	6.31e-03	2.00e-05
 1.73573e+23	1.86e-09	3.78e-05	2.35e-02	2.63e-01	3.59e-01	3.48e-01	5.84e-03	1.78e-05
 1.80640e+23	2.12e-09	4.20e-05	2.53e-02	2.73e-01	3.60e-01	3.36e-01	5.43e-03	1.59e-05
 1.87989e+23	2.41e-09	4.63e-05	2.70e-02	2.82e-01	3.61e-01	3.25e-01	5.05e-03	1.43e-05
 1.95632e+23	2.72e-09	5.07e-05	2.88e-02	2.91e-01	3.62e-01	3.14e-01	4.73e-03	1.29e-05
 2.03580e+23	3.04e-09	5.52e-05	3.05e-02	2.99e-01	3.62e-01	3.04e-01	4.43e-03	1.17e-05
 2.11847e+23	3.38e-09	5.97e-05	3.22e-02	3.06e-01	3.62e-01	2.95e-01	4.17e-03	1.07e-05
 2.20444e+23	3.70e-09	6.39e-05	3.37e-02	3.13e-01	3.62e-01	2.87e-01	3.96e-03	9.89e-06
 2.28860e+23	4.06e-09	6.86e-05	3.53e-02	3.20e-01	3.62e-01	2.79e-01	3.74e-03	9.10e-06
 2.36522e+23	4.37e-09	7.25e-05	3.67e-02	3.25e-01	3.61e-01	2.73e-01	3.58e-03	8.52e-06
 2.43418e+23	4.64e-09	7.59e-05	3.78e-02	3.30e-01	3.61e-01	2.68e-01	3.45e-03	8.06e-06
 2.49625e+23	4.88e-09	7.88e-05	3.87e-02	3.34e-01	3.60e-01	2.64e-01	3.35e-03	7.72e-06
 2.55210e+23	5.06e-09	8.09e-05	3.95e-02	3.36e-01	3.60e-01	2.61e-01	3.27e-03	7.47e-06
 2.60237e+23	5.23e-09	8.30e-05	4.01e-02	3.39e-01	3.60e-01	2.58e-01	3.20e-03	7.24e-06
 2.64762e+23	5.36e-09	8.45e-05	4.06e-02	3.41e-01	3.60e-01	2.56e-01	3.16e-03	7.09e-06
 2.68834e+23	5.45e-09	8.56e-05	4.09e-02	3.42e-01	3.59e-01	2.54e-01	3.13e-03	6.98e-06
 2.72499e+23	5.55e-09	8.67e-05	4.13e-02	3.43e-01	3.59e-01	2.53e-01	3.09e-03	6.87e-06
 2.75797e+23	5.64e-09	8.78e-05	4.16e-02	3.45e-01	3.59e-01	2.52e-01	3.06e-03	6.76e-06
 2.78887e+23	5.71e-09	8.86e-05	4.19e-02	3.46e-01	3.59e-01	2.50e-01	3.03e-03	6.68e-06
 2.81941e+23	5.79e-09	8.95e-05	4.22e-02	3.47e-01	3.59e-01	2.49e-01	3.01e-03	6.59e-06
 2.84996e+23	5.83e-09	8.99e-05	4.23e-02	3.47e-01	3.59e-01	2.49e-01	3.00e-03	6.56e-06
 2.88051e+23	5.87e-09	9.04e-05	4.25e-02	3.48e-01	3.59e-01	2.48e-01	2.98e-03	6.51e-06
 2.91106e+23	5.90e-09	9.08e-05	4.26e-02	3.48e-01	3.59e-01	2.48e-01	2.97e-03	6.48e-06
 2.94161e+23	5.91e-09	9.09e-05	4.26e-02	3.48e-01	3.59e-01	2.47e-01	2.97e-03	6.46e-06
 2.97216e+23	5.92e-09	9.10e-05	4.27e-02	3.48e-01	3.59e-01	2.47e-01	2.96e-03	6.45e-06
 3.00270e+23	5.94e-09	9.13e-05	4.27e-02	3.49e-01	3.59e-01	2.47e-01	2.95e-03	6.43e-06
 3.03325e+23	5.95e-09	9.13e-05	4.28e-02	3.49e-01	3.58e-01	2.47e-01	2.95e-03	6.42e-06
 3.05167e+23	6.15e-09	9.36e-05	4.34e-02	3.51e-01	3.58e-01	2.44e-01	2.89e-03	6.23e-06
