#depth	S	S+	S+2	S+3	S+4	S+5	S+6	S+7	S+8	S+9	S+10	S+11	S+12	S+13	S+14	S+15	S+16
 6.17135e+19	0.00e+00	2.99e-29	1.39e-24	4.40e-21	6.72e-18	3.67e-15	2.86e-11	2.05e-08	3.62e-06	1.48e-04	3.24e-03	2.45e-02	7.11e-02	1.44e-01	6.08e-01	1.39e-01	9.81e-03
 1.87609e+20	0.00e+00	1.24e-28	4.95e-24	1.34e-20	1.74e-17	8.04e-15	6.30e-11	4.39e-08	7.17e-06	2.63e-04	5.18e-03	3.52e-02	9.01e-02	1.59e-01	5.86e-01	1.17e-01	7.23e-03
 2.83882e+20	0.00e+00	3.55e-28	1.26e-23	3.05e-20	3.51e-17	1.43e-14	1.11e-10	7.57e-08	1.17e-05	3.96e-04	7.22e-03	4.55e-02	1.06e-01	1.69e-01	5.65e-01	1.02e-01	5.70e-03
 3.32018e+20	0.00e+00	5.90e-28	1.99e-23	4.54e-20	4.94e-17	1.90e-14	1.46e-10	9.81e-08	1.48e-05	4.81e-04	8.44e-03	5.13e-02	1.15e-01	1.73e-01	5.52e-01	9.47e-02	5.06e-03
 3.58442e+20	0.00e+00	7.75e-28	2.54e-23	5.63e-20	5.93e-17	2.21e-14	1.68e-10	1.13e-07	1.68e-05	5.33e-04	9.17e-03	5.46e-02	1.19e-01	1.75e-01	5.45e-01	9.10e-02	4.74e-03
 3.82312e+20	0.00e+00	9.88e-28	3.15e-23	6.81e-20	6.98e-17	2.52e-14	1.91e-10	1.27e-07	1.87e-05	5.84e-04	9.86e-03	5.77e-02	1.23e-01	1.77e-01	5.39e-01	8.78e-02	4.46e-03
 4.13342e+20	0.00e+00	1.35e-27	4.16e-23	8.69e-20	8.60e-17	3.00e-14	2.25e-10	1.49e-07	2.15e-05	6.56e-04	1.08e-02	6.19e-02	1.29e-01	1.80e-01	5.30e-01	8.38e-02	4.13e-03
 4.53682e+20	0.00e+00	2.01e-27	5.94e-23	1.19e-19	1.12e-16	3.74e-14	2.76e-10	1.81e-07	2.57e-05	7.59e-04	1.22e-02	6.76e-02	1.36e-01	1.82e-01	5.18e-01	7.88e-02	3.74e-03
 4.96663e+20	0.00e+00	3.03e-27	8.61e-23	1.65e-19	1.49e-16	4.72e-14	3.41e-10	2.22e-07	3.09e-05	8.83e-04	1.37e-02	7.40e-02	1.44e-01	1.85e-01	5.06e-01	7.38e-02	3.36e-03
 5.34107e+20	0.00e+00	4.32e-27	1.18e-22	2.17e-19	1.89e-16	5.75e-14	4.08e-10	2.64e-07	3.60e-05	1.00e-03	1.51e-02	7.97e-02	1.50e-01	1.87e-01	4.94e-01	6.96e-02	3.07e-03
 5.73813e+20	0.00e+00	6.22e-27	1.64e-22	2.90e-19	2.42e-16	7.06e-14	4.91e-10	3.15e-07	4.22e-05	1.14e-03	1.68e-02	8.60e-02	1.57e-01	1.89e-01	4.82e-01	6.55e-02	2.78e-03
 6.18609e+20	0.00e+00	9.30e-27	2.35e-22	3.99e-19	3.18e-16	8.86e-14	6.01e-10	3.82e-07	5.01e-05	1.31e-03	1.87e-02	9.34e-02	1.65e-01	1.90e-01	4.68e-01	6.11e-02	2.49e-03
 6.61102e+20	0.00e+00	1.35e-26	3.28e-22	5.36e-19	4.10e-16	1.09e-13	7.24e-10	4.56e-07	5.87e-05	1.50e-03	2.07e-02	1.01e-01	1.72e-01	1.92e-01	4.54e-01	5.71e-02	2.25e-03
 7.01150e+20	0.00e+00	1.90e-26	4.47e-22	7.04e-19	5.18e-16	1.33e-13	8.59e-10	5.36e-07	6.78e-05	1.68e-03	2.27e-02	1.07e-01	1.79e-01	1.93e-01	4.41e-01	5.36e-02	2.04e-03
 7.40596e+20	0.00e+00	2.64e-26	6.01e-22	9.15e-19	6.50e-16	1.61e-13	1.01e-09	6.27e-07	7.79e-05	1.88e-03	2.47e-02	1.14e-01	1.85e-01	1.93e-01	4.29e-01	5.04e-02	1.85e-03
 7.79063e+20	0.00e+00	3.62e-26	7.97e-22	1.18e-18	8.06e-16	1.92e-13	1.18e-09	7.26e-07	8.87e-05	2.09e-03	2.68e-02	1.21e-01	1.91e-01	1.93e-01	4.17e-01	4.74e-02	1.69e-03
 8.22600e+20	0.00e+00	5.12e-26	1.09e-21	1.55e-18	1.02e-15	2.35e-13	1.40e-09	8.53e-07	1.02e-04	2.35e-03	2.93e-02	1.29e-01	1.97e-01	1.93e-01	4.03e-01	4.42e-02	1.52e-03
 8.69946e+20	0.00e+00	7.41e-26	1.52e-21	2.08e-18	1.32e-15	2.90e-13	1.68e-09	1.01e-06	1.19e-04	2.65e-03	3.21e-02	1.38e-01	2.04e-01	1.93e-01	3.88e-01	4.10e-02	1.36e-03
 9.12442e+20	0.00e+00	1.02e-25	2.03e-21	2.69e-18	1.65e-15	3.50e-13	1.97e-09	1.17e-06	1.36e-04	2.95e-03	3.47e-02	1.46e-01	2.10e-01	1.92e-01	3.75e-01	3.83e-02	1.23e-03
 9.57886e+20	0.00e+00	1.43e-25	2.76e-21	3.53e-18	2.08e-15	4.25e-13	2.32e-09	1.37e-06	1.55e-04	3.28e-03	3.77e-02	1.54e-01	2.16e-01	1.91e-01	3.61e-01	3.56e-02	1.10e-03
 1.00850e+21	0.00e+00	2.07e-25	3.84e-21	4.73e-18	2.69e-15	5.25e-13	2.78e-09	1.62e-06	1.80e-04	3.69e-03	4.11e-02	1.64e-01	2.22e-01	1.90e-01	3.46e-01	3.29e-02	9.81e-04
 1.05562e+21	0.00e+00	2.89e-25	5.19e-21	6.18e-18	3.38e-15	6.38e-13	3.27e-09	1.88e-06	2.05e-04	4.10e-03	4.43e-02	1.72e-01	2.27e-01	1.88e-01	3.32e-01	3.05e-02	8.78e-04
 1.09996e+21	0.00e+00	3.93e-25	6.84e-21	7.90e-18	4.19e-15	7.62e-13	3.79e-09	2.16e-06	2.31e-04	4.51e-03	4.75e-02	1.81e-01	2.32e-01	1.87e-01	3.20e-01	2.84e-02	7.93e-04
 1.15086e+21	0.00e+00	5.53e-25	9.32e-21	1.04e-17	5.32e-15	9.31e-13	4.48e-09	2.51e-06	2.64e-04	5.01e-03	5.13e-02	1.90e-01	2.37e-01	1.85e-01	3.05e-01	2.62e-02	7.05e-04
 1.20786e+21	0.00e+00	8.05e-25	1.31e-20	1.41e-17	6.90e-15	1.16e-12	5.37e-09	2.97e-06	3.05e-04	5.61e-03	5.57e-02	2.01e-01	2.42e-01	1.82e-01	2.90e-01	2.39e-02	6.19e-04
 1.25785e+21	0.00e+00	1.11e-24	1.75e-20	1.82e-17	8.63e-15	1.40e-12	6.27e-09	3.42e-06	3.45e-04	6.17e-03	5.96e-02	2.10e-01	2.45e-01	1.79e-01	2.77e-01	2.21e-02	5.52e-04
 1.29968e+21	0.00e+00	1.44e-24	2.22e-20	2.25e-17	1.04e-14	1.63e-12	7.13e-09	3.84e-06	3.81e-04	6.67e-03	6.30e-02	2.17e-01	2.48e-01	1.77e-01	2.67e-01	2.06e-02	5.03e-04
 1.34585e+21	0.00e+00	1.91e-24	2.86e-20	2.83e-17	1.26e-14	1.93e-12	8.18e-09	4.35e-06	4.24e-04	7.24e-03	6.68e-02	2.25e-01	2.51e-01	1.74e-01	2.55e-01	1.92e-02	4.53e-04
 1.40588e+21	0.00e+00	2.74e-24	3.97e-20	3.78e-17	1.63e-14	2.39e-12	9.74e-09	5.10e-06	4.85e-04	8.04e-03	7.18e-02	2.36e-01	2.55e-01	1.70e-01	2.41e-01	1.74e-02	3.97e-04
 1.46803e+21	0.00e+00	3.95e-24	5.52e-20	5.07e-17	2.10e-14	2.96e-12	1.16e-08	5.97e-06	5.55e-04	8.92e-03	7.71e-02	2.46e-01	2.57e-01	1.66e-01	2.27e-01	1.58e-02	3.46e-04
 1.51973e+21	0.00e+00	5.32e-24	7.23e-20	6.46e-17	2.59e-14	3.54e-12	1.34e-08	6.80e-06	6.19e-04	9.70e-03	8.17e-02	2.55e-01	2.59e-01	1.63e-01	2.16e-01	1.45e-02	3.08e-04
 1.57371e+21	1.82e-30	7.17e-24	9.47e-20	8.22e-17	3.20e-14	4.23e-12	1.55e-08	7.73e-06	6.90e-04	1.05e-02	8.64e-02	2.63e-01	2.61e-01	1.59e-01	2.05e-01	1.34e-02	2.75e-04
 1.64390e+21	2.77e-30	1.05e-23	1.34e-19	1.12e-16	4.18e-14	5.31e-12	1.87e-08	9.12e-06	7.92e-04	1.17e-02	9.27e-02	2.74e-01	2.62e-01	1.54e-01	1.92e-01	1.20e-02	2.36e-04
 1.71610e+21	4.21e-30	1.54e-23	1.89e-19	1.53e-16	5.48e-14	6.67e-12	2.26e-08	1.07e-05	9.09e-04	1.30e-02	9.93e-02	2.85e-01	2.63e-01	1.49e-01	1.79e-01	1.07e-02	2.03e-04
 1.77550e+21	5.90e-30	2.09e-23	2.50e-19	1.96e-16	6.81e-14	8.02e-12	2.63e-08	1.23e-05	1.01e-03	1.41e-02	1.05e-01	2.93e-01	2.63e-01	1.45e-01	1.69e-01	9.79e-03	1.79e-04
 1.83729e+21	8.30e-30	2.86e-23	3.32e-19	2.52e-16	8.49e-14	9.67e-12	3.06e-08	1.40e-05	1.13e-03	1.53e-02	1.10e-01	3.01e-01	2.63e-01	1.41e-01	1.59e-01	8.90e-03	1.57e-04
 1.90511e+21	1.20e-29	4.00e-23	4.50e-19	3.31e-16	1.08e-13	1.18e-11	3.60e-08	1.61e-05	1.27e-03	1.67e-02	1.17e-01	3.10e-01	2.63e-01	1.36e-01	1.49e-01	8.03e-03	1.37e-04
 1.96705e+21	1.66e-29	5.39e-23	5.91e-19	4.22e-16	1.33e-13	1.42e-11	4.17e-08	1.83e-05	1.41e-03	1.80e-02	1.23e-01	3.18e-01	2.62e-01	1.32e-01	1.40e-01	7.31e-03	1.21e-04
 2.03387e+21	2.34e-29	7.38e-23	7.86e-19	5.45e-16	1.66e-13	1.71e-11	4.87e-08	2.09e-05	1.57e-03	1.95e-02	1.29e-01	3.25e-01	2.60e-01	1.27e-01	1.31e-01	6.62e-03	1.06e-04
 2.10860e+21	3.41e-29	1.04e-22	1.07e-18	7.21e-16	2.13e-13	2.11e-11	5.77e-08	2.42e-05	1.77e-03	2.12e-02	1.36e-01	3.33e-01	2.58e-01	1.22e-01	1.22e-01	5.92e-03	9.10e-05
 2.17902e+21	4.82e-29	1.43e-22	1.43e-18	9.33e-16	2.66e-13	2.55e-11	6.75e-08	2.76e-05	1.97e-03	2.29e-02	1.43e-01	3.41e-01	2.56e-01	1.17e-01	1.13e-01	5.33e-03	7.92e-05
 2.25594e+21	6.96e-29	2.01e-22	1.95e-18	1.23e-15	3.38e-13	3.13e-11	7.97e-08	3.18e-05	2.21e-03	2.49e-02	1.50e-01	3.48e-01	2.53e-01	1.12e-01	1.05e-01	4.77e-03	6.82e-05
 2.34147e+21	1.04e-28	2.89e-22	2.72e-18	1.66e-15	4.39e-13	3.91e-11	9.55e-08	3.71e-05	2.49e-03	2.71e-02	1.58e-01	3.55e-01	2.49e-01	1.07e-01	9.68e-02	4.21e-03	5.79e-05
 2.42167e+21	1.50e-28	4.05e-22	3.69e-18	2.18e-15	5.58e-13	4.79e-11	1.13e-07	4.26e-05	2.78e-03	2.93e-02	1.65e-01	3.62e-01	2.46e-01	1.02e-01	8.95e-02	3.75e-03	4.97e-05
 2.50938e+21	2.21e-28	5.79e-22	5.11e-18	2.91e-15	7.20e-13	5.95e-11	1.35e-07	4.94e-05	3.13e-03	3.19e-02	1.73e-01	3.68e-01	2.42e-01	9.67e-02	8.22e-02	3.31e-03	4.22e-05
 2.60784e+21	3.38e-28	8.57e-22	7.30e-18	4.01e-15	9.51e-13	7.55e-11	1.63e-07	5.81e-05	3.55e-03	3.48e-02	1.82e-01	3.74e-01	2.36e-01	9.12e-02	7.47e-02	2.88e-03	3.52e-05
 2.69550e+21	4.89e-28	1.21e-21	9.95e-18	5.29e-15	1.21e-12	9.29e-11	1.93e-07	6.68e-05	3.97e-03	3.76e-02	1.90e-01	3.79e-01	2.32e-01	8.64e-02	6.87e-02	2.55e-03	3.00e-05
 2.77086e+21	6.66e-28	1.61e-21	1.29e-17	6.68e-15	1.49e-12	1.10e-10	2.23e-07	7.51e-05	4.34e-03	4.00e-02	1.97e-01	3.82e-01	2.27e-01	8.25e-02	6.39e-02	2.30e-03	2.62e-05
 2.85504e+21	9.38e-28	2.20e-21	1.72e-17	8.63e-15	1.86e-12	1.34e-10	2.60e-07	8.54e-05	4.80e-03	4.28e-02	2.05e-01	3.86e-01	2.22e-01	7.84e-02	5.89e-02	2.05e-03	2.25e-05
 2.96448e+21	1.44e-27	3.26e-21	2.45e-17	1.19e-14	2.46e-12	1.70e-10	3.16e-07	1.00e-04	5.43e-03	4.66e-02	2.14e-01	3.90e-01	2.16e-01	7.33e-02	5.32e-02	1.77e-03	1.86e-05
 3.07543e+21	2.20e-27	4.85e-21	3.53e-17	1.64e-14	3.27e-12	2.16e-10	3.84e-07	1.18e-04	6.14e-03	5.06e-02	2.23e-01	3.93e-01	2.09e-01	6.83e-02	4.78e-02	1.52e-03	1.53e-05
 3.16322e+21	3.06e-27	6.58e-21	4.65e-17	2.11e-14	4.06e-12	2.60e-10	4.46e-07	1.33e-04	6.74e-03	5.39e-02	2.31e-01	3.94e-01	2.04e-01	6.46e-02	4.40e-02	1.35e-03	1.32e-05
 3.25222e+21	4.24e-27	8.91e-21	6.12e-17	2.69e-14	5.03e-12	3.12e-10	5.18e-07	1.50e-04	7.40e-03	5.73e-02	2.38e-01	3.96e-01	1.98e-01	6.11e-02	4.05e-02	1.20e-03	1.13e-05
 3.36793e+21	6.40e-27	1.30e-20	8.65e-17	3.67e-14	6.60e-12	3.93e-10	6.25e-07	1.75e-04	8.30e-03	6.19e-02	2.47e-01	3.97e-01	1.91e-01	5.68e-02	3.64e-02	1.04e-03	9.34e-06
 3.48838e+21	9.69e-27	1.92e-20	1.23e-16	5.03e-14	8.69e-12	4.97e-10	7.56e-07	2.04e-04	9.32e-03	6.67e-02	2.56e-01	3.97e-01	1.84e-01	5.27e-02	3.26e-02	8.88e-04	7.67e-06
 3.58927e+21	1.37e-26	2.66e-20	1.65e-16	6.56e-14	1.09e-11	6.05e-10	8.85e-07	2.32e-04	1.03e-02	7.10e-02	2.64e-01	3.97e-01	1.78e-01	4.93e-02	2.96e-02	7.78e-04	6.48e-06
 3.69472e+21	1.95e-26	3.68e-20	2.22e-16	8.55e-14	1.38e-11	7.37e-10	1.04e-06	2.63e-04	1.13e-02	7.55e-02	2.71e-01	3.96e-01	1.72e-01	4.61e-02	2.69e-02	6.81e-04	5.46e-06
 3.83181e+21	3.03e-26	5.56e-20	3.23e-16	1.20e-13	1.85e-11	9.46e-10	1.27e-06	3.10e-04	1.27e-02	8.16e-02	2.81e-01	3.94e-01	1.64e-01	4.23e-02	2.38e-02	5.74e-04	4.39e-06
 3.97122e+21	4.71e-26	8.42e-20	4.71e-16	1.68e-13	2.48e-11	1.22e-09	1.56e-06	3.64e-04	1.43e-02	8.79e-02	2.90e-01	3.91e-01	1.56e-01	3.87e-02	2.10e-02	4.82e-04	3.52e-06
 4.08307e+21	6.66e-26	1.17e-19	6.33e-16	2.18e-13	3.13e-11	1.48e-09	1.82e-06	4.13e-04	1.57e-02	9.31e-02	2.97e-01	3.89e-01	1.50e-01	3.60e-02	1.89e-02	4.20e-04	2.95e-06
 4.19792e+21	9.43e-26	1.61e-19	8.51e-16	2.85e-13	3.94e-11	1.80e-09	2.14e-06	4.69e-04	1.73e-02	9.86e-02	3.04e-01	3.86e-01	1.44e-01	3.34e-02	1.71e-02	3.65e-04	2.47e-06
 4.34723e+21	1.46e-25	2.44e-19	1.24e-15	3.99e-13	5.29e-11	2.31e-09	2.61e-06	5.50e-04	1.94e-02	1.06e-01	3.12e-01	3.81e-01	1.36e-01	3.04e-02	1.50e-02	3.04e-04	1.96e-06
 4.49138e+21	2.20e-25	3.58e-19	1.76e-15	5.44e-13	6.94e-11	2.92e-09	3.15e-06	6.37e-04	2.15e-02	1.13e-01	3.19e-01	3.76e-01	1.29e-01	2.77e-02	1.32e-02	2.57e-04	1.59e-06
 4.59762e+21	2.96e-25	4.75e-19	2.27e-15	6.86e-13	8.48e-11	3.46e-09	3.61e-06	7.10e-04	2.33e-02	1.18e-01	3.25e-01	3.72e-01	1.23e-01	2.59e-02	1.20e-02	2.26e-04	1.35e-06
 4.70451e+21	3.97e-25	6.28e-19	2.93e-15	8.62e-13	1.04e-10	4.10e-09	4.13e-06	7.90e-04	2.51e-02	1.24e-01	3.29e-01	3.67e-01	1.18e-01	2.42e-02	1.10e-02	1.99e-04	1.15e-06
 4.84347e+21	5.77e-25	8.94e-19	4.04e-15	1.15e-12	1.33e-10	5.08e-09	4.90e-06	9.03e-04	2.76e-02	1.31e-01	3.35e-01	3.61e-01	1.12e-01	2.21e-02	9.73e-03	1.70e-04	9.39e-07
 4.99032e+21	8.53e-25	1.30e-18	5.68e-15	1.56e-12	1.74e-10	6.38e-09	5.88e-06	1.04e-03	3.05e-02	1.38e-01	3.41e-01	3.54e-01	1.06e-01	2.01e-02	8.55e-03	1.42e-04	7.53e-07
 5.11502e+21	1.17e-24	1.77e-18	7.52e-15	2.01e-12	2.17e-10	7.69e-09	6.83e-06	1.17e-03	3.31e-02	1.45e-01	3.45e-01	3.48e-01	1.01e-01	1.85e-02	7.67e-03	1.23e-04	6.27e-07
 5.24474e+21	1.63e-24	2.41e-18	1.00e-14	2.59e-12	2.71e-10	9.31e-09	7.94e-06	1.32e-03	3.60e-02	1.52e-01	3.49e-01	3.42e-01	9.54e-02	1.71e-02	6.86e-03	1.06e-04	5.20e-07
 5.41338e+21	2.47e-24	3.59e-18	1.44e-14	3.60e-12	3.61e-10	1.19e-08	9.64e-06	1.53e-03	3.99e-02	1.61e-01	3.54e-01	3.33e-01	8.90e-02	1.53e-02	5.95e-03	8.74e-05	4.08e-07
 5.58480e+21	3.73e-24	5.33e-18	2.06e-14	4.98e-12	4.80e-10	1.51e-08	1.17e-05	1.78e-03	4.42e-02	1.70e-01	3.58e-01	3.24e-01	8.28e-02	1.37e-02	5.14e-03	7.19e-05	3.20e-07
 5.72275e+21	5.14e-24	7.29e-18	2.75e-14	6.45e-12	6.01e-10	1.84e-08	1.36e-05	2.00e-03	4.79e-02	1.77e-01	3.61e-01	3.17e-01	7.81e-02	1.26e-02	4.57e-03	6.14e-05	2.63e-07
 5.86498e+21	7.13e-24	9.98e-18	3.67e-14	8.37e-12	7.55e-10	2.23e-08	1.59e-05	2.25e-03	5.19e-02	1.85e-01	3.63e-01	3.09e-01	7.35e-02	1.15e-02	4.05e-03	5.23e-05	2.15e-07
 6.04988e+21	1.07e-23	1.48e-17	5.27e-14	1.16e-11	1.01e-09	2.85e-08	1.93e-05	2.61e-03	5.73e-02	1.95e-01	3.65e-01	2.99e-01	6.80e-02	1.02e-02	3.48e-03	4.27e-05	1.67e-07
 6.24306e+21	1.63e-23	2.23e-17	7.68e-14	1.63e-11	1.36e-09	3.69e-08	2.36e-05	3.05e-03	6.35e-02	2.05e-01	3.66e-01	2.88e-01	6.25e-02	9.00e-03	2.96e-03	3.44e-05	1.28e-07
 6.40408e+21	2.29e-23	3.12e-17	1.05e-13	2.16e-11	1.74e-09	4.55e-08	2.79e-05	3.47e-03	6.90e-02	2.13e-01	3.67e-01	2.78e-01	5.82e-02	8.11e-03	2.59e-03	2.88e-05	0.00e+00
 6.57049e+21	3.23e-23	4.36e-17	1.42e-13	2.87e-11	2.22e-09	5.64e-08	3.30e-05	3.94e-03	7.49e-02	2.22e-01	3.67e-01	2.69e-01	5.40e-02	7.29e-03	2.25e-03	2.40e-05	0.00e+00
 6.78683e+21	4.97e-23	6.65e-17	2.11e-13	4.10e-11	3.05e-09	7.40e-08	4.09e-05	4.63e-03	8.31e-02	2.33e-01	3.65e-01	2.57e-01	4.91e-02	6.35e-03	1.88e-03	1.90e-05	0.00e+00
 7.00644e+21	7.58e-23	1.01e-16	3.12e-13	5.86e-11	4.18e-09	9.71e-08	5.06e-05	5.44e-03	9.20e-02	2.44e-01	3.63e-01	2.44e-01	4.44e-02	5.51e-03	1.57e-03	1.49e-05	0.00e+00
 7.18218e+21	1.05e-22	1.41e-16	4.24e-13	7.78e-11	5.37e-09	1.21e-07	6.00e-05	6.19e-03	9.96e-02	2.52e-01	3.61e-01	2.34e-01	4.09e-02	4.91e-03	1.35e-03	1.23e-05	0.00e+00
 7.33309e+21	1.37e-22	1.85e-16	5.45e-13	9.79e-11	6.57e-09	1.44e-07	6.89e-05	6.86e-03	1.06e-01	2.59e-01	3.58e-01	2.26e-01	3.82e-02	4.46e-03	1.20e-03	1.05e-05	0.00e+00
 7.49984e+21	1.85e-22	2.48e-16	7.18e-13	1.26e-10	8.23e-09	1.75e-07	8.02e-05	7.69e-03	1.14e-01	2.66e-01	3.55e-01	2.17e-01	3.53e-02	4.01e-03	1.05e-03	8.78e-06	0.00e+00
 7.71661e+21	2.68e-22	3.60e-16	1.02e-12	1.74e-10	1.09e-08	2.24e-07	9.74e-05	8.89e-03	1.24e-01	2.76e-01	3.50e-01	2.05e-01	3.19e-02	3.49e-03	8.79e-04	6.98e-06	0.00e+00
 7.93993e+21	3.86e-22	5.23e-16	1.45e-12	2.41e-10	1.46e-08	2.89e-07	1.19e-04	1.03e-02	1.35e-01	2.85e-01	3.44e-01	1.93e-01	2.87e-02	3.02e-03	7.33e-04	5.51e-06	0.00e+00
 8.12361e+21	5.15e-22	7.04e-16	1.91e-12	3.12e-10	1.84e-08	3.54e-07	1.39e-04	1.16e-02	1.45e-01	2.92e-01	3.38e-01	1.84e-01	2.62e-02	2.68e-03	6.32e-04	4.55e-06	0.00e+00
 8.31424e+21	6.91e-22	9.49e-16	2.54e-12	4.06e-10	2.33e-08	4.35e-07	1.63e-04	1.30e-02	1.55e-01	2.98e-01	3.32e-01	1.75e-01	2.39e-02	2.37e-03	5.43e-04	3.73e-06	0.00e+00
 8.56205e+21	9.99e-22	1.38e-15	3.62e-12	5.65e-10	3.13e-08	5.64e-07	1.99e-04	1.51e-02	1.69e-01	3.06e-01	3.23e-01	1.63e-01	2.12e-02	2.02e-03	4.45e-04	2.89e-06	0.00e+00
 8.81122e+21	1.41e-21	1.99e-15	5.13e-12	7.82e-10	4.18e-08	7.29e-07	2.43e-04	1.74e-02	1.83e-01	3.13e-01	3.14e-01	1.51e-01	1.88e-02	1.72e-03	3.65e-04	2.24e-06	0.00e+00
 9.00709e+21	1.84e-21	2.62e-15	6.68e-12	1.00e-09	5.23e-08	8.88e-07	2.83e-04	1.95e-02	1.94e-01	3.18e-01	3.06e-01	1.42e-01	1.70e-02	1.52e-03	3.12e-04	1.83e-06	0.00e+00
 9.20667e+21	2.39e-21	3.44e-15	8.66e-12	1.28e-09	6.51e-08	1.08e-06	3.29e-04	2.17e-02	2.06e-01	3.23e-01	2.98e-01	1.34e-01	1.54e-02	1.34e-03	2.67e-04	1.50e-06	0.00e+00
 9.46612e+21	3.32e-21	4.83e-15	1.20e-11	1.74e-09	8.57e-08	1.38e-06	3.97e-04	2.49e-02	2.21e-01	3.27e-01	2.87e-01	1.24e-01	1.36e-02	1.13e-03	2.18e-04	1.16e-06	0.00e+00
 9.73692e+21	4.56e-21	6.81e-15	1.67e-11	2.38e-09	1.13e-07	1.77e-06	4.80e-04	2.85e-02	2.38e-01	3.31e-01	2.76e-01	1.13e-01	1.19e-02	9.52e-04	1.77e-04	8.88e-07	0.00e+00
 9.96440e+21	5.90e-21	8.98e-15	2.18e-11	3.06e-09	1.43e-07	2.17e-06	5.61e-04	3.18e-02	2.51e-01	3.34e-01	2.66e-01	1.05e-01	1.06e-02	8.23e-04	1.48e-04	7.11e-07	0.00e+00
 1.02021e+22	7.67e-21	1.18e-14	2.85e-11	3.94e-09	1.79e-07	2.66e-06	6.55e-04	3.55e-02	2.65e-01	3.36e-01	2.55e-01	9.74e-02	9.40e-03	7.08e-04	1.24e-04	5.66e-07	0.00e+00
 1.05111e+22	1.06e-20	1.67e-14	3.98e-11	5.41e-09	2.38e-07	3.43e-06	7.96e-04	4.07e-02	2.83e-01	3.37e-01	2.42e-01	8.79e-02	8.06e-03	5.84e-04	9.82e-05	4.22e-07	0.00e+00
 1.08284e+22	1.44e-20	2.34e-14	5.54e-11	7.42e-09	3.17e-07	4.43e-06	9.65e-04	4.65e-02	3.02e-01	3.37e-01	2.28e-01	7.89e-02	6.87e-03	4.78e-04	7.74e-05	3.13e-07	0.00e+00
 1.10888e+22	1.84e-20	3.06e-14	7.19e-11	9.51e-09	3.96e-07	5.42e-06	1.12e-03	5.16e-02	3.16e-01	3.35e-01	2.17e-01	7.22e-02	6.03e-03	4.06e-04	6.38e-05	2.46e-07	0.00e+00
 1.13056e+22	2.22e-20	3.78e-14	8.88e-11	1.16e-08	4.76e-07	6.40e-06	1.27e-03	5.62e-02	3.28e-01	3.34e-01	2.08e-01	6.69e-02	5.40e-03	3.54e-04	5.43e-05	2.01e-07	0.00e+00
 1.15336e+22	2.72e-20	4.70e-14	1.10e-10	1.42e-08	5.70e-07	7.51e-06	1.43e-03	6.09e-02	3.40e-01	3.32e-01	1.99e-01	6.19e-02	4.83e-03	3.09e-04	4.62e-05	1.64e-07	0.00e+00
 1.18300e+22	3.50e-20	6.16e-14	1.43e-10	1.83e-08	7.17e-07	9.24e-06	1.67e-03	6.75e-02	3.55e-01	3.29e-01	1.87e-01	5.59e-02	4.18e-03	2.58e-04	3.74e-05	1.26e-07	0.00e+00
 1.21347e+22	4.44e-20	8.06e-14	1.86e-10	2.36e-08	9.01e-07	1.14e-05	1.95e-03	7.47e-02	3.69e-01	3.24e-01	1.76e-01	5.03e-02	3.60e-03	2.15e-04	3.01e-05	0.00e+00	0.00e+00
 1.23847e+22	5.33e-20	9.94e-14	2.30e-10	2.89e-08	1.08e-06	1.34e-05	2.21e-03	8.11e-02	3.81e-01	3.20e-01	1.66e-01	4.60e-02	3.17e-03	1.84e-04	2.52e-05	0.00e+00	0.00e+00
 1.26438e+22	6.50e-20	1.23e-13	2.83e-10	3.53e-08	1.29e-06	1.57e-05	2.48e-03	8.74e-02	3.92e-01	3.16e-01	1.57e-01	4.21e-02	2.81e-03	1.59e-04	2.12e-05	0.00e+00	0.00e+00
 1.29807e+22	8.28e-20	1.60e-13	3.68e-10	4.53e-08	1.62e-06	1.93e-05	2.88e-03	9.62e-02	4.05e-01	3.09e-01	1.46e-01	3.75e-02	2.39e-03	1.31e-04	1.69e-05	0.00e+00	0.00e+00
 1.33259e+22	1.04e-19	2.08e-13	4.77e-10	5.80e-08	2.02e-06	2.36e-05	3.33e-03	1.06e-01	4.18e-01	3.02e-01	1.36e-01	3.32e-02	2.03e-03	1.07e-04	1.34e-05	0.00e+00	0.00e+00
 1.36063e+22	1.24e-19	2.54e-13	5.84e-10	7.06e-08	2.42e-06	2.77e-05	3.75e-03	1.14e-01	4.28e-01	2.96e-01	1.27e-01	3.01e-02	1.77e-03	9.09e-05	1.11e-05	0.00e+00	0.00e+00
 1.38951e+22	1.49e-19	3.12e-13	7.13e-10	8.54e-08	2.87e-06	3.23e-05	4.18e-03	1.22e-01	4.36e-01	2.89e-01	1.20e-01	2.73e-02	1.55e-03	7.76e-05	9.22e-06	0.00e+00	0.00e+00
 1.42706e+22	1.88e-19	4.01e-13	9.17e-10	1.09e-07	3.55e-06	3.93e-05	4.81e-03	1.33e-01	4.47e-01	2.80e-01	1.10e-01	2.40e-02	1.31e-03	6.31e-05	7.27e-06	0.00e+00	0.00e+00
 1.46585e+22	2.34e-19	5.17e-13	1.18e-09	1.38e-07	4.41e-06	4.77e-05	5.53e-03	1.44e-01	4.56e-01	2.71e-01	1.01e-01	2.10e-02	1.09e-03	5.10e-05	5.69e-06	0.00e+00	0.00e+00
 1.49785e+22	2.77e-19	6.29e-13	1.44e-09	1.68e-07	5.25e-06	5.59e-05	6.19e-03	1.54e-01	4.63e-01	2.63e-01	9.35e-02	1.88e-02	9.43e-04	4.28e-05	4.65e-06	0.00e+00	0.00e+00
 1.53103e+22	3.35e-19	7.70e-13	1.76e-09	2.03e-07	6.21e-06	6.50e-05	6.89e-03	1.64e-01	4.69e-01	2.55e-01	8.69e-02	1.68e-02	8.16e-04	3.60e-05	3.82e-06	0.00e+00	0.00e+00
 1.57417e+22	4.21e-19	9.88e-13	2.26e-09	2.57e-07	7.67e-06	7.87e-05	7.88e-03	1.78e-01	4.76e-01	2.44e-01	7.89e-02	1.46e-02	6.76e-04	2.88e-05	2.96e-06	0.00e+00	0.00e+00
 1.61885e+22	5.22e-19	1.27e-12	2.90e-09	3.26e-07	9.49e-06	9.55e-05	9.02e-03	1.92e-01	4.81e-01	2.33e-01	7.12e-02	1.26e-02	5.56e-04	2.29e-05	2.27e-06	0.00e+00	0.00e+00
 1.65592e+22	6.16e-19	1.54e-12	3.54e-09	3.95e-07	1.13e-05	1.12e-04	1.01e-02	2.04e-01	4.84e-01	2.24e-01	6.54e-02	1.11e-02	4.73e-04	1.89e-05	1.83e-06	0.00e+00	0.00e+00
 1.69451e+22	7.46e-19	1.89e-12	4.32e-09	4.77e-07	1.33e-05	1.30e-04	1.12e-02	2.16e-01	4.87e-01	2.16e-01	6.01e-02	9.81e-03	4.03e-04	1.57e-05	1.48e-06	0.00e+00	0.00e+00
 1.74468e+22	9.39e-19	2.42e-12	5.55e-09	6.05e-07	1.64e-05	1.57e-04	1.27e-02	2.32e-01	4.89e-01	2.04e-01	5.37e-02	8.37e-03	3.28e-04	1.23e-05	1.12e-06	0.00e+00	0.00e+00
 1.79707e+22	1.17e-18	3.12e-12	7.15e-09	7.69e-07	2.03e-05	1.90e-04	1.45e-02	2.48e-01	4.89e-01	1.93e-01	4.78e-02	7.08e-03	2.65e-04	9.60e-06	8.43e-07	0.00e+00	0.00e+00
 1.84137e+22	1.39e-18	3.82e-12	8.77e-09	9.36e-07	2.41e-05	2.23e-04	1.61e-02	2.63e-01	4.88e-01	1.83e-01	4.32e-02	6.15e-03	2.21e-04	7.78e-06	6.64e-07	0.00e+00	0.00e+00
 1.87818e+22	1.62e-18	4.53e-12	1.04e-08	1.09e-06	2.76e-05	2.51e-04	1.75e-02	2.74e-01	4.87e-01	1.76e-01	3.99e-02	5.49e-03	1.92e-04	6.59e-06	5.49e-07	0.00e+00	0.00e+00
 1.91626e+22	1.88e-18	5.32e-12	1.22e-08	1.28e-06	3.17e-05	2.85e-04	1.90e-02	2.86e-01	4.85e-01	1.68e-01	3.67e-02	4.89e-03	1.65e-04	5.54e-06	4.51e-07	0.00e+00	0.00e+00
 1.96577e+22	2.29e-18	6.57e-12	1.51e-08	1.56e-06	3.76e-05	3.32e-04	2.11e-02	3.00e-01	4.82e-01	1.59e-01	3.31e-02	4.22e-03	1.37e-04	4.47e-06	3.53e-07	0.00e+00	0.00e+00
 2.01757e+22	2.77e-18	8.14e-12	1.87e-08	1.90e-06	4.48e-05	3.89e-04	2.34e-02	3.16e-01	4.77e-01	1.49e-01	2.95e-02	3.61e-03	1.13e-04	3.56e-06	2.73e-07	0.00e+00	0.00e+00
 2.06108e+22	3.22e-18	9.68e-12	2.22e-08	2.24e-06	5.16e-05	4.42e-04	2.55e-02	3.29e-01	4.73e-01	1.42e-01	2.69e-02	3.18e-03	9.57e-05	2.95e-06	2.21e-07	0.00e+00	0.00e+00
 2.10640e+22	3.80e-18	1.15e-11	2.64e-08	2.63e-06	5.94e-05	5.03e-04	2.77e-02	3.42e-01	4.68e-01	1.35e-01	2.45e-02	2.79e-03	8.12e-05	2.44e-06	1.78e-07	0.00e+00	0.00e+00
 2.16531e+22	4.68e-18	1.43e-11	3.28e-08	3.23e-06	7.08e-05	5.89e-04	3.07e-02	3.58e-01	4.61e-01	1.26e-01	2.17e-02	2.36e-03	6.59e-05	1.92e-06	1.36e-07	0.00e+00	0.00e+00
 2.22538e+22	5.68e-18	1.78e-11	4.08e-08	3.96e-06	8.43e-05	6.90e-04	3.40e-02	3.74e-01	4.53e-01	1.17e-01	1.91e-02	1.99e-03	5.32e-05	1.51e-06	0.00e+00	0.00e+00	0.00e+00
 2.27359e+22	6.61e-18	2.11e-11	4.83e-08	4.63e-06	9.65e-05	7.80e-04	3.68e-02	3.87e-01	4.46e-01	1.10e-01	1.73e-02	1.74e-03	4.50e-05	1.24e-06	0.00e+00	0.00e+00	0.00e+00
 2.32287e+22	7.78e-18	2.50e-11	5.70e-08	5.40e-06	1.10e-04	8.78e-04	3.97e-02	4.00e-01	4.38e-01	1.04e-01	1.57e-02	1.52e-03	3.81e-05	1.03e-06	0.00e+00	0.00e+00	0.00e+00
 2.38695e+22	9.56e-18	3.08e-11	7.03e-08	6.55e-06	1.30e-04	1.02e-03	4.36e-02	4.15e-01	4.29e-01	9.67e-02	1.38e-02	1.28e-03	3.09e-05	8.10e-07	0.00e+00	0.00e+00	0.00e+00
 2.45441e+22	1.17e-17	3.84e-11	8.73e-08	7.99e-06	1.54e-04	1.19e-03	4.79e-02	4.31e-01	4.18e-01	8.93e-02	1.21e-02	1.07e-03	2.47e-05	6.30e-07	0.00e+00	0.00e+00	0.00e+00
 2.51179e+22	1.38e-17	4.61e-11	1.04e-07	9.41e-06	1.76e-04	1.34e-03	5.18e-02	4.43e-01	4.08e-01	8.34e-02	1.08e-02	9.24e-04	2.06e-05	5.10e-07	0.00e+00	0.00e+00	0.00e+00
 2.57191e+22	1.66e-17	5.53e-11	1.25e-07	1.11e-05	2.02e-04	1.52e-03	5.59e-02	4.56e-01	3.98e-01	7.79e-02	9.64e-03	7.95e-04	1.71e-05	4.13e-07	0.00e+00	0.00e+00	0.00e+00
 2.65007e+22	2.09e-17	6.97e-11	1.56e-07	1.36e-05	2.40e-04	1.77e-03	6.14e-02	4.71e-01	3.85e-01	7.12e-02	8.33e-03	6.56e-04	1.35e-05	3.17e-07	0.00e+00	0.00e+00	0.00e+00
 2.73140e+22	2.61e-17	8.84e-11	1.97e-07	1.68e-05	2.85e-04	2.07e-03	6.75e-02	4.86e-01	3.71e-01	6.48e-02	7.16e-03	5.37e-04	1.05e-05	2.40e-07	0.00e+00	0.00e+00	0.00e+00
 2.79941e+22	3.12e-17	1.07e-10	2.37e-07	1.98e-05	3.28e-04	2.35e-03	7.28e-02	4.98e-01	3.60e-01	5.99e-02	6.31e-03	4.55e-04	8.61e-06	1.91e-07	0.00e+00	0.00e+00	0.00e+00
 2.87041e+22	3.82e-17	1.30e-10	2.85e-07	2.34e-05	3.76e-04	2.65e-03	7.83e-02	5.09e-01	3.49e-01	5.54e-02	5.57e-03	3.86e-04	7.06e-06	1.53e-07	0.00e+00	0.00e+00	0.00e+00
 2.96272e+22	4.92e-17	1.66e-10	3.60e-07	2.88e-05	4.45e-04	3.08e-03	8.56e-02	5.22e-01	3.34e-01	5.01e-02	4.75e-03	3.14e-04	5.48e-06	0.00e+00	0.00e+00	0.00e+00	0.00e+00
 3.06097e+22	6.33e-17	2.15e-10	4.60e-07	3.58e-05	5.31e-04	3.61e-03	9.38e-02	5.35e-01	3.18e-01	4.49e-02	4.01e-03	2.52e-04	4.19e-06	0.00e+00	0.00e+00	0.00e+00	0.00e+00
 3.14617e+22	7.85e-17	2.68e-10	5.65e-07	4.30e-05	6.15e-04	4.11e-03	1.01e-01	5.44e-01	3.05e-01	4.09e-02	3.47e-03	2.09e-04	3.34e-06	0.00e+00	0.00e+00	0.00e+00	0.00e+00
 3.21640e+22	9.34e-17	3.20e-10	6.67e-07	4.97e-05	6.90e-04	4.55e-03	1.07e-01	5.52e-01	2.95e-01	3.79e-02	3.08e-03	1.79e-04	2.78e-06	0.00e+00	0.00e+00	0.00e+00	0.00e+00
 3.28796e+22	1.12e-16	3.80e-10	7.83e-07	5.72e-05	7.72e-04	5.02e-03	1.13e-01	5.58e-01	2.84e-01	3.52e-02	2.75e-03	1.55e-04	2.32e-06	0.00e+00	0.00e+00	0.00e+00	0.00e+00
 3.38099e+22	1.42e-16	4.74e-10	9.58e-07	6.82e-05	8.88e-04	5.68e-03	1.22e-01	5.66e-01	2.72e-01	3.20e-02	2.38e-03	1.28e-04	1.85e-06	0.00e+00	0.00e+00	0.00e+00	0.00e+00
 3.47912e+22	1.80e-16	5.97e-10	1.18e-06	8.19e-05	1.03e-03	6.44e-03	1.30e-01	5.73e-01	2.59e-01	2.89e-02	2.04e-03	1.05e-04	1.46e-06	0.00e+00	0.00e+00	0.00e+00	0.00e+00
 3.56303e+22	2.20e-16	7.25e-10	1.41e-06	9.54e-05	1.16e-03	7.14e-03	1.38e-01	5.77e-01	2.48e-01	2.65e-02	1.79e-03	8.92e-05	1.20e-06	0.00e+00	0.00e+00	0.00e+00	0.00e+00
 3.65127e+22	2.75e-16	8.84e-10	1.69e-06	1.11e-04	1.30e-03	7.89e-03	1.46e-01	5.82e-01	2.37e-01	2.43e-02	1.57e-03	7.58e-05	9.84e-07	0.00e+00	0.00e+00	0.00e+00	0.00e+00
 3.76598e+22	3.60e-16	1.13e-09	2.10e-06	1.34e-04	1.51e-03	8.96e-03	1.56e-01	5.86e-01	2.24e-01	2.17e-02	1.33e-03	6.14e-05	7.65e-07	0.00e+00	0.00e+00	0.00e+00	0.00e+00
 3.88163e+22	4.66e-16	1.44e-09	2.63e-06	1.62e-04	1.74e-03	1.02e-02	1.67e-01	5.89e-01	2.11e-01	1.94e-02	1.12e-03	4.95e-05	5.91e-07	0.00e+00	0.00e+00	0.00e+00	0.00e+00
 3.97228e+22	5.74e-16	1.75e-09	3.12e-06	1.87e-04	1.95e-03	1.12e-02	1.75e-01	5.91e-01	2.02e-01	1.78e-02	9.91e-04	4.21e-05	4.88e-07	0.00e+00	0.00e+00	0.00e+00	0.00e+00
 4.06388e+22	7.06e-16	2.10e-09	3.66e-06	2.14e-04	2.16e-03	1.22e-02	1.84e-01	5.92e-01	1.93e-01	1.63e-02	8.76e-04	3.61e-05	4.06e-07	0.00e+00	0.00e+00	0.00e+00	0.00e+00
 4.18296e+22	9.30e-16	2.66e-09	4.49e-06	2.54e-04	2.45e-03	1.35e-02	1.94e-01	5.92e-01	1.82e-01	1.47e-02	7.52e-04	2.98e-05	3.23e-07	0.00e+00	0.00e+00	0.00e+00	0.00e+00
 4.31338e+22	1.23e-15	3.42e-09	5.60e-06	3.06e-04	2.82e-03	1.52e-02	2.06e-01	5.91e-01	1.71e-01	1.31e-02	6.33e-04	2.40e-05	2.49e-07	0.00e+00	0.00e+00	0.00e+00	0.00e+00
 4.43017e+22	1.57e-15	4.27e-09	6.78e-06	3.59e-04	3.18e-03	1.68e-02	2.16e-01	5.90e-01	1.61e-01	1.18e-02	5.45e-04	1.99e-05	2.00e-07	0.00e+00	0.00e+00	0.00e+00	0.00e+00
 4.55361e+22	2.04e-15	5.34e-09	8.21e-06	4.20e-04	3.57e-03	1.85e-02	2.27e-01	5.87e-01	1.52e-01	1.06e-02	4.70e-04	1.65e-05	1.60e-07	0.00e+00	0.00e+00	0.00e+00	0.00e+00
 4.71409e+22	2.85e-15	7.05e-09	1.04e-05	5.11e-04	4.13e-03	2.08e-02	2.40e-01	5.83e-01	1.41e-01	9.33e-03	3.90e-04	1.31e-05	0.00e+00	0.00e+00	0.00e+00	0.00e+00	0.00e+00
 4.87948e+22	3.94e-15	9.37e-09	1.33e-05	6.25e-04	4.79e-03	2.35e-02	2.55e-01	5.78e-01	1.31e-01	8.11e-03	3.19e-04	1.02e-05	0.00e+00	0.00e+00	0.00e+00	0.00e+00	0.00e+00
 5.01406e+22	5.07e-15	1.17e-08	1.61e-05	7.30e-04	5.37e-03	2.57e-02	2.66e-01	5.72e-01	1.23e-01	7.27e-03	2.74e-04	8.46e-06	0.00e+00	0.00e+00	0.00e+00	0.00e+00	0.00e+00
 5.15185e+22	6.62e-15	1.46e-08	1.93e-05	8.48e-04	5.98e-03	2.81e-02	2.77e-01	5.67e-01	1.15e-01	6.54e-03	2.36e-04	7.03e-06	0.00e+00	0.00e+00	0.00e+00	0.00e+00	0.00e+00
 5.33097e+22	9.31e-15	1.91e-08	2.43e-05	1.02e-03	6.84e-03	3.11e-02	2.90e-01	5.59e-01	1.07e-01	5.74e-03	1.96e-04	5.61e-06	0.00e+00	0.00e+00	0.00e+00	0.00e+00	0.00e+00
 5.52433e+22	1.32e-14	2.56e-08	3.10e-05	1.24e-03	7.87e-03	3.48e-02	3.05e-01	5.49e-01	9.76e-02	4.96e-03	1.60e-04	4.37e-06	0.00e+00	0.00e+00	0.00e+00	0.00e+00	0.00e+00
 5.69443e+22	1.77e-14	3.27e-08	3.81e-05	1.46e-03	8.86e-03	3.81e-02	3.17e-01	5.39e-01	9.06e-02	4.37e-03	1.35e-04	3.53e-06	0.00e+00	0.00e+00	0.00e+00	0.00e+00	0.00e+00
 5.87379e+22	2.41e-14	4.16e-08	4.65e-05	1.72e-03	9.93e-03	4.16e-02	3.29e-01	5.30e-01	8.40e-02	3.87e-03	1.14e-04	2.87e-06	0.00e+00	0.00e+00	0.00e+00	0.00e+00	0.00e+00
 6.10084e+22	3.49e-14	5.57e-08	5.92e-05	2.08e-03	1.14e-02	4.62e-02	3.43e-01	5.17e-01	7.66e-02	3.33e-03	9.24e-05	2.23e-06	0.00e+00	0.00e+00	0.00e+00	0.00e+00	0.00e+00
 6.33903e+22	5.11e-14	7.56e-08	7.61e-05	2.54e-03	1.31e-02	5.13e-02	3.58e-01	5.03e-01	6.93e-02	2.84e-03	7.42e-05	1.71e-06	0.00e+00	0.00e+00	0.00e+00	0.00e+00	0.00e+00
 6.54944e+22	7.05e-14	9.77e-08	9.40e-05	3.00e-03	1.47e-02	5.59e-02	3.70e-01	4.90e-01	6.36e-02	2.47e-03	6.17e-05	1.37e-06	0.00e+00	0.00e+00	0.00e+00	0.00e+00	0.00e+00
 6.77460e+22	9.86e-14	1.26e-07	1.15e-04	3.53e-03	1.64e-02	6.07e-02	3.81e-01	4.77e-01	5.84e-02	2.16e-03	5.13e-05	1.10e-06	0.00e+00	0.00e+00	0.00e+00	0.00e+00	0.00e+00
 7.01984e+22	1.41e-13	1.65e-07	1.44e-04	4.20e-03	1.85e-02	6.62e-02	3.93e-01	4.63e-01	5.31e-02	1.86e-03	4.21e-05	8.65e-07	0.00e+00	0.00e+00	0.00e+00	0.00e+00	0.00e+00
 7.24139e+22	1.90e-13	2.08e-07	1.74e-04	4.88e-03	2.05e-02	7.14e-02	4.04e-01	4.49e-01	4.87e-02	1.63e-03	3.52e-05	6.99e-07	0.00e+00	0.00e+00	0.00e+00	0.00e+00	0.00e+00
 7.47963e+22	2.63e-13	2.63e-07	2.10e-04	5.64e-03	2.26e-02	7.66e-02	4.13e-01	4.36e-01	4.48e-02	1.43e-03	2.96e-05	5.67e-07	0.00e+00	0.00e+00	0.00e+00	0.00e+00	0.00e+00
 7.77275e+22	3.83e-13	3.45e-07	2.62e-04	6.68e-03	2.53e-02	8.31e-02	4.23e-01	4.20e-01	4.04e-02	1.23e-03	2.41e-05	4.44e-07	0.00e+00	0.00e+00	0.00e+00	0.00e+00	0.00e+00
 8.07834e+22	5.63e-13	4.56e-07	3.28e-04	7.95e-03	2.84e-02	9.00e-02	4.33e-01	4.02e-01	3.63e-02	1.04e-03	1.94e-05	3.43e-07	0.00e+00	0.00e+00	0.00e+00	0.00e+00	0.00e+00
 8.34591e+22	7.74e-13	5.76e-07	3.96e-04	9.19e-03	3.13e-02	9.64e-02	4.41e-01	3.87e-01	3.30e-02	9.03e-04	1.61e-05	2.75e-07	0.00e+00	0.00e+00	0.00e+00	0.00e+00	0.00e+00
 8.62291e+22	1.05e-12	7.16e-07	4.71e-04	1.05e-02	3.41e-02	1.02e-01	4.48e-01	3.74e-01	3.02e-02	7.91e-04	1.35e-05	2.24e-07	0.00e+00	0.00e+00	0.00e+00	0.00e+00	0.00e+00
 8.96123e+22	1.54e-12	9.23e-07	5.76e-04	1.22e-02	3.77e-02	1.10e-01	4.55e-01	3.57e-01	2.71e-02	6.76e-04	1.10e-05	1.76e-07	0.00e+00	0.00e+00	0.00e+00	0.00e+00	0.00e+00
 9.31498e+22	2.25e-12	1.20e-06	7.08e-04	1.43e-02	4.18e-02	1.17e-01	4.61e-01	3.40e-01	2.42e-02	5.73e-04	8.91e-06	1.37e-07	0.00e+00	0.00e+00	0.00e+00	0.00e+00	0.00e+00
 9.63735e+22	3.07e-12	1.49e-06	8.44e-04	1.63e-02	4.55e-02	1.24e-01	4.66e-01	3.25e-01	2.19e-02	4.96e-04	7.40e-06	0.00e+00	0.00e+00	0.00e+00	0.00e+00	0.00e+00	0.00e+00
 9.98322e+22	4.28e-12	1.85e-06	1.00e-03	1.86e-02	4.93e-02	1.31e-01	4.69e-01	3.11e-01	1.99e-02	4.31e-04	6.16e-06	0.00e+00	0.00e+00	0.00e+00	0.00e+00	0.00e+00	0.00e+00
 1.03885e+23	6.28e-12	2.36e-06	1.21e-03	2.14e-02	5.39e-02	1.39e-01	4.72e-01	2.94e-01	1.77e-02	3.66e-04	5.00e-06	0.00e+00	0.00e+00	0.00e+00	0.00e+00	0.00e+00	0.00e+00
 1.07978e+23	8.87e-12	2.99e-06	1.46e-03	2.46e-02	5.87e-02	1.47e-01	4.74e-01	2.79e-01	1.58e-02	3.11e-04	4.06e-06	0.00e+00	0.00e+00	0.00e+00	0.00e+00	0.00e+00	0.00e+00
 1.11947e+23	1.22e-11	3.69e-06	1.71e-03	2.77e-02	6.32e-02	1.54e-01	4.74e-01	2.65e-01	1.42e-02	2.68e-04	3.37e-06	0.00e+00	0.00e+00	0.00e+00	0.00e+00	0.00e+00	0.00e+00
 1.16259e+23	1.64e-11	4.54e-06	2.02e-03	3.13e-02	6.79e-02	1.61e-01	4.74e-01	2.51e-01	1.28e-02	2.31e-04	2.79e-06	0.00e+00	0.00e+00	0.00e+00	0.00e+00	0.00e+00	0.00e+00
 1.21033e+23	2.31e-11	5.66e-06	2.39e-03	3.54e-02	7.32e-02	1.69e-01	4.73e-01	2.36e-01	1.13e-02	1.96e-04	2.27e-06	0.00e+00	0.00e+00	0.00e+00	0.00e+00	0.00e+00	0.00e+00
 1.25997e+23	3.21e-11	6.99e-06	2.81e-03	3.99e-02	7.85e-02	1.76e-01	4.70e-01	2.22e-01	1.01e-02	1.67e-04	1.86e-06	0.00e+00	0.00e+00	0.00e+00	0.00e+00	0.00e+00	0.00e+00
 1.31161e+23	4.40e-11	8.55e-06	3.29e-03	4.46e-02	8.38e-02	1.83e-01	4.67e-01	2.09e-01	9.01e-03	1.43e-04	1.53e-06	0.00e+00	0.00e+00	0.00e+00	0.00e+00	0.00e+00	0.00e+00
 1.36531e+23	5.95e-11	1.04e-05	3.81e-03	4.97e-02	8.91e-02	1.89e-01	4.63e-01	1.97e-01	8.05e-03	1.23e-04	1.26e-06	0.00e+00	0.00e+00	0.00e+00	0.00e+00	0.00e+00	0.00e+00
 1.42115e+23	7.95e-11	1.25e-05	4.40e-03	5.51e-02	9.43e-02	1.96e-01	4.58e-01	1.85e-01	7.19e-03	1.06e-04	1.05e-06	0.00e+00	0.00e+00	0.00e+00	0.00e+00	0.00e+00	0.00e+00
 1.47923e+23	1.07e-10	1.50e-05	5.04e-03	6.06e-02	9.95e-02	2.02e-01	4.52e-01	1.74e-01	6.44e-03	9.12e-05	8.74e-07	0.00e+00	0.00e+00	0.00e+00	0.00e+00	0.00e+00	0.00e+00
 1.53964e+23	1.39e-10	1.77e-05	5.73e-03	6.64e-02	1.05e-01	2.07e-01	4.46e-01	1.64e-01	5.78e-03	7.90e-05	7.32e-07	0.00e+00	0.00e+00	0.00e+00	0.00e+00	0.00e+00	0.00e+00
 1.60246e+23	1.76e-10	2.09e-05	6.47e-03	7.23e-02	1.09e-01	2.12e-01	4.40e-01	1.55e-01	5.20e-03	6.88e-05	6.17e-07	0.00e+00	0.00e+00	0.00e+00	0.00e+00	0.00e+00	0.00e+00
 1.66779e+23	2.21e-10	2.43e-05	7.25e-03	7.84e-02	1.14e-01	2.17e-01	4.33e-01	1.46e-01	4.69e-03	6.01e-05	5.23e-07	0.00e+00	0.00e+00	0.00e+00	0.00e+00	0.00e+00	0.00e+00
 1.73573e+23	2.73e-10	2.81e-05	8.08e-03	8.45e-02	1.19e-01	2.21e-01	4.26e-01	1.38e-01	4.25e-03	5.28e-05	4.46e-07	0.00e+00	0.00e+00	0.00e+00	0.00e+00	0.00e+00	0.00e+00
 1.80640e+23	3.33e-10	3.22e-05	8.93e-03	9.05e-02	1.23e-01	2.24e-01	4.19e-01	1.30e-01	3.86e-03	4.67e-05	3.83e-07	0.00e+00	0.00e+00	0.00e+00	0.00e+00	0.00e+00	0.00e+00
 1.87989e+23	4.00e-10	3.65e-05	9.81e-03	9.66e-02	1.27e-01	2.28e-01	4.12e-01	1.23e-01	3.52e-03	4.15e-05	3.32e-07	0.00e+00	0.00e+00	0.00e+00	0.00e+00	0.00e+00	0.00e+00
 1.95632e+23	4.73e-10	4.10e-05	1.07e-02	1.02e-01	1.31e-01	2.31e-01	4.05e-01	1.17e-01	3.23e-03	3.71e-05	2.90e-07	0.00e+00	0.00e+00	0.00e+00	0.00e+00	0.00e+00	0.00e+00
 2.03580e+23	5.54e-10	4.58e-05	1.16e-02	1.08e-01	1.34e-01	2.33e-01	3.99e-01	1.11e-01	2.97e-03	3.34e-05	2.55e-07	0.00e+00	0.00e+00	0.00e+00	0.00e+00	0.00e+00	0.00e+00
 2.11847e+23	6.40e-10	5.07e-05	1.25e-02	1.14e-01	1.37e-01	2.35e-01	3.92e-01	1.06e-01	2.75e-03	3.02e-05	2.26e-07	0.00e+00	0.00e+00	0.00e+00	0.00e+00	0.00e+00	0.00e+00
 2.20444e+23	7.25e-10	5.53e-05	1.33e-02	1.19e-01	1.40e-01	2.37e-01	3.86e-01	1.02e-01	2.57e-03	2.77e-05	2.03e-07	0.00e+00	0.00e+00	0.00e+00	0.00e+00	0.00e+00	0.00e+00
 2.28860e+23	8.21e-10	6.04e-05	1.42e-02	1.24e-01	1.43e-01	2.39e-01	3.80e-01	9.74e-02	2.39e-03	2.53e-05	1.82e-07	0.00e+00	0.00e+00	0.00e+00	0.00e+00	0.00e+00	0.00e+00
 2.36522e+23	9.07e-10	6.49e-05	1.49e-02	1.28e-01	1.45e-01	2.40e-01	3.75e-01	9.41e-02	2.26e-03	2.36e-05	1.67e-07	0.00e+00	0.00e+00	0.00e+00	0.00e+00	0.00e+00	0.00e+00
 2.43418e+23	9.83e-10	6.87e-05	1.56e-02	1.32e-01	1.47e-01	2.41e-01	3.71e-01	9.13e-02	2.15e-03	2.22e-05	1.55e-07	0.00e+00	0.00e+00	0.00e+00	0.00e+00	0.00e+00	0.00e+00
 2.49625e+23	1.05e-09	7.21e-05	1.61e-02	1.35e-01	1.48e-01	2.42e-01	3.68e-01	8.92e-02	2.07e-03	2.11e-05	1.46e-07	0.00e+00	0.00e+00	0.00e+00	0.00e+00	0.00e+00	0.00e+00
 2.55210e+23	1.10e-09	7.46e-05	1.65e-02	1.37e-01	1.49e-01	2.43e-01	3.65e-01	8.76e-02	2.01e-03	2.04e-05	1.40e-07	0.00e+00	0.00e+00	0.00e+00	0.00e+00	0.00e+00	0.00e+00
 2.60237e+23	1.15e-09	7.69e-05	1.69e-02	1.39e-01	1.50e-01	2.43e-01	3.63e-01	8.61e-02	1.96e-03	1.97e-05	1.34e-07	0.00e+00	0.00e+00	0.00e+00	0.00e+00	0.00e+00	0.00e+00
 2.64762e+23	1.18e-09	7.87e-05	1.72e-02	1.41e-01	1.51e-01	2.43e-01	3.61e-01	8.51e-02	1.92e-03	1.92e-05	1.31e-07	0.00e+00	0.00e+00	0.00e+00	0.00e+00	0.00e+00	0.00e+00
 2.68834e+23	1.21e-09	8.00e-05	1.74e-02	1.42e-01	1.51e-01	2.44e-01	3.60e-01	8.44e-02	1.90e-03	1.89e-05	1.28e-07	0.00e+00	0.00e+00	0.00e+00	0.00e+00	0.00e+00	0.00e+00
 2.72499e+23	1.24e-09	8.13e-05	1.76e-02	1.43e-01	1.52e-01	2.44e-01	3.58e-01	8.36e-02	1.87e-03	1.86e-05	1.25e-07	0.00e+00	0.00e+00	0.00e+00	0.00e+00	0.00e+00	0.00e+00
 2.75797e+23	1.26e-09	8.26e-05	1.78e-02	1.44e-01	1.52e-01	2.44e-01	3.57e-01	8.29e-02	1.84e-03	1.83e-05	1.23e-07	0.00e+00	0.00e+00	0.00e+00	0.00e+00	0.00e+00	0.00e+00
 2.78887e+23	1.28e-09	8.36e-05	1.79e-02	1.45e-01	1.53e-01	2.44e-01	3.56e-01	8.24e-02	1.82e-03	1.80e-05	0.00e+00	0.00e+00	0.00e+00	0.00e+00	0.00e+00	0.00e+00	0.00e+00
 2.81941e+23	1.31e-09	8.46e-05	1.81e-02	1.46e-01	1.53e-01	2.44e-01	3.55e-01	8.18e-02	1.80e-03	1.78e-05	0.00e+00	0.00e+00	0.00e+00	0.00e+00	0.00e+00	0.00e+00	0.00e+00
 2.84996e+23	1.32e-09	8.51e-05	1.82e-02	1.46e-01	1.53e-01	2.44e-01	3.55e-01	8.16e-02	1.80e-03	1.77e-05	0.00e+00	0.00e+00	0.00e+00	0.00e+00	0.00e+00	0.00e+00	0.00e+00
 2.88051e+23	1.33e-09	8.57e-05	1.83e-02	1.46e-01	1.53e-01	2.45e-01	3.54e-01	8.13e-02	1.78e-03	1.76e-05	0.00e+00	0.00e+00	0.00e+00	0.00e+00	0.00e+00	0.00e+00	0.00e+00
 2.91106e+23	1.33e-09	8.61e-05	1.83e-02	1.47e-01	1.53e-01	2.45e-01	3.54e-01	8.10e-02	1.78e-03	1.75e-05	0.00e+00	0.00e+00	0.00e+00	0.00e+00	0.00e+00	0.00e+00	0.00e+00
 2.94161e+23	1.34e-09	8.63e-05	1.84e-02	1.47e-01	1.54e-01	2.45e-01	3.54e-01	8.09e-02	1.77e-03	1.74e-05	0.00e+00	0.00e+00	0.00e+00	0.00e+00	0.00e+00	0.00e+00	0.00e+00
 2.97216e+23	1.34e-09	8.65e-05	1.84e-02	1.47e-01	1.54e-01	2.45e-01	3.54e-01	8.08e-02	1.77e-03	1.74e-05	0.00e+00	0.00e+00	0.00e+00	0.00e+00	0.00e+00	0.00e+00	0.00e+00
 3.00270e+23	1.34e-09	8.67e-05	1.84e-02	1.47e-01	1.54e-01	2.45e-01	3.53e-01	8.07e-02	1.76e-03	1.73e-05	0.00e+00	0.00e+00	0.00e+00	0.00e+00	0.00e+00	0.00e+00	0.00e+00
 3.03325e+23	1.34e-09	8.68e-05	1.84e-02	1.47e-01	1.54e-01	2.45e-01	3.53e-01	8.06e-02	1.76e-03	1.73e-05	0.00e+00	0.00e+00	0.00e+00	0.00e+00	0.00e+00	0.00e+00	0.00e+00
 3.05167e+23	1.40e-09	8.94e-05	1.88e-02	1.49e-01	1.55e-01	2.45e-01	3.51e-01	7.93e-02	1.72e-03	1.67e-05	0.00e+00	0.00e+00	0.00e+00	0.00e+00	0.00e+00	0.00e+00	0.00e+00
