#depth	C	C+	C+2	C+3	C+4	C+5	C+6	C[1]	C[2]	C[3]	C+[1]	C+[2]	CO
 6.17135e+19	7.15e-26	3.83e-19	3.99e-14	4.22e-10	2.27e-05	1.26e-02	9.87e-01	0.00e+00	0.00e+00	0.00e+00	0.00e+00	0.00e+00	1.71e-70
 1.87609e+20	1.81e-25	8.21e-19	7.24e-14	6.38e-10	2.99e-05	1.44e-02	9.86e-01	0.00e+00	0.00e+00	0.00e+00	0.00e+00	0.00e+00	1.50e-69
 2.83882e+20	3.64e-25	1.45e-18	1.13e-13	8.73e-10	3.68e-05	1.60e-02	9.84e-01	0.00e+00	0.00e+00	0.00e+00	0.00e+00	0.00e+00	7.46e-69
 3.32018e+20	5.10e-25	1.92e-18	1.41e-13	1.02e-09	4.06e-05	1.68e-02	9.83e-01	0.00e+00	0.00e+00	0.00e+00	0.00e+00	0.00e+00	1.62e-68
 3.58442e+20	6.12e-25	2.23e-18	1.58e-13	1.11e-09	4.29e-05	1.72e-02	9.83e-01	0.00e+00	0.00e+00	0.00e+00	0.00e+00	0.00e+00	2.47e-68
 3.82312e+20	7.20e-25	2.56e-18	1.76e-13	1.19e-09	4.50e-05	1.76e-02	9.82e-01	0.00e+00	0.00e+00	0.00e+00	0.00e+00	0.00e+00	3.59e-68
 4.13342e+20	8.87e-25	3.03e-18	2.01e-13	1.31e-09	4.79e-05	1.82e-02	9.82e-01	0.00e+00	0.00e+00	0.00e+00	0.00e+00	0.00e+00	5.78e-68
 4.53682e+20	1.16e-24	3.78e-18	2.39e-13	1.48e-09	5.19e-05	1.89e-02	9.81e-01	0.00e+00	0.00e+00	0.00e+00	0.00e+00	0.00e+00	1.06e-67
 4.96663e+20	1.53e-24	4.76e-18	2.87e-13	1.68e-09	5.64e-05	1.97e-02	9.80e-01	0.00e+00	0.00e+00	0.00e+00	0.00e+00	0.00e+00	2.00e-67
 5.34107e+20	1.94e-24	5.78e-18	3.34e-13	1.87e-09	6.06e-05	2.04e-02	9.80e-01	0.00e+00	0.00e+00	0.00e+00	0.00e+00	0.00e+00	3.44e-67
 5.73813e+20	2.47e-24	7.09e-18	3.92e-13	2.10e-09	6.52e-05	2.12e-02	9.79e-01	0.00e+00	0.00e+00	0.00e+00	0.00e+00	0.00e+00	6.02e-67
 6.18609e+20	3.24e-24	8.86e-18	4.68e-13	2.38e-09	7.08e-05	2.20e-02	9.78e-01	0.00e+00	0.00e+00	0.00e+00	0.00e+00	0.00e+00	1.11e-66
 6.61102e+20	4.16e-24	1.09e-17	5.52e-13	2.67e-09	7.63e-05	2.29e-02	9.77e-01	0.00e+00	0.00e+00	0.00e+00	0.00e+00	0.00e+00	1.97e-66
 7.01150e+20	5.24e-24	1.32e-17	6.42e-13	2.98e-09	8.19e-05	2.37e-02	9.76e-01	0.00e+00	0.00e+00	0.00e+00	0.00e+00	0.00e+00	3.33e-66
 7.40596e+20	6.54e-24	1.59e-17	7.43e-13	3.31e-09	8.76e-05	2.45e-02	9.75e-01	0.00e+00	0.00e+00	0.00e+00	0.00e+00	0.00e+00	5.52e-66
 7.79063e+20	8.08e-24	1.89e-17	8.54e-13	3.65e-09	9.35e-05	2.53e-02	9.75e-01	0.00e+00	0.00e+00	0.00e+00	0.00e+00	0.00e+00	8.93e-66
 8.22600e+20	1.02e-23	2.30e-17	9.97e-13	4.08e-09	1.00e-04	2.62e-02	9.74e-01	0.00e+00	0.00e+00	0.00e+00	0.00e+00	0.00e+00	1.52e-65
 8.69946e+20	1.31e-23	2.83e-17	1.17e-12	4.59e-09	1.08e-04	2.72e-02	9.73e-01	0.00e+00	0.00e+00	0.00e+00	0.00e+00	0.00e+00	2.67e-65
 9.12442e+20	1.63e-23	3.39e-17	1.36e-12	5.09e-09	1.16e-04	2.81e-02	9.72e-01	0.00e+00	0.00e+00	0.00e+00	0.00e+00	0.00e+00	4.38e-65
 9.57886e+20	2.04e-23	4.10e-17	1.58e-12	5.67e-09	1.25e-04	2.91e-02	9.71e-01	0.00e+00	0.00e+00	0.00e+00	0.00e+00	0.00e+00	7.34e-65
 1.00850e+21	2.62e-23	5.04e-17	1.86e-12	6.38e-09	1.35e-04	3.02e-02	9.70e-01	0.00e+00	0.00e+00	0.00e+00	5.04e-17	3.96e-22	1.29e-64
 1.05562e+21	3.27e-23	6.08e-17	2.16e-12	7.11e-09	1.44e-04	3.12e-02	9.69e-01	0.00e+00	0.00e+00	0.00e+00	6.08e-17	4.78e-22	2.14e-64
 1.09996e+21	4.02e-23	7.22e-17	2.48e-12	7.85e-09	1.54e-04	3.22e-02	9.68e-01	0.00e+00	0.00e+00	0.00e+00	7.22e-17	5.68e-22	3.42e-64
 1.15086e+21	5.07e-23	8.76e-17	2.89e-12	8.78e-09	1.66e-04	3.34e-02	9.66e-01	0.00e+00	0.00e+00	0.00e+00	8.76e-17	6.90e-22	5.78e-64
 1.20786e+21	6.53e-23	1.08e-16	3.43e-12	9.92e-09	1.79e-04	3.47e-02	9.65e-01	0.00e+00	0.00e+00	0.00e+00	1.08e-16	8.53e-22	1.03e-63
 1.25785e+21	8.10e-23	1.30e-16	3.96e-12	1.10e-08	1.92e-04	3.59e-02	9.64e-01	0.00e+00	0.00e+00	0.00e+00	1.30e-16	1.02e-21	1.67e-63
 1.29968e+21	9.67e-23	1.51e-16	4.46e-12	1.20e-08	2.03e-04	3.69e-02	9.63e-01	0.00e+00	0.00e+00	0.00e+00	1.51e-16	1.19e-21	2.50e-63
 1.34585e+21	1.17e-22	1.77e-16	5.07e-12	1.32e-08	2.16e-04	3.80e-02	9.62e-01	0.00e+00	0.00e+00	0.00e+00	1.77e-16	1.40e-21	3.85e-63
 1.40588e+21	1.49e-22	2.16e-16	5.97e-12	1.48e-08	2.33e-04	3.94e-02	9.60e-01	0.00e+00	0.00e+00	0.00e+00	2.16e-16	1.71e-21	6.67e-63
 1.46803e+21	1.90e-22	2.66e-16	7.04e-12	1.67e-08	2.52e-04	4.10e-02	9.59e-01	0.00e+00	0.00e+00	0.00e+00	2.66e-16	2.11e-21	1.16e-62
 1.51973e+21	2.33e-22	3.15e-16	8.07e-12	1.85e-08	2.69e-04	4.23e-02	9.57e-01	0.00e+00	0.00e+00	0.00e+00	3.15e-16	2.50e-21	1.84e-62
 1.57371e+21	2.83e-22	3.72e-16	9.22e-12	2.04e-08	2.86e-04	4.36e-02	9.56e-01	0.00e+00	0.00e+00	0.00e+00	3.72e-16	2.95e-21	2.88e-62
 1.64390e+21	3.66e-22	4.62e-16	1.10e-11	2.31e-08	3.11e-04	4.54e-02	9.54e-01	0.00e+00	0.00e+00	0.00e+00	4.62e-16	3.66e-21	5.14e-62
 1.71610e+21	4.72e-22	5.73e-16	1.30e-11	2.62e-08	3.38e-04	4.72e-02	9.52e-01	0.00e+00	0.00e+00	0.00e+00	5.73e-16	4.55e-21	9.19e-62
 1.77550e+21	5.79e-22	6.81e-16	1.50e-11	2.90e-08	3.61e-04	4.88e-02	9.51e-01	0.00e+00	0.00e+00	0.00e+00	6.81e-16	5.41e-21	1.46e-61
 1.83729e+21	7.12e-22	8.11e-16	1.73e-11	3.22e-08	3.86e-04	5.04e-02	9.49e-01	0.00e+00	0.00e+00	0.00e+00	8.11e-16	6.45e-21	2.34e-61
 1.90511e+21	8.89e-22	9.79e-16	2.01e-11	3.59e-08	4.15e-04	5.22e-02	9.47e-01	0.00e+00	0.00e+00	0.00e+00	9.79e-16	7.79e-21	3.89e-61
 1.96705e+21	1.08e-21	1.16e-15	2.30e-11	3.97e-08	4.43e-04	5.38e-02	9.46e-01	0.00e+00	0.00e+00	0.00e+00	1.16e-15	9.22e-21	6.11e-61
 2.03387e+21	1.33e-21	1.38e-15	2.65e-11	4.41e-08	4.74e-04	5.56e-02	9.44e-01	0.00e+00	0.00e+00	0.00e+00	1.38e-15	1.10e-20	9.82e-61
 2.10860e+21	1.67e-21	1.68e-15	3.10e-11	4.94e-08	5.11e-04	5.77e-02	9.42e-01	0.00e+00	0.00e+00	0.00e+00	1.68e-15	1.34e-20	1.65e-60
 2.17902e+21	2.05e-21	2.00e-15	3.57e-11	5.49e-08	5.47e-04	5.96e-02	9.40e-01	0.00e+00	0.00e+00	0.00e+00	2.00e-15	1.60e-20	2.65e-60
 2.25594e+21	2.56e-21	2.42e-15	4.16e-11	6.14e-08	5.88e-04	6.17e-02	9.38e-01	0.00e+00	0.00e+00	0.00e+00	2.42e-15	1.93e-20	4.40e-60
 2.34147e+21	3.25e-21	2.96e-15	4.91e-11	6.93e-08	6.37e-04	6.41e-02	9.35e-01	0.00e+00	0.00e+00	0.00e+00	2.96e-15	2.36e-20	7.63e-60
 2.42167e+21	4.05e-21	3.57e-15	5.71e-11	7.75e-08	6.85e-04	6.64e-02	9.33e-01	0.00e+00	0.00e+00	0.00e+00	3.57e-15	2.85e-20	1.26e-59
 2.50938e+21	5.11e-21	4.36e-15	6.70e-11	8.72e-08	7.40e-04	6.89e-02	9.30e-01	0.00e+00	0.00e+00	0.00e+00	4.36e-15	3.48e-20	2.16e-59
 2.60784e+21	6.58e-21	5.43e-15	8.00e-11	9.93e-08	8.05e-04	7.18e-02	9.27e-01	0.00e+00	0.00e+00	0.00e+00	5.43e-15	4.33e-20	3.87e-59
 2.69550e+21	8.19e-21	6.56e-15	9.32e-11	1.11e-07	8.67e-04	7.44e-02	9.25e-01	0.00e+00	0.00e+00	0.00e+00	6.56e-15	5.24e-20	6.43e-59
 2.77086e+21	9.83e-21	7.69e-15	1.06e-10	1.22e-07	9.22e-04	7.66e-02	9.22e-01	0.00e+00	0.00e+00	0.00e+00	7.69e-15	6.15e-20	9.84e-59
 2.85504e+21	1.21e-20	9.17e-15	1.22e-10	1.36e-07	9.88e-04	7.91e-02	9.20e-01	0.00e+00	0.00e+00	0.00e+00	9.17e-15	7.33e-20	1.58e-58
 2.96448e+21	1.55e-20	1.14e-14	1.45e-10	1.54e-07	1.07e-03	8.24e-02	9.17e-01	0.00e+00	0.00e+00	0.00e+00	1.14e-14	9.09e-20	2.82e-58
 3.07543e+21	2.00e-20	1.42e-14	1.74e-10	1.77e-07	1.17e-03	8.58e-02	9.13e-01	0.00e+00	0.00e+00	0.00e+00	1.42e-14	1.14e-19	5.11e-58
 3.16322e+21	2.43e-20	1.69e-14	2.00e-10	1.96e-07	1.25e-03	8.86e-02	9.10e-01	0.00e+00	0.00e+00	0.00e+00	1.69e-14	1.35e-19	8.04e-58
 3.25222e+21	2.95e-20	2.00e-14	2.29e-10	2.16e-07	1.34e-03	9.14e-02	9.07e-01	0.00e+00	0.00e+00	0.00e+00	2.00e-14	1.60e-19	1.26e-57
 3.36793e+21	3.76e-20	2.47e-14	2.72e-10	2.45e-07	1.45e-03	9.50e-02	9.04e-01	0.00e+00	0.00e+00	0.00e+00	2.47e-14	1.97e-19	2.22e-57
 3.48838e+21	4.80e-20	3.06e-14	3.24e-10	2.79e-07	1.58e-03	9.88e-02	9.00e-01	0.00e+00	0.00e+00	0.00e+00	3.06e-14	2.45e-19	3.93e-57
 3.58927e+21	5.92e-20	3.68e-14	3.76e-10	3.12e-07	1.69e-03	1.02e-01	8.96e-01	0.00e+00	0.00e+00	0.00e+00	3.68e-14	2.94e-19	6.39e-57
 3.69472e+21	7.29e-20	4.42e-14	4.36e-10	3.48e-07	1.82e-03	1.06e-01	8.93e-01	0.00e+00	0.00e+00	0.00e+00	4.42e-14	3.54e-19	1.04e-56
 3.83181e+21	9.46e-20	5.57e-14	5.26e-10	3.99e-07	1.99e-03	1.10e-01	8.88e-01	0.00e+00	0.00e+00	0.00e+00	5.57e-14	4.45e-19	1.91e-56
 3.97122e+21	1.23e-19	7.05e-14	6.36e-10	4.60e-07	2.18e-03	1.15e-01	8.83e-01	0.00e+00	0.00e+00	0.00e+00	7.05e-14	5.63e-19	3.54e-56
 4.08307e+21	1.51e-19	8.48e-14	7.39e-10	5.14e-07	2.34e-03	1.19e-01	8.79e-01	0.00e+00	0.00e+00	0.00e+00	8.48e-14	6.78e-19	5.73e-56
 4.19792e+21	1.87e-19	1.02e-13	8.59e-10	5.74e-07	2.52e-03	1.23e-01	8.75e-01	0.00e+00	0.00e+00	0.00e+00	1.02e-13	8.16e-19	9.30e-56
 4.34723e+21	2.43e-19	1.29e-13	1.04e-09	6.62e-07	2.76e-03	1.28e-01	8.69e-01	0.00e+00	0.00e+00	0.00e+00	1.29e-13	1.03e-18	1.72e-55
 4.49138e+21	3.08e-19	1.60e-13	1.24e-09	7.53e-07	3.00e-03	1.33e-01	8.64e-01	0.00e+00	0.00e+00	0.00e+00	1.60e-13	1.28e-18	3.02e-55
 4.59762e+21	3.68e-19	1.89e-13	1.41e-09	8.31e-07	3.19e-03	1.37e-01	8.60e-01	0.00e+00	0.00e+00	0.00e+00	1.89e-13	1.51e-18	4.59e-55
 4.70451e+21	4.41e-19	2.22e-13	1.61e-09	9.16e-07	3.40e-03	1.41e-01	8.55e-01	0.00e+00	0.00e+00	0.00e+00	2.22e-13	1.78e-18	6.96e-55
 4.84347e+21	5.52e-19	2.72e-13	1.90e-09	1.03e-06	3.68e-03	1.46e-01	8.50e-01	0.00e+00	0.00e+00	0.00e+00	2.72e-13	2.17e-18	1.17e-54
 4.99032e+21	7.02e-19	3.39e-13	2.28e-09	1.18e-06	4.01e-03	1.52e-01	8.44e-01	0.00e+00	0.00e+00	0.00e+00	3.39e-13	2.71e-18	2.04e-54
 5.11502e+21	8.52e-19	4.06e-13	2.64e-09	1.32e-06	4.30e-03	1.57e-01	8.39e-01	0.00e+00	0.00e+00	0.00e+00	4.06e-13	3.25e-18	3.21e-54
 5.24474e+21	1.04e-18	4.88e-13	3.07e-09	1.47e-06	4.61e-03	1.62e-01	8.33e-01	0.00e+00	0.00e+00	0.00e+00	4.88e-13	3.90e-18	5.11e-54
 5.41338e+21	1.35e-18	6.18e-13	3.72e-09	1.70e-06	5.05e-03	1.69e-01	8.26e-01	0.00e+00	0.00e+00	0.00e+00	6.18e-13	4.94e-18	9.19e-54
 5.58480e+21	1.73e-18	7.82e-13	4.51e-09	1.96e-06	5.54e-03	1.76e-01	8.18e-01	0.00e+00	0.00e+00	0.00e+00	7.82e-13	6.25e-18	1.65e-53
 5.72275e+21	2.11e-18	9.43e-13	5.25e-09	2.20e-06	5.95e-03	1.82e-01	8.12e-01	0.00e+00	0.00e+00	0.00e+00	9.43e-13	7.54e-18	2.60e-53
 5.86498e+21	2.59e-18	1.14e-12	6.14e-09	2.46e-06	6.40e-03	1.88e-01	8.06e-01	0.00e+00	0.00e+00	0.00e+00	1.14e-12	9.11e-18	4.14e-53
 6.04988e+21	3.34e-18	1.44e-12	7.45e-09	2.84e-06	7.02e-03	1.96e-01	7.97e-01	0.00e+00	0.00e+00	0.00e+00	1.44e-12	1.15e-17	7.39e-53
 6.24306e+21	4.34e-18	1.85e-12	9.15e-09	3.31e-06	7.73e-03	2.04e-01	7.88e-01	0.00e+00	0.00e+00	0.00e+00	1.85e-12	1.48e-17	1.34e-52
 6.40408e+21	5.36e-18	2.27e-12	1.08e-08	3.76e-06	8.37e-03	2.11e-01	7.80e-01	0.00e+00	0.00e+00	0.00e+00	2.27e-12	1.82e-17	2.18e-52
 6.57049e+21	6.66e-18	2.80e-12	1.29e-08	4.26e-06	9.07e-03	2.19e-01	7.72e-01	0.00e+00	0.00e+00	0.00e+00	2.80e-12	2.24e-17	3.56e-52
 6.78683e+21	8.79e-18	3.64e-12	1.60e-08	5.01e-06	1.00e-02	2.28e-01	7.62e-01	0.00e+00	0.00e+00	0.00e+00	3.64e-12	2.92e-17	6.60e-52
 7.00644e+21	1.15e-17	4.73e-12	1.99e-08	5.90e-06	1.11e-02	2.38e-01	7.50e-01	0.00e+00	0.00e+00	0.00e+00	4.73e-12	3.80e-17	1.21e-51
 7.18218e+21	1.42e-17	5.84e-12	2.37e-08	6.73e-06	1.21e-02	2.47e-01	7.41e-01	0.00e+00	0.00e+00	0.00e+00	5.84e-12	4.70e-17	1.93e-51
 7.33309e+21	1.68e-17	6.91e-12	2.73e-08	7.47e-06	1.29e-02	2.54e-01	7.33e-01	0.00e+00	0.00e+00	0.00e+00	6.91e-12	5.57e-17	2.84e-51
 7.49984e+21	2.03e-17	8.33e-12	3.19e-08	8.39e-06	1.39e-02	2.61e-01	7.25e-01	0.00e+00	0.00e+00	0.00e+00	8.33e-12	6.72e-17	4.35e-51
 7.71661e+21	2.59e-17	1.06e-11	3.89e-08	9.74e-06	1.52e-02	2.72e-01	7.13e-01	0.00e+00	0.00e+00	0.00e+00	1.06e-11	8.54e-17	7.41e-51
 7.93993e+21	3.28e-17	1.34e-11	4.76e-08	1.13e-05	1.67e-02	2.82e-01	7.01e-01	0.00e+00	0.00e+00	0.00e+00	1.34e-11	1.09e-16	1.26e-50
 8.12361e+21	3.97e-17	1.63e-11	5.60e-08	1.28e-05	1.80e-02	2.91e-01	6.91e-01	0.00e+00	0.00e+00	0.00e+00	1.63e-11	1.32e-16	1.91e-50
 8.31424e+21	4.82e-17	1.98e-11	6.60e-08	1.45e-05	1.94e-02	3.00e-01	6.81e-01	4.82e-17	4.52e-20	1.08e-20	1.98e-11	1.61e-16	2.92e-50
 8.56205e+21	6.17e-17	2.53e-11	8.13e-08	1.69e-05	2.14e-02	3.11e-01	6.67e-01	6.16e-17	5.77e-20	1.37e-20	2.53e-11	2.06e-16	4.98e-50
 8.81122e+21	7.77e-17	3.22e-11	9.99e-08	1.98e-05	2.35e-02	3.23e-01	6.54e-01	7.76e-17	7.27e-20	1.73e-20	3.22e-11	2.63e-16	8.30e-50
 9.00709e+21	9.26e-17	3.87e-11	1.17e-07	2.23e-05	2.53e-02	3.32e-01	6.43e-01	9.25e-17	8.66e-20	2.06e-20	3.87e-11	3.17e-16	1.22e-49
 9.20667e+21	1.11e-16	4.64e-11	1.37e-07	2.50e-05	2.72e-02	3.41e-01	6.32e-01	1.11e-16	1.04e-19	2.46e-20	4.64e-11	3.81e-16	1.80e-49
 9.46612e+21	1.39e-16	5.84e-11	1.66e-07	2.91e-05	2.97e-02	3.53e-01	6.18e-01	1.39e-16	1.30e-19	3.08e-20	5.84e-11	4.81e-16	2.91e-49
 9.73692e+21	1.73e-16	7.37e-11	2.03e-07	3.38e-05	3.26e-02	3.65e-01	6.03e-01	1.72e-16	1.61e-19	3.82e-20	7.37e-11	6.09e-16	4.70e-49
 9.96440e+21	2.06e-16	8.91e-11	2.39e-07	3.83e-05	3.51e-02	3.74e-01	5.90e-01	2.05e-16	1.92e-19	4.55e-20	8.91e-11	7.38e-16	6.92e-49
 1.02021e+22	2.47e-16	1.08e-10	2.82e-07	4.34e-05	3.78e-02	3.84e-01	5.78e-01	2.47e-16	2.30e-19	5.47e-20	1.08e-10	8.94e-16	1.03e-48
 1.05111e+22	3.12e-16	1.37e-10	3.48e-07	5.08e-05	4.16e-02	3.97e-01	5.61e-01	3.11e-16	2.90e-19	6.88e-20	1.37e-10	1.14e-15	1.68e-48
 1.08284e+22	3.87e-16	1.74e-10	4.28e-07	5.95e-05	4.57e-02	4.10e-01	5.45e-01	3.87e-16	3.60e-19	8.53e-20	1.74e-10	1.45e-15	2.71e-48
 1.10888e+22	4.59e-16	2.10e-10	5.04e-07	6.75e-05	4.92e-02	4.20e-01	5.31e-01	4.58e-16	4.26e-19	1.01e-19	2.10e-10	1.76e-15	3.96e-48
 1.13056e+22	5.27e-16	2.45e-10	5.77e-07	7.49e-05	5.22e-02	4.28e-01	5.20e-01	5.26e-16	4.89e-19	1.16e-19	2.45e-10	2.05e-15	5.35e-48
 1.15336e+22	6.10e-16	2.85e-10	6.59e-07	8.28e-05	5.54e-02	4.36e-01	5.09e-01	6.09e-16	5.66e-19	1.34e-19	2.85e-10	2.40e-15	7.37e-48
 1.18300e+22	7.34e-16	3.46e-10	7.82e-07	9.43e-05	5.98e-02	4.46e-01	4.94e-01	7.33e-16	6.80e-19	1.61e-19	3.46e-10	2.92e-15	1.10e-47
 1.21347e+22	8.72e-16	4.20e-10	9.27e-07	1.08e-04	6.45e-02	4.56e-01	4.79e-01	8.71e-16	8.08e-19	1.91e-19	4.20e-10	3.55e-15	1.62e-47
 1.23847e+22	1.00e-15	4.91e-10	1.07e-06	1.20e-04	6.86e-02	4.64e-01	4.67e-01	9.99e-16	9.26e-19	2.19e-19	4.91e-10	4.16e-15	2.19e-47
 1.26438e+22	1.16e-15	5.72e-10	1.22e-06	1.32e-04	7.27e-02	4.72e-01	4.55e-01	1.15e-15	1.07e-18	2.53e-19	5.72e-10	4.86e-15	3.02e-47
 1.29807e+22	1.39e-15	6.94e-10	1.44e-06	1.51e-04	7.83e-02	4.81e-01	4.40e-01	1.39e-15	1.28e-18	3.03e-19	6.94e-10	5.91e-15	4.51e-47
 1.33259e+22	1.64e-15	8.42e-10	1.71e-06	1.72e-04	8.43e-02	4.91e-01	4.25e-01	1.64e-15	1.52e-18	3.58e-19	8.42e-10	7.19e-15	6.65e-47
 1.36063e+22	1.88e-15	9.80e-10	1.96e-06	1.91e-04	8.95e-02	4.98e-01	4.12e-01	1.87e-15	1.73e-18	4.08e-19	9.80e-10	8.39e-15	8.99e-47
 1.38951e+22	2.16e-15	1.14e-09	2.23e-06	2.11e-04	9.46e-02	5.05e-01	4.01e-01	2.16e-15	1.99e-18	4.70e-19	1.14e-09	9.75e-15	1.24e-46
 1.42706e+22	2.58e-15	1.37e-09	2.64e-06	2.39e-04	1.02e-01	5.13e-01	3.86e-01	2.58e-15	2.38e-18	5.60e-19	1.37e-09	1.18e-14	1.83e-46
 1.46585e+22	3.05e-15	1.66e-09	3.12e-06	2.72e-04	1.09e-01	5.20e-01	3.70e-01	3.04e-15	2.80e-18	6.59e-19	1.66e-09	1.43e-14	2.71e-46
 1.49785e+22	3.47e-15	1.93e-09	3.57e-06	3.02e-04	1.15e-01	5.26e-01	3.58e-01	3.47e-15	3.18e-18	7.50e-19	1.93e-09	1.67e-14	3.67e-46
 1.53103e+22	4.00e-15	2.23e-09	4.08e-06	3.34e-04	1.22e-01	5.32e-01	3.46e-01	4.00e-15	3.67e-18	8.64e-19	2.23e-09	1.94e-14	5.09e-46
 1.57417e+22	4.78e-15	2.69e-09	4.81e-06	3.79e-04	1.31e-01	5.38e-01	3.31e-01	4.78e-15	4.37e-18	1.03e-18	2.69e-09	2.34e-14	7.62e-46
 1.61885e+22	5.64e-15	3.25e-09	5.70e-06	4.31e-04	1.40e-01	5.44e-01	3.16e-01	5.64e-15	5.15e-18	1.21e-18	3.25e-09	2.83e-14	1.14e-45
 1.65592e+22	6.43e-15	3.78e-09	6.53e-06	4.79e-04	1.48e-01	5.48e-01	3.03e-01	6.42e-15	5.86e-18	1.38e-18	3.78e-09	3.30e-14	1.56e-45
 1.69451e+22	7.43e-15	4.39e-09	7.45e-06	5.29e-04	1.56e-01	5.52e-01	2.92e-01	7.43e-15	6.77e-18	1.59e-18	4.39e-09	3.84e-14	2.19e-45
 1.74468e+22	8.91e-15	5.29e-09	8.81e-06	6.01e-04	1.67e-01	5.56e-01	2.77e-01	8.90e-15	8.09e-18	1.90e-18	5.29e-09	4.64e-14	3.33e-45
 1.79707e+22	1.05e-14	6.40e-09	1.04e-05	6.85e-04	1.78e-01	5.59e-01	2.62e-01	1.05e-14	9.55e-18	2.24e-18	6.40e-09	5.63e-14	5.07e-45
 1.84137e+22	1.21e-14	7.46e-09	1.20e-05	7.63e-04	1.88e-01	5.61e-01	2.50e-01	1.20e-14	1.09e-17	2.56e-18	7.46e-09	6.58e-14	7.10e-45
 1.87818e+22	1.35e-14	8.44e-09	1.34e-05	8.28e-04	1.96e-01	5.62e-01	2.41e-01	1.35e-14	1.22e-17	2.86e-18	8.44e-09	7.47e-14	9.49e-45
 1.91626e+22	1.52e-14	9.55e-09	1.50e-05	9.02e-04	2.05e-01	5.63e-01	2.31e-01	1.52e-14	1.37e-17	3.21e-18	9.55e-09	8.46e-14	1.26e-44
 1.96577e+22	1.77e-14	1.11e-08	1.72e-05	1.00e-03	2.16e-01	5.63e-01	2.20e-01	1.77e-14	1.59e-17	3.73e-18	1.11e-08	9.88e-14	1.82e-44
 2.01757e+22	2.04e-14	1.30e-08	1.98e-05	1.12e-03	2.28e-01	5.63e-01	2.08e-01	2.04e-14	1.83e-17	4.29e-18	1.30e-08	1.16e-13	2.63e-44
 2.06108e+22	2.29e-14	1.48e-08	2.22e-05	1.22e-03	2.38e-01	5.62e-01	1.99e-01	2.29e-14	2.05e-17	4.80e-18	1.48e-08	1.32e-13	3.55e-44
 2.10640e+22	2.60e-14	1.68e-08	2.49e-05	1.33e-03	2.48e-01	5.61e-01	1.90e-01	2.60e-14	2.32e-17	5.44e-18	1.68e-08	1.50e-13	4.83e-44
 2.16531e+22	3.05e-14	1.97e-08	2.88e-05	1.48e-03	2.61e-01	5.58e-01	1.79e-01	3.05e-14	2.72e-17	6.35e-18	1.97e-08	1.76e-13	7.15e-44
 2.22538e+22	3.52e-14	2.31e-08	3.32e-05	1.65e-03	2.75e-01	5.55e-01	1.68e-01	3.52e-14	3.13e-17	7.31e-18	2.31e-08	2.07e-13	1.05e-43
 2.27359e+22	3.93e-14	2.61e-08	3.71e-05	1.80e-03	2.86e-01	5.52e-01	1.60e-01	3.93e-14	3.49e-17	8.15e-18	2.61e-08	2.35e-13	1.43e-43
 2.32287e+22	4.44e-14	2.94e-08	4.13e-05	1.95e-03	2.96e-01	5.49e-01	1.53e-01	4.44e-14	3.93e-17	9.18e-18	2.94e-08	2.65e-13	1.94e-43
 2.38695e+22	5.18e-14	3.42e-08	4.72e-05	2.16e-03	3.10e-01	5.44e-01	1.43e-01	5.18e-14	4.57e-17	1.07e-17	3.42e-08	3.08e-13	2.85e-43
 2.45441e+22	5.99e-14	3.99e-08	5.43e-05	2.40e-03	3.25e-01	5.38e-01	1.34e-01	5.98e-14	5.27e-17	1.23e-17	3.99e-08	3.60e-13	4.24e-43
 2.51179e+22	6.74e-14	4.52e-08	6.08e-05	2.62e-03	3.38e-01	5.33e-01	1.27e-01	6.73e-14	5.91e-17	1.38e-17	4.52e-08	4.09e-13	5.91e-43
 2.57191e+22	7.68e-14	5.12e-08	6.81e-05	2.85e-03	3.50e-01	5.27e-01	1.19e-01	7.68e-14	6.72e-17	1.56e-17	5.12e-08	4.64e-13	8.28e-43
 2.65007e+22	9.06e-14	5.99e-08	7.84e-05	3.17e-03	3.66e-01	5.19e-01	1.11e-01	9.05e-14	7.89e-17	1.84e-17	5.99e-08	5.43e-13	1.27e-42
 2.73140e+22	1.06e-13	7.02e-08	9.05e-05	3.53e-03	3.83e-01	5.11e-01	1.02e-01	1.06e-13	9.16e-17	2.13e-17	7.02e-08	6.38e-13	1.97e-42
 2.79941e+22	1.19e-13	7.97e-08	1.02e-04	3.85e-03	3.97e-01	5.03e-01	9.59e-02	1.19e-13	1.03e-16	2.39e-17	7.97e-08	7.25e-13	2.80e-42
 2.87041e+22	1.37e-13	9.05e-08	1.14e-04	4.19e-03	4.11e-01	4.95e-01	8.99e-02	1.37e-13	1.18e-16	2.74e-17	9.05e-08	8.23e-13	4.04e-42
 2.96272e+22	1.63e-13	1.06e-07	1.31e-04	4.65e-03	4.28e-01	4.85e-01	8.27e-02	1.63e-13	1.39e-16	3.23e-17	1.06e-07	9.63e-13	6.39e-42
 3.06097e+22	1.92e-13	1.25e-07	1.51e-04	5.19e-03	4.46e-01	4.73e-01	7.56e-02	1.92e-13	1.63e-16	3.79e-17	1.25e-07	1.14e-12	1.03e-41
 3.14617e+22	2.20e-13	1.43e-07	1.71e-04	5.67e-03	4.62e-01	4.63e-01	7.00e-02	2.20e-13	1.87e-16	4.33e-17	1.43e-07	1.30e-12	1.55e-41
 3.21640e+22	2.45e-13	1.59e-07	1.88e-04	6.09e-03	4.74e-01	4.54e-01	6.57e-02	2.45e-13	2.07e-16	4.80e-17	1.59e-07	1.45e-12	2.15e-41
 3.28796e+22	2.76e-13	1.77e-07	2.06e-04	6.53e-03	4.86e-01	4.46e-01	6.18e-02	2.76e-13	2.33e-16	5.39e-17	1.77e-07	1.61e-12	2.98e-41
 3.38099e+22	3.21e-13	2.02e-07	2.31e-04	7.11e-03	5.00e-01	4.35e-01	5.71e-02	3.21e-13	2.69e-16	6.23e-17	2.02e-07	1.84e-12	4.50e-41
 3.47912e+22	3.71e-13	2.31e-07	2.61e-04	7.77e-03	5.16e-01	4.24e-01	5.26e-02	3.71e-13	3.10e-16	7.17e-17	2.31e-07	2.11e-12	6.93e-41
 3.56303e+22	4.19e-13	2.59e-07	2.88e-04	8.35e-03	5.28e-01	4.14e-01	4.90e-02	4.19e-13	3.48e-16	8.05e-17	2.59e-07	2.36e-12	9.96e-41
 3.65127e+22	4.82e-13	2.90e-07	3.18e-04	8.95e-03	5.41e-01	4.04e-01	4.57e-02	4.81e-13	3.98e-16	9.19e-17	2.90e-07	2.64e-12	1.45e-40
 3.76598e+22	5.69e-13	3.34e-07	3.59e-04	9.79e-03	5.56e-01	3.92e-01	4.17e-02	5.68e-13	4.66e-16	1.08e-16	3.34e-07	3.03e-12	2.29e-40
 3.88163e+22	6.60e-13	3.84e-07	4.05e-04	1.07e-02	5.72e-01	3.79e-01	3.80e-02	6.59e-13	5.38e-16	1.24e-16	3.84e-07	3.48e-12	3.64e-40
 3.97228e+22	7.46e-13	4.28e-07	4.44e-04	1.14e-02	5.83e-01	3.70e-01	3.54e-02	7.45e-13	6.05e-16	1.40e-16	4.28e-07	3.88e-12	5.25e-40
 4.06388e+22	8.45e-13	4.74e-07	4.84e-04	1.22e-02	5.94e-01	3.60e-01	3.31e-02	8.44e-13	6.81e-16	1.57e-16	4.74e-07	4.28e-12	7.42e-40
 4.18296e+22	1.00e-12	5.41e-07	5.39e-04	1.31e-02	6.07e-01	3.49e-01	3.04e-02	1.00e-12	8.01e-16	1.85e-16	5.41e-07	4.86e-12	1.16e-39
 4.31338e+22	1.17e-12	6.20e-07	6.05e-04	1.42e-02	6.21e-01	3.37e-01	2.76e-02	1.17e-12	9.32e-16	2.15e-16	6.20e-07	5.56e-12	1.87e-39
 4.43017e+22	1.35e-12	6.99e-07	6.69e-04	1.53e-02	6.33e-01	3.26e-01	2.54e-02	1.35e-12	1.07e-15	2.46e-16	6.99e-07	6.26e-12	2.85e-39
 4.55361e+22	1.58e-12	7.90e-07	7.38e-04	1.64e-02	6.44e-01	3.15e-01	2.34e-02	1.58e-12	1.24e-15	2.86e-16	7.90e-07	7.04e-12	4.37e-39
 4.71409e+22	1.93e-12	9.18e-07	8.35e-04	1.78e-02	6.58e-01	3.02e-01	2.11e-02	1.93e-12	1.50e-15	3.45e-16	9.18e-07	8.13e-12	7.47e-39
 4.87948e+22	2.32e-12	1.07e-06	9.46e-04	1.95e-02	6.72e-01	2.89e-01	1.89e-02	2.31e-12	1.78e-15	4.09e-16	1.07e-06	9.44e-12	1.29e-38
 5.01406e+22	2.67e-12	1.20e-06	1.04e-03	2.08e-02	6.82e-01	2.79e-01	1.73e-02	2.66e-12	2.04e-15	4.68e-16	1.20e-06	1.06e-11	1.99e-38
 5.15185e+22	3.13e-12	1.35e-06	1.14e-03	2.22e-02	6.92e-01	2.69e-01	1.59e-02	3.12e-12	2.37e-15	5.43e-16	1.35e-06	1.18e-11	3.04e-38
 5.33097e+22	3.85e-12	1.57e-06	1.28e-03	2.39e-02	7.03e-01	2.58e-01	1.43e-02	3.85e-12	2.88e-15	6.61e-16	1.57e-06	1.36e-11	5.20e-38
 5.52433e+22	4.69e-12	1.83e-06	1.45e-03	2.60e-02	7.15e-01	2.45e-01	1.28e-02	4.68e-12	3.47e-15	7.96e-16	1.83e-06	1.58e-11	9.19e-38
 5.69443e+22	5.56e-12	2.09e-06	1.60e-03	2.79e-02	7.24e-01	2.35e-01	1.16e-02	5.56e-12	4.08e-15	9.35e-16	2.09e-06	1.79e-11	1.50e-37
 5.87379e+22	6.69e-12	2.37e-06	1.77e-03	2.98e-02	7.33e-01	2.25e-01	1.05e-02	6.68e-12	4.84e-15	1.11e-15	2.37e-06	2.02e-11	2.43e-37
 6.10084e+22	8.37e-12	2.77e-06	2.00e-03	3.23e-02	7.43e-01	2.14e-01	9.36e-03	8.37e-12	5.97e-15	1.37e-15	2.77e-06	2.34e-11	4.38e-37
 6.33903e+22	1.05e-11	3.27e-06	2.26e-03	3.50e-02	7.52e-01	2.02e-01	8.27e-03	1.05e-11	7.38e-15	1.69e-15	3.27e-06	2.73e-11	8.13e-37
 6.54944e+22	1.27e-11	3.75e-06	2.51e-03	3.75e-02	7.60e-01	1.93e-01	7.44e-03	1.27e-11	8.82e-15	2.02e-15	3.75e-06	3.11e-11	1.37e-36
 6.77460e+22	1.56e-11	4.30e-06	2.78e-03	4.01e-02	7.67e-01	1.84e-01	6.71e-03	1.56e-11	1.07e-14	2.44e-15	4.30e-06	3.52e-11	2.31e-36
 7.01984e+22	1.94e-11	4.99e-06	3.10e-03	4.30e-02	7.74e-01	1.74e-01	5.99e-03	1.94e-11	1.31e-14	3.00e-15	4.99e-06	4.04e-11	4.08e-36
 7.24139e+22	2.32e-11	5.66e-06	3.41e-03	4.57e-02	7.79e-01	1.66e-01	5.42e-03	2.31e-11	1.54e-14	3.52e-15	5.66e-06	4.54e-11	6.67e-36
 7.47963e+22	2.85e-11	6.43e-06	3.74e-03	4.85e-02	7.84e-01	1.59e-01	4.91e-03	2.85e-11	1.87e-14	4.27e-15	6.43e-06	5.09e-11	1.09e-35
 7.77275e+22	3.63e-11	7.47e-06	4.18e-03	5.19e-02	7.89e-01	1.50e-01	4.37e-03	3.62e-11	2.33e-14	5.32e-15	7.47e-06	5.83e-11	1.96e-35
 8.07834e+22	4.63e-11	8.73e-06	4.67e-03	5.57e-02	7.94e-01	1.42e-01	3.87e-03	4.63e-11	2.92e-14	6.67e-15	8.73e-06	6.71e-11	3.59e-35
 8.34591e+22	5.63e-11	9.93e-06	5.14e-03	5.92e-02	7.97e-01	1.35e-01	3.48e-03	5.63e-11	3.50e-14	7.98e-15	9.93e-06	7.55e-11	5.99e-35
 8.62291e+22	6.87e-11	1.12e-05	5.60e-03	6.25e-02	8.00e-01	1.28e-01	3.15e-03	6.87e-11	4.19e-14	9.55e-15	1.12e-05	8.40e-11	9.66e-35
 8.96123e+22	8.87e-11	1.29e-05	6.21e-03	6.66e-02	8.03e-01	1.21e-01	2.81e-03	8.87e-11	5.29e-14	1.20e-14	1.29e-05	9.51e-11	1.70e-34
 9.31498e+22	1.14e-10	1.50e-05	6.89e-03	7.10e-02	8.05e-01	1.14e-01	2.49e-03	1.14e-10	6.64e-14	1.51e-14	1.50e-05	1.08e-10	3.06e-34
 9.63735e+22	1.39e-10	1.70e-05	7.54e-03	7.50e-02	8.06e-01	1.09e-01	2.24e-03	1.39e-10	7.95e-14	1.81e-14	1.70e-05	1.21e-10	5.07e-34
 9.98322e+22	1.74e-10	1.93e-05	8.23e-03	7.91e-02	8.07e-01	1.03e-01	2.02e-03	1.74e-10	9.70e-14	2.21e-14	1.93e-05	1.34e-10	8.31e-34
 1.03885e+23	2.27e-10	2.22e-05	9.08e-03	8.40e-02	8.08e-01	9.74e-02	1.80e-03	2.26e-10	1.23e-13	2.80e-14	2.22e-05	1.51e-10	1.46e-33
 1.07978e+23	2.85e-10	2.55e-05	1.00e-02	8.90e-02	8.08e-01	9.18e-02	1.60e-03	2.85e-10	1.51e-13	3.43e-14	2.55e-05	1.69e-10	2.54e-33
 1.11947e+23	3.56e-10	2.88e-05	1.09e-02	9.37e-02	8.07e-01	8.71e-02	1.44e-03	3.56e-10	1.83e-13	4.16e-14	2.88e-05	1.87e-10	4.17e-33
 1.16259e+23	4.32e-10	3.26e-05	1.19e-02	9.86e-02	8.06e-01	8.25e-02	1.30e-03	4.32e-10	2.16e-13	4.90e-14	3.26e-05	2.06e-10	6.82e-33
 1.21033e+23	5.46e-10	3.73e-05	1.30e-02	1.04e-01	8.04e-01	7.78e-02	1.16e-03	5.45e-10	2.64e-13	5.99e-14	3.73e-05	2.29e-10	1.16e-32
 1.25997e+23	6.88e-10	4.24e-05	1.42e-02	1.10e-01	8.02e-01	7.34e-02	1.03e-03	6.87e-10	3.22e-13	7.29e-14	4.24e-05	2.53e-10	1.94e-32
 1.31161e+23	8.59e-10	4.80e-05	1.54e-02	1.15e-01	7.99e-01	6.94e-02	9.28e-04	8.58e-10	3.89e-13	8.80e-14	4.80e-05	2.77e-10	3.20e-32
 1.36531e+23	1.06e-09	5.41e-05	1.68e-02	1.21e-01	7.96e-01	6.57e-02	8.34e-04	1.06e-09	4.64e-13	1.05e-13	5.41e-05	3.03e-10	5.19e-32
 1.42115e+23	1.31e-09	6.09e-05	1.81e-02	1.27e-01	7.92e-01	6.22e-02	7.52e-04	1.31e-09	5.49e-13	1.24e-13	6.09e-05	3.29e-10	8.29e-32
 1.47923e+23	1.63e-09	6.82e-05	1.96e-02	1.32e-01	7.89e-01	5.89e-02	6.79e-04	1.63e-09	6.59e-13	1.49e-13	6.82e-05	3.56e-10	1.31e-31
 1.53964e+23	1.97e-09	7.60e-05	2.10e-02	1.38e-01	7.85e-01	5.60e-02	6.16e-04	1.97e-09	7.65e-13	1.73e-13	7.60e-05	3.83e-10	2.02e-31
 1.60246e+23	2.32e-09	8.44e-05	2.26e-02	1.43e-01	7.80e-01	5.32e-02	5.60e-04	2.32e-09	8.64e-13	1.95e-13	8.44e-05	4.09e-10	3.06e-31
 1.66779e+23	2.72e-09	9.33e-05	2.41e-02	1.49e-01	7.76e-01	5.07e-02	5.11e-04	2.72e-09	9.70e-13	2.19e-13	9.33e-05	4.34e-10	4.54e-31
 1.73573e+23	3.16e-09	1.03e-04	2.57e-02	1.54e-01	7.71e-01	4.83e-02	4.68e-04	3.16e-09	1.08e-12	2.43e-13	1.03e-04	4.58e-10	6.63e-31
 1.80640e+23	3.63e-09	1.12e-04	2.73e-02	1.59e-01	7.67e-01	4.62e-02	4.31e-04	3.63e-09	1.18e-12	2.67e-13	1.12e-04	4.79e-10	9.48e-31
 1.87989e+23	4.14e-09	1.22e-04	2.88e-02	1.64e-01	7.62e-01	4.42e-02	3.98e-04	4.14e-09	1.28e-12	2.89e-13	1.22e-04	4.99e-10	1.33e-30
 1.95632e+23	4.67e-09	1.32e-04	3.04e-02	1.69e-01	7.57e-01	4.25e-02	3.69e-04	4.67e-09	1.38e-12	3.10e-13	1.32e-04	5.15e-10	1.82e-30
 2.03580e+23	5.22e-09	1.43e-04	3.19e-02	1.74e-01	7.53e-01	4.09e-02	3.44e-04	5.22e-09	1.46e-12	3.29e-13	1.43e-04	5.28e-10	2.44e-30
 2.11847e+23	5.79e-09	1.53e-04	3.34e-02	1.78e-01	7.48e-01	3.94e-02	3.21e-04	5.79e-09	1.53e-12	3.45e-13	1.53e-04	5.37e-10	3.21e-30
 2.20444e+23	6.35e-09	1.63e-04	3.47e-02	1.82e-01	7.44e-01	3.82e-02	3.04e-04	6.35e-09	1.59e-12	3.57e-13	1.63e-04	5.41e-10	4.08e-30
 2.28860e+23	6.91e-09	1.73e-04	3.62e-02	1.86e-01	7.40e-01	3.69e-02	2.85e-04	6.91e-09	1.64e-12	3.69e-13	1.73e-04	5.47e-10	5.22e-30
 2.36522e+23	7.43e-09	1.82e-04	3.74e-02	1.90e-01	7.37e-01	3.59e-02	2.72e-04	7.43e-09	1.68e-12	3.78e-13	1.82e-04	5.49e-10	6.35e-30
 2.43418e+23	7.86e-09	1.90e-04	3.84e-02	1.92e-01	7.34e-01	3.51e-02	2.61e-04	7.86e-09	1.71e-12	3.83e-13	1.90e-04	5.49e-10	7.46e-30
 2.49625e+23	8.26e-09	1.96e-04	3.92e-02	1.95e-01	7.31e-01	3.45e-02	2.53e-04	8.26e-09	1.73e-12	3.88e-13	1.96e-04	5.48e-10	8.51e-30
 2.55210e+23	8.53e-09	2.01e-04	3.98e-02	1.96e-01	7.29e-01	3.41e-02	2.47e-04	8.53e-09	1.72e-12	3.87e-13	2.01e-04	5.42e-10	9.38e-30
 2.60237e+23	8.80e-09	2.06e-04	4.04e-02	1.98e-01	7.28e-01	3.36e-02	2.42e-04	8.80e-09	1.72e-12	3.87e-13	2.06e-04	5.38e-10	1.02e-29
 2.64762e+23	9.00e-09	2.09e-04	4.09e-02	1.99e-01	7.26e-01	3.33e-02	2.38e-04	9.00e-09	1.71e-12	3.85e-13	2.09e-04	5.33e-10	1.09e-29
 2.68834e+23	9.12e-09	2.12e-04	4.12e-02	2.00e-01	7.26e-01	3.31e-02	2.35e-04	9.11e-09	1.69e-12	3.80e-13	2.12e-04	5.25e-10	1.14e-29
 2.72499e+23	9.26e-09	2.14e-04	4.15e-02	2.01e-01	7.25e-01	3.29e-02	2.32e-04	9.26e-09	1.68e-12	3.77e-13	2.14e-04	5.19e-10	1.20e-29
 2.75797e+23	9.41e-09	2.17e-04	4.18e-02	2.01e-01	7.24e-01	3.27e-02	2.30e-04	9.40e-09	1.67e-12	3.75e-13	2.17e-04	5.15e-10	1.25e-29
 2.78887e+23	9.51e-09	2.18e-04	4.20e-02	2.02e-01	7.23e-01	3.25e-02	2.28e-04	9.51e-09	1.66e-12	3.72e-13	2.18e-04	5.10e-10	1.30e-29
 2.81941e+23	9.64e-09	2.20e-04	4.23e-02	2.03e-01	7.22e-01	3.24e-02	2.26e-04	9.64e-09	1.65e-12	3.70e-13	2.20e-04	5.05e-10	1.34e-29
 2.84996e+23	9.70e-09	2.21e-04	4.24e-02	2.03e-01	7.22e-01	3.23e-02	2.25e-04	9.69e-09	1.63e-12	3.65e-13	2.21e-04	4.98e-10	1.36e-29
 2.88051e+23	9.74e-09	2.22e-04	4.25e-02	2.03e-01	7.22e-01	3.22e-02	2.24e-04	9.73e-09	1.60e-12	3.59e-13	2.22e-04	4.91e-10	1.39e-29
 2.91106e+23	9.76e-09	2.23e-04	4.26e-02	2.04e-01	7.21e-01	3.21e-02	2.23e-04	9.76e-09	1.57e-12	3.53e-13	2.23e-04	4.83e-10	1.41e-29
 2.94161e+23	9.76e-09	2.23e-04	4.26e-02	2.04e-01	7.21e-01	3.21e-02	2.22e-04	9.76e-09	1.54e-12	3.46e-13	2.23e-04	4.74e-10	1.41e-29
 2.97216e+23	9.76e-09	2.24e-04	4.27e-02	2.04e-01	7.21e-01	3.21e-02	2.22e-04	9.76e-09	1.51e-12	3.39e-13	2.24e-04	4.65e-10	1.42e-29
 3.00270e+23	9.77e-09	2.24e-04	4.27e-02	2.04e-01	7.21e-01	3.20e-02	2.21e-04	9.76e-09	1.48e-12	3.33e-13	2.24e-04	4.57e-10	1.43e-29
 3.03325e+23	9.76e-09	2.24e-04	4.28e-02	2.04e-01	7.21e-01	3.20e-02	2.21e-04	9.76e-09	1.45e-12	3.26e-13	2.24e-04	4.49e-10	1.44e-29
 3.05167e+23	1.01e-08	2.29e-04	4.34e-02	2.06e-01	7.19e-01	3.16e-02	2.17e-04	1.01e-08	1.49e-12	3.35e-13	2.29e-04	4.57e-10	1.57e-29
