#depth	Ne	Ne+	Ne+2	Ne+3	Ne+4	Ne+5	Ne+6	Ne+7	Ne+8	Ne+9	Ne+10
 6.17135e+19	4.81e-31	1.32e-24	2.27e-19	4.48e-15	1.64e-11	1.17e-08	2.17e-06	1.89e-04	5.30e-02	3.67e-01	5.80e-01
 1.87609e+20	1.67e-30	4.03e-24	6.12e-19	1.06e-14	3.48e-11	2.22e-08	3.58e-06	2.68e-04	6.50e-02	3.93e-01	5.42e-01
 2.83882e+20	4.11e-30	9.09e-24	1.26e-18	2.00e-14	6.05e-11	3.54e-08	5.18e-06	3.46e-04	7.54e-02	4.11e-01	5.13e-01
 3.32018e+20	6.34e-30	1.34e-23	1.78e-18	2.72e-14	7.89e-11	4.44e-08	6.19e-06	3.91e-04	8.10e-02	4.20e-01	4.99e-01
 3.58442e+20	7.99e-30	1.66e-23	2.15e-18	3.20e-14	9.10e-11	5.01e-08	6.81e-06	4.18e-04	8.41e-02	4.25e-01	4.91e-01
 3.82312e+20	9.81e-30	1.99e-23	2.53e-18	3.70e-14	1.03e-10	5.58e-08	7.41e-06	4.44e-04	8.70e-02	4.29e-01	4.84e-01
 4.13342e+20	1.27e-29	2.53e-23	3.13e-18	4.45e-14	1.22e-10	6.40e-08	8.26e-06	4.78e-04	9.08e-02	4.34e-01	4.75e-01
 4.53682e+20	1.78e-29	3.42e-23	4.09e-18	5.63e-14	1.49e-10	7.63e-08	9.48e-06	5.26e-04	9.59e-02	4.40e-01	4.63e-01
 4.96663e+20	2.51e-29	4.67e-23	5.41e-18	7.18e-14	1.85e-10	9.15e-08	1.10e-05	5.81e-04	1.01e-01	4.47e-01	4.51e-01
 5.34107e+20	3.36e-29	6.08e-23	6.85e-18	8.84e-14	2.22e-10	1.07e-07	1.24e-05	6.32e-04	1.06e-01	4.52e-01	4.41e-01
 5.73813e+20	4.54e-29	7.99e-23	8.74e-18	1.10e-13	2.68e-10	1.25e-07	1.40e-05	6.90e-04	1.12e-01	4.57e-01	4.30e-01
 6.18609e+20	6.32e-29	1.08e-22	1.14e-17	1.39e-13	3.29e-10	1.49e-07	1.61e-05	7.59e-04	1.18e-01	4.63e-01	4.19e-01
 6.61102e+20	8.56e-29	1.42e-22	1.46e-17	1.72e-13	3.98e-10	1.76e-07	1.83e-05	8.29e-04	1.24e-01	4.68e-01	4.08e-01
 7.01150e+20	1.13e-28	1.83e-22	1.84e-17	2.10e-13	4.75e-10	2.04e-07	2.06e-05	8.99e-04	1.29e-01	4.72e-01	3.97e-01
 7.40596e+20	1.48e-28	2.33e-22	2.28e-17	2.54e-13	5.61e-10	2.35e-07	2.31e-05	9.72e-04	1.35e-01	4.76e-01	3.88e-01
 7.79063e+20	1.90e-28	2.94e-22	2.81e-17	3.05e-13	6.59e-10	2.69e-07	2.57e-05	1.05e-03	1.40e-01	4.80e-01	3.78e-01
 8.22600e+20	2.51e-28	3.79e-22	3.52e-17	3.73e-13	7.85e-10	3.13e-07	2.90e-05	1.14e-03	1.47e-01	4.84e-01	3.68e-01
 8.69946e+20	3.37e-28	4.95e-22	4.49e-17	4.61e-13	9.46e-10	3.66e-07	3.28e-05	1.24e-03	1.54e-01	4.88e-01	3.57e-01
 9.12442e+20	4.37e-28	6.26e-22	5.54e-17	5.55e-13	1.11e-09	4.21e-07	3.66e-05	1.33e-03	1.60e-01	4.91e-01	3.48e-01
 9.57886e+20	5.71e-28	8.00e-22	6.90e-17	6.73e-13	1.32e-09	4.86e-07	4.11e-05	1.44e-03	1.67e-01	4.94e-01	3.38e-01
 1.00850e+21	7.63e-28	1.04e-21	8.76e-17	8.30e-13	1.59e-09	5.68e-07	4.65e-05	1.57e-03	1.74e-01	4.97e-01	3.27e-01
 1.05562e+21	9.92e-28	1.32e-21	1.09e-16	1.00e-12	1.87e-09	6.55e-07	5.20e-05	1.69e-03	1.82e-01	4.99e-01	3.17e-01
 1.09996e+21	1.26e-27	1.65e-21	1.33e-16	1.20e-12	2.18e-09	7.45e-07	5.76e-05	1.82e-03	1.88e-01	5.01e-01	3.09e-01
 1.15086e+21	1.65e-27	2.11e-21	1.65e-16	1.45e-12	2.59e-09	8.61e-07	6.46e-05	1.97e-03	1.96e-01	5.03e-01	2.99e-01
 1.20786e+21	2.21e-27	2.76e-21	2.10e-16	1.79e-12	3.12e-09	1.01e-06	7.31e-05	2.14e-03	2.05e-01	5.05e-01	2.88e-01
 1.25785e+21	2.83e-27	3.46e-21	2.58e-16	2.15e-12	3.66e-09	1.15e-06	8.13e-05	2.30e-03	2.13e-01	5.06e-01	2.79e-01
 1.29968e+21	3.47e-27	4.17e-21	3.06e-16	2.49e-12	4.16e-09	1.29e-06	8.87e-05	2.44e-03	2.19e-01	5.07e-01	2.72e-01
 1.34585e+21	4.33e-27	5.10e-21	3.66e-16	2.92e-12	4.78e-09	1.45e-06	9.74e-05	2.60e-03	2.26e-01	5.07e-01	2.64e-01
 1.40588e+21	5.71e-27	6.58e-21	4.61e-16	3.58e-12	5.71e-09	1.68e-06	1.10e-04	2.82e-03	2.35e-01	5.08e-01	2.54e-01
 1.46803e+21	7.55e-27	8.50e-21	5.81e-16	4.39e-12	6.82e-09	1.96e-06	1.23e-04	3.05e-03	2.45e-01	5.08e-01	2.44e-01
 1.51973e+21	9.49e-27	1.05e-20	7.02e-16	5.18e-12	7.90e-09	2.21e-06	1.36e-04	3.26e-03	2.53e-01	5.07e-01	2.36e-01
 1.57371e+21	1.19e-26	1.29e-20	8.48e-16	6.11e-12	9.12e-09	2.50e-06	1.50e-04	3.48e-03	2.61e-01	5.07e-01	2.29e-01
 1.64390e+21	1.60e-26	1.69e-20	1.08e-15	7.56e-12	1.10e-08	2.92e-06	1.69e-04	3.77e-03	2.71e-01	5.06e-01	2.19e-01
 1.71610e+21	2.14e-26	2.21e-20	1.37e-15	9.34e-12	1.32e-08	3.41e-06	1.91e-04	4.10e-03	2.82e-01	5.04e-01	2.09e-01
 1.77550e+21	2.70e-26	2.73e-20	1.67e-15	1.11e-11	1.53e-08	3.87e-06	2.10e-04	4.37e-03	2.91e-01	5.03e-01	2.02e-01
 1.83729e+21	3.42e-26	3.40e-20	2.03e-15	1.31e-11	1.78e-08	4.38e-06	2.32e-04	4.67e-03	3.00e-01	5.01e-01	1.95e-01
 1.90511e+21	4.41e-26	4.29e-20	2.50e-15	1.58e-11	2.09e-08	5.01e-06	2.58e-04	5.01e-03	3.10e-01	4.98e-01	1.87e-01
 1.96705e+21	5.53e-26	5.28e-20	3.02e-15	1.86e-11	2.41e-08	5.65e-06	2.83e-04	5.33e-03	3.19e-01	4.96e-01	1.80e-01
 2.03387e+21	7.02e-26	6.56e-20	3.67e-15	2.21e-11	2.79e-08	6.41e-06	3.12e-04	5.68e-03	3.28e-01	4.93e-01	1.73e-01
 2.10860e+21	9.11e-26	8.33e-20	4.55e-15	2.67e-11	3.29e-08	7.34e-06	3.47e-04	6.10e-03	3.38e-01	4.90e-01	1.65e-01
 2.17902e+21	1.16e-25	1.04e-19	5.55e-15	3.18e-11	3.82e-08	8.32e-06	3.82e-04	6.50e-03	3.48e-01	4.87e-01	1.58e-01
 2.25594e+21	1.50e-25	1.31e-19	6.85e-15	3.82e-11	4.48e-08	9.50e-06	4.23e-04	6.95e-03	3.58e-01	4.83e-01	1.51e-01
 2.34147e+21	1.97e-25	1.69e-19	8.61e-15	4.66e-11	5.33e-08	1.10e-05	4.72e-04	7.48e-03	3.70e-01	4.78e-01	1.44e-01
 2.42167e+21	2.54e-25	2.13e-19	1.06e-14	5.59e-11	6.24e-08	1.25e-05	5.22e-04	7.99e-03	3.80e-01	4.74e-01	1.38e-01
 2.50938e+21	3.33e-25	2.73e-19	1.33e-14	6.79e-11	7.37e-08	1.44e-05	5.81e-04	8.56e-03	3.91e-01	4.69e-01	1.31e-01
 2.60784e+21	4.49e-25	3.58e-19	1.69e-14	8.40e-11	8.85e-08	1.67e-05	6.52e-04	9.23e-03	4.04e-01	4.63e-01	1.24e-01
 2.69550e+21	5.81e-25	4.53e-19	2.09e-14	1.01e-10	1.04e-07	1.90e-05	7.21e-04	9.85e-03	4.15e-01	4.57e-01	1.18e-01
 2.77086e+21	7.21e-25	5.53e-19	2.50e-14	1.18e-10	1.18e-07	2.13e-05	7.84e-04	1.04e-02	4.24e-01	4.52e-01	1.13e-01
 2.85504e+21	9.14e-25	6.86e-19	3.03e-14	1.40e-10	1.37e-07	2.40e-05	8.59e-04	1.10e-02	4.34e-01	4.47e-01	1.08e-01
 2.96448e+21	1.24e-24	9.03e-19	3.87e-14	1.73e-10	1.64e-07	2.78e-05	9.61e-04	1.19e-02	4.46e-01	4.40e-01	1.01e-01
 3.07543e+21	1.66e-24	1.19e-18	4.95e-14	2.14e-10	1.98e-07	3.24e-05	1.08e-03	1.28e-02	4.58e-01	4.32e-01	9.53e-02
 3.16322e+21	2.10e-24	1.46e-18	5.98e-14	2.52e-10	2.27e-07	3.63e-05	1.18e-03	1.35e-02	4.68e-01	4.27e-01	9.08e-02
 3.25222e+21	2.63e-24	1.80e-18	7.21e-14	2.97e-10	2.61e-07	4.07e-05	1.28e-03	1.43e-02	4.77e-01	4.20e-01	8.65e-02
 3.36793e+21	3.52e-24	2.35e-18	9.14e-14	3.65e-10	3.11e-07	4.70e-05	1.43e-03	1.53e-02	4.89e-01	4.13e-01	8.14e-02
 3.48838e+21	4.74e-24	3.08e-18	1.16e-13	4.49e-10	3.72e-07	5.43e-05	1.59e-03	1.63e-02	5.01e-01	4.05e-01	7.64e-02
 3.58927e+21	6.03e-24	3.84e-18	1.42e-13	5.34e-10	4.31e-07	6.13e-05	1.74e-03	1.73e-02	5.11e-01	3.98e-01	7.23e-02
 3.69472e+21	7.71e-24	4.80e-18	1.73e-13	6.36e-10	5.01e-07	6.93e-05	1.91e-03	1.83e-02	5.21e-01	3.90e-01	6.84e-02
 3.83181e+21	1.05e-23	6.39e-18	2.24e-13	7.93e-10	6.04e-07	8.07e-05	2.14e-03	1.97e-02	5.33e-01	3.81e-01	6.37e-02
 3.97122e+21	1.44e-23	8.48e-18	2.88e-13	9.89e-10	7.30e-07	9.41e-05	2.40e-03	2.11e-02	5.46e-01	3.72e-01	5.92e-02
 4.08307e+21	1.83e-23	1.06e-17	3.52e-13	1.18e-09	8.45e-07	1.06e-04	2.63e-03	2.23e-02	5.55e-01	3.64e-01	5.59e-02
 4.19792e+21	2.33e-23	1.32e-17	4.29e-13	1.40e-09	9.80e-07	1.20e-04	2.87e-03	2.36e-02	5.65e-01	3.56e-01	5.26e-02
 4.34723e+21	3.16e-23	1.74e-17	5.52e-13	1.74e-09	1.18e-06	1.39e-04	3.22e-03	2.53e-02	5.76e-01	3.46e-01	4.88e-02
 4.49138e+21	4.24e-23	2.28e-17	7.00e-13	2.13e-09	1.41e-06	1.60e-04	3.57e-03	2.69e-02	5.87e-01	3.37e-01	4.54e-02
 4.59762e+21	5.20e-23	2.75e-17	8.31e-13	2.48e-09	1.60e-06	1.78e-04	3.85e-03	2.83e-02	5.94e-01	3.30e-01	4.30e-02
 4.70451e+21	6.36e-23	3.32e-17	9.82e-13	2.87e-09	1.81e-06	1.97e-04	4.16e-03	2.96e-02	6.02e-01	3.23e-01	4.07e-02
 4.84347e+21	8.24e-23	4.20e-17	1.22e-12	3.45e-09	2.12e-06	2.24e-04	4.57e-03	3.14e-02	6.11e-01	3.15e-01	3.80e-02
 4.99032e+21	1.07e-22	5.35e-17	1.51e-12	4.18e-09	2.50e-06	2.57e-04	5.06e-03	3.34e-02	6.21e-01	3.05e-01	3.52e-02
 5.11502e+21	1.32e-22	6.54e-17	1.82e-12	4.91e-09	2.87e-06	2.88e-04	5.50e-03	3.51e-02	6.28e-01	2.98e-01	3.31e-02
 5.24474e+21	1.65e-22	8.01e-17	2.19e-12	5.76e-09	3.30e-06	3.22e-04	5.98e-03	3.69e-02	6.36e-01	2.90e-01	3.10e-02
 5.41338e+21	2.17e-22	1.03e-16	2.76e-12	7.07e-09	3.93e-06	3.72e-04	6.65e-03	3.94e-02	6.45e-01	2.80e-01	2.85e-02
 5.58480e+21	2.84e-22	1.33e-16	3.47e-12	8.66e-09	4.68e-06	4.30e-04	7.39e-03	4.20e-02	6.54e-01	2.70e-01	2.61e-02
 5.72275e+21	3.50e-22	1.62e-16	4.16e-12	1.01e-08	5.37e-06	4.81e-04	8.04e-03	4.42e-02	6.61e-01	2.62e-01	2.44e-02
 5.86498e+21	4.30e-22	1.97e-16	4.98e-12	1.19e-08	6.17e-06	5.39e-04	8.74e-03	4.65e-02	6.67e-01	2.54e-01	2.27e-02
 6.04988e+21	5.61e-22	2.53e-16	6.26e-12	1.45e-08	7.34e-06	6.21e-04	9.70e-03	4.95e-02	6.75e-01	2.44e-01	2.08e-02
 6.24306e+21	7.27e-22	3.23e-16	7.88e-12	1.78e-08	8.77e-06	7.19e-04	1.08e-02	5.28e-02	6.83e-01	2.34e-01	1.89e-02
 6.40408e+21	8.93e-22	3.94e-16	9.49e-12	2.10e-08	1.01e-05	8.11e-04	1.18e-02	5.57e-02	6.88e-01	2.26e-01	1.74e-02
 6.57049e+21	1.09e-21	4.80e-16	1.14e-11	2.48e-08	1.17e-05	9.14e-04	1.29e-02	5.88e-02	6.94e-01	2.18e-01	1.61e-02
 6.78683e+21	1.41e-21	6.13e-16	1.44e-11	3.05e-08	1.41e-05	1.06e-03	1.44e-02	6.29e-02	7.00e-01	2.07e-01	1.44e-02
 7.00644e+21	1.79e-21	7.78e-16	1.80e-11	3.74e-08	1.69e-05	1.24e-03	1.61e-02	6.72e-02	7.05e-01	1.97e-01	1.30e-02
 7.18218e+21	2.13e-21	9.29e-16	2.14e-11	4.38e-08	1.94e-05	1.39e-03	1.76e-02	7.08e-02	7.09e-01	1.89e-01	1.19e-02
 7.33309e+21	2.50e-21	1.09e-15	2.49e-11	5.00e-08	2.18e-05	1.53e-03	1.88e-02	7.39e-02	7.12e-01	1.83e-01	1.11e-02
 7.49984e+21	2.93e-21	1.27e-15	2.91e-11	5.77e-08	2.48e-05	1.70e-03	2.03e-02	7.74e-02	7.15e-01	1.76e-01	1.02e-02
 7.71661e+21	3.57e-21	1.56e-15	3.54e-11	6.90e-08	2.91e-05	1.94e-03	2.24e-02	8.20e-02	7.17e-01	1.67e-01	9.20e-03
 7.93993e+21	4.32e-21	1.90e-15	4.30e-11	8.26e-08	3.42e-05	2.22e-03	2.47e-02	8.69e-02	7.19e-01	1.59e-01	8.27e-03
 8.12361e+21	5.02e-21	2.22e-15	5.03e-11	9.54e-08	3.89e-05	2.47e-03	2.66e-02	9.11e-02	7.20e-01	1.52e-01	7.58e-03
 8.31424e+21	5.81e-21	2.59e-15	5.87e-11	1.10e-07	4.42e-05	2.75e-03	2.88e-02	9.54e-02	7.21e-01	1.45e-01	6.93e-03
 8.56205e+21	6.95e-21	3.15e-15	7.14e-11	1.32e-07	5.21e-05	3.15e-03	3.17e-02	1.01e-01	7.21e-01	1.37e-01	6.17e-03
 8.81122e+21	8.26e-21	3.80e-15	8.65e-11	1.58e-07	6.13e-05	3.59e-03	3.48e-02	1.07e-01	7.20e-01	1.29e-01	5.50e-03
 9.00709e+21	9.39e-21	4.38e-15	1.00e-10	1.81e-07	6.93e-05	3.97e-03	3.74e-02	1.12e-01	7.18e-01	1.23e-01	5.02e-03
 9.20667e+21	1.06e-20	5.03e-15	1.16e-10	2.08e-07	7.83e-05	4.39e-03	4.01e-02	1.17e-01	7.16e-01	1.18e-01	4.59e-03
 9.46612e+21	1.24e-20	6.00e-15	1.39e-10	2.47e-07	9.14e-05	4.98e-03	4.38e-02	1.23e-01	7.13e-01	1.11e-01	4.09e-03
 9.73692e+21	1.45e-20	7.17e-15	1.68e-10	2.95e-07	1.07e-04	5.66e-03	4.79e-02	1.29e-01	7.09e-01	1.04e-01	3.62e-03
 9.96440e+21	1.65e-20	8.30e-15	1.96e-10	3.41e-07	1.22e-04	6.28e-03	5.14e-02	1.35e-01	7.05e-01	9.88e-02	3.28e-03
 1.02021e+22	1.87e-20	9.62e-15	2.29e-10	3.96e-07	1.39e-04	6.97e-03	5.52e-02	1.41e-01	7.00e-01	9.35e-02	2.96e-03
 1.05111e+22	2.19e-20	1.16e-14	2.80e-10	4.79e-07	1.65e-04	7.96e-03	6.03e-02	1.48e-01	6.94e-01	8.71e-02	2.59e-03
 1.08284e+22	2.57e-20	1.40e-14	3.42e-10	5.80e-07	1.95e-04	9.08e-03	6.59e-02	1.56e-01	6.86e-01	8.10e-02	2.27e-03
 1.10888e+22	2.93e-20	1.64e-14	4.03e-10	6.77e-07	2.23e-04	1.01e-02	7.06e-02	1.62e-01	6.79e-01	7.63e-02	2.04e-03
 1.13056e+22	3.22e-20	1.85e-14	4.60e-10	7.68e-07	2.49e-04	1.10e-02	7.46e-02	1.67e-01	6.72e-01	7.25e-02	1.86e-03
 1.15336e+22	3.63e-20	2.11e-14	5.30e-10	8.76e-07	2.78e-04	1.20e-02	7.89e-02	1.73e-01	6.66e-01	6.90e-02	1.70e-03
 1.18300e+22	4.17e-20	2.50e-14	6.33e-10	1.04e-06	3.21e-04	1.33e-02	8.45e-02	1.79e-01	6.56e-01	6.46e-02	1.51e-03
 1.21347e+22	4.82e-20	2.97e-14	7.61e-10	1.23e-06	3.71e-04	1.49e-02	9.06e-02	1.86e-01	6.46e-01	6.03e-02	1.34e-03
 1.23847e+22	5.37e-20	3.40e-14	8.80e-10	1.41e-06	4.18e-04	1.63e-02	9.57e-02	1.92e-01	6.38e-01	5.70e-02	1.21e-03
 1.26438e+22	6.12e-20	3.94e-14	1.03e-09	1.62e-06	4.69e-04	1.77e-02	1.01e-01	1.97e-01	6.29e-01	5.39e-02	1.10e-03
 1.29807e+22	7.16e-20	4.73e-14	1.24e-09	1.94e-06	5.45e-04	1.98e-02	1.08e-01	2.04e-01	6.17e-01	5.01e-02	9.68e-04
 1.33259e+22	8.42e-20	5.72e-14	1.52e-09	2.33e-06	6.33e-04	2.21e-02	1.15e-01	2.11e-01	6.04e-01	4.64e-02	8.50e-04
 1.36063e+22	9.52e-20	6.64e-14	1.78e-09	2.69e-06	7.14e-04	2.41e-02	1.22e-01	2.17e-01	5.93e-01	4.36e-02	7.65e-04
 1.38951e+22	1.10e-19	7.78e-14	2.09e-09	3.11e-06	8.03e-04	2.63e-02	1.28e-01	2.22e-01	5.82e-01	4.11e-02	6.91e-04
 1.42706e+22	1.31e-19	9.51e-14	2.56e-09	3.74e-06	9.33e-04	2.93e-02	1.36e-01	2.28e-01	5.67e-01	3.79e-02	6.04e-04
 1.46585e+22	1.57e-19	1.17e-13	3.17e-09	4.53e-06	1.09e-03	3.27e-02	1.45e-01	2.34e-01	5.52e-01	3.49e-02	5.26e-04
 1.49785e+22	1.82e-19	1.38e-13	3.76e-09	5.28e-06	1.23e-03	3.57e-02	1.52e-01	2.39e-01	5.39e-01	3.25e-02	4.69e-04
 1.53103e+22	2.14e-19	1.65e-13	4.47e-09	6.16e-06	1.39e-03	3.89e-02	1.59e-01	2.44e-01	5.26e-01	3.04e-02	4.19e-04
 1.57417e+22	2.62e-19	2.06e-13	5.59e-09	7.50e-06	1.62e-03	4.33e-02	1.69e-01	2.50e-01	5.08e-01	2.78e-02	3.62e-04
 1.61885e+22	3.24e-19	2.60e-13	7.03e-09	9.17e-06	1.90e-03	4.83e-02	1.79e-01	2.55e-01	4.90e-01	2.53e-02	3.12e-04
 1.65592e+22	3.84e-19	3.13e-13	8.47e-09	1.08e-05	2.16e-03	5.27e-02	1.88e-01	2.59e-01	4.75e-01	2.34e-02	2.75e-04
 1.69451e+22	4.64e-19	3.81e-13	1.02e-08	1.27e-05	2.45e-03	5.74e-02	1.96e-01	2.62e-01	4.60e-01	2.16e-02	2.43e-04
 1.74468e+22	5.88e-19	4.89e-13	1.30e-08	1.56e-05	2.87e-03	6.39e-02	2.07e-01	2.66e-01	4.40e-01	1.95e-02	2.07e-04
 1.79707e+22	7.55e-19	6.34e-13	1.67e-08	1.93e-05	3.37e-03	7.12e-02	2.18e-01	2.70e-01	4.20e-01	1.75e-02	1.75e-04
 1.84137e+22	9.29e-19	7.86e-13	2.05e-08	2.30e-05	3.85e-03	7.77e-02	2.28e-01	2.72e-01	4.03e-01	1.60e-02	1.51e-04
 1.87818e+22	1.11e-18	9.40e-13	2.42e-08	2.65e-05	4.27e-03	8.33e-02	2.35e-01	2.73e-01	3.89e-01	1.48e-02	1.35e-04
 1.91626e+22	1.33e-18	1.13e-12	2.86e-08	3.05e-05	4.76e-03	8.93e-02	2.43e-01	2.74e-01	3.75e-01	1.37e-02	1.20e-04
 1.96577e+22	1.68e-18	1.42e-12	3.54e-08	3.64e-05	5.42e-03	9.73e-02	2.52e-01	2.75e-01	3.58e-01	1.24e-02	1.03e-04
 2.01757e+22	2.14e-18	1.80e-12	4.42e-08	4.38e-05	6.21e-03	1.06e-01	2.62e-01	2.75e-01	3.40e-01	1.12e-02	8.83e-05
 2.06108e+22	2.63e-18	2.20e-12	5.29e-08	5.08e-05	6.94e-03	1.14e-01	2.69e-01	2.74e-01	3.25e-01	1.03e-02	7.74e-05
 2.10640e+22	3.24e-18	2.69e-12	6.35e-08	5.90e-05	7.74e-03	1.22e-01	2.77e-01	2.73e-01	3.11e-01	9.37e-03	6.77e-05
 2.16531e+22	4.24e-18	3.47e-12	8.00e-08	7.12e-05	8.87e-03	1.33e-01	2.86e-01	2.71e-01	2.92e-01	8.34e-03	5.71e-05
 2.22538e+22	5.59e-18	4.51e-12	1.01e-07	8.60e-05	1.02e-02	1.44e-01	2.95e-01	2.69e-01	2.74e-01	7.39e-03	4.78e-05
 2.27359e+22	6.97e-18	5.53e-12	1.21e-07	9.94e-05	1.13e-02	1.54e-01	3.02e-01	2.66e-01	2.60e-01	6.72e-03	4.16e-05
 2.32287e+22	8.67e-18	6.78e-12	1.45e-07	1.15e-04	1.25e-02	1.64e-01	3.08e-01	2.63e-01	2.47e-01	6.10e-03	3.62e-05
 2.38695e+22	1.15e-17	8.76e-12	1.81e-07	1.37e-04	1.42e-02	1.76e-01	3.15e-01	2.59e-01	2.30e-01	5.39e-03	3.03e-05
 2.45441e+22	1.55e-17	1.15e-11	2.28e-07	1.65e-04	1.61e-02	1.90e-01	3.22e-01	2.53e-01	2.14e-01	4.73e-03	2.51e-05
 2.51179e+22	1.98e-17	1.44e-11	2.77e-07	1.92e-04	1.79e-02	2.02e-01	3.27e-01	2.48e-01	2.00e-01	4.23e-03	2.14e-05
 2.57191e+22	2.55e-17	1.80e-11	3.35e-07	2.23e-04	1.99e-02	2.15e-01	3.31e-01	2.43e-01	1.87e-01	3.77e-03	1.82e-05
 2.65007e+22	3.51e-17	2.38e-11	4.26e-07	2.68e-04	2.26e-02	2.31e-01	3.36e-01	2.36e-01	1.72e-01	3.26e-03	1.48e-05
 2.73140e+22	4.90e-17	3.20e-11	5.45e-07	3.24e-04	2.58e-02	2.48e-01	3.40e-01	2.27e-01	1.56e-01	2.79e-03	1.20e-05
 2.79941e+22	6.45e-17	4.06e-11	6.65e-07	3.78e-04	2.86e-02	2.62e-01	3.42e-01	2.20e-01	1.44e-01	2.45e-03	9.99e-06
 2.87041e+22	8.45e-17	5.13e-11	8.07e-07	4.38e-04	3.16e-02	2.76e-01	3.44e-01	2.13e-01	1.33e-01	2.15e-03	8.37e-06
 2.96272e+22	1.19e-16	6.89e-11	1.03e-06	5.27e-04	3.58e-02	2.94e-01	3.45e-01	2.03e-01	1.20e-01	1.82e-03	6.66e-06
 3.06097e+22	1.71e-16	9.39e-11	1.33e-06	6.39e-04	4.06e-02	3.13e-01	3.44e-01	1.93e-01	1.07e-01	1.52e-03	5.22e-06
 3.14617e+22	2.33e-16	1.22e-10	1.64e-06	7.48e-04	4.50e-02	3.29e-01	3.43e-01	1.84e-01	9.71e-02	1.31e-03	4.24e-06
 3.21640e+22	2.98e-16	1.50e-10	1.94e-06	8.48e-04	4.88e-02	3.42e-01	3.41e-01	1.77e-01	8.96e-02	1.15e-03	3.58e-06
 3.28796e+22	3.78e-16	1.83e-10	2.28e-06	9.56e-04	5.27e-02	3.54e-01	3.39e-01	1.70e-01	8.27e-02	1.02e-03	3.03e-06
 3.38099e+22	5.10e-16	2.36e-10	2.80e-06	1.11e-03	5.80e-02	3.69e-01	3.35e-01	1.61e-01	7.45e-02	8.71e-04	2.45e-06
 3.47912e+22	6.99e-16	3.06e-10	3.45e-06	1.29e-03	6.39e-02	3.85e-01	3.31e-01	1.52e-01	6.67e-02	7.37e-04	1.96e-06
 3.56303e+22	9.07e-16	3.80e-10	4.10e-06	1.47e-03	6.92e-02	3.98e-01	3.26e-01	1.44e-01	6.07e-02	6.40e-04	1.63e-06
 3.65127e+22	1.17e-15	4.70e-10	4.85e-06	1.66e-03	7.46e-02	4.10e-01	3.21e-01	1.36e-01	5.52e-02	5.56e-04	1.35e-06
 3.76598e+22	1.62e-15	6.16e-10	6.00e-06	1.93e-03	8.20e-02	4.26e-01	3.14e-01	1.27e-01	4.88e-02	4.63e-04	1.06e-06
 3.88163e+22	2.26e-15	8.09e-10	7.44e-06	2.26e-03	9.00e-02	4.40e-01	3.06e-01	1.18e-01	4.29e-02	3.83e-04	8.26e-07
 3.97228e+22	2.89e-15	9.88e-10	8.70e-06	2.52e-03	9.63e-02	4.51e-01	3.00e-01	1.11e-01	3.89e-02	3.33e-04	6.86e-07
 4.06388e+22	3.64e-15	1.20e-09	1.01e-05	2.80e-03	1.03e-01	4.60e-01	2.93e-01	1.05e-01	3.54e-02	2.90e-04	5.73e-07
 4.18296e+22	4.85e-15	1.51e-09	1.21e-05	3.19e-03	1.11e-01	4.71e-01	2.85e-01	9.80e-02	3.15e-02	2.44e-04	4.58e-07
 4.31338e+22	6.69e-15	1.96e-09	1.48e-05	3.68e-03	1.20e-01	4.83e-01	2.75e-01	9.02e-02	2.75e-02	2.01e-04	3.55e-07
 4.43017e+22	8.79e-15	2.45e-09	1.76e-05	4.15e-03	1.29e-01	4.92e-01	2.67e-01	8.38e-02	2.44e-02	1.70e-04	2.85e-07
 4.55361e+22	1.15e-14	3.04e-09	2.08e-05	4.66e-03	1.38e-01	5.00e-01	2.58e-01	7.77e-02	2.17e-02	1.44e-04	2.30e-07
 4.71409e+22	1.60e-14	3.98e-09	2.56e-05	5.38e-03	1.49e-01	5.09e-01	2.47e-01	7.06e-02	1.87e-02	1.16e-04	1.75e-07
 4.87948e+22	2.27e-14	5.27e-09	3.18e-05	6.23e-03	1.62e-01	5.18e-01	2.35e-01	6.37e-02	1.59e-02	9.28e-05	1.31e-07
 5.01406e+22	2.96e-14	6.53e-09	3.74e-05	6.96e-03	1.72e-01	5.23e-01	2.26e-01	5.87e-02	1.41e-02	7.79e-05	0.00e+00
 5.15185e+22	3.81e-14	8.01e-09	4.37e-05	7.74e-03	1.82e-01	5.27e-01	2.17e-01	5.41e-02	1.25e-02	6.57e-05	0.00e+00
 5.33097e+22	5.18e-14	1.02e-08	5.27e-05	8.78e-03	1.94e-01	5.31e-01	2.06e-01	4.89e-02	1.07e-02	5.33e-05	0.00e+00
 5.52433e+22	7.27e-14	1.34e-08	6.46e-05	1.01e-02	2.09e-01	5.35e-01	1.94e-01	4.37e-02	9.07e-03	4.22e-05	0.00e+00
 5.69443e+22	9.63e-14	1.68e-08	7.66e-05	1.13e-02	2.21e-01	5.36e-01	1.84e-01	3.96e-02	7.86e-03	3.46e-05	0.00e+00
 5.87379e+22	1.27e-13	2.09e-08	9.02e-05	1.26e-02	2.34e-01	5.37e-01	1.74e-01	3.60e-02	6.83e-03	2.85e-05	0.00e+00
 6.10084e+22	1.75e-13	2.71e-08	1.10e-04	1.43e-02	2.49e-01	5.36e-01	1.63e-01	3.19e-02	5.76e-03	2.25e-05	0.00e+00
 6.33903e+22	2.46e-13	3.55e-08	1.34e-04	1.63e-02	2.65e-01	5.34e-01	1.52e-01	2.81e-02	4.80e-03	1.76e-05	0.00e+00
 6.54944e+22	3.27e-13	4.45e-08	1.58e-04	1.82e-02	2.79e-01	5.31e-01	1.43e-01	2.52e-02	4.12e-03	1.42e-05	0.00e+00
 6.77460e+22	4.32e-13	5.54e-08	1.87e-04	2.02e-02	2.93e-01	5.27e-01	1.34e-01	2.26e-02	3.53e-03	1.15e-05	0.00e+00
 7.01984e+22	5.80e-13	6.99e-08	2.22e-04	2.26e-02	3.08e-01	5.21e-01	1.25e-01	2.01e-02	2.99e-03	9.20e-06	0.00e+00
 7.24139e+22	7.53e-13	8.59e-08	2.58e-04	2.49e-02	3.22e-01	5.16e-01	1.17e-01	1.81e-02	2.58e-03	7.52e-06	0.00e+00
 7.47963e+22	9.69e-13	1.05e-07	2.99e-04	2.73e-02	3.35e-01	5.09e-01	1.10e-01	1.62e-02	2.23e-03	6.17e-06	0.00e+00
 7.77275e+22	1.30e-12	1.32e-07	3.54e-04	3.04e-02	3.50e-01	5.01e-01	1.01e-01	1.43e-02	1.88e-03	4.89e-06	0.00e+00
 8.07834e+22	1.76e-12	1.67e-07	4.21e-04	3.38e-02	3.66e-01	4.92e-01	9.34e-02	1.26e-02	1.57e-03	3.84e-06	0.00e+00
 8.34591e+22	2.28e-12	2.05e-07	4.88e-04	3.71e-02	3.80e-01	4.83e-01	8.68e-02	1.12e-02	1.34e-03	3.11e-06	0.00e+00
 8.62291e+22	2.88e-12	2.46e-07	5.58e-04	4.03e-02	3.93e-01	4.74e-01	8.11e-02	1.01e-02	1.16e-03	2.56e-06	0.00e+00
 8.96123e+22	3.80e-12	3.06e-07	6.52e-04	4.43e-02	4.07e-01	4.64e-01	7.46e-02	8.86e-03	9.80e-04	2.03e-06	0.00e+00
 9.31498e+22	5.04e-12	3.81e-07	7.65e-04	4.88e-02	4.22e-01	4.52e-01	6.84e-02	7.76e-03	8.21e-04	1.60e-06	0.00e+00
 9.63735e+22	6.43e-12	4.60e-07	8.77e-04	5.30e-02	4.34e-01	4.41e-01	6.33e-02	6.91e-03	7.04e-04	1.30e-06	0.00e+00
 9.98322e+22	8.13e-12	5.52e-07	1.00e-03	5.73e-02	4.46e-01	4.30e-01	5.87e-02	6.17e-03	6.05e-04	1.06e-06	0.00e+00
 1.03885e+23	1.06e-11	6.79e-07	1.16e-03	6.26e-02	4.59e-01	4.18e-01	5.37e-02	5.41e-03	5.09e-04	8.45e-07	0.00e+00
 1.07978e+23	1.38e-11	8.30e-07	1.34e-03	6.81e-02	4.72e-01	4.05e-01	4.91e-02	4.75e-03	4.29e-04	6.72e-07	0.00e+00
 1.11947e+23	1.73e-11	9.92e-07	1.52e-03	7.33e-02	4.82e-01	3.93e-01	4.53e-02	4.23e-03	3.67e-04	5.48e-07	0.00e+00
 1.16259e+23	2.19e-11	1.19e-06	1.73e-03	7.89e-02	4.93e-01	3.81e-01	4.17e-02	3.75e-03	3.14e-04	4.45e-07	0.00e+00
 1.21033e+23	2.80e-11	1.43e-06	1.97e-03	8.52e-02	5.03e-01	3.68e-01	3.81e-02	3.30e-03	2.66e-04	3.56e-07	0.00e+00
 1.25997e+23	3.54e-11	1.72e-06	2.25e-03	9.16e-02	5.13e-01	3.55e-01	3.48e-02	2.91e-03	2.26e-04	2.87e-07	0.00e+00
 1.31161e+23	4.45e-11	2.05e-06	2.54e-03	9.82e-02	5.22e-01	3.43e-01	3.19e-02	2.58e-03	1.93e-04	2.32e-07	0.00e+00
 1.36531e+23	5.54e-11	2.42e-06	2.86e-03	1.05e-01	5.30e-01	3.31e-01	2.92e-02	2.29e-03	1.65e-04	1.89e-07	0.00e+00
 1.42115e+23	6.86e-11	2.85e-06	3.21e-03	1.12e-01	5.37e-01	3.19e-01	2.68e-02	2.04e-03	1.41e-04	1.55e-07	0.00e+00
 1.47923e+23	8.42e-11	3.33e-06	3.58e-03	1.19e-01	5.43e-01	3.08e-01	2.47e-02	1.82e-03	1.22e-04	1.27e-07	0.00e+00
 1.53964e+23	1.02e-10	3.87e-06	3.97e-03	1.26e-01	5.49e-01	2.97e-01	2.27e-02	1.63e-03	1.06e-04	0.00e+00	0.00e+00
 1.60246e+23	1.24e-10	4.46e-06	4.39e-03	1.33e-01	5.54e-01	2.86e-01	2.10e-02	1.46e-03	9.21e-05	0.00e+00	0.00e+00
 1.66779e+23	1.48e-10	5.11e-06	4.82e-03	1.39e-01	5.58e-01	2.77e-01	1.94e-02	1.32e-03	8.06e-05	0.00e+00	0.00e+00
 1.73573e+23	1.75e-10	5.82e-06	5.27e-03	1.46e-01	5.62e-01	2.67e-01	1.80e-02	1.20e-03	7.10e-05	0.00e+00	0.00e+00
 1.80640e+23	2.06e-10	6.57e-06	5.74e-03	1.53e-01	5.65e-01	2.58e-01	1.67e-02	1.09e-03	6.29e-05	0.00e+00	0.00e+00
 1.87989e+23	2.40e-10	7.37e-06	6.21e-03	1.59e-01	5.68e-01	2.50e-01	1.56e-02	9.96e-04	5.60e-05	0.00e+00	0.00e+00
 1.95632e+23	2.76e-10	8.20e-06	6.68e-03	1.65e-01	5.70e-01	2.43e-01	1.46e-02	9.17e-04	5.02e-05	0.00e+00	0.00e+00
 2.03580e+23	3.15e-10	9.07e-06	7.16e-03	1.71e-01	5.71e-01	2.36e-01	1.37e-02	8.46e-04	4.53e-05	0.00e+00	0.00e+00
 2.11847e+23	3.56e-10	9.95e-06	7.63e-03	1.77e-01	5.73e-01	2.29e-01	1.30e-02	7.86e-04	4.12e-05	0.00e+00	0.00e+00
 2.20444e+23	3.96e-10	1.08e-05	8.06e-03	1.82e-01	5.74e-01	2.23e-01	1.23e-02	7.37e-04	3.79e-05	0.00e+00	0.00e+00
 2.28860e+23	4.43e-10	1.17e-05	8.55e-03	1.87e-01	5.74e-01	2.18e-01	1.17e-02	6.89e-04	3.47e-05	0.00e+00	0.00e+00
 2.36522e+23	4.83e-10	1.25e-05	8.94e-03	1.91e-01	5.75e-01	2.13e-01	1.12e-02	6.53e-04	3.24e-05	0.00e+00	0.00e+00
 2.43418e+23	5.20e-10	1.32e-05	9.28e-03	1.95e-01	5.75e-01	2.09e-01	1.08e-02	6.24e-04	3.05e-05	0.00e+00	0.00e+00
 2.49625e+23	5.51e-10	1.38e-05	9.56e-03	1.98e-01	5.75e-01	2.06e-01	1.05e-02	6.02e-04	2.92e-05	0.00e+00	0.00e+00
 2.55210e+23	5.76e-10	1.43e-05	9.78e-03	2.00e-01	5.75e-01	2.04e-01	1.03e-02	5.86e-04	2.82e-05	0.00e+00	0.00e+00
 2.60237e+23	5.99e-10	1.47e-05	9.98e-03	2.02e-01	5.75e-01	2.02e-01	1.00e-02	5.72e-04	2.73e-05	0.00e+00	0.00e+00
 2.64762e+23	6.16e-10	1.50e-05	1.01e-02	2.04e-01	5.75e-01	2.01e-01	9.91e-03	5.62e-04	2.67e-05	0.00e+00	0.00e+00
 2.68834e+23	6.29e-10	1.52e-05	1.02e-02	2.05e-01	5.75e-01	2.00e-01	9.81e-03	5.55e-04	2.62e-05	0.00e+00	0.00e+00
 2.72499e+23	6.42e-10	1.55e-05	1.03e-02	2.06e-01	5.75e-01	1.98e-01	9.70e-03	5.48e-04	2.58e-05	0.00e+00	0.00e+00
 2.75797e+23	6.55e-10	1.57e-05	1.05e-02	2.07e-01	5.75e-01	1.97e-01	9.61e-03	5.41e-04	2.54e-05	0.00e+00	0.00e+00
 2.78887e+23	6.66e-10	1.59e-05	1.05e-02	2.08e-01	5.75e-01	1.97e-01	9.53e-03	5.36e-04	2.51e-05	0.00e+00	0.00e+00
 2.81941e+23	6.77e-10	1.61e-05	1.06e-02	2.08e-01	5.75e-01	1.96e-01	9.45e-03	5.31e-04	2.47e-05	0.00e+00	0.00e+00
 2.84996e+23	6.81e-10	1.62e-05	1.07e-02	2.09e-01	5.75e-01	1.95e-01	9.42e-03	5.28e-04	2.46e-05	0.00e+00	0.00e+00
 2.88051e+23	6.88e-10	1.63e-05	1.07e-02	2.09e-01	5.75e-01	1.95e-01	9.37e-03	5.25e-04	2.44e-05	0.00e+00	0.00e+00
 2.91106e+23	6.93e-10	1.64e-05	1.08e-02	2.10e-01	5.75e-01	1.95e-01	9.33e-03	5.23e-04	2.43e-05	0.00e+00	0.00e+00
 2.94161e+23	6.95e-10	1.64e-05	1.08e-02	2.10e-01	5.75e-01	1.94e-01	9.32e-03	5.22e-04	2.42e-05	0.00e+00	0.00e+00
 2.97216e+23	6.97e-10	1.65e-05	1.08e-02	2.10e-01	5.75e-01	1.94e-01	9.31e-03	5.21e-04	2.42e-05	0.00e+00	0.00e+00
 3.00270e+23	7.00e-10	1.65e-05	1.08e-02	2.10e-01	5.75e-01	1.94e-01	9.28e-03	5.20e-04	2.41e-05	0.00e+00	0.00e+00
 3.03325e+23	7.01e-10	1.65e-05	1.08e-02	2.10e-01	5.75e-01	1.94e-01	9.28e-03	5.19e-04	2.40e-05	0.00e+00	0.00e+00
 3.05167e+23	7.29e-10	1.70e-05	1.11e-02	2.12e-01	5.75e-01	1.92e-01	9.09e-03	5.07e-04	2.33e-05	0.00e+00	0.00e+00
