#depth	Ar	Ar+	Ar+2	Ar+3	Ar+4	Ar+5	Ar+6	Ar+7	Ar+8	Ar+9	Ar+10	Ar+11	Ar+12	Ar+13	Ar+14	Ar+15	Ar+16	Ar+17	Ar+18
 6.17135e+19	0.00e+00	0.00e+00	1.94e-24	4.51e-21	6.17e-18	2.74e-15	5.34e-13	5.28e-11	8.42e-08	1.54e-05	7.25e-04	9.91e-03	7.78e-02	1.94e-01	2.10e-01	1.78e-01	2.98e-01	3.08e-02	1.03e-03
 1.87609e+20	0.00e+00	0.00e+00	8.21e-24	1.67e-20	2.00e-17	7.73e-15	1.29e-12	1.09e-10	1.61e-07	2.80e-05	1.21e-03	1.49e-02	1.05e-01	2.31e-01	2.20e-01	1.63e-01	2.42e-01	2.18e-02	6.43e-04
 2.83882e+20	0.00e+00	1.01e-29	2.35e-23	4.35e-20	4.73e-17	1.65e-14	2.46e-12	1.86e-10	2.56e-07	4.25e-05	1.72e-03	1.97e-02	1.28e-01	2.58e-01	2.23e-01	1.50e-01	2.03e-01	1.66e-02	4.42e-04
 3.32018e+20	0.00e+00	1.72e-29	3.88e-23	6.89e-20	7.16e-17	2.38e-14	3.36e-12	2.40e-10	3.18e-07	5.18e-05	2.03e-03	2.24e-02	1.40e-01	2.70e-01	2.23e-01	1.43e-01	1.85e-01	1.44e-02	3.66e-04
 3.58442e+20	0.00e+00	2.29e-29	5.09e-23	8.81e-20	8.95e-17	2.89e-14	3.97e-12	2.75e-10	3.57e-07	5.75e-05	2.21e-03	2.39e-02	1.46e-01	2.76e-01	2.22e-01	1.39e-01	1.76e-01	1.33e-02	3.30e-04
 3.82312e+20	0.00e+00	2.95e-29	6.46e-23	1.10e-19	1.09e-16	3.44e-14	4.60e-12	3.11e-10	3.96e-07	6.31e-05	2.39e-03	2.54e-02	1.52e-01	2.82e-01	2.22e-01	1.35e-01	1.68e-01	1.24e-02	3.01e-04
 4.13342e+20	0.00e+00	4.09e-29	8.78e-23	1.45e-19	1.40e-16	4.31e-14	5.57e-12	3.64e-10	4.51e-07	7.09e-05	2.63e-03	2.73e-02	1.60e-01	2.88e-01	2.21e-01	1.31e-01	1.58e-01	1.14e-02	2.67e-04
 4.53682e+20	0.00e+00	6.18e-29	1.29e-22	2.07e-19	1.93e-16	5.72e-14	7.10e-12	4.45e-10	5.32e-07	8.21e-05	2.97e-03	3.00e-02	1.70e-01	2.96e-01	2.19e-01	1.25e-01	1.46e-01	1.01e-02	2.28e-04
 4.96663e+20	0.00e+00	9.49e-29	1.94e-22	3.00e-19	2.70e-16	7.69e-14	9.14e-12	5.48e-10	6.32e-07	9.55e-05	3.36e-03	3.30e-02	1.81e-01	3.04e-01	2.16e-01	1.19e-01	1.34e-01	8.90e-03	1.93e-04
 5.34107e+20	0.00e+00	1.37e-28	2.73e-22	4.10e-19	3.59e-16	9.89e-14	1.13e-11	6.55e-10	7.31e-07	1.09e-04	3.73e-03	3.56e-02	1.90e-01	3.10e-01	2.13e-01	1.14e-01	1.25e-01	7.98e-03	1.67e-04
 5.73813e+20	0.00e+00	1.99e-28	3.89e-22	5.67e-19	4.81e-16	1.28e-13	1.42e-11	7.87e-10	8.49e-07	1.24e-04	4.14e-03	3.86e-02	2.00e-01	3.16e-01	2.10e-01	1.08e-01	1.15e-01	7.11e-03	1.44e-04
 6.18609e+20	0.00e+00	3.02e-28	5.74e-22	8.10e-19	6.65e-16	1.71e-13	1.81e-11	9.64e-10	1.00e-06	1.43e-04	4.64e-03	4.20e-02	2.11e-01	3.22e-01	2.06e-01	1.03e-01	1.05e-01	6.24e-03	1.21e-04
 6.61102e+20	0.00e+00	4.42e-28	8.22e-22	1.13e-18	8.96e-16	2.23e-13	2.27e-11	1.16e-09	1.17e-06	1.63e-04	5.15e-03	4.54e-02	2.21e-01	3.26e-01	2.02e-01	9.72e-02	9.67e-02	5.52e-03	1.03e-04
 7.01150e+20	0.00e+00	6.28e-28	1.14e-21	1.52e-18	1.18e-15	2.84e-13	2.80e-11	1.38e-09	1.34e-06	1.83e-04	5.67e-03	4.86e-02	2.31e-01	3.30e-01	1.98e-01	9.24e-02	8.93e-02	4.92e-03	8.91e-05
 7.40596e+20	0.00e+00	8.81e-28	1.57e-21	2.04e-18	1.53e-15	3.59e-13	3.42e-11	1.64e-09	1.53e-06	2.05e-04	6.20e-03	5.19e-02	2.40e-01	3.33e-01	1.94e-01	8.78e-02	8.25e-02	4.40e-03	7.70e-05
 7.79063e+20	0.00e+00	1.22e-27	2.12e-21	2.69e-18	1.97e-15	4.50e-13	4.15e-11	1.92e-09	1.74e-06	2.29e-04	6.75e-03	5.52e-02	2.49e-01	3.36e-01	1.89e-01	8.35e-02	7.64e-02	3.95e-03	6.70e-05
 8.22600e+20	0.00e+00	1.73e-27	2.95e-21	3.64e-18	2.60e-15	5.76e-13	5.13e-11	2.29e-09	2.01e-06	2.57e-04	7.40e-03	5.90e-02	2.58e-01	3.38e-01	1.85e-01	7.89e-02	7.00e-02	3.49e-03	5.72e-05
 8.69946e+20	0.00e+00	2.53e-27	4.19e-21	5.03e-18	3.49e-15	7.48e-13	6.42e-11	2.76e-09	2.33e-06	2.92e-04	8.15e-03	6.32e-02	2.69e-01	3.40e-01	1.79e-01	7.41e-02	6.38e-02	3.06e-03	4.83e-05
 9.12442e+20	0.00e+00	3.51e-27	5.69e-21	6.68e-18	4.52e-15	9.42e-13	7.83e-11	3.26e-09	2.66e-06	3.25e-04	8.87e-03	6.71e-02	2.77e-01	3.41e-01	1.74e-01	7.01e-02	5.86e-02	2.72e-03	4.16e-05
 9.57886e+20	0.00e+00	4.95e-27	7.84e-21	8.98e-18	5.92e-15	1.20e-12	9.63e-11	3.87e-09	3.05e-06	3.64e-04	9.67e-03	7.13e-02	2.87e-01	3.41e-01	1.69e-01	6.59e-02	5.36e-02	2.40e-03	3.55e-05
 1.00850e+21	0.00e+00	7.20e-27	1.11e-20	1.24e-17	7.93e-15	1.55e-12	1.20e-10	4.67e-09	3.54e-06	4.11e-04	1.06e-02	7.61e-02	2.97e-01	3.41e-01	1.63e-01	6.16e-02	4.85e-02	2.10e-03	2.98e-05
 1.05562e+21	0.00e+00	1.01e-26	1.52e-20	1.65e-17	1.03e-14	1.97e-12	1.48e-10	5.54e-09	4.05e-06	4.59e-04	1.15e-02	8.06e-02	3.05e-01	3.40e-01	1.58e-01	5.79e-02	4.43e-02	1.85e-03	2.54e-05
 1.09996e+21	0.00e+00	1.38e-26	2.03e-20	2.16e-17	1.32e-14	2.45e-12	1.78e-10	6.48e-09	4.58e-06	5.08e-04	1.25e-02	8.50e-02	3.13e-01	3.39e-01	1.53e-01	5.45e-02	4.07e-02	1.64e-03	2.18e-05
 1.15086e+21	0.00e+00	1.95e-26	2.80e-20	2.91e-17	1.73e-14	3.13e-12	2.20e-10	7.73e-09	5.27e-06	5.69e-04	1.36e-02	9.00e-02	3.22e-01	3.38e-01	1.47e-01	5.09e-02	3.69e-02	1.44e-03	1.84e-05
 1.20786e+21	0.00e+00	2.86e-26	3.99e-20	4.04e-17	2.33e-14	4.08e-12	2.77e-10	9.37e-09	6.14e-06	6.42e-04	1.48e-02	9.57e-02	3.32e-01	3.35e-01	1.41e-01	4.72e-02	3.31e-02	1.24e-03	1.53e-05
 1.25785e+21	0.00e+00	3.96e-26	5.39e-20	5.33e-17	3.01e-14	5.13e-12	3.37e-10	1.11e-08	6.99e-06	7.13e-04	1.60e-02	1.01e-01	3.40e-01	3.33e-01	1.35e-01	4.41e-02	3.01e-02	1.09e-03	1.30e-05
 1.29968e+21	0.00e+00	5.17e-26	6.89e-20	6.70e-17	3.71e-14	6.18e-12	3.96e-10	1.27e-08	7.78e-06	7.76e-04	1.71e-02	1.05e-01	3.46e-01	3.30e-01	1.31e-01	4.17e-02	2.78e-02	9.79e-04	1.14e-05
 1.34585e+21	0.00e+00	6.89e-26	8.99e-20	8.57e-17	4.65e-14	7.56e-12	4.72e-10	1.47e-08	8.73e-06	8.51e-04	1.83e-02	1.10e-01	3.52e-01	3.27e-01	1.26e-01	3.92e-02	2.55e-02	8.72e-04	9.83e-06
 1.40588e+21	0.00e+00	9.92e-26	1.26e-19	1.17e-16	6.18e-14	9.76e-12	5.89e-10	1.76e-08	1.01e-05	9.55e-04	1.99e-02	1.16e-01	3.60e-01	3.23e-01	1.20e-01	3.62e-02	2.29e-02	7.52e-04	8.15e-06
 1.46803e+21	0.00e+00	1.43e-25	1.77e-19	1.60e-16	8.25e-14	1.26e-11	7.36e-10	2.13e-08	1.17e-05	1.07e-03	2.16e-02	1.22e-01	3.68e-01	3.18e-01	1.14e-01	3.33e-02	2.04e-02	6.45e-04	6.73e-06
 1.51973e+21	0.00e+00	1.94e-25	2.34e-19	2.08e-16	1.05e-13	1.56e-11	8.85e-10	2.48e-08	1.32e-05	1.18e-03	2.32e-02	1.28e-01	3.74e-01	3.14e-01	1.09e-01	3.11e-02	1.86e-02	5.68e-04	5.74e-06
 1.57371e+21	0.00e+00	2.62e-25	3.09e-19	2.69e-16	1.32e-13	1.93e-11	1.06e-09	2.90e-08	1.49e-05	1.30e-03	2.48e-02	1.33e-01	3.80e-01	3.09e-01	1.04e-01	2.90e-02	1.69e-02	5.01e-04	4.90e-06
 1.64390e+21	0.00e+00	3.86e-25	4.40e-19	3.74e-16	1.79e-13	2.53e-11	1.34e-09	3.53e-08	1.74e-05	1.46e-03	2.70e-02	1.41e-01	3.87e-01	3.03e-01	9.84e-02	2.65e-02	1.49e-02	4.24e-04	3.99e-06
 1.71610e+21	0.00e+00	5.69e-25	6.29e-19	5.20e-16	2.42e-13	3.32e-11	1.70e-09	4.30e-08	2.04e-05	1.65e-03	2.94e-02	1.48e-01	3.94e-01	2.97e-01	9.26e-02	2.41e-02	1.32e-02	3.59e-04	3.24e-06
 1.77550e+21	0.00e+00	7.77e-25	8.37e-19	6.78e-16	3.09e-13	4.13e-11	2.05e-09	5.04e-08	2.31e-05	1.81e-03	3.14e-02	1.55e-01	3.99e-01	2.91e-01	8.80e-02	2.23e-02	1.19e-02	3.13e-04	2.73e-06
 1.83729e+21	0.00e+00	1.06e-24	1.12e-18	8.86e-16	3.94e-13	5.14e-11	2.48e-09	5.91e-08	2.62e-05	2.00e-03	3.37e-02	1.61e-01	4.03e-01	2.85e-01	8.35e-02	2.06e-02	1.07e-02	2.73e-04	2.30e-06
 1.90511e+21	0.00e+00	1.49e-24	1.52e-18	1.18e-15	5.14e-13	6.51e-11	3.04e-09	7.02e-08	3.00e-05	2.21e-03	3.62e-02	1.68e-01	4.08e-01	2.78e-01	7.88e-02	1.89e-02	9.54e-03	2.35e-04	1.91e-06
 1.96705e+21	0.00e+00	2.02e-24	2.01e-18	1.53e-15	6.50e-13	8.04e-11	3.65e-09	8.19e-08	3.38e-05	2.43e-03	3.86e-02	1.74e-01	4.11e-01	2.72e-01	7.48e-02	1.75e-02	8.61e-03	2.05e-04	1.61e-06
 2.03387e+21	0.00e+00	2.78e-24	2.69e-18	2.00e-15	8.32e-13	1.00e-10	4.42e-09	9.63e-08	3.84e-05	2.67e-03	4.12e-02	1.81e-01	4.15e-01	2.66e-01	7.06e-02	1.61e-02	7.71e-03	1.77e-04	1.35e-06
 2.10860e+21	0.00e+00	3.94e-24	3.70e-18	2.69e-15	1.09e-12	1.28e-10	5.45e-09	1.15e-07	4.41e-05	2.97e-03	4.43e-02	1.89e-01	4.18e-01	2.58e-01	6.62e-02	1.47e-02	6.83e-03	1.51e-04	1.11e-06
 2.17902e+21	0.00e+00	5.43e-24	4.96e-18	3.53e-15	1.40e-12	1.60e-10	6.60e-09	1.35e-07	5.01e-05	3.27e-03	4.73e-02	1.96e-01	4.20e-01	2.51e-01	6.24e-02	1.34e-02	6.10e-03	1.31e-04	9.25e-07
 2.25594e+21	0.00e+00	7.64e-24	6.78e-18	4.71e-15	1.82e-12	2.02e-10	8.10e-09	1.60e-07	5.74e-05	3.61e-03	5.06e-02	2.04e-01	4.22e-01	2.44e-01	5.84e-02	1.22e-02	5.41e-03	1.11e-04	7.61e-07
 2.34147e+21	0.00e+00	1.11e-23	9.51e-18	6.45e-15	2.42e-12	2.61e-10	1.01e-08	1.93e-07	6.64e-05	4.03e-03	5.45e-02	2.12e-01	4.24e-01	2.35e-01	5.43e-02	1.10e-02	4.73e-03	9.37e-05	6.15e-07
 2.42167e+21	0.00e+00	1.56e-23	1.30e-17	8.59e-15	3.15e-12	3.31e-10	1.24e-08	2.29e-07	7.59e-05	4.45e-03	5.82e-02	2.20e-01	4.25e-01	2.28e-01	5.07e-02	1.00e-02	4.18e-03	7.98e-05	5.05e-07
 2.50938e+21	0.00e+00	2.23e-23	1.80e-17	1.17e-14	4.17e-12	4.24e-10	1.53e-08	2.75e-07	8.74e-05	4.95e-03	6.25e-02	2.28e-01	4.26e-01	2.19e-01	4.71e-02	9.03e-03	3.66e-03	6.72e-05	4.09e-07
 2.60784e+21	0.00e+00	3.32e-23	2.59e-17	1.63e-14	5.65e-12	5.57e-10	1.94e-08	3.35e-07	1.02e-04	5.55e-03	6.74e-02	2.37e-01	4.25e-01	2.10e-01	4.33e-02	8.04e-03	3.16e-03	5.56e-05	3.24e-07
 2.69550e+21	0.00e+00	4.69e-23	3.54e-17	2.18e-14	7.37e-12	7.06e-10	2.38e-08	3.98e-07	1.17e-04	6.13e-03	7.19e-02	2.45e-01	4.25e-01	2.02e-01	4.02e-02	7.26e-03	2.78e-03	4.70e-05	2.64e-07
 2.77086e+21	0.00e+00	6.27e-23	4.61e-17	2.78e-14	9.20e-12	8.60e-10	2.82e-08	4.59e-07	1.31e-04	6.65e-03	7.58e-02	2.51e-01	4.23e-01	1.96e-01	3.78e-02	6.66e-03	2.49e-03	4.08e-05	2.22e-07
 2.85504e+21	0.00e+00	8.62e-23	6.15e-17	3.63e-14	1.17e-11	1.07e-09	3.41e-08	5.38e-07	1.48e-04	7.28e-03	8.04e-02	2.58e-01	4.22e-01	1.88e-01	3.52e-02	6.04e-03	2.20e-03	3.49e-05	1.83e-07
 2.96448e+21	0.00e+00	1.29e-22	8.84e-17	5.07e-14	1.59e-11	1.40e-09	4.30e-08	6.53e-07	1.72e-04	8.14e-03	8.63e-02	2.67e-01	4.19e-01	1.79e-01	3.22e-02	5.35e-03	1.89e-03	2.87e-05	1.44e-07
 3.07543e+21	1.35e-29	1.92e-22	1.27e-16	7.10e-14	2.16e-11	1.84e-09	5.45e-08	7.97e-07	2.01e-04	9.10e-03	9.27e-02	2.76e-01	4.16e-01	1.70e-01	2.92e-02	4.71e-03	1.62e-03	2.34e-05	0.00e+00
 3.16322e+21	1.90e-29	2.61e-22	1.68e-16	9.19e-14	2.74e-11	2.27e-09	6.52e-08	9.27e-07	2.26e-04	9.91e-03	9.78e-02	2.83e-01	4.13e-01	1.64e-01	2.72e-02	4.28e-03	1.43e-03	2.00e-05	0.00e+00
 3.25222e+21	2.65e-29	3.54e-22	2.22e-16	1.19e-13	3.45e-11	2.80e-09	7.79e-08	1.08e-06	2.53e-04	1.08e-02	1.03e-01	2.90e-01	4.09e-01	1.57e-01	2.53e-02	3.88e-03	1.27e-03	1.71e-05	0.00e+00
 3.36793e+21	4.04e-29	5.22e-22	3.15e-16	1.64e-13	4.63e-11	3.63e-09	9.74e-08	1.30e-06	2.93e-04	1.20e-02	1.10e-01	2.98e-01	4.04e-01	1.49e-01	2.30e-02	3.42e-03	1.09e-03	1.41e-05	0.00e+00
 3.48838e+21	6.22e-29	7.73e-22	4.50e-16	2.27e-13	6.23e-11	4.72e-09	1.22e-07	1.57e-06	3.39e-04	1.33e-02	1.17e-01	3.06e-01	3.98e-01	1.40e-01	2.08e-02	3.01e-03	9.26e-04	1.15e-05	0.00e+00
 3.58927e+21	8.87e-29	1.07e-21	6.03e-16	2.99e-13	7.99e-11	5.90e-09	1.48e-07	1.84e-06	3.84e-04	1.45e-02	1.24e-01	3.12e-01	3.93e-01	1.34e-01	1.91e-02	2.69e-03	8.08e-04	9.66e-06	0.00e+00
 3.69472e+21	1.27e-28	1.49e-21	8.12e-16	3.93e-13	1.03e-10	7.36e-09	1.79e-07	2.16e-06	4.34e-04	1.58e-02	1.31e-01	3.18e-01	3.87e-01	1.27e-01	1.76e-02	2.41e-03	7.04e-04	8.12e-06	0.00e+00
 3.83181e+21	2.01e-28	2.26e-21	1.18e-15	5.56e-13	1.41e-10	9.73e-09	2.27e-07	2.64e-06	5.06e-04	1.77e-02	1.39e-01	3.26e-01	3.79e-01	1.19e-01	1.57e-02	2.09e-03	5.91e-04	6.50e-06	0.00e+00
 3.97122e+21	3.17e-28	3.42e-21	1.72e-15	7.86e-13	1.93e-10	1.29e-08	2.89e-07	3.22e-06	5.91e-04	1.97e-02	1.49e-01	3.33e-01	3.71e-01	1.11e-01	1.40e-02	1.80e-03	4.94e-04	5.18e-06	0.00e+00
 4.08307e+21	4.53e-28	4.73e-21	2.31e-15	1.03e-12	2.47e-10	1.60e-08	3.49e-07	3.77e-06	6.67e-04	2.14e-02	1.56e-01	3.39e-01	3.64e-01	1.05e-01	1.28e-02	1.60e-03	4.28e-04	4.32e-06	0.00e+00
 4.19792e+21	6.47e-28	6.55e-21	3.09e-15	1.35e-12	3.16e-10	2.00e-08	4.21e-07	4.42e-06	7.52e-04	2.33e-02	1.64e-01	3.44e-01	3.56e-01	9.88e-02	1.17e-02	1.43e-03	3.71e-04	3.60e-06	0.00e+00
 4.34723e+21	1.02e-27	9.88e-21	4.48e-15	1.90e-12	4.31e-10	2.64e-08	5.33e-07	5.39e-06	8.75e-04	2.59e-02	1.74e-01	3.50e-01	3.46e-01	9.16e-02	1.03e-02	1.22e-03	3.08e-04	2.85e-06	0.00e+00
 4.49138e+21	1.56e-27	1.46e-20	6.35e-15	2.62e-12	5.77e-10	3.41e-08	6.64e-07	6.46e-06	1.01e-03	2.85e-02	1.83e-01	3.55e-01	3.37e-01	8.53e-02	9.23e-03	1.06e-03	2.59e-04	2.30e-06	0.00e+00
 4.59762e+21	2.12e-27	1.93e-20	8.17e-15	3.31e-12	7.14e-10	4.12e-08	7.80e-07	7.40e-06	1.11e-03	3.05e-02	1.91e-01	3.58e-01	3.29e-01	8.07e-02	8.47e-03	9.54e-04	2.27e-04	1.95e-06	0.00e+00
 4.70451e+21	2.87e-27	2.54e-20	1.05e-14	4.17e-12	8.81e-10	4.97e-08	9.16e-07	8.46e-06	1.23e-03	3.27e-02	1.98e-01	3.61e-01	3.22e-01	7.63e-02	7.76e-03	8.56e-04	1.99e-04	1.65e-06	0.00e+00
 4.84347e+21	4.22e-27	3.60e-20	1.43e-14	5.57e-12	1.15e-09	6.29e-08	1.12e-06	9.99e-06	1.40e-03	3.57e-02	2.07e-01	3.65e-01	3.12e-01	7.11e-02	6.95e-03	7.47e-04	1.69e-04	1.34e-06	0.00e+00
 4.99032e+21	6.29e-27	5.16e-20	1.98e-14	7.54e-12	1.52e-09	8.07e-08	1.39e-06	1.20e-05	1.60e-03	3.91e-02	2.18e-01	3.68e-01	3.01e-01	6.56e-02	6.16e-03	6.43e-04	1.41e-04	1.07e-06	0.00e+00
 5.11502e+21	8.76e-27	6.97e-20	2.59e-14	9.69e-12	1.91e-09	9.90e-08	1.65e-06	1.38e-05	1.79e-03	4.20e-02	2.26e-01	3.70e-01	2.92e-01	6.14e-02	5.56e-03	5.68e-04	1.21e-04	8.88e-07	0.00e+00
 5.24474e+21	1.22e-26	9.43e-20	3.39e-14	1.25e-11	2.40e-09	1.22e-07	1.97e-06	1.61e-05	2.00e-03	4.53e-02	2.35e-01	3.71e-01	2.83e-01	5.73e-02	5.01e-03	5.00e-04	1.04e-04	7.33e-07	0.00e+00
 5.41338e+21	1.87e-26	1.38e-19	4.78e-14	1.72e-11	3.23e-09	1.58e-07	2.47e-06	1.94e-05	2.30e-03	4.97e-02	2.46e-01	3.73e-01	2.71e-01	5.23e-02	4.37e-03	4.24e-04	8.54e-05	5.72e-07	0.00e+00
 5.58480e+21	2.85e-26	2.02e-19	6.71e-14	2.36e-11	4.33e-09	2.06e-07	3.09e-06	2.34e-05	2.65e-03	5.45e-02	2.58e-01	3.74e-01	2.59e-01	4.76e-02	3.81e-03	3.59e-04	6.98e-05	4.45e-07	0.00e+00
 5.72275e+21	3.96e-26	2.73e-19	8.75e-14	3.03e-11	5.45e-09	2.53e-07	3.68e-06	2.72e-05	2.96e-03	5.86e-02	2.67e-01	3.74e-01	2.50e-01	4.41e-02	3.40e-03	3.14e-04	5.94e-05	3.64e-07	0.00e+00
 5.86498e+21	5.51e-26	3.67e-19	1.14e-13	3.89e-11	6.86e-09	3.11e-07	4.40e-06	3.16e-05	3.31e-03	6.29e-02	2.76e-01	3.73e-01	2.40e-01	4.08e-02	3.03e-03	2.73e-04	5.03e-05	2.96e-07	0.00e+00
 6.04988e+21	8.37e-26	5.35e-19	1.59e-13	5.33e-11	9.17e-09	4.04e-07	5.49e-06	3.80e-05	3.80e-03	6.87e-02	2.87e-01	3.72e-01	2.28e-01	3.69e-02	2.62e-03	2.30e-04	4.08e-05	2.29e-07	0.00e+00
 6.24306e+21	1.28e-25	7.84e-19	2.24e-13	7.35e-11	1.24e-08	5.29e-07	6.91e-06	4.62e-05	4.39e-03	7.53e-02	2.99e-01	3.70e-01	2.15e-01	3.31e-02	2.24e-03	1.91e-04	3.26e-05	1.73e-07	0.00e+00
 6.40408e+21	1.80e-25	1.07e-18	2.94e-13	9.53e-11	1.58e-08	6.58e-07	8.34e-06	5.42e-05	4.93e-03	8.11e-02	3.09e-01	3.67e-01	2.05e-01	3.02e-02	1.96e-03	1.63e-04	2.71e-05	1.38e-07	0.00e+00
 6.57049e+21	2.54e-25	1.45e-18	3.85e-13	1.24e-10	2.01e-08	8.20e-07	1.01e-05	6.37e-05	5.54e-03	8.72e-02	3.19e-01	3.64e-01	1.95e-01	2.74e-02	1.71e-03	1.39e-04	2.24e-05	0.00e+00	0.00e+00
 6.78683e+21	3.91e-25	2.13e-18	5.41e-13	1.71e-10	2.73e-08	1.08e-06	1.28e-05	7.81e-05	6.43e-03	9.56e-02	3.31e-01	3.60e-01	1.82e-01	2.42e-02	1.44e-03	1.14e-04	1.75e-05	0.00e+00	0.00e+00
 7.00644e+21	5.99e-25	3.12e-18	7.56e-13	2.36e-10	3.70e-08	1.43e-06	1.62e-05	9.56e-05	7.45e-03	1.05e-01	3.42e-01	3.54e-01	1.69e-01	2.13e-02	1.20e-03	9.23e-05	1.37e-05	0.00e+00	0.00e+00
 7.18218e+21	8.30e-25	4.17e-18	9.75e-13	3.03e-10	4.69e-08	1.77e-06	1.95e-05	1.12e-04	8.37e-03	1.12e-01	3.51e-01	3.49e-01	1.60e-01	1.92e-02	1.04e-03	7.79e-05	1.12e-05	0.00e+00	0.00e+00
 7.33309e+21	1.09e-24	5.33e-18	1.21e-12	3.73e-10	5.70e-08	2.11e-06	2.27e-05	1.28e-04	9.18e-03	1.19e-01	3.58e-01	3.44e-01	1.52e-01	1.76e-02	9.20e-04	6.79e-05	9.47e-06	0.00e+00	0.00e+00
 7.49984e+21	1.47e-24	6.92e-18	1.52e-12	4.66e-10	7.05e-08	2.56e-06	2.68e-05	1.48e-04	1.02e-02	1.26e-01	3.65e-01	3.38e-01	1.43e-01	1.59e-02	8.04e-04	5.82e-05	7.88e-06	0.00e+00	0.00e+00
 7.71661e+21	2.12e-24	9.60e-18	2.02e-12	6.16e-10	9.20e-08	3.27e-06	3.30e-05	1.77e-04	1.16e-02	1.36e-01	3.74e-01	3.31e-01	1.33e-01	1.40e-02	6.75e-04	4.77e-05	6.21e-06	0.00e+00	0.00e+00
 7.93993e+21	3.07e-24	1.33e-17	2.68e-12	8.16e-10	1.20e-07	4.18e-06	4.08e-05	2.13e-04	1.32e-02	1.47e-01	3.82e-01	3.22e-01	1.23e-01	1.23e-02	5.64e-04	3.88e-05	4.86e-06	0.00e+00	0.00e+00
 8.12361e+21	4.12e-24	1.73e-17	3.36e-12	1.02e-09	1.49e-07	5.09e-06	4.83e-05	2.47e-04	1.47e-02	1.56e-01	3.88e-01	3.15e-01	1.15e-01	1.10e-02	4.86e-04	3.28e-05	3.98e-06	0.00e+00	0.00e+00
 8.31424e+21	5.53e-24	2.24e-17	4.20e-12	1.27e-09	1.84e-07	6.20e-06	5.72e-05	2.86e-04	1.63e-02	1.65e-01	3.94e-01	3.07e-01	1.07e-01	9.84e-03	4.18e-04	2.76e-05	3.24e-06	0.00e+00	0.00e+00
 8.56205e+21	8.00e-24	3.09e-17	5.56e-12	1.68e-09	2.41e-07	7.94e-06	7.07e-05	3.45e-04	1.85e-02	1.78e-01	4.01e-01	2.96e-01	9.76e-02	8.49e-03	3.43e-04	2.22e-05	2.49e-06	0.00e+00	0.00e+00
 8.81122e+21	1.15e-23	4.25e-17	7.30e-12	2.21e-09	3.14e-07	1.01e-05	8.71e-05	4.15e-04	2.11e-02	1.91e-01	4.06e-01	2.85e-01	8.89e-02	7.32e-03	2.82e-04	1.77e-05	1.91e-06	0.00e+00	0.00e+00
 9.00709e+21	1.51e-23	5.40e-17	8.97e-12	2.72e-09	3.84e-07	1.22e-05	1.02e-04	4.77e-04	2.32e-02	2.01e-01	4.09e-01	2.77e-01	8.25e-02	6.51e-03	2.42e-04	1.49e-05	1.56e-06	0.00e+00	0.00e+00
 9.20667e+21	1.98e-23	6.83e-17	1.10e-11	3.33e-09	4.67e-07	1.46e-05	1.19e-04	5.48e-04	2.55e-02	2.11e-01	4.12e-01	2.68e-01	7.65e-02	5.79e-03	2.07e-04	1.25e-05	1.27e-06	0.00e+00	0.00e+00
 9.46612e+21	2.78e-23	9.19e-17	1.41e-11	4.31e-09	5.98e-07	1.83e-05	1.45e-04	6.52e-04	2.88e-02	2.25e-01	4.15e-01	2.56e-01	6.92e-02	4.97e-03	1.70e-04	1.00e-05	9.77e-07	0.00e+00	0.00e+00
 9.73692e+21	3.92e-23	1.24e-16	1.82e-11	5.58e-09	7.69e-07	2.31e-05	1.76e-04	7.78e-04	3.25e-02	2.39e-01	4.16e-01	2.44e-01	6.23e-02	4.24e-03	1.38e-04	7.97e-06	7.44e-07	0.00e+00	0.00e+00
 9.96440e+21	5.20e-23	1.59e-16	2.25e-11	6.89e-09	9.42e-07	2.79e-05	2.07e-04	8.98e-04	3.57e-02	2.51e-01	4.17e-01	2.34e-01	5.71e-02	3.71e-03	1.16e-04	6.58e-06	5.94e-07	0.00e+00	0.00e+00
 1.02021e+22	6.91e-23	2.03e-16	2.77e-11	8.52e-09	1.16e-06	3.36e-05	2.42e-04	1.04e-03	3.94e-02	2.63e-01	4.17e-01	2.24e-01	5.21e-02	3.24e-03	9.77e-05	5.41e-06	4.72e-07	0.00e+00	0.00e+00
 1.05111e+22	9.89e-23	2.77e-16	3.60e-11	1.11e-08	1.49e-06	4.26e-05	2.96e-04	1.24e-03	4.44e-02	2.78e-01	4.15e-01	2.12e-01	4.62e-02	2.71e-03	7.81e-05	4.21e-06	3.52e-07	0.00e+00	0.00e+00
 1.08284e+22	1.42e-22	3.79e-16	4.69e-11	1.45e-08	1.93e-06	5.38e-05	3.60e-04	1.48e-03	4.99e-02	2.94e-01	4.12e-01	1.99e-01	4.09e-02	2.27e-03	6.21e-05	3.27e-06	2.61e-07	0.00e+00	0.00e+00
 1.10888e+22	1.89e-22	4.86e-16	5.78e-11	1.80e-08	2.36e-06	6.48e-05	4.21e-04	1.71e-03	5.47e-02	3.07e-01	4.09e-01	1.89e-01	3.69e-02	1.96e-03	5.16e-05	2.66e-06	2.05e-07	0.00e+00	0.00e+00
 1.13056e+22	2.38e-22	5.93e-16	6.83e-11	2.13e-08	2.79e-06	7.53e-05	4.77e-04	1.92e-03	5.90e-02	3.17e-01	4.06e-01	1.80e-01	3.39e-02	1.73e-03	4.42e-05	2.24e-06	1.68e-07	0.00e+00	0.00e+00
 1.15336e+22	3.04e-22	7.32e-16	8.17e-11	2.54e-08	3.29e-06	8.75e-05	5.40e-04	2.14e-03	6.34e-02	3.27e-01	4.02e-01	1.72e-01	3.11e-02	1.53e-03	3.80e-05	1.89e-06	1.38e-07	0.00e+00	0.00e+00
 1.18300e+22	4.12e-22	9.53e-16	1.02e-10	3.18e-08	4.06e-06	1.06e-04	6.32e-04	2.47e-03	6.95e-02	3.40e-01	3.96e-01	1.62e-01	2.78e-02	1.30e-03	3.11e-05	1.51e-06	0.00e+00	0.00e+00	0.00e+00
 1.21347e+22	5.62e-22	1.25e-15	1.28e-10	3.98e-08	5.02e-06	1.28e-04	7.40e-04	2.85e-03	7.61e-02	3.52e-01	3.90e-01	1.52e-01	2.48e-02	1.11e-03	2.54e-05	1.21e-06	0.00e+00	0.00e+00	0.00e+00
 1.23847e+22	7.19e-22	1.54e-15	1.53e-10	4.75e-08	5.94e-06	1.49e-04	8.38e-04	3.20e-03	8.18e-02	3.63e-01	3.84e-01	1.44e-01	2.25e-02	9.67e-04	2.15e-05	1.00e-06	0.00e+00	0.00e+00	0.00e+00
 1.26438e+22	9.28e-22	1.92e-15	1.84e-10	5.71e-08	7.02e-06	1.73e-04	9.46e-04	3.56e-03	8.76e-02	3.72e-01	3.78e-01	1.37e-01	2.05e-02	8.48e-04	1.83e-05	8.37e-07	0.00e+00	0.00e+00	0.00e+00
 1.29807e+22	1.28e-21	2.54e-15	2.33e-10	7.18e-08	8.68e-06	2.09e-04	1.10e-03	4.10e-03	9.55e-02	3.84e-01	3.69e-01	1.27e-01	1.81e-02	7.13e-04	1.48e-05	6.62e-07	0.00e+00	0.00e+00	0.00e+00
 1.33259e+22	1.77e-21	3.36e-15	2.95e-10	9.05e-08	1.07e-05	2.53e-04	1.28e-03	4.70e-03	1.04e-01	3.95e-01	3.60e-01	1.18e-01	1.59e-02	5.98e-04	1.19e-05	5.22e-07	0.00e+00	0.00e+00	0.00e+00
 1.36063e+22	2.29e-21	4.20e-15	3.56e-10	1.09e-07	1.27e-05	2.94e-04	1.45e-03	5.25e-03	1.11e-01	4.04e-01	3.52e-01	1.11e-01	1.43e-02	5.18e-04	1.00e-05	4.30e-07	0.00e+00	0.00e+00	0.00e+00
 1.38951e+22	2.98e-21	5.28e-15	4.32e-10	1.31e-07	1.50e-05	3.40e-04	1.63e-03	5.82e-03	1.18e-01	4.12e-01	3.44e-01	1.04e-01	1.29e-02	4.51e-04	8.48e-06	3.57e-07	0.00e+00	0.00e+00	0.00e+00
 1.42706e+22	4.16e-21	7.04e-15	5.50e-10	1.65e-07	1.85e-05	4.08e-04	1.88e-03	6.64e-03	1.28e-01	4.21e-01	3.34e-01	9.64e-02	1.13e-02	3.77e-04	6.82e-06	2.80e-07	0.00e+00	0.00e+00	0.00e+00
 1.46585e+22	5.85e-21	9.46e-15	7.07e-10	2.09e-07	2.29e-05	4.92e-04	2.18e-03	7.58e-03	1.38e-01	4.30e-01	3.23e-01	8.86e-02	9.87e-03	3.13e-04	5.45e-06	2.18e-07	0.00e+00	0.00e+00	0.00e+00
 1.49785e+22	7.69e-21	1.20e-14	8.63e-10	2.53e-07	2.72e-05	5.71e-04	2.45e-03	8.43e-03	1.47e-01	4.37e-01	3.13e-01	8.26e-02	8.80e-03	2.68e-04	4.54e-06	1.78e-07	0.00e+00	0.00e+00	0.00e+00
 1.53103e+22	1.02e-20	1.53e-14	1.06e-09	3.07e-07	3.22e-05	6.60e-04	2.74e-03	9.32e-03	1.56e-01	4.43e-01	3.04e-01	7.71e-02	7.87e-03	2.31e-04	3.79e-06	1.46e-07	0.00e+00	0.00e+00	0.00e+00
 1.57417e+22	1.45e-20	2.08e-14	1.38e-09	3.91e-07	3.99e-05	7.94e-04	3.16e-03	1.06e-02	1.67e-01	4.49e-01	2.92e-01	7.03e-02	6.80e-03	1.90e-04	3.01e-06	0.00e+00	0.00e+00	0.00e+00	0.00e+00
 1.61885e+22	2.09e-20	2.86e-14	1.80e-09	5.02e-07	4.96e-05	9.56e-04	3.64e-03	1.20e-02	1.80e-01	4.55e-01	2.79e-01	6.39e-02	5.84e-03	1.56e-04	2.37e-06	0.00e+00	0.00e+00	0.00e+00	0.00e+00
 1.65592e+22	2.81e-20	3.70e-14	2.24e-09	6.14e-07	5.91e-05	1.11e-03	4.08e-03	1.33e-02	1.90e-01	4.59e-01	2.68e-01	5.89e-02	5.15e-03	1.32e-04	1.95e-06	0.00e+00	0.00e+00	0.00e+00	0.00e+00
 1.69451e+22	3.80e-20	4.81e-14	2.80e-09	7.52e-07	7.03e-05	1.29e-03	4.56e-03	1.47e-02	2.00e-01	4.62e-01	2.58e-01	5.44e-02	4.55e-03	1.12e-04	1.61e-06	0.00e+00	0.00e+00	0.00e+00	0.00e+00
 1.74468e+22	5.56e-20	6.71e-14	3.72e-09	9.72e-07	8.77e-05	1.55e-03	5.24e-03	1.66e-02	2.14e-01	4.65e-01	2.45e-01	4.90e-02	3.87e-03	9.10e-05	1.26e-06	0.00e+00	0.00e+00	0.00e+00	0.00e+00
 1.79707e+22	8.26e-20	9.46e-14	4.98e-09	1.27e-06	1.10e-04	1.87e-03	6.03e-03	1.88e-02	2.28e-01	4.66e-01	2.32e-01	4.39e-02	3.27e-03	7.32e-05	9.74e-07	0.00e+00	0.00e+00	0.00e+00	0.00e+00
 1.84137e+22	1.14e-19	1.26e-13	6.34e-09	1.57e-06	1.32e-04	2.18e-03	6.76e-03	2.08e-02	2.40e-01	4.66e-01	2.21e-01	4.00e-02	2.84e-03	6.10e-05	7.86e-07	0.00e+00	0.00e+00	0.00e+00	0.00e+00
 1.87818e+22	1.50e-19	1.59e-13	7.74e-09	1.88e-06	1.53e-04	2.46e-03	7.39e-03	2.25e-02	2.50e-01	4.66e-01	2.12e-01	3.71e-02	2.53e-03	5.28e-05	6.64e-07	0.00e+00	0.00e+00	0.00e+00	0.00e+00
 1.91626e+22	1.96e-19	2.01e-13	9.44e-09	2.24e-06	1.78e-04	2.79e-03	8.09e-03	2.43e-02	2.60e-01	4.65e-01	2.03e-01	3.43e-02	2.25e-03	4.54e-05	5.57e-07	0.00e+00	0.00e+00	0.00e+00	0.00e+00
 1.96577e+22	2.75e-19	2.70e-13	1.22e-08	2.80e-06	2.14e-04	3.25e-03	9.04e-03	2.67e-02	2.72e-01	4.63e-01	1.93e-01	3.10e-02	1.94e-03	3.76e-05	4.47e-07	0.00e+00	0.00e+00	0.00e+00	0.00e+00
 2.01757e+22	3.92e-19	3.68e-13	1.59e-08	3.54e-06	2.60e-04	3.81e-03	1.01e-02	2.95e-02	2.85e-01	4.60e-01	1.82e-01	2.79e-02	1.66e-03	3.09e-05	3.56e-07	0.00e+00	0.00e+00	0.00e+00	0.00e+00
 2.06108e+22	5.25e-19	4.75e-13	1.97e-08	4.28e-06	3.04e-04	4.32e-03	1.11e-02	3.19e-02	2.96e-01	4.56e-01	1.73e-01	2.56e-02	1.46e-03	2.63e-05	2.94e-07	0.00e+00	0.00e+00	0.00e+00	0.00e+00
 2.10640e+22	7.05e-19	6.14e-13	2.45e-08	5.18e-06	3.56e-04	4.91e-03	1.21e-02	3.45e-02	3.07e-01	4.53e-01	1.64e-01	2.34e-02	1.28e-03	2.23e-05	2.43e-07	0.00e+00	0.00e+00	0.00e+00	0.00e+00
 2.16531e+22	1.02e-18	8.50e-13	3.24e-08	6.59e-06	4.34e-04	5.76e-03	1.36e-02	3.79e-02	3.20e-01	4.47e-01	1.54e-01	2.08e-02	1.08e-03	1.81e-05	1.91e-07	0.00e+00	0.00e+00	0.00e+00	0.00e+00
 2.22538e+22	1.49e-18	1.18e-12	4.30e-08	8.41e-06	5.30e-04	6.76e-03	1.52e-02	4.17e-02	3.33e-01	4.40e-01	1.43e-01	1.85e-02	9.12e-04	1.46e-05	1.49e-07	0.00e+00	0.00e+00	0.00e+00	0.00e+00
 2.27359e+22	2.01e-18	1.53e-12	5.36e-08	1.02e-05	6.19e-04	7.64e-03	1.65e-02	4.48e-02	3.43e-01	4.34e-01	1.36e-01	1.68e-02	7.97e-04	1.24e-05	1.23e-07	0.00e+00	0.00e+00	0.00e+00	0.00e+00
 2.32287e+22	2.69e-18	1.98e-12	6.66e-08	1.23e-05	7.20e-04	8.61e-03	1.80e-02	4.80e-02	3.53e-01	4.27e-01	1.28e-01	1.53e-02	6.97e-04	1.05e-05	0.00e+00	0.00e+00	0.00e+00	0.00e+00	0.00e+00
 2.38695e+22	3.89e-18	2.73e-12	8.77e-08	1.55e-05	8.70e-04	1.00e-02	1.99e-02	5.23e-02	3.65e-01	4.19e-01	1.19e-01	1.36e-02	5.87e-04	8.48e-06	0.00e+00	0.00e+00	0.00e+00	0.00e+00	0.00e+00
 2.45441e+22	5.73e-18	3.83e-12	1.17e-07	1.98e-05	1.06e-03	1.17e-02	2.21e-02	5.70e-02	3.77e-01	4.09e-01	1.10e-01	1.19e-02	4.90e-04	6.79e-06	0.00e+00	0.00e+00	0.00e+00	0.00e+00	0.00e+00
 2.51179e+22	7.89e-18	5.07e-12	1.49e-07	2.43e-05	1.25e-03	1.32e-02	2.41e-02	6.11e-02	3.86e-01	4.00e-01	1.03e-01	1.07e-02	4.21e-04	5.65e-06	0.00e+00	0.00e+00	0.00e+00	0.00e+00	0.00e+00
 2.57191e+22	1.09e-17	6.70e-12	1.89e-07	2.97e-05	1.46e-03	1.50e-02	2.62e-02	6.53e-02	3.96e-01	3.90e-01	9.62e-02	9.60e-03	3.61e-04	4.69e-06	0.00e+00	0.00e+00	0.00e+00	0.00e+00	0.00e+00
 2.65007e+22	1.63e-17	9.55e-12	2.55e-07	3.83e-05	1.79e-03	1.75e-02	2.90e-02	7.09e-02	4.06e-01	3.78e-01	8.80e-02	8.34e-03	2.97e-04	3.70e-06	0.00e+00	0.00e+00	0.00e+00	0.00e+00	0.00e+00
 2.73140e+22	2.48e-17	1.38e-11	3.49e-07	4.97e-05	2.20e-03	2.05e-02	3.21e-02	7.70e-02	4.16e-01	3.64e-01	8.01e-02	7.19e-03	2.42e-04	2.90e-06	0.00e+00	0.00e+00	0.00e+00	0.00e+00	0.00e+00
 2.79941e+22	3.48e-17	1.85e-11	4.49e-07	6.13e-05	2.60e-03	2.33e-02	3.49e-02	8.22e-02	4.24e-01	3.53e-01	7.39e-02	6.35e-03	2.04e-04	2.37e-06	0.00e+00	0.00e+00	0.00e+00	0.00e+00	0.00e+00
 2.87041e+22	4.87e-17	2.48e-11	5.76e-07	7.54e-05	3.06e-03	2.64e-02	3.77e-02	8.73e-02	4.30e-01	3.41e-01	6.83e-02	5.62e-03	1.73e-04	1.94e-06	0.00e+00	0.00e+00	0.00e+00	0.00e+00	0.00e+00
 2.96272e+22	7.43e-17	3.58e-11	7.88e-07	9.78e-05	3.75e-03	3.07e-02	4.16e-02	9.40e-02	4.37e-01	3.26e-01	6.15e-02	4.80e-03	1.39e-04	1.50e-06	0.00e+00	0.00e+00	0.00e+00	0.00e+00	0.00e+00
 3.06097e+22	1.16e-16	5.28e-11	1.10e-06	1.28e-04	4.64e-03	3.59e-02	4.58e-02	1.01e-01	4.43e-01	3.10e-01	5.50e-02	4.05e-03	1.11e-04	1.15e-06	0.00e+00	0.00e+00	0.00e+00	0.00e+00	0.00e+00
 3.14617e+22	1.68e-16	7.29e-11	1.44e-06	1.61e-04	5.53e-03	4.09e-02	4.96e-02	1.07e-01	4.47e-01	2.96e-01	4.98e-02	3.50e-03	9.10e-05	9.12e-07	0.00e+00	0.00e+00	0.00e+00	0.00e+00	0.00e+00
 3.21640e+22	2.26e-16	9.44e-11	1.80e-06	1.93e-04	6.35e-03	4.53e-02	5.28e-02	1.12e-01	4.49e-01	2.85e-01	4.60e-02	3.11e-03	7.77e-05	7.58e-07	0.00e+00	0.00e+00	0.00e+00	0.00e+00	0.00e+00
 3.28796e+22	3.02e-16	1.21e-10	2.22e-06	2.29e-04	7.26e-03	4.99e-02	5.59e-02	1.17e-01	4.50e-01	2.74e-01	4.25e-02	2.76e-03	6.65e-05	6.32e-07	0.00e+00	0.00e+00	0.00e+00	0.00e+00	0.00e+00
 3.38099e+22	4.33e-16	1.66e-10	2.90e-06	2.85e-04	8.58e-03	5.63e-02	6.00e-02	1.23e-01	4.51e-01	2.60e-01	3.83e-02	2.38e-03	5.46e-05	5.03e-07	0.00e+00	0.00e+00	0.00e+00	0.00e+00	0.00e+00
 3.47912e+22	6.31e-16	2.31e-10	3.82e-06	3.57e-04	1.02e-02	6.36e-02	6.45e-02	1.30e-01	4.50e-01	2.45e-01	3.43e-02	2.03e-03	4.42e-05	3.94e-07	0.00e+00	0.00e+00	0.00e+00	0.00e+00	0.00e+00
 3.56303e+22	8.62e-16	3.02e-10	4.80e-06	4.29e-04	1.17e-02	7.03e-02	6.82e-02	1.35e-01	4.48e-01	2.33e-01	3.12e-02	1.77e-03	3.70e-05	3.22e-07	0.00e+00	0.00e+00	0.00e+00	0.00e+00	0.00e+00
 3.65127e+22	1.17e-15	3.94e-10	6.01e-06	5.14e-04	1.34e-02	7.74e-02	7.20e-02	1.40e-01	4.45e-01	2.22e-01	2.84e-02	1.55e-03	3.11e-05	2.63e-07	0.00e+00	0.00e+00	0.00e+00	0.00e+00	0.00e+00
 3.76598e+22	1.73e-15	5.51e-10	7.97e-06	6.45e-04	1.60e-02	8.72e-02	7.68e-02	1.46e-01	4.40e-01	2.07e-01	2.51e-02	1.30e-03	2.47e-05	2.02e-07	0.00e+00	0.00e+00	0.00e+00	0.00e+00	0.00e+00
 3.88163e+22	2.55e-15	7.72e-10	1.06e-05	8.10e-04	1.89e-02	9.80e-02	8.17e-02	1.52e-01	4.34e-01	1.92e-01	2.20e-02	1.08e-03	1.95e-05	1.55e-07	0.00e+00	0.00e+00	0.00e+00	0.00e+00	0.00e+00
 3.97228e+22	3.41e-15	9.91e-10	1.31e-05	9.58e-04	2.14e-02	1.07e-01	8.53e-02	1.56e-01	4.28e-01	1.81e-01	1.99e-02	9.41e-04	1.64e-05	1.27e-07	0.00e+00	0.00e+00	0.00e+00	0.00e+00	0.00e+00
 4.06388e+22	4.49e-15	1.26e-09	1.59e-05	1.12e-03	2.41e-02	1.15e-01	8.87e-02	1.60e-01	4.21e-01	1.71e-01	1.81e-02	8.23e-04	1.38e-05	0.00e+00	0.00e+00	0.00e+00	0.00e+00	0.00e+00	0.00e+00
 4.18296e+22	6.30e-15	1.68e-09	2.03e-05	1.36e-03	2.77e-02	1.27e-01	9.29e-02	1.64e-01	4.12e-01	1.59e-01	1.60e-02	6.94e-04	1.11e-05	0.00e+00	0.00e+00	0.00e+00	0.00e+00	0.00e+00	0.00e+00
 4.31338e+22	9.15e-15	2.32e-09	2.66e-05	1.68e-03	3.24e-02	1.40e-01	9.73e-02	1.68e-01	4.00e-01	1.46e-01	1.39e-02	5.73e-04	8.72e-06	0.00e+00	0.00e+00	0.00e+00	0.00e+00	0.00e+00	0.00e+00
 4.43017e+22	1.26e-14	3.05e-09	3.33e-05	2.01e-03	3.68e-02	1.52e-01	1.01e-01	1.71e-01	3.89e-01	1.35e-01	1.22e-02	4.83e-04	7.05e-06	0.00e+00	0.00e+00	0.00e+00	0.00e+00	0.00e+00	0.00e+00
 4.55361e+22	1.72e-14	3.98e-09	4.16e-05	2.39e-03	4.17e-02	1.65e-01	1.04e-01	1.73e-01	3.78e-01	1.24e-01	1.08e-02	4.08e-04	5.71e-06	0.00e+00	0.00e+00	0.00e+00	0.00e+00	0.00e+00	0.00e+00
 4.71409e+22	2.53e-14	5.53e-09	5.46e-05	2.95e-03	4.85e-02	1.81e-01	1.08e-01	1.76e-01	3.62e-01	1.12e-01	9.16e-03	3.28e-04	4.36e-06	0.00e+00	0.00e+00	0.00e+00	0.00e+00	0.00e+00	0.00e+00
 4.87948e+22	3.76e-14	7.76e-09	7.22e-05	3.66e-03	5.65e-02	1.98e-01	1.12e-01	1.77e-01	3.44e-01	1.00e-01	7.69e-03	2.60e-04	3.27e-06	0.00e+00	0.00e+00	0.00e+00	0.00e+00	0.00e+00	0.00e+00
 5.01406e+22	5.10e-14	1.00e-08	8.92e-05	4.31e-03	6.33e-02	2.12e-01	1.14e-01	1.78e-01	3.30e-01	9.12e-02	6.69e-03	2.17e-04	2.61e-06	0.00e+00	0.00e+00	0.00e+00	0.00e+00	0.00e+00	0.00e+00
 5.15185e+22	6.80e-14	1.28e-08	1.09e-04	5.02e-03	7.03e-02	2.26e-01	1.16e-01	1.78e-01	3.16e-01	8.33e-02	5.83e-03	1.81e-04	2.10e-06	0.00e+00	0.00e+00	0.00e+00	0.00e+00	0.00e+00	0.00e+00
 5.33097e+22	9.66e-14	1.73e-08	1.39e-04	6.04e-03	7.97e-02	2.42e-01	1.18e-01	1.77e-01	2.98e-01	7.41e-02	4.91e-03	1.45e-04	1.60e-06	0.00e+00	0.00e+00	0.00e+00	0.00e+00	0.00e+00	0.00e+00
 5.52433e+22	1.41e-13	2.37e-08	1.80e-04	7.34e-03	9.10e-02	2.60e-01	1.19e-01	1.75e-01	2.78e-01	6.49e-02	4.05e-03	1.13e-04	1.18e-06	0.00e+00	0.00e+00	0.00e+00	0.00e+00	0.00e+00	0.00e+00
 5.69443e+22	1.93e-13	3.09e-08	2.23e-04	8.61e-03	1.01e-01	2.74e-01	1.20e-01	1.73e-01	2.61e-01	5.78e-02	3.42e-03	9.11e-05	9.14e-07	0.00e+00	0.00e+00	0.00e+00	0.00e+00	0.00e+00	0.00e+00
 5.87379e+22	2.61e-13	3.98e-08	2.74e-04	1.00e-02	1.12e-01	2.88e-01	1.20e-01	1.70e-01	2.45e-01	5.14e-02	2.90e-03	7.37e-05	7.08e-07	0.00e+00	0.00e+00	0.00e+00	0.00e+00	0.00e+00	0.00e+00
 6.10084e+22	3.74e-13	5.38e-08	3.48e-04	1.20e-02	1.25e-01	3.04e-01	1.20e-01	1.66e-01	2.25e-01	4.44e-02	2.36e-03	5.67e-05	5.18e-07	0.00e+00	0.00e+00	0.00e+00	0.00e+00	0.00e+00	0.00e+00
 6.33903e+22	5.42e-13	7.33e-08	4.46e-04	1.43e-02	1.40e-01	3.20e-01	1.19e-01	1.61e-01	2.06e-01	3.79e-02	1.89e-03	4.29e-05	3.72e-07	0.00e+00	0.00e+00	0.00e+00	0.00e+00	0.00e+00	0.00e+00
 6.54944e+22	7.37e-13	9.46e-08	5.46e-04	1.66e-02	1.54e-01	3.32e-01	1.17e-01	1.56e-01	1.89e-01	3.30e-02	1.56e-03	3.38e-05	2.80e-07	0.00e+00	0.00e+00	0.00e+00	0.00e+00	0.00e+00	0.00e+00
 6.77460e+22	9.93e-13	1.21e-07	6.63e-04	1.91e-02	1.67e-01	3.43e-01	1.15e-01	1.51e-01	1.74e-01	2.87e-02	1.29e-03	2.66e-05	2.12e-07	0.00e+00	0.00e+00	0.00e+00	0.00e+00	0.00e+00	0.00e+00
 7.01984e+22	1.36e-12	1.57e-07	8.14e-04	2.21e-02	1.82e-01	3.54e-01	1.13e-01	1.44e-01	1.58e-01	2.46e-02	1.04e-03	2.05e-05	1.56e-07	0.00e+00	0.00e+00	0.00e+00	0.00e+00	0.00e+00	0.00e+00
 7.24139e+22	1.79e-12	1.97e-07	9.72e-04	2.50e-02	1.96e-01	3.62e-01	1.10e-01	1.39e-01	1.45e-01	2.14e-02	8.64e-04	1.62e-05	0.00e+00	0.00e+00	0.00e+00	0.00e+00	0.00e+00	0.00e+00	0.00e+00
 7.47963e+22	2.34e-12	2.45e-07	1.15e-03	2.82e-02	2.10e-01	3.69e-01	1.07e-01	1.33e-01	1.33e-01	1.86e-02	7.16e-04	1.29e-05	0.00e+00	0.00e+00	0.00e+00	0.00e+00	0.00e+00	0.00e+00	0.00e+00
 7.77275e+22	3.18e-12	3.15e-07	1.40e-03	3.23e-02	2.26e-01	3.75e-01	1.04e-01	1.26e-01	1.19e-01	1.57e-02	5.73e-04	9.77e-06	0.00e+00	0.00e+00	0.00e+00	0.00e+00	0.00e+00	0.00e+00	0.00e+00
 8.07834e+22	4.35e-12	4.07e-07	1.71e-03	3.69e-02	2.43e-01	3.80e-01	9.96e-02	1.19e-01	1.06e-01	1.32e-02	4.52e-04	7.32e-06	0.00e+00	0.00e+00	0.00e+00	0.00e+00	0.00e+00	0.00e+00	0.00e+00
 8.34591e+22	5.67e-12	5.05e-07	2.01e-03	4.13e-02	2.57e-01	3.83e-01	9.59e-02	1.13e-01	9.57e-02	1.13e-02	3.68e-04	5.70e-06	0.00e+00	0.00e+00	0.00e+00	0.00e+00	0.00e+00	0.00e+00	0.00e+00
 8.62291e+22	7.22e-12	6.14e-07	2.34e-03	4.56e-02	2.71e-01	3.85e-01	9.24e-02	1.07e-01	8.68e-02	9.74e-03	3.04e-04	4.52e-06	0.00e+00	0.00e+00	0.00e+00	0.00e+00	0.00e+00	0.00e+00	0.00e+00
 8.96123e+22	9.55e-12	7.70e-07	2.78e-03	5.12e-02	2.86e-01	3.85e-01	8.81e-02	1.01e-01	7.72e-02	8.18e-03	2.42e-04	3.43e-06	0.00e+00	0.00e+00	0.00e+00	0.00e+00	0.00e+00	0.00e+00	0.00e+00
 9.31498e+22	1.27e-11	9.68e-07	3.30e-03	5.74e-02	3.02e-01	3.84e-01	8.37e-02	9.38e-02	6.82e-02	6.81e-03	1.91e-04	2.57e-06	0.00e+00	0.00e+00	0.00e+00	0.00e+00	0.00e+00	0.00e+00	0.00e+00
 9.63735e+22	1.62e-11	1.18e-06	3.82e-03	6.31e-02	3.16e-01	3.82e-01	7.98e-02	8.81e-02	6.11e-02	5.80e-03	1.55e-04	2.00e-06	0.00e+00	0.00e+00	0.00e+00	0.00e+00	0.00e+00	0.00e+00	0.00e+00
 9.98322e+22	2.05e-11	1.42e-06	4.40e-03	6.91e-02	3.28e-01	3.80e-01	7.60e-02	8.27e-02	5.48e-02	4.95e-03	1.26e-04	1.56e-06	0.00e+00	0.00e+00	0.00e+00	0.00e+00	0.00e+00	0.00e+00	0.00e+00
 1.03885e+23	2.66e-11	1.75e-06	5.15e-03	7.63e-02	3.43e-01	3.75e-01	7.17e-02	7.68e-02	4.83e-02	4.12e-03	9.95e-05	1.18e-06	0.00e+00	0.00e+00	0.00e+00	0.00e+00	0.00e+00	0.00e+00	0.00e+00
 1.07978e+23	3.44e-11	2.15e-06	5.99e-03	8.39e-02	3.56e-01	3.70e-01	6.75e-02	7.12e-02	4.26e-02	3.43e-03	7.88e-05	8.92e-07	0.00e+00	0.00e+00	0.00e+00	0.00e+00	0.00e+00	0.00e+00	0.00e+00
 1.11947e+23	4.31e-11	2.57e-06	6.83e-03	9.11e-02	3.67e-01	3.64e-01	6.39e-02	6.64e-02	3.79e-02	2.91e-03	6.38e-05	6.94e-07	0.00e+00	0.00e+00	0.00e+00	0.00e+00	0.00e+00	0.00e+00	0.00e+00
 1.16259e+23	5.40e-11	3.07e-06	7.79e-03	9.87e-02	3.78e-01	3.57e-01	6.03e-02	6.18e-02	3.37e-02	2.46e-03	5.15e-05	5.38e-07	0.00e+00	0.00e+00	0.00e+00	0.00e+00	0.00e+00	0.00e+00	0.00e+00
 1.21033e+23	6.85e-11	3.70e-06	8.93e-03	1.07e-01	3.89e-01	3.50e-01	5.65e-02	5.71e-02	2.96e-02	2.05e-03	4.08e-05	4.09e-07	0.00e+00	0.00e+00	0.00e+00	0.00e+00	0.00e+00	0.00e+00	0.00e+00
 1.25997e+23	8.59e-11	4.43e-06	1.02e-02	1.16e-01	3.99e-01	3.41e-01	5.30e-02	5.28e-02	2.61e-02	1.71e-03	3.26e-05	3.14e-07	0.00e+00	0.00e+00	0.00e+00	0.00e+00	0.00e+00	0.00e+00	0.00e+00
 1.31161e+23	1.07e-10	5.26e-06	1.15e-02	1.25e-01	4.08e-01	3.33e-01	4.98e-02	4.89e-02	2.31e-02	1.44e-03	2.62e-05	2.42e-07	0.00e+00	0.00e+00	0.00e+00	0.00e+00	0.00e+00	0.00e+00	0.00e+00
 1.36531e+23	1.32e-10	6.19e-06	1.30e-02	1.34e-01	4.15e-01	3.24e-01	4.67e-02	4.53e-02	2.04e-02	1.21e-03	2.11e-05	1.88e-07	0.00e+00	0.00e+00	0.00e+00	0.00e+00	0.00e+00	0.00e+00	0.00e+00
 1.42115e+23	1.61e-10	7.25e-06	1.45e-02	1.43e-01	4.22e-01	3.15e-01	4.38e-02	4.19e-02	1.81e-02	1.03e-03	1.71e-05	1.47e-07	0.00e+00	0.00e+00	0.00e+00	0.00e+00	0.00e+00	0.00e+00	0.00e+00
 1.47923e+23	1.96e-10	8.43e-06	1.62e-02	1.52e-01	4.28e-01	3.07e-01	4.12e-02	3.89e-02	1.61e-02	8.72e-04	1.39e-05	0.00e+00	0.00e+00	0.00e+00	0.00e+00	0.00e+00	0.00e+00	0.00e+00	0.00e+00
 1.53964e+23	2.35e-10	9.72e-06	1.79e-02	1.61e-01	4.34e-01	2.98e-01	3.87e-02	3.61e-02	1.44e-02	7.44e-04	1.14e-05	0.00e+00	0.00e+00	0.00e+00	0.00e+00	0.00e+00	0.00e+00	0.00e+00	0.00e+00
 1.60246e+23	2.80e-10	1.11e-05	1.97e-02	1.70e-01	4.38e-01	2.89e-01	3.65e-02	3.36e-02	1.29e-02	6.38e-04	9.42e-06	0.00e+00	0.00e+00	0.00e+00	0.00e+00	0.00e+00	0.00e+00	0.00e+00	0.00e+00
 1.66779e+23	3.31e-10	1.27e-05	2.16e-02	1.78e-01	4.41e-01	2.81e-01	3.44e-02	3.13e-02	1.15e-02	5.51e-04	7.84e-06	0.00e+00	0.00e+00	0.00e+00	0.00e+00	0.00e+00	0.00e+00	0.00e+00	0.00e+00
 1.73573e+23	3.87e-10	1.43e-05	2.35e-02	1.87e-01	4.44e-01	2.73e-01	3.25e-02	2.93e-02	1.04e-02	4.78e-04	6.57e-06	0.00e+00	0.00e+00	0.00e+00	0.00e+00	0.00e+00	0.00e+00	0.00e+00	0.00e+00
 1.80640e+23	4.49e-10	1.60e-05	2.54e-02	1.95e-01	4.46e-01	2.65e-01	3.08e-02	2.74e-02	9.43e-03	4.17e-04	5.55e-06	0.00e+00	0.00e+00	0.00e+00	0.00e+00	0.00e+00	0.00e+00	0.00e+00	0.00e+00
 1.87989e+23	5.16e-10	1.79e-05	2.74e-02	2.03e-01	4.48e-01	2.58e-01	2.92e-02	2.57e-02	8.59e-03	3.67e-04	4.73e-06	0.00e+00	0.00e+00	0.00e+00	0.00e+00	0.00e+00	0.00e+00	0.00e+00	0.00e+00
 1.95632e+23	5.87e-10	1.97e-05	2.94e-02	2.11e-01	4.49e-01	2.51e-01	2.78e-02	2.43e-02	7.86e-03	3.25e-04	4.07e-06	0.00e+00	0.00e+00	0.00e+00	0.00e+00	0.00e+00	0.00e+00	0.00e+00	0.00e+00
 2.03580e+23	6.63e-10	2.16e-05	3.13e-02	2.18e-01	4.50e-01	2.44e-01	2.65e-02	2.29e-02	7.22e-03	2.90e-04	3.53e-06	0.00e+00	0.00e+00	0.00e+00	0.00e+00	0.00e+00	0.00e+00	0.00e+00	0.00e+00
 2.11847e+23	7.41e-10	2.36e-05	3.32e-02	2.24e-01	4.50e-01	2.38e-01	2.54e-02	2.17e-02	6.68e-03	2.60e-04	3.09e-06	0.00e+00	0.00e+00	0.00e+00	0.00e+00	0.00e+00	0.00e+00	0.00e+00	0.00e+00
 2.20444e+23	8.16e-10	2.54e-05	3.49e-02	2.30e-01	4.50e-01	2.33e-01	2.44e-02	2.08e-02	6.23e-03	2.37e-04	2.76e-06	0.00e+00	0.00e+00	0.00e+00	0.00e+00	0.00e+00	0.00e+00	0.00e+00	0.00e+00
 2.28860e+23	9.02e-10	2.74e-05	3.68e-02	2.37e-01	4.50e-01	2.27e-01	2.34e-02	1.98e-02	5.80e-03	2.15e-04	2.44e-06	0.00e+00	0.00e+00	0.00e+00	0.00e+00	0.00e+00	0.00e+00	0.00e+00	0.00e+00
 2.36522e+23	9.76e-10	2.91e-05	3.84e-02	2.42e-01	4.50e-01	2.23e-01	2.27e-02	1.90e-02	5.48e-03	1.99e-04	2.22e-06	0.00e+00	0.00e+00	0.00e+00	0.00e+00	0.00e+00	0.00e+00	0.00e+00	0.00e+00
 2.43418e+23	1.04e-09	3.06e-05	3.97e-02	2.46e-01	4.49e-01	2.19e-01	2.21e-02	1.84e-02	5.22e-03	1.86e-04	2.05e-06	0.00e+00	0.00e+00	0.00e+00	0.00e+00	0.00e+00	0.00e+00	0.00e+00	0.00e+00
 2.49625e+23	1.10e-09	3.18e-05	4.08e-02	2.49e-01	4.49e-01	2.16e-01	2.16e-02	1.79e-02	5.02e-03	1.77e-04	1.92e-06	0.00e+00	0.00e+00	0.00e+00	0.00e+00	0.00e+00	0.00e+00	0.00e+00	0.00e+00
 2.55210e+23	1.14e-09	3.28e-05	4.16e-02	2.52e-01	4.49e-01	2.14e-01	2.12e-02	1.76e-02	4.88e-03	1.70e-04	1.83e-06	0.00e+00	0.00e+00	0.00e+00	0.00e+00	0.00e+00	0.00e+00	0.00e+00	0.00e+00
 2.60237e+23	1.18e-09	3.37e-05	4.24e-02	2.54e-01	4.48e-01	2.12e-01	2.09e-02	1.73e-02	4.75e-03	1.64e-04	1.76e-06	0.00e+00	0.00e+00	0.00e+00	0.00e+00	0.00e+00	0.00e+00	0.00e+00	0.00e+00
 2.64762e+23	1.21e-09	3.43e-05	4.30e-02	2.56e-01	4.48e-01	2.11e-01	2.07e-02	1.70e-02	4.66e-03	1.60e-04	1.70e-06	0.00e+00	0.00e+00	0.00e+00	0.00e+00	0.00e+00	0.00e+00	0.00e+00	0.00e+00
 2.68834e+23	1.23e-09	3.48e-05	4.33e-02	2.57e-01	4.48e-01	2.10e-01	2.05e-02	1.69e-02	4.60e-03	1.57e-04	1.66e-06	0.00e+00	0.00e+00	0.00e+00	0.00e+00	0.00e+00	0.00e+00	0.00e+00	0.00e+00
 2.72499e+23	1.26e-09	3.53e-05	4.38e-02	2.58e-01	4.47e-01	2.09e-01	2.04e-02	1.67e-02	4.54e-03	1.54e-04	1.63e-06	0.00e+00	0.00e+00	0.00e+00	0.00e+00	0.00e+00	0.00e+00	0.00e+00	0.00e+00
 2.75797e+23	1.28e-09	3.58e-05	4.42e-02	2.59e-01	4.47e-01	2.08e-01	2.02e-02	1.66e-02	4.48e-03	1.51e-04	1.59e-06	0.00e+00	0.00e+00	0.00e+00	0.00e+00	0.00e+00	0.00e+00	0.00e+00	0.00e+00
 2.78887e+23	1.30e-09	3.61e-05	4.45e-02	2.60e-01	4.47e-01	2.07e-01	2.01e-02	1.65e-02	4.43e-03	1.49e-04	1.56e-06	0.00e+00	0.00e+00	0.00e+00	0.00e+00	0.00e+00	0.00e+00	0.00e+00	0.00e+00
 2.81941e+23	1.32e-09	3.65e-05	4.48e-02	2.61e-01	4.47e-01	2.06e-01	1.99e-02	1.63e-02	4.38e-03	1.47e-04	1.54e-06	0.00e+00	0.00e+00	0.00e+00	0.00e+00	0.00e+00	0.00e+00	0.00e+00	0.00e+00
 2.84996e+23	1.33e-09	3.67e-05	4.50e-02	2.62e-01	4.47e-01	2.06e-01	1.99e-02	1.63e-02	4.36e-03	1.46e-04	1.52e-06	0.00e+00	0.00e+00	0.00e+00	0.00e+00	0.00e+00	0.00e+00	0.00e+00	0.00e+00
 2.88051e+23	1.34e-09	3.69e-05	4.52e-02	2.62e-01	4.47e-01	2.06e-01	1.98e-02	1.62e-02	4.34e-03	1.45e-04	1.51e-06	0.00e+00	0.00e+00	0.00e+00	0.00e+00	0.00e+00	0.00e+00	0.00e+00	0.00e+00
 2.91106e+23	1.34e-09	3.71e-05	4.53e-02	2.63e-01	4.47e-01	2.05e-01	1.98e-02	1.62e-02	4.32e-03	1.44e-04	1.50e-06	0.00e+00	0.00e+00	0.00e+00	0.00e+00	0.00e+00	0.00e+00	0.00e+00	0.00e+00
 2.94161e+23	1.35e-09	3.72e-05	4.54e-02	2.63e-01	4.46e-01	2.05e-01	1.97e-02	1.61e-02	4.31e-03	1.44e-04	1.49e-06	0.00e+00	0.00e+00	0.00e+00	0.00e+00	0.00e+00	0.00e+00	0.00e+00	0.00e+00
 2.97216e+23	1.35e-09	3.72e-05	4.54e-02	2.63e-01	4.46e-01	2.05e-01	1.97e-02	1.61e-02	4.30e-03	1.43e-04	1.49e-06	0.00e+00	0.00e+00	0.00e+00	0.00e+00	0.00e+00	0.00e+00	0.00e+00	0.00e+00
 3.00270e+23	1.36e-09	3.74e-05	4.55e-02	2.63e-01	4.46e-01	2.05e-01	1.97e-02	1.61e-02	4.29e-03	1.43e-04	1.48e-06	0.00e+00	0.00e+00	0.00e+00	0.00e+00	0.00e+00	0.00e+00	0.00e+00	0.00e+00
 3.03325e+23	1.36e-09	3.74e-05	4.56e-02	2.63e-01	4.46e-01	2.05e-01	1.97e-02	1.61e-02	4.28e-03	1.43e-04	1.48e-06	0.00e+00	0.00e+00	0.00e+00	0.00e+00	0.00e+00	0.00e+00	0.00e+00	0.00e+00
 3.05167e+23	1.41e-09	3.84e-05	4.64e-02	2.66e-01	4.46e-01	2.03e-01	1.94e-02	1.58e-02	4.17e-03	1.38e-04	1.42e-06	0.00e+00	0.00e+00	0.00e+00	0.00e+00	0.00e+00	0.00e+00	0.00e+00	0.00e+00
