#depth	O	O+	O+2	O+3	O+4	O+5	O+6	O+7	O+8	O[1]	O[2]	O[3]
 6.17135e+19	8.19e-29	3.51e-22	5.76e-17	7.12e-13	1.47e-09	9.10e-07	2.31e-03	1.04e-01	8.93e-01	0.00e+00	0.00e+00	0.00e+00
 1.87609e+20	2.61e-28	9.60e-22	1.36e-16	1.46e-12	2.60e-09	1.36e-06	2.99e-03	1.18e-01	8.79e-01	0.00e+00	0.00e+00	0.00e+00
 2.83882e+20	6.15e-28	2.01e-21	2.56e-16	2.49e-12	3.96e-09	1.84e-06	3.63e-03	1.29e-01	8.68e-01	0.00e+00	0.00e+00	0.00e+00
 3.32018e+20	9.29e-28	2.88e-21	3.48e-16	3.23e-12	4.87e-09	2.13e-06	3.98e-03	1.34e-01	8.62e-01	0.00e+00	0.00e+00	0.00e+00
 3.58442e+20	1.16e-27	3.48e-21	4.10e-16	3.71e-12	5.43e-09	2.31e-06	4.19e-03	1.37e-01	8.58e-01	0.00e+00	0.00e+00	0.00e+00
 3.82312e+20	1.41e-27	4.13e-21	4.75e-16	4.19e-12	5.99e-09	2.48e-06	4.38e-03	1.40e-01	8.55e-01	0.00e+00	0.00e+00	0.00e+00
 4.13342e+20	1.82e-27	5.14e-21	5.72e-16	4.91e-12	6.80e-09	2.71e-06	4.64e-03	1.44e-01	8.51e-01	0.00e+00	0.00e+00	0.00e+00
 4.53682e+20	2.50e-27	6.79e-21	7.27e-16	6.01e-12	7.98e-09	3.04e-06	4.99e-03	1.49e-01	8.46e-01	0.00e+00	0.00e+00	0.00e+00
 4.96663e+20	3.50e-27	9.07e-21	9.32e-16	7.42e-12	9.44e-09	3.43e-06	5.39e-03	1.54e-01	8.41e-01	0.00e+00	0.00e+00	0.00e+00
 5.34107e+20	4.64e-27	1.16e-20	1.15e-15	8.87e-12	1.09e-08	3.80e-06	5.75e-03	1.59e-01	8.36e-01	0.00e+00	0.00e+00	0.00e+00
 5.73813e+20	6.23e-27	1.50e-20	1.43e-15	1.07e-11	1.26e-08	4.23e-06	6.15e-03	1.64e-01	8.30e-01	0.00e+00	0.00e+00	0.00e+00
 6.18609e+20	8.59e-27	1.98e-20	1.82e-15	1.31e-11	1.49e-08	4.76e-06	6.63e-03	1.69e-01	8.24e-01	0.00e+00	0.00e+00	0.00e+00
 6.61102e+20	1.16e-26	2.56e-20	2.28e-15	1.58e-11	1.73e-08	5.31e-06	7.10e-03	1.74e-01	8.19e-01	0.00e+00	0.00e+00	0.00e+00
 7.01150e+20	1.52e-26	3.25e-20	2.80e-15	1.88e-11	1.99e-08	5.87e-06	7.57e-03	1.79e-01	8.13e-01	0.00e+00	0.00e+00	0.00e+00
 7.40596e+20	1.98e-26	4.08e-20	3.41e-15	2.23e-11	2.28e-08	6.46e-06	8.04e-03	1.84e-01	8.08e-01	0.00e+00	0.00e+00	0.00e+00
 7.79063e+20	2.54e-26	5.07e-20	4.11e-15	2.61e-11	2.59e-08	7.09e-06	8.53e-03	1.89e-01	8.02e-01	0.00e+00	0.00e+00	0.00e+00
 8.22600e+20	3.35e-26	6.45e-20	5.06e-15	3.12e-11	2.99e-08	7.86e-06	9.10e-03	1.94e-01	7.96e-01	0.00e+00	0.00e+00	0.00e+00
 8.69946e+20	4.49e-26	8.32e-20	6.30e-15	3.76e-11	3.47e-08	8.76e-06	9.75e-03	2.00e-01	7.90e-01	0.00e+00	0.00e+00	0.00e+00
 9.12442e+20	5.80e-26	1.04e-19	7.64e-15	4.43e-11	3.96e-08	9.64e-06	1.03e-02	2.06e-01	7.84e-01	0.00e+00	0.00e+00	0.00e+00
 9.57886e+20	7.57e-26	1.31e-19	9.34e-15	5.26e-11	4.55e-08	1.07e-05	1.10e-02	2.11e-01	7.78e-01	0.00e+00	0.00e+00	0.00e+00
 1.00850e+21	1.01e-25	1.69e-19	1.16e-14	6.33e-11	5.29e-08	1.19e-05	1.18e-02	2.18e-01	7.71e-01	0.00e+00	0.00e+00	0.00e+00
 1.05562e+21	1.32e-25	2.12e-19	1.42e-14	7.50e-11	6.07e-08	1.31e-05	1.26e-02	2.23e-01	7.64e-01	0.00e+00	0.00e+00	0.00e+00
 1.09996e+21	1.68e-25	2.62e-19	1.70e-14	8.76e-11	6.88e-08	1.44e-05	1.33e-02	2.29e-01	7.58e-01	0.00e+00	0.00e+00	0.00e+00
 1.15086e+21	2.19e-25	3.31e-19	2.08e-14	1.04e-10	7.92e-08	1.59e-05	1.42e-02	2.35e-01	7.51e-01	0.00e+00	0.00e+00	0.00e+00
 1.20786e+21	2.95e-25	4.28e-19	2.60e-14	1.26e-10	9.23e-08	1.78e-05	1.52e-02	2.42e-01	7.43e-01	0.00e+00	0.00e+00	0.00e+00
 1.25785e+21	3.79e-25	5.33e-19	3.14e-14	1.48e-10	1.05e-07	1.96e-05	1.61e-02	2.48e-01	7.36e-01	0.00e+00	0.00e+00	0.00e+00
 1.29968e+21	4.65e-25	6.37e-19	3.67e-14	1.69e-10	1.17e-07	2.11e-05	1.69e-02	2.53e-01	7.30e-01	0.00e+00	0.00e+00	0.00e+00
 1.34585e+21	5.81e-25	7.73e-19	4.34e-14	1.95e-10	1.32e-07	2.30e-05	1.78e-02	2.59e-01	7.23e-01	0.00e+00	0.00e+00	0.00e+00
 1.40588e+21	7.69e-25	9.88e-19	5.37e-14	2.34e-10	1.53e-07	2.56e-05	1.91e-02	2.66e-01	7.15e-01	0.00e+00	0.00e+00	0.00e+00
 1.46803e+21	1.02e-24	1.26e-18	6.66e-14	2.81e-10	1.77e-07	2.85e-05	2.04e-02	2.73e-01	7.06e-01	0.00e+00	0.00e+00	0.00e+00
 1.51973e+21	1.29e-24	1.55e-18	7.95e-14	3.27e-10	2.00e-07	3.12e-05	2.15e-02	2.79e-01	6.99e-01	0.00e+00	0.00e+00	0.00e+00
 1.57371e+21	1.62e-24	1.90e-18	9.46e-14	3.79e-10	2.26e-07	3.41e-05	2.27e-02	2.85e-01	6.92e-01	0.00e+00	0.00e+00	0.00e+00
 1.64390e+21	2.18e-24	2.45e-18	1.18e-13	4.59e-10	2.64e-07	3.81e-05	2.44e-02	2.93e-01	6.82e-01	0.00e+00	0.00e+00	0.00e+00
 1.71610e+21	2.93e-24	3.18e-18	1.48e-13	5.56e-10	3.08e-07	4.27e-05	2.61e-02	3.01e-01	6.72e-01	0.00e+00	0.00e+00	0.00e+00
 1.77550e+21	3.72e-24	3.91e-18	1.77e-13	6.48e-10	3.49e-07	4.67e-05	2.76e-02	3.08e-01	6.64e-01	0.00e+00	0.00e+00	0.00e+00
 1.83729e+21	4.73e-24	4.82e-18	2.13e-13	7.57e-10	3.96e-07	5.12e-05	2.92e-02	3.15e-01	6.56e-01	0.00e+00	0.00e+00	0.00e+00
 1.90511e+21	6.12e-24	6.03e-18	2.58e-13	8.94e-10	4.53e-07	5.65e-05	3.10e-02	3.22e-01	6.47e-01	0.00e+00	0.00e+00	0.00e+00
 1.96705e+21	7.69e-24	7.37e-18	3.08e-13	1.04e-09	5.11e-07	6.16e-05	3.27e-02	3.29e-01	6.39e-01	0.00e+00	0.00e+00	0.00e+00
 2.03387e+21	9.79e-24	9.09e-18	3.69e-13	1.21e-09	5.80e-07	6.75e-05	3.46e-02	3.35e-01	6.30e-01	0.00e+00	0.00e+00	0.00e+00
 2.10860e+21	1.27e-23	1.14e-17	4.51e-13	1.44e-09	6.66e-07	7.46e-05	3.67e-02	3.43e-01	6.20e-01	0.00e+00	0.00e+00	0.00e+00
 2.17902e+21	1.62e-23	1.41e-17	5.41e-13	1.68e-09	7.56e-07	8.18e-05	3.88e-02	3.50e-01	6.11e-01	0.00e+00	0.00e+00	0.00e+00
 2.25594e+21	2.10e-23	1.77e-17	6.58e-13	1.98e-09	8.64e-07	9.01e-05	4.12e-02	3.57e-01	6.01e-01	0.00e+00	0.00e+00	0.00e+00
 2.34147e+21	2.78e-23	2.26e-17	8.12e-13	2.37e-09	9.99e-07	1.00e-04	4.39e-02	3.66e-01	5.91e-01	0.00e+00	0.00e+00	0.00e+00
 2.42167e+21	3.59e-23	2.82e-17	9.86e-13	2.79e-09	1.14e-06	1.10e-04	4.65e-02	3.73e-01	5.80e-01	0.00e+00	0.00e+00	0.00e+00
 2.50938e+21	4.71e-23	3.58e-17	1.21e-12	3.32e-09	1.31e-06	1.22e-04	4.94e-02	3.81e-01	5.70e-01	0.00e+00	0.00e+00	0.00e+00
 2.60784e+21	6.34e-23	4.64e-17	1.52e-12	4.02e-09	1.53e-06	1.36e-04	5.28e-02	3.89e-01	5.58e-01	0.00e+00	0.00e+00	0.00e+00
 2.69550e+21	8.20e-23	5.81e-17	1.84e-12	4.74e-09	1.75e-06	1.50e-04	5.59e-02	3.97e-01	5.47e-01	0.00e+00	0.00e+00	0.00e+00
 2.77086e+21	1.02e-22	7.02e-17	2.17e-12	5.44e-09	1.96e-06	1.63e-04	5.86e-02	4.03e-01	5.38e-01	0.00e+00	0.00e+00	0.00e+00
 2.85504e+21	1.29e-22	8.64e-17	2.60e-12	6.34e-09	2.21e-06	1.78e-04	6.17e-02	4.10e-01	5.28e-01	0.00e+00	0.00e+00	0.00e+00
 2.96448e+21	1.74e-22	1.12e-16	3.24e-12	7.64e-09	2.57e-06	1.98e-04	6.58e-02	4.18e-01	5.16e-01	0.00e+00	0.00e+00	0.00e+00
 3.07543e+21	2.35e-22	1.46e-16	4.07e-12	9.27e-09	3.00e-06	2.21e-04	7.02e-02	4.26e-01	5.03e-01	0.00e+00	0.00e+00	0.00e+00
 3.16322e+21	2.96e-22	1.78e-16	4.84e-12	1.07e-08	3.38e-06	2.41e-04	7.38e-02	4.33e-01	4.93e-01	0.00e+00	0.00e+00	0.00e+00
 3.25222e+21	3.72e-22	2.17e-16	5.75e-12	1.24e-08	3.80e-06	2.62e-04	7.74e-02	4.39e-01	4.84e-01	0.00e+00	0.00e+00	0.00e+00
 3.36793e+21	4.96e-22	2.79e-16	7.14e-12	1.49e-08	4.39e-06	2.91e-04	8.22e-02	4.46e-01	4.71e-01	0.00e+00	0.00e+00	0.00e+00
 3.48838e+21	6.64e-22	3.59e-16	8.89e-12	1.79e-08	5.09e-06	3.23e-04	8.73e-02	4.54e-01	4.59e-01	0.00e+00	0.00e+00	0.00e+00
 3.58927e+21	8.48e-22	4.45e-16	1.07e-11	2.09e-08	5.77e-06	3.53e-04	9.19e-02	4.60e-01	4.48e-01	0.00e+00	0.00e+00	0.00e+00
 3.69472e+21	1.08e-21	5.51e-16	1.29e-11	2.44e-08	6.53e-06	3.86e-04	9.67e-02	4.66e-01	4.37e-01	0.00e+00	0.00e+00	0.00e+00
 3.83181e+21	1.48e-21	7.22e-16	1.62e-11	2.97e-08	7.64e-06	4.31e-04	1.03e-01	4.73e-01	4.23e-01	0.00e+00	0.00e+00	0.00e+00
 3.97122e+21	2.02e-21	9.47e-16	2.05e-11	3.61e-08	8.94e-06	4.82e-04	1.10e-01	4.80e-01	4.10e-01	0.00e+00	0.00e+00	0.00e+00
 4.08307e+21	2.58e-21	1.17e-15	2.46e-11	4.22e-08	1.01e-05	5.27e-04	1.15e-01	4.86e-01	3.99e-01	0.00e+00	0.00e+00	0.00e+00
 4.19792e+21	3.29e-21	1.45e-15	2.96e-11	4.93e-08	1.15e-05	5.75e-04	1.21e-01	4.91e-01	3.88e-01	0.00e+00	0.00e+00	0.00e+00
 4.34723e+21	4.48e-21	1.90e-15	3.74e-11	5.99e-08	1.34e-05	6.43e-04	1.29e-01	4.97e-01	3.74e-01	0.00e+00	0.00e+00	0.00e+00
 4.49138e+21	5.98e-21	2.44e-15	4.63e-11	7.17e-08	1.55e-05	7.11e-04	1.36e-01	5.02e-01	3.62e-01	0.00e+00	0.00e+00	0.00e+00
 4.59762e+21	7.39e-21	2.93e-15	5.43e-11	8.20e-08	1.72e-05	7.66e-04	1.42e-01	5.06e-01	3.52e-01	0.00e+00	0.00e+00	0.00e+00
 4.70451e+21	9.10e-21	3.51e-15	6.36e-11	9.36e-08	1.92e-05	8.26e-04	1.47e-01	5.09e-01	3.43e-01	0.00e+00	0.00e+00	0.00e+00
 4.84347e+21	1.18e-20	4.41e-15	7.74e-11	1.11e-07	2.19e-05	9.07e-04	1.55e-01	5.13e-01	3.31e-01	0.00e+00	0.00e+00	0.00e+00
 4.99032e+21	1.56e-20	5.61e-15	9.54e-11	1.32e-07	2.52e-05	1.00e-03	1.64e-01	5.17e-01	3.19e-01	0.00e+00	0.00e+00	0.00e+00
 5.11502e+21	1.96e-20	6.84e-15	1.13e-10	1.53e-07	2.84e-05	1.09e-03	1.71e-01	5.19e-01	3.09e-01	0.00e+00	0.00e+00	0.00e+00
 5.24474e+21	2.46e-20	8.36e-15	1.35e-10	1.77e-07	3.19e-05	1.18e-03	1.78e-01	5.22e-01	2.98e-01	0.00e+00	0.00e+00	0.00e+00
 5.41338e+21	3.30e-20	1.08e-14	1.68e-10	2.13e-07	3.71e-05	1.32e-03	1.89e-01	5.25e-01	2.85e-01	0.00e+00	0.00e+00	0.00e+00
 5.58480e+21	4.40e-20	1.39e-14	2.09e-10	2.57e-07	4.31e-05	1.46e-03	1.99e-01	5.27e-01	2.73e-01	0.00e+00	0.00e+00	0.00e+00
 5.72275e+21	5.53e-20	1.69e-14	2.49e-10	2.98e-07	4.85e-05	1.59e-03	2.08e-01	5.28e-01	2.63e-01	0.00e+00	0.00e+00	0.00e+00
 5.86498e+21	6.94e-20	2.06e-14	2.96e-10	3.45e-07	5.47e-05	1.73e-03	2.17e-01	5.29e-01	2.53e-01	0.00e+00	0.00e+00	0.00e+00
 6.04988e+21	9.23e-20	2.65e-14	3.68e-10	4.15e-07	6.34e-05	1.91e-03	2.28e-01	5.29e-01	2.41e-01	0.00e+00	0.00e+00	0.00e+00
 6.24306e+21	1.24e-19	3.42e-14	4.60e-10	5.02e-07	7.41e-05	2.14e-03	2.41e-01	5.29e-01	2.28e-01	0.00e+00	0.00e+00	0.00e+00
 6.40408e+21	1.57e-19	4.20e-14	5.52e-10	5.87e-07	8.41e-05	2.33e-03	2.51e-01	5.28e-01	2.18e-01	0.00e+00	0.00e+00	0.00e+00
 6.57049e+21	1.98e-19	5.17e-14	6.62e-10	6.86e-07	9.56e-05	2.55e-03	2.62e-01	5.27e-01	2.08e-01	0.00e+00	0.00e+00	0.00e+00
 6.78683e+21	2.66e-19	6.69e-14	8.32e-10	8.36e-07	1.12e-04	2.86e-03	2.77e-01	5.25e-01	1.95e-01	0.00e+00	0.00e+00	0.00e+00
 7.00644e+21	3.56e-19	8.64e-14	1.04e-09	1.02e-06	1.32e-04	3.20e-03	2.92e-01	5.22e-01	1.83e-01	0.00e+00	0.00e+00	0.00e+00
 7.18218e+21	4.45e-19	1.05e-13	1.24e-09	1.18e-06	1.50e-04	3.50e-03	3.04e-01	5.19e-01	1.74e-01	0.00e+00	0.00e+00	0.00e+00
 7.33309e+21	5.36e-19	1.24e-13	1.44e-09	1.34e-06	1.66e-04	3.75e-03	3.14e-01	5.16e-01	1.66e-01	0.00e+00	0.00e+00	0.00e+00
 7.49984e+21	6.53e-19	1.47e-13	1.68e-09	1.54e-06	1.85e-04	4.06e-03	3.25e-01	5.12e-01	1.59e-01	0.00e+00	0.00e+00	0.00e+00
 7.71661e+21	8.36e-19	1.83e-13	2.04e-09	1.83e-06	2.13e-04	4.48e-03	3.40e-01	5.07e-01	1.49e-01	0.00e+00	0.00e+00	0.00e+00
 7.93993e+21	1.07e-18	2.28e-13	2.49e-09	2.17e-06	2.46e-04	4.96e-03	3.55e-01	5.01e-01	1.39e-01	0.00e+00	0.00e+00	0.00e+00
 8.12361e+21	1.30e-18	2.71e-13	2.91e-09	2.49e-06	2.75e-04	5.37e-03	3.67e-01	4.96e-01	1.32e-01	0.00e+00	0.00e+00	0.00e+00
 8.31424e+21	1.57e-18	3.22e-13	3.40e-09	2.86e-06	3.09e-04	5.82e-03	3.80e-01	4.90e-01	1.24e-01	0.00e+00	0.00e+00	0.00e+00
 8.56205e+21	2.00e-18	3.98e-13	4.13e-09	3.39e-06	3.56e-04	6.44e-03	3.96e-01	4.82e-01	1.16e-01	0.00e+00	0.00e+00	0.00e+00
 8.81122e+21	2.52e-18	4.90e-13	4.99e-09	4.02e-06	4.10e-04	7.11e-03	4.12e-01	4.73e-01	1.07e-01	0.00e+00	0.00e+00	0.00e+00
 9.00709e+21	3.00e-18	5.72e-13	5.76e-09	4.57e-06	4.56e-04	7.67e-03	4.24e-01	4.66e-01	1.01e-01	0.00e+00	0.00e+00	0.00e+00
 9.20667e+21	3.55e-18	6.66e-13	6.62e-09	5.18e-06	5.06e-04	8.26e-03	4.37e-01	4.59e-01	9.52e-02	0.00e+00	0.00e+00	0.00e+00
 9.46612e+21	4.38e-18	8.05e-13	7.89e-09	6.07e-06	5.77e-04	9.06e-03	4.53e-01	4.50e-01	8.82e-02	0.00e+00	0.00e+00	0.00e+00
 9.73692e+21	5.41e-18	9.74e-13	9.43e-09	7.12e-06	6.59e-04	9.96e-03	4.69e-01	4.39e-01	8.14e-02	0.00e+00	0.00e+00	0.00e+00
 9.96440e+21	6.40e-18	1.14e-12	1.09e-08	8.11e-06	7.33e-04	1.08e-02	4.82e-01	4.31e-01	7.61e-02	0.00e+00	0.00e+00	0.00e+00
 1.02021e+22	7.57e-18	1.32e-12	1.26e-08	9.23e-06	8.17e-04	1.16e-02	4.95e-01	4.22e-01	7.10e-02	0.00e+00	0.00e+00	0.00e+00
 1.05111e+22	9.32e-18	1.60e-12	1.50e-08	1.09e-05	9.34e-04	1.28e-02	5.11e-01	4.10e-01	6.49e-02	0.00e+00	0.00e+00	0.00e+00
 1.08284e+22	1.14e-17	1.93e-12	1.79e-08	1.28e-05	1.07e-03	1.41e-02	5.28e-01	3.98e-01	5.93e-02	0.00e+00	0.00e+00	0.00e+00
 1.10888e+22	1.34e-17	2.24e-12	2.06e-08	1.45e-05	1.18e-03	1.51e-02	5.41e-01	3.88e-01	5.50e-02	0.00e+00	0.00e+00	0.00e+00
 1.13056e+22	1.52e-17	2.51e-12	2.31e-08	1.61e-05	1.29e-03	1.61e-02	5.52e-01	3.79e-01	5.17e-02	0.00e+00	0.00e+00	0.00e+00
 1.15336e+22	1.74e-17	2.84e-12	2.59e-08	1.79e-05	1.40e-03	1.71e-02	5.62e-01	3.71e-01	4.86e-02	0.00e+00	0.00e+00	0.00e+00
 1.18300e+22	2.04e-17	3.30e-12	2.99e-08	2.04e-05	1.56e-03	1.85e-02	5.75e-01	3.60e-01	4.48e-02	0.00e+00	0.00e+00	0.00e+00
 1.21347e+22	2.40e-17	3.84e-12	3.46e-08	2.34e-05	1.74e-03	1.99e-02	5.88e-01	3.49e-01	4.12e-02	2.40e-17	7.16e-25	7.39e-25
 1.23847e+22	2.72e-17	4.31e-12	3.88e-08	2.60e-05	1.89e-03	2.12e-02	5.98e-01	3.40e-01	3.84e-02	2.72e-17	8.07e-25	8.33e-25
 1.26438e+22	3.11e-17	4.88e-12	4.36e-08	2.89e-05	2.06e-03	2.25e-02	6.08e-01	3.32e-01	3.60e-02	3.11e-17	9.19e-25	9.49e-25
 1.29807e+22	3.65e-17	5.68e-12	5.04e-08	3.30e-05	2.29e-03	2.42e-02	6.20e-01	3.21e-01	3.29e-02	3.65e-17	1.08e-24	1.11e-24
 1.33259e+22	4.28e-17	6.60e-12	5.83e-08	3.77e-05	2.54e-03	2.61e-02	6.32e-01	3.09e-01	3.01e-02	4.28e-17	1.26e-24	1.30e-24
 1.36063e+22	4.83e-17	7.41e-12	6.53e-08	4.19e-05	2.76e-03	2.77e-02	6.41e-01	3.00e-01	2.80e-02	4.83e-17	1.41e-24	1.46e-24
 1.38951e+22	5.51e-17	8.38e-12	7.34e-08	4.66e-05	2.99e-03	2.93e-02	6.50e-01	2.92e-01	2.61e-02	5.51e-17	1.61e-24	1.66e-24
 1.42706e+22	6.45e-17	9.73e-12	8.48e-08	5.32e-05	3.31e-03	3.15e-02	6.60e-01	2.81e-01	2.38e-02	6.45e-17	1.87e-24	1.93e-24
 1.46585e+22	7.56e-17	1.13e-11	9.82e-08	6.08e-05	3.67e-03	3.39e-02	6.71e-01	2.70e-01	2.16e-02	7.56e-17	2.19e-24	2.26e-24
 1.49785e+22	8.53e-17	1.27e-11	1.10e-07	6.77e-05	3.98e-03	3.59e-02	6.79e-01	2.61e-01	2.00e-02	8.53e-17	2.46e-24	2.54e-24
 1.53103e+22	9.76e-17	1.45e-11	1.24e-07	7.53e-05	4.31e-03	3.80e-02	6.87e-01	2.53e-01	1.85e-02	9.76e-17	2.80e-24	2.89e-24
 1.57417e+22	1.15e-16	1.69e-11	1.44e-07	8.62e-05	4.77e-03	4.08e-02	6.96e-01	2.42e-01	1.67e-02	1.15e-16	3.27e-24	3.38e-24
 1.61885e+22	1.35e-16	1.97e-11	1.68e-07	9.90e-05	5.28e-03	4.38e-02	7.05e-01	2.31e-01	1.51e-02	1.35e-16	3.82e-24	3.96e-24
 1.65592e+22	1.53e-16	2.23e-11	1.90e-07	1.11e-04	5.73e-03	4.64e-02	7.11e-01	2.22e-01	1.39e-02	1.53e-16	4.30e-24	4.47e-24
 1.69451e+22	1.76e-16	2.55e-11	2.15e-07	1.23e-04	6.21e-03	4.91e-02	7.18e-01	2.14e-01	1.28e-02	1.76e-16	4.92e-24	5.12e-24
 1.74468e+22	2.08e-16	3.00e-11	2.52e-07	1.42e-04	6.87e-03	5.27e-02	7.25e-01	2.04e-01	1.14e-02	2.08e-16	5.77e-24	6.01e-24
 1.79707e+22	2.47e-16	3.55e-11	2.95e-07	1.64e-04	7.62e-03	5.66e-02	7.32e-01	1.94e-01	1.02e-02	2.47e-16	6.81e-24	7.11e-24
 1.84137e+22	2.82e-16	4.05e-11	3.37e-07	1.84e-04	8.28e-03	6.00e-02	7.37e-01	1.85e-01	9.31e-03	2.82e-16	7.74e-24	8.09e-24
 1.87818e+22	3.19e-16	4.56e-11	3.76e-07	2.03e-04	8.86e-03	6.28e-02	7.40e-01	1.79e-01	8.64e-03	3.19e-16	8.72e-24	9.13e-24
 1.91626e+22	3.56e-16	5.09e-11	4.18e-07	2.23e-04	9.47e-03	6.58e-02	7.44e-01	1.73e-01	8.00e-03	3.56e-16	9.69e-24	1.02e-23
 1.96577e+22	4.14e-16	5.90e-11	4.81e-07	2.51e-04	1.03e-02	6.96e-02	7.48e-01	1.65e-01	7.26e-03	4.14e-16	1.12e-23	1.18e-23
 2.01757e+22	4.83e-16	6.85e-11	5.54e-07	2.85e-04	1.12e-02	7.39e-02	7.51e-01	1.57e-01	6.55e-03	4.83e-16	1.30e-23	1.36e-23
 2.06108e+22	5.47e-16	7.76e-11	6.23e-07	3.15e-04	1.20e-02	7.75e-02	7.53e-01	1.51e-01	6.02e-03	5.47e-16	1.46e-23	1.54e-23
 2.10640e+22	6.20e-16	8.78e-11	7.01e-07	3.49e-04	1.29e-02	8.12e-02	7.55e-01	1.45e-01	5.53e-03	6.20e-16	1.65e-23	1.74e-23
 2.16531e+22	7.28e-16	1.03e-10	8.15e-07	3.96e-04	1.41e-02	8.62e-02	7.57e-01	1.37e-01	4.96e-03	7.28e-16	1.92e-23	2.03e-23
 2.22538e+22	8.56e-16	1.21e-10	9.49e-07	4.51e-04	1.53e-02	9.14e-02	7.59e-01	1.30e-01	4.44e-03	8.56e-16	2.25e-23	2.38e-23
 2.27359e+22	9.74e-16	1.38e-10	1.07e-06	4.99e-04	1.64e-02	9.56e-02	7.59e-01	1.24e-01	4.07e-03	9.74e-16	2.55e-23	2.69e-23
 2.32287e+22	1.11e-15	1.56e-10	1.20e-06	5.51e-04	1.75e-02	9.99e-02	7.59e-01	1.19e-01	3.74e-03	1.11e-15	2.87e-23	3.04e-23
 2.38695e+22	1.30e-15	1.84e-10	1.40e-06	6.24e-04	1.90e-02	1.06e-01	7.59e-01	1.13e-01	3.35e-03	1.30e-15	3.35e-23	3.56e-23
 2.45441e+22	1.54e-15	2.18e-10	1.64e-06	7.11e-04	2.07e-02	1.12e-01	7.58e-01	1.06e-01	2.98e-03	1.54e-15	3.95e-23	4.20e-23
 2.51179e+22	1.78e-15	2.51e-10	1.86e-06	7.92e-04	2.22e-02	1.17e-01	7.56e-01	1.01e-01	2.71e-03	1.78e-15	4.53e-23	4.82e-23
 2.57191e+22	2.05e-15	2.90e-10	2.13e-06	8.81e-04	2.38e-02	1.22e-01	7.54e-01	9.63e-02	2.46e-03	2.05e-15	5.20e-23	5.54e-23
 2.65007e+22	2.47e-15	3.49e-10	2.51e-06	1.01e-03	2.60e-02	1.29e-01	7.51e-01	9.03e-02	2.18e-03	2.47e-15	6.21e-23	6.63e-23
 2.73140e+22	3.00e-15	4.23e-10	2.99e-06	1.16e-03	2.84e-02	1.37e-01	7.47e-01	8.44e-02	1.91e-03	3.00e-15	7.48e-23	7.99e-23
 2.79941e+22	3.50e-15	4.95e-10	3.44e-06	1.30e-03	3.05e-02	1.43e-01	7.43e-01	7.99e-02	1.72e-03	3.50e-15	8.67e-23	9.28e-23
 2.87041e+22	4.12e-15	5.81e-10	3.97e-06	1.45e-03	3.28e-02	1.50e-01	7.39e-01	7.56e-02	1.55e-03	4.12e-15	1.02e-22	1.09e-22
 2.96272e+22	5.06e-15	7.12e-10	4.75e-06	1.67e-03	3.58e-02	1.58e-01	7.33e-01	7.04e-02	1.36e-03	5.06e-15	1.23e-22	1.32e-22
 3.06097e+22	6.29e-15	8.85e-10	5.74e-06	1.94e-03	3.92e-02	1.67e-01	7.25e-01	6.53e-02	1.18e-03	6.29e-15	1.52e-22	1.64e-22
 3.14617e+22	7.57e-15	1.06e-09	6.74e-06	2.19e-03	4.23e-02	1.75e-01	7.18e-01	6.12e-02	1.05e-03	7.57e-15	1.82e-22	1.96e-22
 3.21640e+22	8.82e-15	1.24e-09	7.67e-06	2.42e-03	4.49e-02	1.82e-01	7.12e-01	5.80e-02	9.50e-04	8.82e-15	2.11e-22	2.27e-22
 3.28796e+22	1.02e-14	1.43e-09	8.70e-06	2.66e-03	4.76e-02	1.88e-01	7.06e-01	5.51e-02	8.64e-04	1.02e-14	2.43e-22	2.62e-22
 3.38099e+22	1.24e-14	1.73e-09	1.02e-05	3.00e-03	5.13e-02	1.96e-01	6.97e-01	5.16e-02	7.66e-04	1.24e-14	2.92e-22	3.15e-22
 3.47912e+22	1.52e-14	2.10e-09	1.21e-05	3.40e-03	5.53e-02	2.05e-01	6.88e-01	4.80e-02	6.75e-04	1.52e-14	3.55e-22	3.84e-22
 3.56303e+22	1.80e-14	2.49e-09	1.39e-05	3.77e-03	5.89e-02	2.12e-01	6.79e-01	4.53e-02	6.07e-04	1.80e-14	4.19e-22	4.54e-22
 3.65127e+22	2.15e-14	2.94e-09	1.60e-05	4.18e-03	6.26e-02	2.19e-01	6.71e-01	4.27e-02	5.46e-04	2.15e-14	4.96e-22	5.38e-22
 3.76598e+22	2.67e-14	3.63e-09	1.90e-05	4.76e-03	6.76e-02	2.29e-01	6.59e-01	3.95e-02	4.77e-04	2.67e-14	6.10e-22	6.62e-22
 3.88163e+22	3.34e-14	4.50e-09	2.28e-05	5.42e-03	7.30e-02	2.39e-01	6.46e-01	3.65e-02	4.14e-04	3.34e-14	7.56e-22	8.21e-22
 3.97228e+22	3.98e-14	5.32e-09	2.61e-05	5.98e-03	7.74e-02	2.46e-01	6.36e-01	3.43e-02	3.73e-04	3.98e-14	8.96e-22	9.75e-22
 4.06388e+22	4.70e-14	6.22e-09	2.96e-05	6.57e-03	8.17e-02	2.53e-01	6.26e-01	3.24e-02	3.37e-04	4.70e-14	1.05e-21	1.14e-21
 4.18296e+22	5.85e-14	7.61e-09	3.49e-05	7.38e-03	8.75e-02	2.61e-01	6.14e-01	3.01e-02	2.97e-04	5.85e-14	1.29e-21	1.41e-21
 4.31338e+22	7.35e-14	9.46e-09	4.16e-05	8.37e-03	9.40e-02	2.70e-01	5.99e-01	2.77e-02	2.58e-04	7.35e-14	1.61e-21	1.76e-21
 4.43017e+22	9.03e-14	1.14e-08	4.85e-05	9.33e-03	1.00e-01	2.78e-01	5.86e-01	2.57e-02	2.28e-04	9.03e-14	1.96e-21	2.14e-21
 4.55361e+22	1.11e-13	1.38e-08	5.64e-05	1.04e-02	1.06e-01	2.86e-01	5.73e-01	2.39e-02	2.02e-04	1.11e-13	2.39e-21	2.61e-21
 4.71409e+22	1.44e-13	1.76e-08	6.82e-05	1.19e-02	1.15e-01	2.96e-01	5.56e-01	2.18e-02	1.73e-04	1.44e-13	3.06e-21	3.35e-21
 4.87948e+22	1.88e-13	2.25e-08	8.29e-05	1.36e-02	1.24e-01	3.05e-01	5.38e-01	1.97e-02	1.46e-04	1.88e-13	3.95e-21	4.33e-21
 5.01406e+22	2.33e-13	2.72e-08	9.64e-05	1.51e-02	1.31e-01	3.12e-01	5.23e-01	1.83e-02	1.29e-04	2.33e-13	4.84e-21	5.31e-21
 5.15185e+22	2.86e-13	3.27e-08	1.12e-04	1.67e-02	1.39e-01	3.19e-01	5.09e-01	1.69e-02	1.13e-04	2.86e-13	5.89e-21	6.46e-21
 5.33097e+22	3.71e-13	4.12e-08	1.33e-04	1.89e-02	1.48e-01	3.27e-01	4.91e-01	1.54e-02	9.72e-05	3.71e-13	7.53e-21	8.28e-21
 5.52433e+22	4.90e-13	5.27e-08	1.62e-04	2.15e-02	1.59e-01	3.35e-01	4.71e-01	1.38e-02	8.18e-05	4.90e-13	9.81e-21	1.08e-20
 5.69443e+22	6.22e-13	6.50e-08	1.90e-04	2.40e-02	1.68e-01	3.41e-01	4.54e-01	1.26e-02	7.06e-05	6.22e-13	1.23e-20	1.35e-20
 5.87379e+22	7.85e-13	7.97e-08	2.22e-04	2.67e-02	1.78e-01	3.46e-01	4.37e-01	1.15e-02	6.11e-05	7.85e-13	1.53e-20	1.69e-20
 6.10084e+22	1.04e-12	1.02e-07	2.68e-04	3.02e-02	1.90e-01	3.52e-01	4.17e-01	1.03e-02	5.12e-05	1.04e-12	2.00e-20	2.21e-20
 6.33903e+22	1.40e-12	1.31e-07	3.26e-04	3.44e-02	2.03e-01	3.57e-01	3.96e-01	9.11e-03	4.24e-05	1.40e-12	2.65e-20	2.93e-20
 6.54944e+22	1.80e-12	1.63e-07	3.83e-04	3.83e-02	2.14e-01	3.61e-01	3.78e-01	8.21e-03	3.61e-05	1.80e-12	3.36e-20	3.71e-20
 6.77460e+22	2.31e-12	2.01e-07	4.49e-04	4.25e-02	2.25e-01	3.64e-01	3.60e-01	7.40e-03	3.08e-05	2.31e-12	4.23e-20	4.68e-20
 7.01984e+22	3.03e-12	2.52e-07	5.32e-04	4.75e-02	2.38e-01	3.66e-01	3.41e-01	6.60e-03	2.58e-05	3.03e-12	5.45e-20	6.04e-20
 7.24139e+22	3.82e-12	3.06e-07	6.16e-04	5.22e-02	2.49e-01	3.68e-01	3.25e-01	5.95e-03	2.21e-05	3.82e-12	6.78e-20	7.52e-20
 7.47963e+22	4.82e-12	3.71e-07	7.11e-04	5.72e-02	2.59e-01	3.68e-01	3.09e-01	5.38e-03	1.89e-05	4.82e-12	8.40e-20	9.31e-20
 7.77275e+22	6.32e-12	4.63e-07	8.39e-04	6.36e-02	2.72e-01	3.68e-01	2.91e-01	4.76e-03	1.58e-05	6.32e-12	1.08e-19	1.20e-19
 8.07834e+22	8.38e-12	5.83e-07	9.94e-04	7.07e-02	2.85e-01	3.67e-01	2.72e-01	4.18e-03	1.30e-05	8.38e-12	1.40e-19	1.56e-19
 8.34591e+22	1.06e-11	7.08e-07	1.15e-03	7.73e-02	2.96e-01	3.65e-01	2.57e-01	3.73e-03	1.10e-05	1.06e-11	1.75e-19	1.94e-19
 8.62291e+22	1.32e-11	8.45e-07	1.31e-03	8.38e-02	3.06e-01	3.62e-01	2.43e-01	3.35e-03	9.40e-06	1.32e-11	2.13e-19	2.37e-19
 8.96123e+22	1.72e-11	1.04e-06	1.52e-03	9.20e-02	3.18e-01	3.59e-01	2.27e-01	2.95e-03	7.80e-06	1.72e-11	2.70e-19	3.01e-19
 9.31498e+22	2.24e-11	1.29e-06	1.77e-03	1.01e-01	3.29e-01	3.54e-01	2.11e-01	2.58e-03	6.42e-06	2.24e-11	3.44e-19	3.84e-19
 9.63735e+22	2.82e-11	1.54e-06	2.02e-03	1.09e-01	3.39e-01	3.49e-01	1.98e-01	2.30e-03	5.42e-06	2.82e-11	4.24e-19	4.74e-19
 9.98322e+22	3.53e-11	1.84e-06	2.29e-03	1.18e-01	3.48e-01	3.44e-01	1.85e-01	2.04e-03	4.58e-06	3.53e-11	5.17e-19	5.77e-19
 1.03885e+23	4.54e-11	2.24e-06	2.64e-03	1.28e-01	3.58e-01	3.38e-01	1.72e-01	1.79e-03	3.78e-06	4.54e-11	6.47e-19	7.23e-19
 1.07978e+23	5.81e-11	2.72e-06	3.03e-03	1.39e-01	3.67e-01	3.30e-01	1.59e-01	1.56e-03	3.12e-06	5.81e-11	8.06e-19	9.03e-19
 1.11947e+23	7.25e-11	3.22e-06	3.42e-03	1.49e-01	3.75e-01	3.23e-01	1.48e-01	1.38e-03	2.62e-06	7.25e-11	9.80e-19	1.10e-18
 1.16259e+23	9.05e-11	3.82e-06	3.85e-03	1.59e-01	3.82e-01	3.16e-01	1.38e-01	1.22e-03	2.19e-06	9.05e-11	1.18e-18	1.33e-18
 1.21033e+23	1.15e-10	4.57e-06	4.37e-03	1.71e-01	3.89e-01	3.08e-01	1.27e-01	1.06e-03	1.81e-06	1.15e-10	1.45e-18	1.63e-18
 1.25997e+23	1.44e-10	5.43e-06	4.93e-03	1.82e-01	3.95e-01	2.99e-01	1.17e-01	9.29e-04	1.50e-06	1.44e-10	1.76e-18	1.98e-18
 1.31161e+23	1.79e-10	6.40e-06	5.52e-03	1.94e-01	4.01e-01	2.90e-01	1.08e-01	8.15e-04	1.25e-06	1.79e-10	2.11e-18	2.38e-18
 1.36531e+23	2.21e-10	7.50e-06	6.17e-03	2.06e-01	4.05e-01	2.82e-01	1.00e-01	7.16e-04	1.05e-06	2.21e-10	2.52e-18	2.84e-18
 1.42115e+23	2.71e-10	8.75e-06	6.85e-03	2.18e-01	4.09e-01	2.73e-01	9.25e-02	6.30e-04	8.76e-07	2.71e-10	2.98e-18	3.36e-18
 1.47923e+23	3.31e-10	1.01e-05	7.57e-03	2.30e-01	4.12e-01	2.65e-01	8.56e-02	5.56e-04	7.37e-07	3.31e-10	3.49e-18	3.94e-18
 1.53964e+23	3.99e-10	1.16e-05	8.32e-03	2.41e-01	4.14e-01	2.56e-01	7.94e-02	4.92e-04	6.24e-07	3.99e-10	4.05e-18	4.57e-18
 1.60246e+23	4.79e-10	1.33e-05	9.11e-03	2.52e-01	4.16e-01	2.48e-01	7.37e-02	4.37e-04	5.30e-07	4.79e-10	4.65e-18	5.26e-18
 1.66779e+23	5.69e-10	1.51e-05	9.92e-03	2.63e-01	4.17e-01	2.40e-01	6.85e-02	3.90e-04	4.54e-07	5.69e-10	5.29e-18	5.98e-18
 1.73573e+23	6.71e-10	1.70e-05	1.07e-02	2.74e-01	4.18e-01	2.33e-01	6.39e-02	3.49e-04	3.90e-07	6.71e-10	5.96e-18	6.74e-18
 1.80640e+23	7.83e-10	1.90e-05	1.16e-02	2.84e-01	4.18e-01	2.26e-01	5.97e-02	3.14e-04	3.38e-07	7.83e-10	6.63e-18	7.51e-18
 1.87989e+23	9.06e-10	2.12e-05	1.24e-02	2.94e-01	4.18e-01	2.19e-01	5.60e-02	2.84e-04	2.95e-07	9.06e-10	7.31e-18	8.28e-18
 1.95632e+23	1.04e-09	2.34e-05	1.33e-02	3.03e-01	4.18e-01	2.13e-01	5.27e-02	2.58e-04	2.59e-07	1.04e-09	7.96e-18	9.02e-18
 2.03580e+23	1.18e-09	2.56e-05	1.41e-02	3.12e-01	4.17e-01	2.07e-01	4.97e-02	2.36e-04	2.29e-07	1.18e-09	8.57e-18	9.73e-18
 2.11847e+23	1.33e-09	2.79e-05	1.49e-02	3.20e-01	4.16e-01	2.01e-01	4.71e-02	2.16e-04	2.04e-07	1.33e-09	9.13e-18	1.04e-17
 2.20444e+23	1.47e-09	3.00e-05	1.57e-02	3.28e-01	4.15e-01	1.96e-01	4.48e-02	2.01e-04	1.85e-07	1.47e-09	9.55e-18	1.08e-17
 2.28860e+23	1.64e-09	3.24e-05	1.65e-02	3.35e-01	4.14e-01	1.92e-01	4.26e-02	1.86e-04	1.67e-07	1.64e-09	1.01e-17	1.15e-17
 2.36522e+23	1.78e-09	3.44e-05	1.71e-02	3.41e-01	4.13e-01	1.88e-01	4.10e-02	1.75e-04	1.54e-07	1.78e-09	1.05e-17	1.19e-17
 2.43418e+23	1.91e-09	3.62e-05	1.77e-02	3.46e-01	4.12e-01	1.85e-01	3.96e-02	1.66e-04	1.43e-07	1.91e-09	1.07e-17	1.22e-17
 2.49625e+23	2.02e-09	3.76e-05	1.81e-02	3.50e-01	4.11e-01	1.82e-01	3.85e-02	1.59e-04	1.35e-07	2.02e-09	1.09e-17	1.24e-17
 2.55210e+23	2.11e-09	3.88e-05	1.85e-02	3.53e-01	4.10e-01	1.80e-01	3.77e-02	1.54e-04	1.30e-07	2.11e-09	1.10e-17	1.25e-17
 2.60237e+23	2.19e-09	3.98e-05	1.88e-02	3.56e-01	4.10e-01	1.79e-01	3.70e-02	1.50e-04	1.25e-07	2.19e-09	1.11e-17	1.26e-17
 2.64762e+23	2.25e-09	4.06e-05	1.91e-02	3.58e-01	4.09e-01	1.77e-01	3.65e-02	1.47e-04	0.00e+00	2.25e-09	1.11e-17	1.26e-17
 2.68834e+23	2.29e-09	4.12e-05	1.92e-02	3.59e-01	4.09e-01	1.76e-01	3.62e-02	1.45e-04	0.00e+00	2.29e-09	1.10e-17	1.25e-17
 2.72499e+23	2.34e-09	4.18e-05	1.94e-02	3.61e-01	4.08e-01	1.75e-01	3.58e-02	1.43e-04	0.00e+00	2.34e-09	1.10e-17	1.25e-17
 2.75797e+23	2.38e-09	4.23e-05	1.96e-02	3.62e-01	4.08e-01	1.75e-01	3.55e-02	1.41e-04	0.00e+00	2.38e-09	1.10e-17	1.25e-17
 2.78887e+23	2.42e-09	4.28e-05	1.97e-02	3.63e-01	4.08e-01	1.74e-01	3.52e-02	1.39e-04	0.00e+00	2.42e-09	1.09e-17	1.24e-17
 2.81941e+23	2.46e-09	4.32e-05	1.99e-02	3.64e-01	4.07e-01	1.73e-01	3.50e-02	1.37e-04	0.00e+00	2.46e-09	1.09e-17	1.24e-17
 2.84996e+23	2.47e-09	4.35e-05	1.99e-02	3.65e-01	4.07e-01	1.73e-01	3.48e-02	1.37e-04	0.00e+00	2.47e-09	1.07e-17	1.22e-17
 2.88051e+23	2.49e-09	4.37e-05	2.00e-02	3.65e-01	4.07e-01	1.73e-01	3.47e-02	1.36e-04	0.00e+00	2.49e-09	1.06e-17	1.21e-17
 2.91106e+23	2.51e-09	4.39e-05	2.01e-02	3.66e-01	4.07e-01	1.72e-01	3.46e-02	1.35e-04	0.00e+00	2.51e-09	1.05e-17	1.19e-17
 2.94161e+23	2.52e-09	4.40e-05	2.01e-02	3.66e-01	4.07e-01	1.72e-01	3.45e-02	1.35e-04	0.00e+00	2.52e-09	1.03e-17	1.17e-17
 2.97216e+23	2.52e-09	4.41e-05	2.01e-02	3.66e-01	4.07e-01	1.72e-01	3.45e-02	1.35e-04	0.00e+00	2.52e-09	1.01e-17	1.15e-17
 3.00270e+23	2.53e-09	4.43e-05	2.02e-02	3.67e-01	4.07e-01	1.72e-01	3.44e-02	1.34e-04	0.00e+00	2.53e-09	9.96e-18	1.13e-17
 3.03325e+23	2.54e-09	4.43e-05	2.02e-02	3.67e-01	4.07e-01	1.72e-01	3.44e-02	1.34e-04	0.00e+00	2.54e-09	9.78e-18	1.11e-17
 3.05167e+23	2.63e-09	4.55e-05	2.05e-02	3.69e-01	4.06e-01	1.70e-01	3.38e-02	1.30e-04	0.00e+00	2.63e-09	1.01e-17	1.15e-17
