#depth	Cl	Cl+	Cl+2	Cl+3	Cl+4	Cl+5	Cl+6	Cl+7	Cl+8	Cl+9	Cl+10	Cl+11	Cl+12	Cl+13	Cl+14	Cl+15	Cl+16	Cl+17
 6.17135e+19	0.00e+00	0.00e+00	2.16e-24	9.04e-21	9.43e-18	4.68e-15	1.05e-12	3.48e-09	1.16e-06	9.69e-05	2.17e-03	2.17e-02	8.72e-02	1.42e-01	1.87e-01	4.84e-01	7.31e-02	3.52e-03
 1.87609e+20	0.00e+00	5.45e-28	8.57e-24	3.10e-20	2.79e-17	1.18e-14	2.24e-12	7.26e-09	2.30e-06	1.81e-04	3.64e-03	3.23e-02	1.16e-01	1.65e-01	1.90e-01	4.33e-01	5.72e-02	2.42e-03
 2.83882e+20	0.00e+00	1.65e-27	2.35e-23	7.66e-20	6.17e-17	2.32e-14	3.93e-12	1.22e-08	3.75e-06	2.80e-04	5.25e-03	4.26e-02	1.40e-01	1.82e-01	1.89e-01	3.92e-01	4.69e-02	1.79e-03
 3.32018e+20	0.00e+00	2.82e-27	3.82e-23	1.18e-19	9.06e-17	3.22e-14	5.14e-12	1.56e-08	4.71e-06	3.44e-04	6.23e-03	4.83e-02	1.52e-01	1.89e-01	1.88e-01	3.72e-01	4.23e-02	1.54e-03
 3.58442e+20	0.00e+00	3.76e-27	4.96e-23	1.50e-19	1.11e-16	3.84e-14	5.95e-12	1.78e-08	5.32e-06	3.84e-04	6.81e-03	5.17e-02	1.59e-01	1.93e-01	1.87e-01	3.61e-01	4.00e-02	1.42e-03
 3.82312e+20	0.00e+00	4.85e-27	6.25e-23	1.84e-19	1.34e-16	4.50e-14	6.77e-12	2.00e-08	5.92e-06	4.22e-04	7.38e-03	5.48e-02	1.65e-01	1.97e-01	1.86e-01	3.51e-01	3.79e-02	1.31e-03
 4.13342e+20	0.00e+00	6.71e-27	8.40e-23	2.40e-19	1.69e-16	5.49e-14	7.99e-12	2.32e-08	6.77e-06	4.77e-04	8.15e-03	5.90e-02	1.73e-01	2.00e-01	1.84e-01	3.38e-01	3.55e-02	1.19e-03
 4.53682e+20	0.00e+00	1.02e-26	1.23e-22	3.37e-19	2.28e-16	7.09e-14	9.87e-12	2.79e-08	8.03e-06	5.56e-04	9.25e-03	6.46e-02	1.84e-01	2.05e-01	1.81e-01	3.22e-01	3.24e-02	1.05e-03
 4.96663e+20	0.00e+00	1.56e-26	1.81e-22	4.80e-19	3.11e-16	9.26e-14	1.23e-11	3.38e-08	9.57e-06	6.50e-04	1.05e-02	7.09e-02	1.95e-01	2.10e-01	1.78e-01	3.04e-01	2.95e-02	9.17e-04
 5.34107e+20	0.00e+00	2.25e-26	2.53e-22	6.48e-19	4.06e-16	1.16e-13	1.48e-11	3.97e-08	1.11e-05	7.42e-04	1.17e-02	7.65e-02	2.05e-01	2.13e-01	1.76e-01	2.90e-01	2.71e-02	8.15e-04
 5.73813e+20	0.00e+00	3.28e-26	3.57e-22	8.83e-19	5.33e-16	1.47e-13	1.80e-11	4.69e-08	1.29e-05	8.48e-04	1.31e-02	8.27e-02	2.14e-01	2.16e-01	1.72e-01	2.75e-01	2.48e-02	7.19e-04
 6.18609e+20	0.00e+00	4.97e-26	5.22e-22	1.24e-18	7.21e-16	1.90e-13	2.23e-11	5.62e-08	1.52e-05	9.81e-04	1.47e-02	8.98e-02	2.25e-01	2.19e-01	1.68e-01	2.59e-01	2.24e-02	6.25e-04
 6.61102e+20	0.00e+00	7.29e-26	7.40e-22	1.70e-18	9.53e-16	2.42e-13	2.73e-11	6.64e-08	1.77e-05	1.12e-03	1.64e-02	9.67e-02	2.35e-01	2.21e-01	1.64e-01	2.44e-01	2.04e-02	5.47e-04
 7.01150e+20	0.00e+00	1.04e-25	1.02e-21	2.27e-18	1.23e-15	3.01e-13	3.27e-11	7.74e-08	2.03e-05	1.26e-03	1.80e-02	1.03e-01	2.44e-01	2.22e-01	1.60e-01	2.31e-01	1.86e-02	4.83e-04
 7.40596e+20	0.00e+00	1.45e-25	1.39e-21	3.01e-18	1.58e-15	3.72e-13	3.90e-11	8.95e-08	2.31e-05	1.42e-03	1.98e-02	1.10e-01	2.53e-01	2.23e-01	1.56e-01	2.19e-01	1.71e-02	4.28e-04
 7.79063e+20	0.00e+00	2.00e-25	1.86e-21	3.92e-18	2.00e-15	4.56e-13	4.62e-11	1.03e-07	2.61e-05	1.58e-03	2.15e-02	1.17e-01	2.61e-01	2.24e-01	1.52e-01	2.07e-01	1.56e-02	3.80e-04
 8.22600e+20	0.00e+00	2.85e-25	2.58e-21	5.25e-18	2.59e-15	5.70e-13	5.56e-11	1.20e-07	2.99e-05	1.78e-03	2.37e-02	1.24e-01	2.69e-01	2.24e-01	1.48e-01	1.95e-01	1.42e-02	3.33e-04
 8.69946e+20	0.00e+00	4.15e-25	3.63e-21	7.16e-18	3.41e-15	7.22e-13	6.77e-11	1.41e-07	3.44e-05	2.01e-03	2.61e-02	1.32e-01	2.78e-01	2.24e-01	1.43e-01	1.82e-01	1.28e-02	2.88e-04
 9.12442e+20	0.00e+00	5.76e-25	4.91e-21	9.40e-18	4.34e-15	8.89e-13	8.05e-11	1.62e-07	3.90e-05	2.24e-03	2.84e-02	1.39e-01	2.86e-01	2.23e-01	1.38e-01	1.71e-01	1.16e-02	2.54e-04
 9.57886e+20	0.00e+00	8.10e-25	6.71e-21	1.25e-17	5.58e-15	1.10e-12	9.65e-11	1.88e-07	4.43e-05	2.50e-03	3.09e-02	1.47e-01	2.93e-01	2.22e-01	1.34e-01	1.60e-01	1.05e-02	2.21e-04
 1.00850e+21	0.00e+00	1.17e-24	9.43e-21	1.70e-17	7.34e-15	1.40e-12	1.18e-10	2.20e-07	5.09e-05	2.81e-03	3.39e-02	1.56e-01	3.01e-01	2.20e-01	1.28e-01	1.48e-01	9.36e-03	1.91e-04
 1.05562e+21	0.00e+00	1.64e-24	1.28e-20	2.25e-17	9.41e-15	1.73e-12	1.41e-10	2.55e-07	5.76e-05	3.12e-03	3.68e-02	1.64e-01	3.07e-01	2.18e-01	1.23e-01	1.38e-01	8.43e-03	1.66e-04
 1.09996e+21	0.00e+00	2.24e-24	1.70e-20	2.90e-17	1.18e-14	2.11e-12	1.66e-10	2.91e-07	6.46e-05	3.44e-03	3.96e-02	1.72e-01	3.13e-01	2.16e-01	1.19e-01	1.30e-01	7.65e-03	1.46e-04
 1.15086e+21	0.00e+00	3.16e-24	2.34e-20	3.87e-17	1.53e-14	2.63e-12	1.99e-10	3.37e-07	7.33e-05	3.83e-03	4.30e-02	1.80e-01	3.19e-01	2.13e-01	1.14e-01	1.20e-01	6.84e-03	1.26e-04
 1.20786e+21	0.00e+00	4.61e-24	3.31e-20	5.29e-17	2.02e-14	3.35e-12	2.44e-10	3.97e-07	8.41e-05	4.30e-03	4.70e-02	1.90e-01	3.25e-01	2.09e-01	1.08e-01	1.10e-01	6.04e-03	1.07e-04
 1.25785e+21	0.00e+00	6.35e-24	4.45e-20	6.92e-17	2.56e-14	4.11e-12	2.90e-10	4.56e-07	9.46e-05	4.74e-03	5.06e-02	1.98e-01	3.29e-01	2.06e-01	1.04e-01	1.02e-01	5.42e-03	9.26e-05
 1.29968e+21	0.00e+00	8.27e-24	5.66e-20	8.62e-17	3.12e-14	4.87e-12	3.34e-10	5.10e-07	1.04e-04	5.13e-03	5.37e-02	2.05e-01	3.33e-01	2.03e-01	9.97e-02	9.63e-02	4.95e-03	8.23e-05
 1.34585e+21	0.00e+00	1.10e-23	7.35e-20	1.09e-16	3.85e-14	5.85e-12	3.90e-10	5.77e-07	1.15e-04	5.59e-03	5.72e-02	2.12e-01	3.36e-01	1.99e-01	9.56e-02	8.99e-02	4.49e-03	7.24e-05
 1.40588e+21	0.00e+00	1.57e-23	1.02e-19	1.48e-16	5.03e-14	7.38e-12	4.73e-10	6.74e-07	1.31e-04	6.21e-03	6.18e-02	2.21e-01	3.39e-01	1.95e-01	9.05e-02	8.23e-02	3.95e-03	6.13e-05
 1.46803e+21	0.00e+00	2.26e-23	1.43e-19	2.00e-16	6.60e-14	9.33e-12	5.76e-10	7.89e-07	1.50e-04	6.91e-03	6.69e-02	2.31e-01	3.42e-01	1.89e-01	8.53e-02	7.50e-02	3.46e-03	5.17e-05
 1.51973e+21	0.00e+00	3.05e-23	1.88e-19	2.57e-16	8.25e-14	1.13e-11	6.78e-10	8.97e-07	1.67e-04	7.54e-03	7.12e-02	2.38e-01	3.44e-01	1.85e-01	8.12e-02	6.94e-02	3.10e-03	4.49e-05
 1.57371e+21	0.00e+00	4.10e-23	2.47e-19	3.29e-16	1.03e-13	1.37e-11	7.97e-10	1.02e-06	1.85e-04	8.21e-03	7.58e-02	2.46e-01	3.45e-01	1.80e-01	7.72e-02	6.42e-02	2.78e-03	3.90e-05
 1.64390e+21	0.00e+00	6.00e-23	3.51e-19	4.52e-16	1.37e-13	1.75e-11	9.80e-10	1.20e-06	2.12e-04	9.15e-03	8.19e-02	2.55e-01	3.46e-01	1.74e-01	7.22e-02	5.80e-02	2.41e-03	3.24e-05
 1.71610e+21	0.00e+00	8.78e-23	4.98e-19	6.21e-16	1.82e-13	2.24e-11	1.21e-09	1.42e-06	2.43e-04	1.02e-02	8.83e-02	2.65e-01	3.47e-01	1.68e-01	6.73e-02	5.22e-02	2.08e-03	2.69e-05
 1.77550e+21	0.00e+00	1.19e-22	6.60e-19	8.03e-16	2.28e-13	2.74e-11	1.43e-09	1.62e-06	2.71e-04	1.11e-02	9.38e-02	2.72e-01	3.46e-01	1.63e-01	6.36e-02	4.79e-02	1.85e-03	2.31e-05
 1.83729e+21	0.00e+00	1.62e-22	8.77e-19	1.04e-15	2.88e-13	3.35e-11	1.69e-09	1.86e-06	3.02e-04	1.21e-02	9.95e-02	2.80e-01	3.45e-01	1.58e-01	5.99e-02	4.38e-02	1.63e-03	1.97e-05
 1.90511e+21	0.00e+00	2.26e-22	1.19e-18	1.37e-15	3.69e-13	4.15e-11	2.03e-09	2.14e-06	3.40e-04	1.32e-02	1.06e-01	2.88e-01	3.44e-01	1.52e-01	5.60e-02	3.98e-02	1.43e-03	1.66e-05
 1.96705e+21	0.00e+00	3.04e-22	1.57e-18	1.76e-15	4.61e-13	5.03e-11	2.38e-09	2.44e-06	3.77e-04	1.44e-02	1.12e-01	2.94e-01	3.42e-01	1.47e-01	5.27e-02	3.65e-02	1.27e-03	1.43e-05
 2.03387e+21	0.00e+00	4.15e-22	2.09e-18	2.28e-15	5.82e-13	6.16e-11	2.83e-09	2.79e-06	4.20e-04	1.56e-02	1.18e-01	3.01e-01	3.40e-01	1.41e-01	4.94e-02	3.32e-02	1.11e-03	1.21e-05
 2.10860e+21	0.00e+00	5.83e-22	2.85e-18	3.04e-15	7.51e-13	7.69e-11	3.41e-09	3.24e-06	4.73e-04	1.71e-02	1.26e-01	3.08e-01	3.36e-01	1.35e-01	4.59e-02	2.99e-02	9.67e-04	1.01e-05
 2.17902e+21	0.00e+00	7.98e-22	3.81e-18	3.95e-15	9.50e-13	9.42e-11	4.05e-09	3.72e-06	5.27e-04	1.86e-02	1.33e-01	3.15e-01	3.33e-01	1.30e-01	4.29e-02	2.71e-02	8.47e-04	8.59e-06
 2.25594e+21	0.00e+00	1.11e-21	5.18e-18	5.22e-15	1.22e-12	1.17e-10	4.86e-09	4.29e-06	5.92e-04	2.03e-02	1.41e-01	3.21e-01	3.29e-01	1.24e-01	3.97e-02	2.44e-02	7.34e-04	7.18e-06
 2.34147e+21	0.00e+00	1.60e-21	7.23e-18	7.07e-15	1.60e-12	1.48e-10	5.92e-09	5.03e-06	6.70e-04	2.22e-02	1.49e-01	3.28e-01	3.24e-01	1.17e-01	3.66e-02	2.17e-02	6.28e-04	5.89e-06
 2.42167e+21	0.00e+00	2.23e-21	9.80e-18	9.33e-15	2.04e-12	1.83e-10	7.10e-09	5.80e-06	7.50e-04	2.42e-02	1.58e-01	3.33e-01	3.19e-01	1.12e-01	3.38e-02	1.95e-02	5.43e-04	4.91e-06
 2.50938e+21	0.00e+00	3.17e-21	1.36e-17	1.25e-14	2.66e-12	2.30e-10	8.61e-09	6.76e-06	8.45e-04	2.64e-02	1.67e-01	3.39e-01	3.13e-01	1.06e-01	3.10e-02	1.73e-02	4.64e-04	4.04e-06
 2.60784e+21	0.00e+00	4.66e-21	1.93e-17	1.73e-14	3.55e-12	2.96e-10	1.06e-08	7.98e-06	9.63e-04	2.91e-02	1.77e-01	3.45e-01	3.06e-01	9.93e-02	2.82e-02	1.52e-02	3.90e-04	3.25e-06
 2.69550e+21	0.00e+00	6.51e-21	2.63e-17	2.29e-14	4.55e-12	3.67e-10	1.28e-08	9.22e-06	1.08e-03	3.16e-02	1.86e-01	3.49e-01	2.99e-01	9.39e-02	2.59e-02	1.36e-02	3.35e-04	2.69e-06
 2.77086e+21	2.02e-28	8.62e-21	3.41e-17	2.89e-14	5.61e-12	4.40e-10	1.49e-08	1.04e-05	1.18e-03	3.38e-02	1.93e-01	3.52e-01	2.93e-01	8.94e-02	2.41e-02	1.23e-02	2.94e-04	2.29e-06
 2.85504e+21	2.81e-28	1.17e-20	4.53e-17	3.74e-14	7.07e-12	5.37e-10	1.76e-08	1.19e-05	1.31e-03	3.64e-02	2.02e-01	3.55e-01	2.87e-01	8.47e-02	2.22e-02	1.10e-02	2.54e-04	1.91e-06
 2.96448e+21	4.21e-28	1.73e-20	6.46e-17	5.16e-14	9.40e-12	6.88e-10	2.16e-08	1.40e-05	1.49e-03	3.99e-02	2.13e-01	3.59e-01	2.78e-01	7.89e-02	2.00e-02	9.60e-03	2.12e-04	1.53e-06
 3.07543e+21	6.28e-28	2.55e-20	9.24e-17	7.15e-14	1.26e-11	8.85e-10	2.68e-08	1.65e-05	1.69e-03	4.37e-02	2.24e-01	3.61e-01	2.69e-01	7.33e-02	1.80e-02	8.32e-03	1.76e-04	1.21e-06
 3.16322e+21	8.57e-28	3.43e-20	1.21e-16	9.16e-14	1.57e-11	1.07e-09	3.14e-08	1.88e-05	1.86e-03	4.68e-02	2.33e-01	3.63e-01	2.62e-01	6.91e-02	1.65e-02	7.45e-03	1.52e-04	1.01e-06
 3.25222e+21	1.17e-27	4.61e-20	1.59e-16	1.17e-13	1.95e-11	1.30e-09	3.69e-08	2.13e-05	2.05e-03	5.00e-02	2.42e-01	3.64e-01	2.55e-01	6.51e-02	1.52e-02	6.67e-03	1.32e-04	8.46e-07
 3.36793e+21	1.72e-27	6.69e-20	2.24e-16	1.60e-13	2.57e-11	1.64e-09	4.50e-08	2.49e-05	2.31e-03	5.43e-02	2.53e-01	3.65e-01	2.46e-01	6.03e-02	1.36e-02	5.79e-03	1.10e-04	6.75e-07
 3.48838e+21	2.53e-27	9.77e-20	3.18e-16	2.19e-13	3.40e-11	2.09e-09	5.52e-08	2.92e-05	2.61e-03	5.90e-02	2.65e-01	3.65e-01	2.36e-01	5.57e-02	1.22e-02	5.00e-03	9.07e-05	5.35e-07
 3.58927e+21	3.50e-27	1.34e-19	4.24e-16	2.84e-13	4.30e-11	2.56e-09	6.54e-08	3.34e-05	2.88e-03	6.32e-02	2.74e-01	3.64e-01	2.28e-01	5.20e-02	1.10e-02	4.41e-03	7.71e-05	4.38e-07
 3.69472e+21	4.86e-27	1.84e-19	5.68e-16	3.70e-13	5.43e-11	3.14e-09	7.75e-08	3.81e-05	3.18e-03	6.77e-02	2.84e-01	3.63e-01	2.19e-01	4.84e-02	1.00e-02	3.89e-03	6.55e-05	3.59e-07
 3.83181e+21	7.33e-27	2.74e-19	8.21e-16	5.17e-13	7.31e-11	4.05e-09	9.60e-08	4.50e-05	3.60e-03	7.36e-02	2.96e-01	3.61e-01	2.09e-01	4.42e-02	8.82e-03	3.31e-03	5.31e-05	2.78e-07
 3.97122e+21	1.10e-26	4.09e-19	1.19e-15	7.21e-13	9.83e-11	5.23e-09	1.19e-07	5.32e-05	4.08e-03	8.00e-02	3.08e-01	3.58e-01	1.98e-01	4.01e-02	7.74e-03	2.80e-03	4.29e-05	2.14e-07
 4.08307e+21	1.51e-26	5.59e-19	1.58e-15	9.36e-13	1.24e-10	6.39e-09	1.41e-07	6.06e-05	4.50e-03	8.53e-02	3.18e-01	3.55e-01	1.90e-01	3.71e-02	6.98e-03	2.46e-03	3.62e-05	1.74e-07
 4.19792e+21	2.09e-26	7.65e-19	2.11e-15	1.22e-12	1.56e-10	7.81e-09	1.67e-07	6.90e-05	4.95e-03	9.09e-02	3.27e-01	3.52e-01	1.82e-01	3.43e-02	6.28e-03	2.15e-03	3.05e-05	1.41e-07
 4.34723e+21	3.13e-26	1.14e-18	3.04e-15	1.69e-12	2.10e-10	1.01e-08	2.06e-07	8.14e-05	5.58e-03	9.84e-02	3.39e-01	3.47e-01	1.72e-01	3.10e-02	5.48e-03	1.81e-03	2.44e-05	0.00e+00
 4.49138e+21	4.54e-26	1.65e-18	4.27e-15	2.30e-12	2.76e-10	1.27e-08	2.50e-07	9.46e-05	6.24e-03	1.06e-01	3.49e-01	3.42e-01	1.62e-01	2.81e-02	4.82e-03	1.54e-03	1.99e-05	0.00e+00
 4.59762e+21	5.94e-26	2.16e-18	5.48e-15	2.88e-12	3.37e-10	1.51e-08	2.89e-07	1.06e-04	6.76e-03	1.11e-01	3.57e-01	3.38e-01	1.55e-01	2.61e-02	4.37e-03	1.36e-03	1.70e-05	0.00e+00
 4.70451e+21	7.77e-26	2.81e-18	7.00e-15	3.60e-12	4.11e-10	1.79e-08	3.34e-07	1.18e-04	7.32e-03	1.17e-01	3.64e-01	3.33e-01	1.49e-01	2.42e-02	3.97e-03	1.21e-03	1.46e-05	0.00e+00
 4.84347e+21	1.09e-25	3.93e-18	9.53e-15	4.76e-12	5.27e-10	2.22e-08	3.99e-07	1.35e-04	8.09e-03	1.25e-01	3.73e-01	3.27e-01	1.40e-01	2.20e-02	3.50e-03	1.03e-03	1.20e-05	0.00e+00
 4.99032e+21	1.55e-25	5.58e-18	1.32e-14	6.40e-12	6.86e-10	2.79e-08	4.84e-07	1.57e-04	8.98e-03	1.33e-01	3.83e-01	3.20e-01	1.32e-01	1.98e-02	3.06e-03	8.72e-04	9.66e-06	0.00e+00
 5.11502e+21	2.06e-25	7.44e-18	1.72e-14	8.17e-12	8.53e-10	3.37e-08	5.66e-07	1.77e-04	9.79e-03	1.40e-01	3.90e-01	3.13e-01	1.25e-01	1.82e-02	2.74e-03	7.58e-04	8.09e-06	0.00e+00
 5.24474e+21	2.77e-25	9.97e-18	2.26e-14	1.04e-11	1.06e-09	4.07e-08	6.64e-07	1.99e-04	1.07e-02	1.48e-01	3.97e-01	3.07e-01	1.18e-01	1.66e-02	2.44e-03	6.56e-04	6.74e-06	0.00e+00
 5.41338e+21	4.02e-25	1.44e-17	3.18e-14	1.43e-11	1.40e-09	5.18e-08	8.12e-07	2.32e-04	1.19e-02	1.58e-01	4.05e-01	2.98e-01	1.09e-01	1.47e-02	2.10e-03	5.45e-04	5.33e-06	0.00e+00
 5.58480e+21	5.77e-25	2.08e-17	4.48e-14	1.95e-11	1.86e-09	6.59e-08	9.94e-07	2.71e-04	1.32e-02	1.69e-01	4.13e-01	2.88e-01	1.01e-01	1.30e-02	1.80e-03	4.51e-04	4.20e-06	0.00e+00
 5.72275e+21	7.62e-25	2.77e-17	5.85e-14	2.49e-11	2.31e-09	7.97e-08	1.17e-06	3.05e-04	1.44e-02	1.77e-01	4.19e-01	2.80e-01	9.51e-02	1.18e-02	1.59e-03	3.87e-04	3.47e-06	0.00e+00
 5.86498e+21	1.02e-24	3.70e-17	7.65e-14	3.18e-11	2.88e-09	9.64e-08	1.37e-06	3.44e-04	1.57e-02	1.86e-01	4.24e-01	2.72e-01	8.90e-02	1.07e-02	1.40e-03	3.32e-04	2.85e-06	0.00e+00
 6.04988e+21	1.46e-24	5.31e-17	1.07e-13	4.33e-11	3.80e-09	1.22e-07	1.67e-06	4.00e-04	1.74e-02	1.98e-01	4.29e-01	2.62e-01	8.18e-02	9.38e-03	1.20e-03	2.73e-04	2.23e-06	0.00e+00
 6.24306e+21	2.10e-24	7.68e-17	1.52e-13	5.96e-11	5.06e-09	1.57e-07	2.06e-06	4.68e-04	1.94e-02	2.11e-01	4.35e-01	2.51e-01	7.46e-02	8.16e-03	1.01e-03	2.21e-04	1.71e-06	0.00e+00
 6.40408e+21	2.79e-24	1.04e-16	2.01e-13	7.72e-11	6.39e-09	1.92e-07	2.45e-06	5.32e-04	2.12e-02	2.21e-01	4.38e-01	2.41e-01	6.90e-02	7.26e-03	8.77e-04	1.86e-04	1.38e-06	0.00e+00
 6.57049e+21	3.75e-24	1.39e-16	2.66e-13	1.00e-10	8.08e-09	2.36e-07	2.91e-06	6.05e-04	2.31e-02	2.32e-01	4.41e-01	2.32e-01	6.36e-02	6.44e-03	7.58e-04	1.55e-04	1.10e-06	0.00e+00
 6.78683e+21	5.43e-24	2.02e-16	3.78e-13	1.39e-10	1.09e-08	3.05e-07	3.62e-06	7.11e-04	2.58e-02	2.47e-01	4.44e-01	2.20e-01	5.72e-02	5.51e-03	6.29e-04	1.23e-04	8.26e-07	0.00e+00
 7.00644e+21	7.74e-24	2.92e-16	5.36e-13	1.92e-10	1.46e-08	3.94e-07	4.51e-06	8.36e-04	2.88e-02	2.61e-01	4.45e-01	2.07e-01	5.13e-02	4.69e-03	5.20e-04	9.76e-05	6.17e-07	0.00e+00
 7.18218e+21	1.01e-23	3.86e-16	7.02e-13	2.47e-10	1.84e-08	4.83e-07	5.37e-06	9.50e-04	3.13e-02	2.73e-01	4.46e-01	1.97e-01	4.68e-02	4.12e-03	4.45e-04	8.07e-05	4.87e-07	0.00e+00
 7.33309e+21	1.26e-23	4.89e-16	8.79e-13	3.04e-10	2.22e-08	5.69e-07	6.18e-06	1.05e-03	3.35e-02	2.83e-01	4.45e-01	1.90e-01	4.35e-02	3.70e-03	3.92e-04	6.92e-05	4.02e-07	0.00e+00
 7.49984e+21	1.62e-23	6.28e-16	1.12e-12	3.81e-10	2.73e-08	6.83e-07	7.22e-06	1.18e-03	3.62e-02	2.94e-01	4.44e-01	1.81e-01	4.00e-02	3.28e-03	3.40e-04	5.82e-05	3.24e-07	0.00e+00
 7.71661e+21	2.21e-23	8.59e-16	1.51e-12	5.06e-10	3.54e-08	8.58e-07	8.79e-06	1.36e-03	3.97e-02	3.08e-01	4.42e-01	1.70e-01	3.58e-02	2.81e-03	2.84e-04	4.66e-05	2.46e-07	0.00e+00
 7.93993e+21	2.98e-23	1.17e-15	2.05e-12	6.73e-10	4.61e-08	1.08e-06	1.07e-05	1.57e-03	4.37e-02	3.22e-01	4.39e-01	1.59e-01	3.19e-02	2.39e-03	2.35e-04	3.70e-05	1.85e-07	0.00e+00
 8.12361e+21	3.76e-23	1.50e-15	2.61e-12	8.45e-10	5.69e-08	1.30e-06	1.26e-05	1.77e-03	4.71e-02	3.34e-01	4.35e-01	1.51e-01	2.90e-02	2.09e-03	2.01e-04	3.07e-05	1.47e-07	0.00e+00
 8.31424e+21	4.79e-23	1.92e-15	3.33e-12	1.06e-09	7.03e-08	1.57e-06	1.48e-05	1.99e-03	5.08e-02	3.46e-01	4.31e-01	1.42e-01	2.63e-02	1.83e-03	1.72e-04	2.53e-05	0.00e+00	0.00e+00
 8.56205e+21	6.49e-23	2.61e-15	4.50e-12	1.41e-09	9.17e-08	1.98e-06	1.82e-05	2.30e-03	5.58e-02	3.60e-01	4.25e-01	1.32e-01	2.32e-02	1.53e-03	1.41e-04	1.98e-05	0.00e+00	0.00e+00
 8.81122e+21	8.59e-23	3.52e-15	6.05e-12	1.87e-09	1.19e-07	2.50e-06	2.23e-05	2.66e-03	6.11e-02	3.75e-01	4.18e-01	1.22e-01	2.04e-02	1.28e-03	1.15e-04	1.55e-05	0.00e+00	0.00e+00
 9.00709e+21	1.06e-22	4.40e-15	7.57e-12	2.32e-09	1.45e-07	2.98e-06	2.60e-05	2.98e-03	6.55e-02	3.86e-01	4.11e-01	1.15e-01	1.84e-02	1.12e-03	9.80e-05	1.28e-05	0.00e+00	0.00e+00
 9.20667e+21	1.32e-22	5.48e-15	9.42e-12	2.86e-09	1.77e-07	3.55e-06	3.03e-05	3.32e-03	7.01e-02	3.96e-01	4.05e-01	1.08e-01	1.66e-02	9.74e-04	8.37e-05	1.06e-05	0.00e+00	0.00e+00
 9.46612e+21	1.73e-22	7.20e-15	1.24e-11	3.71e-09	2.26e-07	4.42e-06	3.67e-05	3.81e-03	7.63e-02	4.10e-01	3.96e-01	9.90e-02	1.46e-02	8.15e-04	6.84e-05	8.27e-06	0.00e+00	0.00e+00
 9.73692e+21	2.23e-22	9.47e-15	1.64e-11	4.85e-09	2.90e-07	5.52e-06	4.47e-05	4.38e-03	8.31e-02	4.23e-01	3.86e-01	9.07e-02	1.27e-02	6.78e-04	5.54e-05	6.42e-06	0.00e+00	0.00e+00
 9.96440e+21	2.75e-22	1.18e-14	2.06e-11	6.02e-09	3.56e-07	6.62e-06	5.25e-05	4.90e-03	8.89e-02	4.33e-01	3.77e-01	8.43e-02	1.13e-02	5.82e-04	4.66e-05	5.20e-06	0.00e+00	0.00e+00
 1.02021e+22	3.43e-22	1.48e-14	2.58e-11	7.49e-09	4.37e-07	7.94e-06	6.18e-05	5.50e-03	9.52e-02	4.43e-01	3.67e-01	7.81e-02	1.00e-02	4.97e-04	3.90e-05	4.20e-06	0.00e+00	0.00e+00
 1.05111e+22	4.52e-22	1.94e-14	3.43e-11	9.83e-09	5.64e-07	9.98e-06	7.57e-05	6.34e-03	1.04e-01	4.55e-01	3.55e-01	7.07e-02	8.62e-03	4.07e-04	3.11e-05	3.20e-06	0.00e+00	0.00e+00
 1.08284e+22	5.85e-22	2.56e-14	4.56e-11	1.29e-08	7.29e-07	1.25e-05	9.28e-05	7.31e-03	1.13e-01	4.66e-01	3.42e-01	6.38e-02	7.38e-03	3.32e-04	2.47e-05	2.43e-06	0.00e+00	0.00e+00
 1.10888e+22	7.17e-22	3.17e-14	5.70e-11	1.60e-08	8.93e-07	1.50e-05	1.09e-04	8.18e-03	1.20e-01	4.75e-01	3.31e-01	5.87e-02	6.51e-03	2.81e-04	2.06e-05	1.94e-06	0.00e+00	0.00e+00
 1.13056e+22	8.42e-22	3.76e-14	6.83e-11	1.90e-08	1.05e-06	1.74e-05	1.25e-04	8.98e-03	1.27e-01	4.81e-01	3.22e-01	5.46e-02	5.85e-03	2.45e-04	1.76e-05	1.61e-06	0.00e+00	0.00e+00
 1.15336e+22	1.01e-21	4.51e-14	8.23e-11	2.27e-08	1.24e-06	2.02e-05	1.42e-04	9.83e-03	1.33e-01	4.87e-01	3.13e-01	5.09e-02	5.27e-03	2.14e-04	1.51e-05	1.34e-06	0.00e+00	0.00e+00
 1.18300e+22	1.27e-21	5.63e-14	1.04e-10	2.84e-08	1.53e-06	2.43e-05	1.68e-04	1.10e-02	1.42e-01	4.94e-01	3.01e-01	4.64e-02	4.59e-03	1.79e-04	1.24e-05	1.06e-06	0.00e+00	0.00e+00
 1.21347e+22	1.57e-21	7.04e-14	1.32e-10	3.56e-08	1.89e-06	2.93e-05	1.99e-04	1.24e-02	1.52e-01	5.00e-01	2.89e-01	4.21e-02	3.99e-03	1.50e-04	1.01e-05	8.32e-07	0.00e+00	0.00e+00
 1.23847e+22	1.84e-21	8.36e-14	1.58e-10	4.25e-08	2.24e-06	3.41e-05	2.28e-04	1.36e-02	1.60e-01	5.05e-01	2.79e-01	3.88e-02	3.55e-03	1.29e-04	8.58e-06	6.82e-07	0.00e+00	0.00e+00
 1.26438e+22	2.23e-21	1.01e-13	1.92e-10	5.09e-08	2.65e-06	3.95e-05	2.59e-04	1.49e-02	1.68e-01	5.08e-01	2.70e-01	3.59e-02	3.17e-03	1.12e-04	7.30e-06	5.63e-07	0.00e+00	0.00e+00
 1.29807e+22	2.80e-21	1.26e-13	2.43e-10	6.37e-08	3.27e-06	4.76e-05	3.07e-04	1.67e-02	1.78e-01	5.12e-01	2.57e-01	3.24e-02	2.74e-03	9.27e-05	5.92e-06	4.39e-07	0.00e+00	0.00e+00
 1.33259e+22	3.48e-21	1.58e-13	3.09e-10	7.99e-08	4.04e-06	5.74e-05	3.62e-04	1.87e-02	1.89e-01	5.15e-01	2.45e-01	2.91e-02	2.36e-03	7.66e-05	4.79e-06	3.41e-07	0.00e+00	0.00e+00
 1.36063e+22	4.12e-21	1.88e-13	3.73e-10	9.55e-08	4.77e-06	6.66e-05	4.15e-04	2.04e-02	1.98e-01	5.17e-01	2.35e-01	2.67e-02	2.08e-03	6.57e-05	4.03e-06	2.78e-07	0.00e+00	0.00e+00
 1.38951e+22	4.98e-21	2.26e-13	4.51e-10	1.14e-07	5.63e-06	7.69e-05	4.71e-04	2.23e-02	2.07e-01	5.18e-01	2.26e-01	2.46e-02	1.85e-03	5.66e-05	3.42e-06	2.28e-07	0.00e+00	0.00e+00
 1.42706e+22	6.31e-21	2.83e-13	5.73e-10	1.43e-07	6.92e-06	9.22e-05	5.54e-04	2.48e-02	2.19e-01	5.18e-01	2.14e-01	2.20e-02	1.59e-03	4.66e-05	2.75e-06	1.77e-07	0.00e+00	0.00e+00
 1.46585e+22	7.89e-21	3.56e-13	7.31e-10	1.79e-07	8.54e-06	1.11e-04	6.53e-04	2.77e-02	2.31e-01	5.18e-01	2.02e-01	1.96e-02	1.36e-03	3.83e-05	2.21e-06	1.36e-07	0.00e+00	0.00e+00
 1.49785e+22	9.41e-21	4.26e-13	8.86e-10	2.15e-07	1.01e-05	1.29e-04	7.46e-04	3.03e-02	2.41e-01	5.17e-01	1.92e-01	1.78e-02	1.19e-03	3.25e-05	1.84e-06	0.00e+00	0.00e+00	0.00e+00
 1.53103e+22	1.15e-20	5.16e-13	1.08e-09	2.58e-07	1.19e-05	1.48e-04	8.47e-04	3.29e-02	2.51e-01	5.15e-01	1.83e-01	1.62e-02	1.05e-03	2.78e-05	1.55e-06	0.00e+00	0.00e+00	0.00e+00
 1.57417e+22	1.48e-20	6.52e-13	1.38e-09	3.24e-07	1.47e-05	1.78e-04	9.97e-04	3.66e-02	2.64e-01	5.11e-01	1.71e-01	1.44e-02	8.87e-04	2.26e-05	1.23e-06	0.00e+00	0.00e+00	0.00e+00
 1.61885e+22	1.88e-20	8.29e-13	1.78e-09	4.09e-07	1.82e-05	2.14e-04	1.17e-03	4.08e-02	2.78e-01	5.07e-01	1.60e-01	1.27e-02	7.48e-04	1.83e-05	9.75e-07	0.00e+00	0.00e+00	0.00e+00
 1.65592e+22	2.27e-20	1.00e-12	2.18e-09	4.93e-07	2.16e-05	2.49e-04	1.34e-03	4.44e-02	2.89e-01	5.02e-01	1.51e-01	1.14e-02	6.50e-04	1.54e-05	8.05e-07	0.00e+00	0.00e+00	0.00e+00
 1.69451e+22	2.82e-20	1.22e-12	2.69e-09	5.96e-07	2.56e-05	2.88e-04	1.52e-03	4.83e-02	2.99e-01	4.97e-01	1.43e-01	1.03e-02	5.66e-04	1.30e-05	6.67e-07	0.00e+00	0.00e+00	0.00e+00
 1.74468e+22	3.69e-20	1.57e-12	3.48e-09	7.55e-07	3.17e-05	3.46e-04	1.79e-03	5.36e-02	3.13e-01	4.90e-01	1.32e-01	8.96e-03	4.73e-04	1.05e-05	5.23e-07	0.00e+00	0.00e+00	0.00e+00
 1.79707e+22	4.80e-20	2.03e-12	4.55e-09	9.63e-07	3.95e-05	4.17e-04	2.11e-03	5.95e-02	3.27e-01	4.81e-01	1.22e-01	7.78e-03	3.93e-04	8.34e-06	4.07e-07	0.00e+00	0.00e+00	0.00e+00
 1.84137e+22	5.93e-20	2.49e-12	5.65e-09	1.17e-06	4.72e-05	4.85e-04	2.42e-03	6.48e-02	3.38e-01	4.73e-01	1.14e-01	6.90e-03	3.36e-04	6.89e-06	3.30e-07	0.00e+00	0.00e+00	0.00e+00
 1.87818e+22	7.12e-20	2.98e-12	6.78e-09	1.38e-06	5.44e-05	5.48e-04	2.68e-03	6.92e-02	3.47e-01	4.66e-01	1.08e-01	6.28e-03	2.97e-04	5.94e-06	2.80e-07	0.00e+00	0.00e+00	0.00e+00
 1.91626e+22	8.60e-20	3.53e-12	8.09e-09	1.62e-06	6.28e-05	6.19e-04	2.99e-03	7.40e-02	3.56e-01	4.59e-01	1.02e-01	5.68e-03	2.62e-04	5.08e-06	2.36e-07	0.00e+00	0.00e+00	0.00e+00
 1.96577e+22	1.10e-19	4.41e-12	1.02e-08	1.99e-06	7.52e-05	7.20e-04	3.40e-03	8.03e-02	3.67e-01	4.49e-01	9.43e-02	5.02e-03	2.23e-04	4.19e-06	1.90e-07	0.00e+00	0.00e+00	0.00e+00
 2.01757e+22	1.40e-19	5.55e-12	1.29e-08	2.46e-06	9.06e-05	8.42e-04	3.90e-03	8.73e-02	3.78e-01	4.38e-01	8.70e-02	4.39e-03	1.88e-04	3.42e-06	1.52e-07	0.00e+00	0.00e+00	0.00e+00
 2.06108e+22	1.71e-19	6.70e-12	1.56e-08	2.92e-06	1.05e-04	9.56e-04	4.35e-03	9.34e-02	3.87e-01	4.29e-01	8.14e-02	3.94e-03	1.64e-04	2.89e-06	1.27e-07	0.00e+00	0.00e+00	0.00e+00
 2.10640e+22	2.12e-19	8.10e-12	1.89e-08	3.47e-06	1.22e-04	1.08e-03	4.85e-03	9.98e-02	3.95e-01	4.19e-01	7.60e-02	3.52e-03	1.42e-04	2.44e-06	0.00e+00	0.00e+00	0.00e+00	0.00e+00
 2.16531e+22	2.79e-19	1.03e-11	2.42e-08	4.31e-06	1.48e-04	1.27e-03	5.55e-03	1.08e-01	4.06e-01	4.06e-01	6.96e-02	3.06e-03	1.19e-04	1.97e-06	0.00e+00	0.00e+00	0.00e+00	0.00e+00
 2.22538e+22	3.62e-19	1.32e-11	3.09e-08	5.37e-06	1.79e-04	1.49e-03	6.35e-03	1.17e-01	4.15e-01	3.93e-01	6.35e-02	2.64e-03	9.91e-05	1.58e-06	0.00e+00	0.00e+00	0.00e+00	0.00e+00
 2.27359e+22	4.46e-19	1.60e-11	3.76e-08	6.37e-06	2.07e-04	1.68e-03	7.04e-03	1.25e-01	4.22e-01	3.82e-01	5.90e-02	2.35e-03	8.59e-05	1.33e-06	0.00e+00	0.00e+00	0.00e+00	0.00e+00
 2.32287e+22	5.55e-19	1.94e-11	4.54e-08	7.53e-06	2.39e-04	1.89e-03	7.78e-03	1.32e-01	4.29e-01	3.72e-01	5.48e-02	2.10e-03	7.45e-05	1.12e-06	0.00e+00	0.00e+00	0.00e+00	0.00e+00
 2.38695e+22	7.35e-19	2.47e-11	5.78e-08	9.31e-06	2.87e-04	2.19e-03	8.82e-03	1.42e-01	4.37e-01	3.58e-01	4.99e-02	1.81e-03	6.22e-05	9.07e-07	0.00e+00	0.00e+00	0.00e+00	0.00e+00
 2.45441e+22	9.72e-19	3.19e-11	7.42e-08	1.16e-05	3.46e-04	2.55e-03	1.00e-02	1.53e-01	4.44e-01	3.43e-01	4.51e-02	1.55e-03	5.14e-05	7.23e-07	0.00e+00	0.00e+00	0.00e+00	0.00e+00
 2.51179e+22	1.23e-18	3.94e-11	9.14e-08	1.39e-05	4.03e-04	2.89e-03	1.11e-02	1.63e-01	4.49e-01	3.31e-01	4.14e-02	1.36e-03	4.39e-05	5.99e-07	0.00e+00	0.00e+00	0.00e+00	0.00e+00
 2.57191e+22	1.58e-18	4.89e-11	1.13e-07	1.67e-05	4.70e-04	3.28e-03	1.23e-02	1.72e-01	4.53e-01	3.19e-01	3.79e-02	1.19e-03	3.74e-05	4.95e-07	0.00e+00	0.00e+00	0.00e+00	0.00e+00
 2.65007e+22	2.17e-18	6.42e-11	1.46e-07	2.10e-05	5.70e-04	3.82e-03	1.40e-02	1.85e-01	4.58e-01	3.03e-01	3.39e-02	1.01e-03	3.05e-05	3.89e-07	0.00e+00	0.00e+00	0.00e+00	0.00e+00
 2.73140e+22	2.98e-18	8.53e-11	1.92e-07	2.66e-05	6.93e-04	4.47e-03	1.59e-02	1.99e-01	4.62e-01	2.87e-01	3.01e-02	8.46e-04	2.47e-05	3.03e-07	0.00e+00	0.00e+00	0.00e+00	0.00e+00
 2.79941e+22	3.86e-18	1.07e-10	2.39e-07	3.22e-05	8.12e-04	5.08e-03	1.76e-02	2.10e-01	4.64e-01	2.74e-01	2.73e-02	7.31e-04	2.08e-05	2.47e-07	0.00e+00	0.00e+00	0.00e+00	0.00e+00
 2.87041e+22	5.10e-18	1.36e-10	2.98e-07	3.88e-05	9.48e-04	5.74e-03	1.94e-02	2.21e-01	4.65e-01	2.62e-01	2.47e-02	6.34e-04	1.75e-05	2.02e-07	0.00e+00	0.00e+00	0.00e+00	0.00e+00
 2.96272e+22	7.24e-18	1.82e-10	3.91e-07	4.92e-05	1.15e-03	6.69e-03	2.19e-02	2.36e-01	4.66e-01	2.46e-01	2.18e-02	5.27e-04	1.41e-05	1.56e-07	0.00e+00	0.00e+00	0.00e+00	0.00e+00
 3.06097e+22	1.03e-17	2.48e-10	5.22e-07	6.31e-05	1.41e-03	7.84e-03	2.49e-02	2.52e-01	4.65e-01	2.30e-01	1.90e-02	4.33e-04	1.11e-05	0.00e+00	0.00e+00	0.00e+00	0.00e+00	0.00e+00
 3.14617e+22	1.40e-17	3.23e-10	6.65e-07	7.77e-05	1.67e-03	8.93e-03	2.75e-02	2.65e-01	4.63e-01	2.17e-01	1.69e-02	3.66e-04	9.15e-06	0.00e+00	0.00e+00	0.00e+00	0.00e+00	0.00e+00
 3.21640e+22	1.78e-17	4.00e-10	8.07e-07	9.17e-05	1.91e-03	9.91e-03	2.98e-02	2.76e-01	4.61e-01	2.06e-01	1.53e-02	3.20e-04	7.81e-06	0.00e+00	0.00e+00	0.00e+00	0.00e+00	0.00e+00
 3.28796e+22	2.29e-17	4.92e-10	9.75e-07	1.08e-04	2.17e-03	1.09e-02	3.22e-02	2.87e-01	4.58e-01	1.96e-01	1.39e-02	2.80e-04	6.69e-06	0.00e+00	0.00e+00	0.00e+00	0.00e+00	0.00e+00
 3.38099e+22	3.15e-17	6.40e-10	1.24e-06	1.32e-04	2.55e-03	1.24e-02	3.54e-02	3.00e-01	4.53e-01	1.84e-01	1.24e-02	2.37e-04	5.49e-06	0.00e+00	0.00e+00	0.00e+00	0.00e+00	0.00e+00
 3.47912e+22	4.35e-17	8.43e-10	1.58e-06	1.63e-04	3.01e-03	1.41e-02	3.89e-02	3.14e-01	4.48e-01	1.72e-01	1.09e-02	1.98e-04	4.46e-06	0.00e+00	0.00e+00	0.00e+00	0.00e+00	0.00e+00
 3.56303e+22	5.70e-17	1.06e-09	1.94e-06	1.94e-04	3.46e-03	1.56e-02	4.21e-02	3.25e-01	4.42e-01	1.62e-01	9.74e-03	1.70e-04	3.75e-06	0.00e+00	0.00e+00	0.00e+00	0.00e+00	0.00e+00
 3.65127e+22	7.59e-17	1.34e-09	2.38e-06	2.30e-04	3.96e-03	1.73e-02	4.53e-02	3.36e-01	4.36e-01	1.52e-01	8.74e-03	1.47e-04	3.16e-06	0.00e+00	0.00e+00	0.00e+00	0.00e+00	0.00e+00
 3.76598e+22	1.09e-16	1.79e-09	3.07e-06	2.86e-04	4.69e-03	1.96e-02	4.97e-02	3.50e-01	4.28e-01	1.41e-01	7.58e-03	1.21e-04	2.53e-06	0.00e+00	0.00e+00	0.00e+00	0.00e+00	0.00e+00
 3.88163e+22	1.54e-16	2.39e-09	3.97e-06	3.55e-04	5.55e-03	2.22e-02	5.45e-02	3.63e-01	4.18e-01	1.29e-01	6.54e-03	9.94e-05	2.02e-06	0.00e+00	0.00e+00	0.00e+00	0.00e+00	0.00e+00
 3.97228e+22	2.00e-16	3.00e-09	4.83e-06	4.18e-04	6.30e-03	2.44e-02	5.81e-02	3.73e-01	4.10e-01	1.21e-01	5.86e-03	8.58e-05	1.70e-06	0.00e+00	0.00e+00	0.00e+00	0.00e+00	0.00e+00
 4.06388e+22	2.61e-16	3.70e-09	5.80e-06	4.88e-04	7.09e-03	2.66e-02	6.18e-02	3.82e-01	4.02e-01	1.14e-01	5.27e-03	7.44e-05	1.45e-06	0.00e+00	0.00e+00	0.00e+00	0.00e+00	0.00e+00
 4.18296e+22	3.66e-16	4.84e-09	7.30e-06	5.91e-04	8.22e-03	2.96e-02	6.64e-02	3.93e-01	3.92e-01	1.05e-01	4.61e-03	6.24e-05	1.18e-06	0.00e+00	0.00e+00	0.00e+00	0.00e+00	0.00e+00
 4.31338e+22	5.22e-16	6.47e-09	9.36e-06	7.28e-04	9.64e-03	3.32e-02	7.20e-02	4.04e-01	3.80e-01	9.62e-02	3.95e-03	5.09e-05	9.40e-07	0.00e+00	0.00e+00	0.00e+00	0.00e+00	0.00e+00
 4.43017e+22	7.10e-16	8.32e-09	1.16e-05	8.70e-04	1.10e-02	3.65e-02	7.68e-02	4.13e-01	3.69e-01	8.88e-02	3.46e-03	4.28e-05	7.71e-07	0.00e+00	0.00e+00	0.00e+00	0.00e+00	0.00e+00
 4.55361e+22	9.78e-16	1.07e-08	1.43e-05	1.04e-03	1.26e-02	4.01e-02	8.17e-02	4.22e-01	3.58e-01	8.19e-02	3.03e-03	3.60e-05	6.34e-07	0.00e+00	0.00e+00	0.00e+00	0.00e+00	0.00e+00
 4.71409e+22	1.46e-15	1.46e-08	1.87e-05	1.29e-03	1.48e-02	4.50e-02	8.81e-02	4.31e-01	3.43e-01	7.38e-02	2.56e-03	2.89e-05	4.95e-07	0.00e+00	0.00e+00	0.00e+00	0.00e+00	0.00e+00
 4.87948e+22	2.17e-15	2.01e-08	2.44e-05	1.61e-03	1.75e-02	5.05e-02	9.49e-02	4.40e-01	3.28e-01	6.59e-02	2.13e-03	2.29e-05	3.80e-07	0.00e+00	0.00e+00	0.00e+00	0.00e+00	0.00e+00
 5.01406e+22	2.94e-15	2.57e-08	3.01e-05	1.91e-03	1.99e-02	5.51e-02	1.00e-01	4.45e-01	3.15e-01	6.03e-02	1.85e-03	1.92e-05	3.10e-07	0.00e+00	0.00e+00	0.00e+00	0.00e+00	0.00e+00
 5.15185e+22	4.02e-15	3.27e-08	3.67e-05	2.25e-03	2.24e-02	5.97e-02	1.05e-01	4.50e-01	3.03e-01	5.52e-02	1.61e-03	1.61e-05	2.55e-07	0.00e+00	0.00e+00	0.00e+00	0.00e+00	0.00e+00
 5.33097e+22	5.95e-15	4.39e-08	4.69e-05	2.74e-03	2.59e-02	6.58e-02	1.12e-01	4.54e-01	2.88e-01	4.95e-02	1.36e-03	1.30e-05	2.00e-07	0.00e+00	0.00e+00	0.00e+00	0.00e+00	0.00e+00
 5.52433e+22	8.91e-15	6.01e-08	6.08e-05	3.39e-03	3.03e-02	7.29e-02	1.19e-01	4.58e-01	2.72e-01	4.37e-02	1.12e-03	1.02e-05	1.52e-07	0.00e+00	0.00e+00	0.00e+00	0.00e+00	0.00e+00
 5.69443e+22	1.25e-14	7.83e-08	7.56e-05	4.04e-03	3.44e-02	7.92e-02	1.25e-01	4.59e-01	2.58e-01	3.92e-02	9.53e-04	8.32e-06	0.00e+00	0.00e+00	0.00e+00	0.00e+00	0.00e+00	0.00e+00
 5.87379e+22	1.77e-14	1.01e-07	9.33e-05	4.79e-03	3.88e-02	8.56e-02	1.30e-01	4.60e-01	2.45e-01	3.53e-02	8.10e-04	6.81e-06	0.00e+00	0.00e+00	0.00e+00	0.00e+00	0.00e+00	0.00e+00
 6.10084e+22	2.69e-14	1.38e-07	1.20e-04	5.86e-03	4.48e-02	9.37e-02	1.37e-01	4.59e-01	2.29e-01	3.09e-02	6.64e-04	5.33e-06	0.00e+00	0.00e+00	0.00e+00	0.00e+00	0.00e+00	0.00e+00
 6.33903e+22	4.11e-14	1.90e-07	1.56e-04	7.21e-03	5.18e-02	1.03e-01	1.43e-01	4.56e-01	2.12e-01	2.68e-02	5.38e-04	4.12e-06	0.00e+00	0.00e+00	0.00e+00	0.00e+00	0.00e+00	0.00e+00
 6.54944e+22	5.86e-14	2.47e-07	1.93e-04	8.55e-03	5.84e-02	1.10e-01	1.48e-01	4.52e-01	1.98e-01	2.37e-02	4.49e-04	3.31e-06	0.00e+00	0.00e+00	0.00e+00	0.00e+00	0.00e+00	0.00e+00
 6.77460e+22	8.45e-14	3.21e-07	2.38e-04	1.01e-02	6.54e-02	1.18e-01	1.53e-01	4.46e-01	1.85e-01	2.09e-02	3.74e-04	2.66e-06	0.00e+00	0.00e+00	0.00e+00	0.00e+00	0.00e+00	0.00e+00
 7.01984e+22	1.24e-13	4.23e-07	2.97e-04	1.20e-02	7.37e-02	1.26e-01	1.58e-01	4.39e-01	1.72e-01	1.82e-02	3.07e-04	2.10e-06	0.00e+00	0.00e+00	0.00e+00	0.00e+00	0.00e+00	0.00e+00
 7.24139e+22	1.72e-13	5.38e-07	3.60e-04	1.39e-02	8.16e-02	1.34e-01	1.62e-01	4.32e-01	1.60e-01	1.61e-02	2.57e-04	1.70e-06	0.00e+00	0.00e+00	0.00e+00	0.00e+00	0.00e+00	0.00e+00
 7.47963e+22	2.44e-13	6.79e-07	4.33e-04	1.61e-02	8.99e-02	1.41e-01	1.66e-01	4.24e-01	1.49e-01	1.42e-02	2.16e-04	1.38e-06	0.00e+00	0.00e+00	0.00e+00	0.00e+00	0.00e+00	0.00e+00
 7.77275e+22	3.64e-13	8.91e-07	5.37e-04	1.90e-02	1.00e-01	1.50e-01	1.69e-01	4.13e-01	1.36e-01	1.23e-02	1.75e-04	1.08e-06	0.00e+00	0.00e+00	0.00e+00	0.00e+00	0.00e+00	0.00e+00
 8.07834e+22	5.46e-13	1.18e-06	6.69e-04	2.25e-02	1.12e-01	1.58e-01	1.72e-01	4.00e-01	1.24e-01	1.05e-02	1.40e-04	8.31e-07	0.00e+00	0.00e+00	0.00e+00	0.00e+00	0.00e+00	0.00e+00
 8.34591e+22	7.64e-13	1.48e-06	8.02e-04	2.58e-02	1.22e-01	1.65e-01	1.74e-01	3.89e-01	1.14e-01	9.11e-03	1.15e-04	6.63e-07	0.00e+00	0.00e+00	0.00e+00	0.00e+00	0.00e+00	0.00e+00
 8.62291e+22	1.06e-12	1.84e-06	9.47e-04	2.93e-02	1.32e-01	1.72e-01	1.76e-01	3.77e-01	1.05e-01	8.00e-03	9.65e-05	5.38e-07	0.00e+00	0.00e+00	0.00e+00	0.00e+00	0.00e+00	0.00e+00
 8.96123e+22	1.58e-12	2.35e-06	1.15e-03	3.38e-02	1.45e-01	1.79e-01	1.77e-01	3.63e-01	9.52e-02	6.84e-03	7.78e-05	4.20e-07	0.00e+00	0.00e+00	0.00e+00	0.00e+00	0.00e+00	0.00e+00
 9.31498e+22	2.35e-12	3.02e-06	1.39e-03	3.90e-02	1.58e-01	1.86e-01	1.77e-01	3.47e-01	8.57e-02	5.80e-03	6.21e-05	3.24e-07	0.00e+00	0.00e+00	0.00e+00	0.00e+00	0.00e+00	0.00e+00
 9.63735e+22	3.23e-12	3.74e-06	1.64e-03	4.41e-02	1.70e-01	1.91e-01	1.77e-01	3.33e-01	7.80e-02	5.01e-03	5.10e-05	2.59e-07	0.00e+00	0.00e+00	0.00e+00	0.00e+00	0.00e+00	0.00e+00
 9.98322e+22	4.57e-12	4.59e-06	1.92e-03	4.94e-02	1.82e-01	1.96e-01	1.76e-01	3.19e-01	7.10e-02	4.33e-03	4.20e-05	2.07e-07	0.00e+00	0.00e+00	0.00e+00	0.00e+00	0.00e+00	0.00e+00
 1.03885e+23	6.86e-12	5.77e-06	2.28e-03	5.61e-02	1.96e-01	2.01e-01	1.75e-01	3.03e-01	6.36e-02	3.66e-03	3.35e-05	1.61e-07	0.00e+00	0.00e+00	0.00e+00	0.00e+00	0.00e+00	0.00e+00
 1.07978e+23	9.82e-12	7.20e-06	2.70e-03	6.32e-02	2.09e-01	2.05e-01	1.73e-01	2.87e-01	5.68e-02	3.09e-03	2.68e-05	1.25e-07	0.00e+00	0.00e+00	0.00e+00	0.00e+00	0.00e+00	0.00e+00
 1.11947e+23	1.37e-11	8.76e-06	3.12e-03	7.02e-02	2.21e-01	2.08e-01	1.71e-01	2.73e-01	5.12e-02	2.65e-03	2.18e-05	0.00e+00	0.00e+00	0.00e+00	0.00e+00	0.00e+00	0.00e+00	0.00e+00
 1.16259e+23	1.86e-11	1.06e-05	3.61e-03	7.77e-02	2.34e-01	2.10e-01	1.68e-01	2.58e-01	4.60e-02	2.26e-03	1.78e-05	0.00e+00	0.00e+00	0.00e+00	0.00e+00	0.00e+00	0.00e+00	0.00e+00
 1.21033e+23	2.65e-11	1.30e-05	4.19e-03	8.63e-02	2.47e-01	2.12e-01	1.65e-01	2.43e-01	4.09e-02	1.90e-03	1.42e-05	0.00e+00	0.00e+00	0.00e+00	0.00e+00	0.00e+00	0.00e+00	0.00e+00
 1.25997e+23	3.75e-11	1.58e-05	4.84e-03	9.52e-02	2.59e-01	2.13e-01	1.61e-01	2.28e-01	3.64e-02	1.61e-03	1.14e-05	0.00e+00	0.00e+00	0.00e+00	0.00e+00	0.00e+00	0.00e+00	0.00e+00
 1.31161e+23	5.24e-11	1.90e-05	5.53e-03	1.04e-01	2.71e-01	2.14e-01	1.58e-01	2.14e-01	3.24e-02	1.36e-03	9.17e-06	0.00e+00	0.00e+00	0.00e+00	0.00e+00	0.00e+00	0.00e+00	0.00e+00
 1.36531e+23	7.23e-11	2.27e-05	6.29e-03	1.14e-01	2.82e-01	2.14e-01	1.54e-01	2.00e-01	2.89e-02	1.15e-03	7.42e-06	0.00e+00	0.00e+00	0.00e+00	0.00e+00	0.00e+00	0.00e+00	0.00e+00
 1.42115e+23	9.84e-11	2.69e-05	7.11e-03	1.23e-01	2.93e-01	2.13e-01	1.49e-01	1.88e-01	2.58e-02	9.81e-04	6.02e-06	0.00e+00	0.00e+00	0.00e+00	0.00e+00	0.00e+00	0.00e+00	0.00e+00
 1.47923e+23	1.37e-10	3.16e-05	7.98e-03	1.33e-01	3.02e-01	2.12e-01	1.45e-01	1.76e-01	2.30e-02	8.36e-04	4.91e-06	0.00e+00	0.00e+00	0.00e+00	0.00e+00	0.00e+00	0.00e+00	0.00e+00
 1.53964e+23	1.82e-10	3.68e-05	8.89e-03	1.43e-01	3.11e-01	2.10e-01	1.41e-01	1.65e-01	2.06e-02	7.16e-04	4.03e-06	0.00e+00	0.00e+00	0.00e+00	0.00e+00	0.00e+00	0.00e+00	0.00e+00
 1.60246e+23	2.33e-10	4.26e-05	9.85e-03	1.52e-01	3.19e-01	2.08e-01	1.37e-01	1.55e-01	1.85e-02	6.15e-04	3.33e-06	0.00e+00	0.00e+00	0.00e+00	0.00e+00	0.00e+00	0.00e+00	0.00e+00
 1.66779e+23	2.96e-10	4.88e-05	1.08e-02	1.62e-01	3.26e-01	2.05e-01	1.33e-01	1.45e-01	1.66e-02	5.32e-04	2.77e-06	0.00e+00	0.00e+00	0.00e+00	0.00e+00	0.00e+00	0.00e+00	0.00e+00
 1.73573e+23	3.70e-10	5.55e-05	1.19e-02	1.71e-01	3.33e-01	2.03e-01	1.29e-01	1.36e-01	1.50e-02	4.61e-04	2.31e-06	0.00e+00	0.00e+00	0.00e+00	0.00e+00	0.00e+00	0.00e+00	0.00e+00
 1.80640e+23	4.55e-10	6.27e-05	1.29e-02	1.81e-01	3.39e-01	2.00e-01	1.25e-01	1.29e-01	1.36e-02	4.03e-04	1.95e-06	0.00e+00	0.00e+00	0.00e+00	0.00e+00	0.00e+00	0.00e+00	0.00e+00
 1.87989e+23	5.52e-10	7.02e-05	1.40e-02	1.89e-01	3.44e-01	1.97e-01	1.22e-01	1.21e-01	1.24e-02	3.54e-04	1.66e-06	0.00e+00	0.00e+00	0.00e+00	0.00e+00	0.00e+00	0.00e+00	0.00e+00
 1.95632e+23	6.58e-10	7.79e-05	1.50e-02	1.98e-01	3.48e-01	1.95e-01	1.18e-01	1.15e-01	1.13e-02	3.13e-04	1.43e-06	0.00e+00	0.00e+00	0.00e+00	0.00e+00	0.00e+00	0.00e+00	0.00e+00
 2.03580e+23	7.76e-10	8.59e-05	1.60e-02	2.06e-01	3.52e-01	1.92e-01	1.15e-01	1.09e-01	1.04e-02	2.79e-04	1.23e-06	0.00e+00	0.00e+00	0.00e+00	0.00e+00	0.00e+00	0.00e+00	0.00e+00
 2.11847e+23	9.02e-10	9.40e-05	1.70e-02	2.13e-01	3.55e-01	1.89e-01	1.12e-01	1.04e-01	9.61e-03	2.50e-04	1.08e-06	0.00e+00	0.00e+00	0.00e+00	0.00e+00	0.00e+00	0.00e+00	0.00e+00
 2.20444e+23	1.03e-09	1.02e-04	1.80e-02	2.20e-01	3.58e-01	1.87e-01	1.10e-01	9.91e-02	8.96e-03	2.28e-04	9.59e-07	0.00e+00	0.00e+00	0.00e+00	0.00e+00	0.00e+00	0.00e+00	0.00e+00
 2.28860e+23	1.16e-09	1.10e-04	1.90e-02	2.27e-01	3.60e-01	1.84e-01	1.07e-01	9.46e-02	8.32e-03	2.06e-04	8.46e-07	0.00e+00	0.00e+00	0.00e+00	0.00e+00	0.00e+00	0.00e+00	0.00e+00
 2.36522e+23	1.29e-09	1.17e-04	1.98e-02	2.32e-01	3.62e-01	1.82e-01	1.05e-01	9.12e-02	7.85e-03	1.90e-04	7.68e-07	0.00e+00	0.00e+00	0.00e+00	0.00e+00	0.00e+00	0.00e+00	0.00e+00
 2.43418e+23	1.40e-09	1.24e-04	2.05e-02	2.37e-01	3.63e-01	1.80e-01	1.03e-01	8.83e-02	7.47e-03	1.78e-04	7.07e-07	0.00e+00	0.00e+00	0.00e+00	0.00e+00	0.00e+00	0.00e+00	0.00e+00
 2.49625e+23	1.50e-09	1.29e-04	2.11e-02	2.41e-01	3.64e-01	1.78e-01	1.02e-01	8.61e-02	7.18e-03	1.69e-04	6.63e-07	0.00e+00	0.00e+00	0.00e+00	0.00e+00	0.00e+00	0.00e+00	0.00e+00
 2.55210e+23	1.57e-09	1.33e-04	2.15e-02	2.44e-01	3.65e-01	1.77e-01	1.01e-01	8.45e-02	6.97e-03	1.62e-04	6.31e-07	0.00e+00	0.00e+00	0.00e+00	0.00e+00	0.00e+00	0.00e+00	0.00e+00
 2.60237e+23	1.64e-09	1.37e-04	2.19e-02	2.46e-01	3.66e-01	1.76e-01	9.97e-02	8.31e-02	6.79e-03	1.56e-04	6.03e-07	0.00e+00	0.00e+00	0.00e+00	0.00e+00	0.00e+00	0.00e+00	0.00e+00
 2.64762e+23	1.68e-09	1.39e-04	2.22e-02	2.48e-01	3.66e-01	1.75e-01	9.90e-02	8.20e-02	6.65e-03	1.52e-04	5.84e-07	0.00e+00	0.00e+00	0.00e+00	0.00e+00	0.00e+00	0.00e+00	0.00e+00
 2.68834e+23	1.71e-09	1.41e-04	2.24e-02	2.49e-01	3.67e-01	1.75e-01	9.85e-02	8.13e-02	6.56e-03	1.50e-04	5.71e-07	0.00e+00	0.00e+00	0.00e+00	0.00e+00	0.00e+00	0.00e+00	0.00e+00
 2.72499e+23	1.75e-09	1.44e-04	2.26e-02	2.51e-01	3.67e-01	1.74e-01	9.80e-02	8.05e-02	6.47e-03	1.47e-04	5.57e-07	0.00e+00	0.00e+00	0.00e+00	0.00e+00	0.00e+00	0.00e+00	0.00e+00
 2.75797e+23	1.79e-09	1.46e-04	2.28e-02	2.52e-01	3.67e-01	1.74e-01	9.76e-02	7.98e-02	6.38e-03	1.44e-04	5.45e-07	0.00e+00	0.00e+00	0.00e+00	0.00e+00	0.00e+00	0.00e+00	0.00e+00
 2.78887e+23	1.82e-09	1.47e-04	2.30e-02	2.53e-01	3.67e-01	1.73e-01	9.72e-02	7.93e-02	6.31e-03	1.42e-04	5.35e-07	0.00e+00	0.00e+00	0.00e+00	0.00e+00	0.00e+00	0.00e+00	0.00e+00
 2.81941e+23	1.86e-09	1.49e-04	2.32e-02	2.54e-01	3.68e-01	1.73e-01	9.68e-02	7.87e-02	6.24e-03	1.40e-04	5.25e-07	0.00e+00	0.00e+00	0.00e+00	0.00e+00	0.00e+00	0.00e+00	0.00e+00
 2.84996e+23	1.87e-09	1.50e-04	2.33e-02	2.55e-01	3.68e-01	1.73e-01	9.67e-02	7.85e-02	6.21e-03	1.39e-04	5.21e-07	0.00e+00	0.00e+00	0.00e+00	0.00e+00	0.00e+00	0.00e+00	0.00e+00
 2.88051e+23	1.88e-09	1.51e-04	2.33e-02	2.55e-01	3.68e-01	1.73e-01	9.65e-02	7.82e-02	6.17e-03	1.38e-04	5.15e-07	0.00e+00	0.00e+00	0.00e+00	0.00e+00	0.00e+00	0.00e+00	0.00e+00
 2.91106e+23	1.89e-09	1.51e-04	2.34e-02	2.56e-01	3.68e-01	1.72e-01	9.63e-02	7.79e-02	6.14e-03	1.37e-04	5.11e-07	0.00e+00	0.00e+00	0.00e+00	0.00e+00	0.00e+00	0.00e+00	0.00e+00
 2.94161e+23	1.88e-09	1.52e-04	2.34e-02	2.56e-01	3.68e-01	1.72e-01	9.63e-02	7.78e-02	6.13e-03	1.36e-04	5.10e-07	0.00e+00	0.00e+00	0.00e+00	0.00e+00	0.00e+00	0.00e+00	0.00e+00
 2.97216e+23	1.88e-09	1.52e-04	2.35e-02	2.56e-01	3.68e-01	1.72e-01	9.62e-02	7.77e-02	6.12e-03	1.36e-04	5.08e-07	0.00e+00	0.00e+00	0.00e+00	0.00e+00	0.00e+00	0.00e+00	0.00e+00
 3.00270e+23	1.88e-09	1.52e-04	2.35e-02	2.56e-01	3.68e-01	1.72e-01	9.61e-02	7.76e-02	6.10e-03	1.36e-04	5.05e-07	0.00e+00	0.00e+00	0.00e+00	0.00e+00	0.00e+00	0.00e+00	0.00e+00
 3.03325e+23	1.88e-09	1.52e-04	2.35e-02	2.56e-01	3.68e-01	1.72e-01	9.61e-02	7.75e-02	6.09e-03	1.35e-04	5.05e-07	0.00e+00	0.00e+00	0.00e+00	0.00e+00	0.00e+00	0.00e+00	0.00e+00
 3.05167e+23	1.97e-09	1.57e-04	2.40e-02	2.59e-01	3.69e-01	1.71e-01	9.52e-02	7.62e-02	5.93e-03	1.31e-04	4.83e-07	0.00e+00	0.00e+00	0.00e+00	0.00e+00	0.00e+00	0.00e+00	0.00e+00
