#depth	O	O+	O+2	O+3	O+4	O+5	O+6	O+7	O+8	O[1]	O[2]	O[3]
 1.19999e+19	4.47e-15	6.92e-10	5.58e-06	1.86e-03	3.72e-02	1.65e-01	7.26e-01	6.93e-02	1.20e-03	4.47e-15	3.78e-19	4.42e-19
 7.19996e+19	5.07e-15	8.15e-10	6.54e-06	2.12e-03	4.06e-02	1.76e-01	7.16e-01	6.44e-02	1.06e-03	5.07e-15	4.20e-19	4.93e-19
 1.72977e+20	6.45e-15	1.06e-09	8.26e-06	2.53e-03	4.55e-02	1.90e-01	7.03e-01	5.80e-02	8.73e-04	6.45e-15	5.00e-19	5.88e-19
 2.82058e+20	8.43e-15	1.39e-09	1.05e-05	3.04e-03	5.08e-02	2.04e-01	6.90e-01	5.21e-02	7.20e-04	8.43e-15	6.18e-19	7.29e-19
 3.70836e+20	1.04e-14	1.71e-09	1.27e-05	3.48e-03	5.52e-02	2.14e-01	6.79e-01	4.79e-02	6.20e-04	1.04e-14	7.22e-19	8.54e-19
 4.23051e+20	1.19e-14	1.95e-09	1.41e-05	3.76e-03	5.78e-02	2.20e-01	6.72e-01	4.56e-02	5.69e-04	1.19e-14	8.13e-19	9.63e-19
 4.67995e+20	1.31e-14	2.16e-09	1.56e-05	4.03e-03	6.03e-02	2.25e-01	6.66e-01	4.37e-02	5.27e-04	1.31e-14	8.87e-19	1.05e-18
 5.26421e+20	1.49e-14	2.47e-09	1.77e-05	4.42e-03	6.38e-02	2.32e-01	6.58e-01	4.12e-02	4.76e-04	1.49e-14	9.90e-19	1.17e-18
 6.02375e+20	1.79e-14	2.96e-09	2.08e-05	4.96e-03	6.85e-02	2.41e-01	6.46e-01	3.83e-02	4.19e-04	1.79e-14	1.15e-18	1.37e-18
 6.80566e+20	2.13e-14	3.52e-09	2.43e-05	5.55e-03	7.33e-02	2.50e-01	6.35e-01	3.56e-02	3.69e-04	2.13e-14	1.33e-18	1.58e-18
 7.45563e+20	2.48e-14	4.09e-09	2.77e-05	6.08e-03	7.74e-02	2.57e-01	6.25e-01	3.35e-02	3.32e-04	2.48e-14	1.52e-18	1.80e-18
 8.13957e+20	2.93e-14	4.81e-09	3.17e-05	6.70e-03	8.20e-02	2.65e-01	6.15e-01	3.14e-02	2.97e-04	2.93e-14	1.77e-18	2.09e-18
 9.02870e+20	3.63e-14	5.93e-09	3.78e-05	7.58e-03	8.82e-02	2.75e-01	6.00e-01	2.89e-02	2.58e-04	3.62e-14	2.13e-18	2.52e-18
 9.89487e+20	4.42e-14	7.17e-09	4.44e-05	8.48e-03	9.42e-02	2.84e-01	5.87e-01	2.67e-02	2.25e-04	4.42e-14	2.53e-18	2.99e-18
 1.05483e+21	5.19e-14	8.34e-09	5.00e-05	9.20e-03	9.88e-02	2.90e-01	5.77e-01	2.51e-02	2.04e-04	5.19e-14	2.92e-18	3.45e-18
 1.12148e+21	6.06e-14	9.66e-09	5.66e-05	1.00e-02	1.04e-01	2.97e-01	5.66e-01	2.36e-02	1.84e-04	6.05e-14	3.36e-18	3.97e-18
 1.20812e+21	7.36e-14	1.16e-08	6.63e-05	1.12e-02	1.11e-01	3.05e-01	5.51e-01	2.18e-02	1.61e-04	7.36e-14	4.01e-18	4.73e-18
 1.29886e+21	9.02e-14	1.40e-08	7.77e-05	1.24e-02	1.18e-01	3.13e-01	5.36e-01	2.00e-02	1.41e-04	9.02e-14	4.79e-18	5.64e-18
 1.37678e+21	1.08e-13	1.66e-08	8.87e-05	1.36e-02	1.24e-01	3.20e-01	5.24e-01	1.87e-02	1.25e-04	1.08e-13	5.67e-18	6.67e-18
 1.45993e+21	1.30e-13	1.96e-08	1.02e-04	1.50e-02	1.31e-01	3.27e-01	5.10e-01	1.73e-02	1.11e-04	1.30e-13	6.68e-18	7.86e-18
 1.56803e+21	1.65e-13	2.44e-08	1.23e-04	1.69e-02	1.40e-01	3.35e-01	4.92e-01	1.57e-02	9.46e-05	1.65e-13	8.32e-18	9.78e-18
 1.67723e+21	2.08e-13	3.01e-08	1.46e-04	1.90e-02	1.50e-01	3.43e-01	4.74e-01	1.42e-02	8.08e-05	2.08e-13	1.02e-17	1.20e-17
 1.76325e+21	2.52e-13	3.58e-08	1.67e-04	2.08e-02	1.58e-01	3.48e-01	4.60e-01	1.32e-02	7.15e-05	2.52e-13	1.22e-17	1.43e-17
 1.85045e+21	3.03e-13	4.22e-08	1.92e-04	2.28e-02	1.66e-01	3.54e-01	4.45e-01	1.21e-02	6.31e-05	3.03e-13	1.45e-17	1.70e-17
 1.96380e+21	3.81e-13	5.18e-08	2.28e-04	2.55e-02	1.76e-01	3.60e-01	4.27e-01	1.09e-02	5.37e-05	3.81e-13	1.78e-17	2.09e-17
 2.08253e+21	4.82e-13	6.39e-08	2.72e-04	2.86e-02	1.88e-01	3.66e-01	4.08e-01	9.83e-03	4.55e-05	4.82e-13	2.21e-17	2.59e-17
 2.18177e+21	5.95e-13	7.68e-08	3.13e-04	3.13e-02	1.97e-01	3.70e-01	3.92e-01	9.00e-03	3.97e-05	5.95e-13	2.68e-17	3.14e-17
 2.28429e+21	7.29e-13	9.18e-08	3.64e-04	3.45e-02	2.07e-01	3.74e-01	3.76e-01	8.19e-03	3.44e-05	7.29e-13	3.25e-17	3.80e-17
 2.41757e+21	9.37e-13	1.14e-07	4.40e-04	3.89e-02	2.21e-01	3.77e-01	3.56e-01	7.25e-03	2.86e-05	9.37e-13	4.10e-17	4.79e-17
 2.55352e+21	1.20e-12	1.42e-07	5.28e-04	4.37e-02	2.34e-01	3.80e-01	3.35e-01	6.40e-03	2.38e-05	1.20e-12	5.15e-17	6.01e-17
 2.66216e+21	1.49e-12	1.71e-07	6.09e-04	4.77e-02	2.45e-01	3.81e-01	3.20e-01	5.81e-03	2.06e-05	1.49e-12	6.30e-17	7.35e-17
 2.77260e+21	1.81e-12	2.01e-07	7.07e-04	5.24e-02	2.56e-01	3.82e-01	3.04e-01	5.24e-03	1.77e-05	1.81e-12	7.55e-17	8.80e-17
 2.91618e+21	2.35e-12	2.52e-07	8.53e-04	5.88e-02	2.71e-01	3.81e-01	2.84e-01	4.59e-03	1.45e-05	2.35e-12	9.66e-17	1.13e-16
 3.06324e+21	3.03e-12	3.13e-07	1.03e-03	6.57e-02	2.85e-01	3.80e-01	2.64e-01	4.00e-03	1.19e-05	3.03e-12	1.22e-16	1.42e-16
 3.18341e+21	3.80e-12	3.79e-07	1.19e-03	7.18e-02	2.97e-01	3.78e-01	2.49e-01	3.58e-03	1.02e-05	3.80e-12	1.51e-16	1.76e-16
 3.30825e+21	4.66e-12	4.50e-07	1.39e-03	7.89e-02	3.09e-01	3.74e-01	2.33e-01	3.17e-03	8.56e-06	4.66e-12	1.83e-16	2.13e-16
 3.47054e+21	6.18e-12	5.72e-07	1.71e-03	8.87e-02	3.24e-01	3.69e-01	2.14e-01	2.71e-03	6.86e-06	6.18e-12	2.39e-16	2.78e-16
 3.63137e+21	8.01e-12	7.12e-07	2.07e-03	9.90e-02	3.39e-01	3.62e-01	1.96e-01	2.32e-03	5.54e-06	8.01e-12	3.04e-16	3.54e-16
 3.75937e+21	1.01e-11	8.64e-07	2.40e-03	1.08e-01	3.50e-01	3.56e-01	1.82e-01	2.06e-03	4.67e-06	1.01e-11	3.80e-16	4.41e-16
 3.87147e+21	1.21e-11	1.01e-06	2.74e-03	1.16e-01	3.59e-01	3.49e-01	1.71e-01	1.84e-03	4.02e-06	1.21e-11	4.50e-16	5.23e-16
 3.99382e+21	1.48e-11	1.20e-06	3.19e-03	1.26e-01	3.69e-01	3.42e-01	1.58e-01	1.63e-03	3.39e-06	1.48e-11	5.48e-16	6.37e-16
 4.15287e+21	1.94e-11	1.50e-06	3.88e-03	1.40e-01	3.81e-01	3.31e-01	1.43e-01	1.38e-03	2.72e-06	1.94e-11	7.06e-16	8.21e-16
 4.31359e+21	2.51e-11	1.86e-06	4.69e-03	1.55e-01	3.92e-01	3.19e-01	1.29e-01	1.17e-03	2.18e-06	2.51e-11	9.03e-16	1.05e-15
 4.44064e+21	3.06e-11	2.20e-06	5.45e-03	1.67e-01	3.99e-01	3.09e-01	1.19e-01	1.03e-03	1.83e-06	3.06e-11	1.09e-15	1.27e-15
 4.56997e+21	3.89e-11	2.69e-06	6.40e-03	1.81e-01	4.06e-01	2.97e-01	1.08e-01	8.96e-04	1.53e-06	3.89e-11	1.38e-15	1.60e-15
 4.70595e+21	4.85e-11	3.24e-06	7.58e-03	1.96e-01	4.12e-01	2.85e-01	9.83e-02	7.73e-04	1.26e-06	4.85e-11	1.70e-15	1.97e-15
 4.85056e+21	6.33e-11	4.06e-06	9.15e-03	2.14e-01	4.17e-01	2.71e-01	8.80e-02	6.57e-04	1.02e-06	6.33e-11	2.20e-15	2.55e-15
 4.99543e+21	8.11e-11	5.02e-06	1.10e-02	2.33e-01	4.20e-01	2.57e-01	7.87e-02	5.58e-04	8.27e-07	8.11e-11	2.79e-15	3.23e-15
 5.10740e+21	9.87e-11	5.94e-06	1.28e-02	2.49e-01	4.21e-01	2.45e-01	7.19e-02	4.91e-04	7.02e-07	9.87e-11	3.37e-15	3.91e-15
 5.20450e+21	1.19e-10	6.95e-06	1.46e-02	2.63e-01	4.21e-01	2.34e-01	6.62e-02	4.37e-04	6.07e-07	1.19e-10	4.03e-15	4.68e-15
 5.31552e+21	1.49e-10	8.44e-06	1.71e-02	2.81e-01	4.19e-01	2.22e-01	6.00e-02	3.82e-04	5.11e-07	1.49e-10	5.02e-15	5.83e-15
 5.43470e+21	1.89e-10	1.04e-05	2.04e-02	3.01e-01	4.16e-01	2.09e-01	5.37e-02	3.29e-04	4.25e-07	1.89e-10	6.35e-15	7.37e-15
 5.53673e+21	2.32e-10	1.24e-05	2.38e-02	3.19e-01	4.11e-01	1.97e-01	4.88e-02	2.89e-04	3.62e-07	2.32e-10	7.74e-15	8.98e-15
 5.62380e+21	2.80e-10	1.46e-05	2.73e-02	3.36e-01	4.06e-01	1.86e-01	4.46e-02	2.56e-04	3.13e-07	2.80e-10	9.31e-15	1.08e-14
 5.71920e+21	3.51e-10	1.77e-05	3.21e-02	3.55e-01	3.99e-01	1.74e-01	4.02e-02	2.24e-04	2.67e-07	3.51e-10	1.16e-14	1.35e-14
 5.81909e+21	4.43e-10	2.18e-05	3.81e-02	3.75e-01	3.89e-01	1.62e-01	3.59e-02	1.94e-04	2.24e-07	4.43e-10	1.46e-14	1.69e-14
 5.90102e+21	5.40e-10	2.59e-05	4.42e-02	3.92e-01	3.80e-01	1.51e-01	3.26e-02	1.72e-04	1.94e-07	5.40e-10	1.77e-14	2.05e-14
 5.97000e+21	6.44e-10	3.03e-05	5.03e-02	4.07e-01	3.70e-01	1.42e-01	2.98e-02	1.54e-04	1.71e-07	6.44e-10	2.10e-14	2.44e-14
 6.04595e+21	7.96e-10	3.65e-05	5.85e-02	4.25e-01	3.58e-01	1.32e-01	2.68e-02	1.36e-04	1.47e-07	7.96e-10	2.59e-14	3.01e-14
 6.12754e+21	9.98e-10	4.47e-05	6.92e-02	4.43e-01	3.43e-01	1.20e-01	2.38e-02	1.17e-04	1.25e-07	9.98e-10	3.24e-14	3.75e-14
 6.19667e+21	1.22e-09	5.34e-05	8.03e-02	4.58e-01	3.29e-01	1.11e-01	2.14e-02	1.04e-04	0.00e+00	1.22e-09	3.93e-14	4.56e-14
 6.25403e+21	1.45e-09	6.25e-05	9.16e-02	4.71e-01	3.15e-01	1.03e-01	1.94e-02	9.24e-05	0.00e+00	1.45e-09	4.68e-14	5.43e-14
 6.31591e+21	1.77e-09	7.48e-05	1.06e-01	4.84e-01	2.99e-01	9.37e-02	1.73e-02	8.10e-05	0.00e+00	1.77e-09	5.71e-14	6.62e-14
 6.38227e+21	2.20e-09	9.11e-05	1.25e-01	4.96e-01	2.80e-01	8.40e-02	1.51e-02	6.96e-05	0.00e+00	2.20e-09	7.07e-14	8.20e-14
 6.43814e+21	2.67e-09	1.08e-04	1.44e-01	5.05e-01	2.62e-01	7.56e-02	1.33e-02	6.05e-05	0.00e+00	2.67e-09	8.55e-14	9.91e-14
 6.48399e+21	3.13e-09	1.25e-04	1.63e-01	5.11e-01	2.46e-01	6.89e-02	1.20e-02	5.37e-05	0.00e+00	3.13e-09	1.00e-13	1.16e-13
 6.53312e+21	3.75e-09	1.48e-04	1.86e-01	5.15e-01	2.28e-01	6.15e-02	1.05e-02	4.64e-05	0.00e+00	3.75e-09	1.20e-13	1.39e-13
 6.58637e+21	4.56e-09	1.77e-04	2.15e-01	5.16e-01	2.06e-01	5.38e-02	8.97e-03	3.92e-05	0.00e+00	4.56e-09	1.45e-13	1.69e-13
 6.63210e+21	5.41e-09	2.07e-04	2.44e-01	5.13e-01	1.87e-01	4.71e-02	7.72e-03	3.34e-05	0.00e+00	5.41e-09	1.72e-13	2.00e-13
 6.67013e+21	6.28e-09	2.36e-04	2.72e-01	5.08e-01	1.70e-01	4.17e-02	6.72e-03	2.88e-05	0.00e+00	6.27e-09	1.99e-13	2.31e-13
 6.71105e+21	7.34e-09	2.72e-04	3.05e-01	5.00e-01	1.52e-01	3.62e-02	5.72e-03	2.43e-05	0.00e+00	7.34e-09	2.33e-13	2.71e-13
 6.75550e+21	8.67e-09	3.17e-04	3.45e-01	4.87e-01	1.33e-01	3.06e-02	4.74e-03	1.99e-05	0.00e+00	8.67e-09	2.75e-13	3.19e-13
 6.79437e+21	1.00e-08	3.61e-04	3.83e-01	4.71e-01	1.16e-01	2.60e-02	3.95e-03	1.64e-05	0.00e+00	1.00e-08	3.17e-13	3.68e-13
 6.82791e+21	1.13e-08	4.02e-04	4.17e-01	4.54e-01	1.02e-01	2.24e-02	3.33e-03	1.37e-05	0.00e+00	1.13e-08	3.58e-13	4.16e-13
 6.86471e+21	1.29e-08	4.52e-04	4.56e-01	4.34e-01	8.80e-02	1.88e-02	2.74e-03	1.12e-05	0.00e+00	1.29e-08	4.08e-13	4.74e-13
 6.90529e+21	1.48e-08	5.10e-04	5.01e-01	4.08e-01	7.36e-02	1.54e-02	2.17e-03	8.75e-06	0.00e+00	1.48e-08	4.68e-13	5.44e-13
 6.94189e+21	1.66e-08	5.64e-04	5.40e-01	3.83e-01	6.20e-02	1.28e-02	1.75e-03	6.98e-06	0.00e+00	1.66e-08	5.24e-13	6.11e-13
 6.97477e+21	1.85e-08	6.15e-04	5.76e-01	3.59e-01	5.28e-02	1.08e-02	1.43e-03	5.62e-06	0.00e+00	1.85e-08	5.81e-13	6.77e-13
 7.01170e+21	2.06e-08	6.73e-04	6.13e-01	3.32e-01	4.40e-02	8.85e-03	1.14e-03	4.40e-06	0.00e+00	2.06e-08	6.49e-13	7.57e-13
 7.05273e+21	2.31e-08	7.37e-04	6.52e-01	3.03e-01	3.59e-02	7.17e-03	8.82e-04	3.35e-06	0.00e+00	2.31e-08	7.25e-13	8.47e-13
 7.09046e+21	2.55e-08	7.93e-04	6.85e-01	2.78e-01	2.99e-02	5.95e-03	7.01e-04	2.62e-06	0.00e+00	2.55e-08	7.98e-13	9.32e-13
 7.12514e+21	2.77e-08	8.45e-04	7.12e-01	2.56e-01	2.55e-02	5.04e-03	5.71e-04	2.09e-06	0.00e+00	2.77e-08	8.67e-13	1.01e-12
 7.16446e+21	3.04e-08	9.03e-04	7.40e-01	2.33e-01	2.14e-02	4.21e-03	4.55e-04	1.63e-06	0.00e+00	3.04e-08	9.50e-13	1.11e-12
 7.20877e+21	3.34e-08	9.64e-04	7.68e-01	2.10e-01	1.79e-02	3.50e-03	3.59e-04	1.26e-06	0.00e+00	3.34e-08	1.04e-12	1.22e-12
 7.25169e+21	3.64e-08	1.02e-03	7.90e-01	1.90e-01	1.53e-02	2.97e-03	2.89e-04	9.89e-07	0.00e+00	3.64e-08	1.13e-12	1.33e-12
 7.29758e+21	3.97e-08	1.08e-03	8.11e-01	1.72e-01	1.31e-02	2.52e-03	2.33e-04	7.76e-07	0.00e+00	3.97e-08	1.23e-12	1.45e-12
 7.35055e+21	4.36e-08	1.14e-03	8.32e-01	1.53e-01	1.12e-02	2.12e-03	1.86e-04	6.00e-07	0.00e+00	4.36e-08	1.35e-12	1.59e-12
 7.40659e+21	4.76e-08	1.21e-03	8.50e-01	1.38e-01	9.78e-03	1.80e-03	1.51e-04	4.70e-07	0.00e+00	4.76e-08	1.48e-12	1.74e-12
 7.45937e+21	5.15e-08	1.26e-03	8.63e-01	1.25e-01	8.77e-03	1.58e-03	1.26e-04	3.82e-07	0.00e+00	5.15e-08	1.59e-12	1.88e-12
 7.51234e+21	5.55e-08	1.32e-03	8.75e-01	1.14e-01	7.95e-03	1.38e-03	1.07e-04	3.14e-07	0.00e+00	5.55e-08	1.71e-12	2.02e-12
 7.57371e+21	6.03e-08	1.38e-03	8.87e-01	1.03e-01	7.20e-03	1.21e-03	8.95e-05	2.55e-07	0.00e+00	6.03e-08	1.86e-12	2.19e-12
 7.64251e+21	6.57e-08	1.45e-03	8.98e-01	9.31e-02	6.56e-03	1.05e-03	7.53e-05	2.07e-07	0.00e+00	6.57e-08	2.02e-12	2.39e-12
 7.71565e+21	7.16e-08	1.51e-03	9.07e-01	8.42e-02	6.03e-03	9.14e-04	6.39e-05	1.69e-07	0.00e+00	7.16e-08	2.20e-12	2.60e-12
 7.79376e+21	7.81e-08	1.58e-03	9.16e-01	7.61e-02	5.58e-03	7.99e-04	5.46e-05	1.39e-07	0.00e+00	7.81e-08	2.39e-12	2.83e-12
 7.87883e+21	8.54e-08	1.65e-03	9.24e-01	6.88e-02	5.18e-03	6.97e-04	4.69e-05	0.00e+00	0.00e+00	8.54e-08	2.58e-12	3.06e-12
 7.97323e+21	9.39e-08	1.73e-03	9.31e-01	6.19e-02	4.83e-03	6.06e-04	4.03e-05	0.00e+00	0.00e+00	9.39e-08	2.81e-12	3.34e-12
 8.07955e+21	1.04e-07	1.82e-03	9.38e-01	5.55e-02	4.50e-03	5.23e-04	3.46e-05	0.00e+00	0.00e+00	1.04e-07	3.07e-12	3.66e-12
 8.19934e+21	1.16e-07	1.91e-03	9.44e-01	4.96e-02	4.20e-03	4.49e-04	2.97e-05	0.00e+00	0.00e+00	1.16e-07	3.39e-12	4.04e-12
 8.33535e+21	1.30e-07	2.02e-03	9.49e-01	4.42e-02	3.92e-03	3.82e-04	2.55e-05	0.00e+00	0.00e+00	1.30e-07	3.77e-12	4.50e-12
 8.49252e+21	1.48e-07	2.14e-03	9.55e-01	3.90e-02	3.65e-03	3.21e-04	2.17e-05	0.00e+00	0.00e+00	1.48e-07	4.24e-12	5.07e-12
 8.67920e+21	1.72e-07	2.27e-03	9.60e-01	3.41e-02	3.38e-03	2.64e-04	1.83e-05	0.00e+00	0.00e+00	1.72e-07	4.87e-12	5.82e-12
 8.87594e+21	2.00e-07	2.42e-03	9.64e-01	3.02e-02	3.14e-03	2.21e-04	1.56e-05	0.00e+00	0.00e+00	2.00e-07	5.60e-12	6.71e-12
 9.06139e+21	2.30e-07	2.56e-03	9.67e-01	2.72e-02	2.95e-03	1.88e-04	1.36e-05	0.00e+00	0.00e+00	2.30e-07	6.39e-12	7.65e-12
 9.27014e+21	2.70e-07	2.71e-03	9.70e-01	2.41e-02	2.76e-03	1.57e-04	1.17e-05	0.00e+00	0.00e+00	2.70e-07	7.42e-12	8.89e-12
 9.54151e+21	3.30e-07	2.92e-03	9.74e-01	2.08e-02	2.54e-03	1.25e-04	9.81e-06	0.00e+00	0.00e+00	3.30e-07	9.00e-12	1.08e-11
 9.82026e+21	4.07e-07	3.14e-03	9.76e-01	1.84e-02	2.36e-03	1.02e-04	8.32e-06	0.00e+00	0.00e+00	4.07e-07	1.10e-11	1.32e-11
 1.00483e+22	4.87e-07	3.34e-03	9.78e-01	1.68e-02	2.22e-03	8.76e-05	7.32e-06	0.00e+00	0.00e+00	4.87e-07	1.31e-11	1.57e-11
 1.02844e+22	5.88e-07	3.54e-03	9.79e-01	1.51e-02	2.09e-03	7.37e-05	6.43e-06	0.00e+00	0.00e+00	5.88e-07	1.58e-11	1.89e-11
 1.05913e+22	7.61e-07	3.83e-03	9.81e-01	1.32e-02	1.95e-03	5.91e-05	5.45e-06	0.00e+00	0.00e+00	7.60e-07	2.04e-11	2.44e-11
 1.08987e+22	1.01e-06	4.17e-03	9.82e-01	1.18e-02	1.82e-03	4.82e-05	4.66e-06	0.00e+00	0.00e+00	1.01e-06	2.71e-11	3.23e-11
 1.11315e+22	1.27e-06	4.47e-03	9.83e-01	1.09e-02	1.73e-03	4.15e-05	4.15e-06	0.00e+00	0.00e+00	1.27e-06	3.42e-11	4.07e-11
 1.13258e+22	1.57e-06	4.75e-03	9.83e-01	1.01e-02	1.66e-03	3.63e-05	3.76e-06	0.00e+00	0.00e+00	1.57e-06	4.22e-11	5.02e-11
 1.15453e+22	2.01e-06	5.09e-03	9.84e-01	9.19e-03	1.59e-03	3.07e-05	3.34e-06	0.00e+00	0.00e+00	2.01e-06	5.43e-11	6.45e-11
 1.17910e+22	2.74e-06	5.57e-03	9.85e-01	8.30e-03	1.52e-03	2.55e-05	2.93e-06	0.00e+00	0.00e+00	2.74e-06	7.41e-11	8.79e-11
 1.20124e+22	3.77e-06	6.12e-03	9.85e-01	7.58e-03	1.46e-03	2.14e-05	2.58e-06	0.00e+00	0.00e+00	3.77e-06	1.02e-10	1.21e-10
 1.21956e+22	5.05e-06	6.70e-03	9.85e-01	6.99e-03	1.41e-03	1.83e-05	2.30e-06	0.00e+00	0.00e+00	5.05e-06	1.37e-10	1.63e-10
 1.23590e+22	6.73e-06	7.34e-03	9.85e-01	6.45e-03	1.37e-03	1.57e-05	2.06e-06	0.00e+00	0.00e+00	6.73e-06	1.84e-10	2.17e-10
 1.25119e+22	9.07e-06	8.10e-03	9.85e-01	5.93e-03	1.33e-03	1.34e-05	1.84e-06	0.00e+00	0.00e+00	9.07e-06	2.49e-10	2.93e-10
 1.26500e+22	1.22e-05	8.98e-03	9.84e-01	5.46e-03	1.30e-03	1.14e-05	1.64e-06	0.00e+00	0.00e+00	1.22e-05	3.38e-10	3.97e-10
 1.27743e+22	1.65e-05	1.00e-02	9.84e-01	5.02e-03	1.27e-03	9.72e-06	1.46e-06	0.00e+00	0.00e+00	1.65e-05	4.58e-10	5.37e-10
 1.28882e+22	2.24e-05	1.12e-02	9.83e-01	4.61e-03	1.25e-03	8.26e-06	1.30e-06	0.00e+00	0.00e+00	2.24e-05	6.23e-10	7.29e-10
 1.29940e+22	3.06e-05	1.27e-02	9.82e-01	4.20e-03	1.22e-03	6.96e-06	1.15e-06	0.00e+00	0.00e+00	3.06e-05	8.53e-10	9.96e-10
 1.30917e+22	4.22e-05	1.44e-02	9.81e-01	3.82e-03	1.20e-03	5.84e-06	1.02e-06	0.00e+00	0.00e+00	4.22e-05	1.18e-09	1.37e-09
 1.31587e+22	5.46e-05	1.61e-02	9.79e-01	3.56e-03	1.19e-03	5.11e-06	9.24e-07	0.00e+00	0.00e+00	5.46e-05	1.53e-09	1.77e-09
 1.31903e+22	6.21e-05	1.70e-02	9.78e-01	3.45e-03	1.18e-03	4.78e-06	8.79e-07	0.00e+00	0.00e+00	6.21e-05	1.74e-09	2.01e-09
 1.32164e+22	6.87e-05	1.78e-02	9.78e-01	3.34e-03	1.17e-03	4.51e-06	8.43e-07	0.00e+00	0.00e+00	6.87e-05	1.93e-09	2.23e-09
 1.32504e+22	7.88e-05	1.89e-02	9.77e-01	3.19e-03	1.17e-03	4.17e-06	7.98e-07	0.00e+00	0.00e+00	7.88e-05	2.22e-09	2.55e-09
 1.32945e+22	9.48e-05	2.05e-02	9.75e-01	3.00e-03	1.15e-03	3.75e-06	7.39e-07	0.00e+00	0.00e+00	9.48e-05	2.67e-09	3.06e-09
 1.33381e+22	1.16e-04	2.26e-02	9.73e-01	2.81e-03	1.14e-03	3.34e-06	6.81e-07	0.00e+00	0.00e+00	1.16e-04	3.29e-09	3.75e-09
 1.33692e+22	1.36e-04	2.43e-02	9.72e-01	2.67e-03	1.13e-03	3.06e-06	6.39e-07	0.00e+00	0.00e+00	1.36e-04	3.87e-09	4.38e-09
 1.33930e+22	1.53e-04	2.57e-02	9.70e-01	2.57e-03	1.13e-03	2.86e-06	6.09e-07	0.00e+00	0.00e+00	1.53e-04	4.38e-09	4.93e-09
 1.34190e+22	1.75e-04	2.74e-02	9.69e-01	2.45e-03	1.12e-03	2.65e-06	5.75e-07	0.00e+00	0.00e+00	1.75e-04	5.02e-09	5.63e-09
 1.34528e+22	2.09e-04	2.99e-02	9.66e-01	2.30e-03	1.11e-03	2.38e-06	5.34e-07	0.00e+00	0.00e+00	2.09e-04	6.05e-09	6.71e-09
 1.34866e+22	2.56e-04	3.30e-02	9.63e-01	2.15e-03	1.10e-03	2.12e-06	4.90e-07	0.00e+00	0.00e+00	2.56e-04	7.46e-09	8.19e-09
 1.35114e+22	3.00e-04	3.57e-02	9.61e-01	2.04e-03	1.09e-03	1.94e-06	4.59e-07	0.00e+00	0.00e+00	3.00e-04	8.81e-09	9.57e-09
 1.35305e+22	3.39e-04	3.80e-02	9.59e-01	1.96e-03	1.08e-03	1.81e-06	4.36e-07	0.00e+00	0.00e+00	3.39e-04	1.00e-08	1.08e-08
 1.35513e+22	3.86e-04	4.06e-02	9.56e-01	1.87e-03	1.07e-03	1.67e-06	4.11e-07	0.00e+00	0.00e+00	3.86e-04	1.15e-08	1.23e-08
 1.35783e+22	4.61e-04	4.45e-02	9.52e-01	1.75e-03	1.06e-03	1.51e-06	3.80e-07	0.00e+00	0.00e+00	4.61e-04	1.39e-08	1.46e-08
 1.36056e+22	5.64e-04	4.94e-02	9.47e-01	1.63e-03	1.05e-03	1.34e-06	3.48e-07	0.00e+00	0.00e+00	5.64e-04	1.73e-08	1.78e-08
 1.36258e+22	6.61e-04	5.37e-02	9.43e-01	1.54e-03	1.04e-03	1.22e-06	3.25e-07	0.00e+00	0.00e+00	6.61e-04	2.06e-08	2.09e-08
 1.36415e+22	7.48e-04	5.73e-02	9.39e-01	1.47e-03	1.03e-03	1.14e-06	3.07e-07	0.00e+00	0.00e+00	7.48e-04	2.36e-08	2.35e-08
 1.36586e+22	8.53e-04	6.14e-02	9.35e-01	1.40e-03	1.02e-03	1.05e-06	2.89e-07	0.00e+00	0.00e+00	8.53e-04	2.74e-08	2.68e-08
 1.36808e+22	1.02e-03	6.75e-02	9.29e-01	1.31e-03	1.00e-03	9.45e-07	2.66e-07	0.00e+00	0.00e+00	1.02e-03	3.33e-08	3.19e-08
 1.37034e+22	1.25e-03	7.53e-02	9.21e-01	1.22e-03	9.87e-04	8.40e-07	2.42e-07	0.00e+00	0.00e+00	1.25e-03	4.19e-08	3.88e-08
 1.37205e+22	1.47e-03	8.23e-02	9.14e-01	1.14e-03	9.72e-04	7.62e-07	2.24e-07	0.00e+00	0.00e+00	1.47e-03	5.04e-08	4.55e-08
 1.37339e+22	1.67e-03	8.82e-02	9.08e-01	1.09e-03	9.60e-04	7.06e-07	2.11e-07	0.00e+00	0.00e+00	1.67e-03	5.82e-08	5.15e-08
 1.37485e+22	1.92e-03	9.50e-02	9.01e-01	1.03e-03	9.46e-04	6.50e-07	1.97e-07	0.00e+00	0.00e+00	1.92e-03	6.80e-08	5.88e-08
 1.37675e+22	2.31e-03	1.05e-01	8.91e-01	9.62e-04	9.26e-04	5.79e-07	1.79e-07	0.00e+00	0.00e+00	2.31e-03	8.38e-08	7.03e-08
 1.37870e+22	2.85e-03	1.18e-01	8.77e-01	8.86e-04	9.03e-04	5.09e-07	1.61e-07	0.00e+00	0.00e+00	2.85e-03	1.07e-07	8.62e-08
 1.38019e+22	3.40e-03	1.30e-01	8.65e-01	8.28e-04	8.82e-04	4.57e-07	1.47e-07	0.00e+00	0.00e+00	3.40e-03	1.30e-07	1.02e-07
 1.38137e+22	3.89e-03	1.40e-01	8.54e-01	7.85e-04	8.64e-04	4.20e-07	1.37e-07	0.00e+00	0.00e+00	3.89e-03	1.52e-07	1.16e-07
 1.38267e+22	4.51e-03	1.52e-01	8.42e-01	7.39e-04	8.44e-04	3.82e-07	1.26e-07	0.00e+00	0.00e+00	4.51e-03	1.79e-07	1.34e-07
 1.38435e+22	5.50e-03	1.69e-01	8.24e-01	6.81e-04	8.15e-04	3.35e-07	0.00e+00	0.00e+00	0.00e+00	5.50e-03	2.23e-07	1.62e-07
 1.38610e+22	6.95e-03	1.92e-01	7.99e-01	6.17e-04	7.79e-04	2.86e-07	0.00e+00	0.00e+00	0.00e+00	6.95e-03	2.89e-07	2.03e-07
 1.38748e+22	8.47e-03	2.14e-01	7.76e-01	5.68e-04	7.47e-04	2.50e-07	0.00e+00	0.00e+00	0.00e+00	8.47e-03	3.59e-07	2.45e-07
 1.38861e+22	9.92e-03	2.33e-01	7.56e-01	5.31e-04	7.19e-04	2.23e-07	0.00e+00	0.00e+00	0.00e+00	9.92e-03	4.27e-07	2.86e-07
 1.38984e+22	1.18e-02	2.55e-01	7.32e-01	4.92e-04	6.87e-04	1.97e-07	0.00e+00	0.00e+00	0.00e+00	1.18e-02	5.13e-07	3.37e-07
 1.39145e+22	1.49e-02	2.88e-01	6.96e-01	4.41e-04	6.40e-04	1.64e-07	0.00e+00	0.00e+00	0.00e+00	1.49e-02	6.58e-07	4.23e-07
 1.39305e+22	1.95e-02	3.31e-01	6.48e-01	3.87e-04	5.82e-04	1.31e-07	0.00e+00	0.00e+00	0.00e+00	1.95e-02	8.74e-07	5.50e-07
 1.39417e+22	2.39e-02	3.67e-01	6.08e-01	3.50e-04	5.36e-04	1.09e-07	0.00e+00	0.00e+00	0.00e+00	2.39e-02	1.08e-06	6.70e-07
 1.39500e+22	2.76e-02	3.93e-01	5.78e-01	3.26e-04	5.03e-04	9.62e-08	0.00e+00	0.00e+00	0.00e+00	2.76e-02	1.25e-06	7.67e-07
 1.39589e+22	3.20e-02	4.22e-01	5.45e-01	3.00e-04	4.66e-04	0.00e+00	0.00e+00	0.00e+00	0.00e+00	3.20e-02	1.45e-06	8.86e-07
 1.39706e+22	3.92e-02	4.62e-01	4.98e-01	2.68e-04	4.14e-04	0.00e+00	0.00e+00	0.00e+00	0.00e+00	3.92e-02	1.78e-06	1.08e-06
 1.39823e+22	4.97e-02	5.10e-01	4.39e-01	2.32e-04	3.54e-04	0.00e+00	0.00e+00	0.00e+00	0.00e+00	4.97e-02	2.25e-06	1.35e-06
 1.39908e+22	5.93e-02	5.47e-01	3.93e-01	2.08e-04	3.09e-04	0.00e+00	0.00e+00	0.00e+00	0.00e+00	5.93e-02	2.67e-06	1.60e-06
 1.39971e+22	6.72e-02	5.73e-01	3.59e-01	1.91e-04	2.77e-04	0.00e+00	0.00e+00	0.00e+00	0.00e+00	6.72e-02	3.02e-06	1.80e-06
 1.40039e+22	7.66e-02	5.98e-01	3.25e-01	1.74e-04	2.44e-04	0.00e+00	0.00e+00	0.00e+00	0.00e+00	7.66e-02	3.42e-06	2.03e-06
 1.40127e+22	9.10e-02	6.30e-01	2.79e-01	1.53e-04	2.02e-04	0.00e+00	0.00e+00	0.00e+00	0.00e+00	9.10e-02	4.03e-06	2.39e-06
 1.40216e+22	1.11e-01	6.61e-01	2.28e-01	1.30e-04	1.58e-04	0.00e+00	0.00e+00	0.00e+00	0.00e+00	1.11e-01	4.86e-06	2.87e-06
 1.40281e+22	1.29e-01	6.80e-01	1.91e-01	1.15e-04	1.28e-04	0.00e+00	0.00e+00	0.00e+00	0.00e+00	1.29e-01	5.55e-06	3.27e-06
 1.40329e+22	1.42e-01	6.90e-01	1.67e-01	1.04e-04	1.09e-04	0.00e+00	0.00e+00	0.00e+00	0.00e+00	1.42e-01	6.10e-06	3.59e-06
 1.40381e+22	1.58e-01	6.98e-01	1.44e-01	9.46e-05	9.10e-05	0.00e+00	0.00e+00	0.00e+00	0.00e+00	1.58e-01	6.69e-06	3.93e-06
 1.40448e+22	1.81e-01	7.02e-01	1.16e-01	8.23e-05	7.03e-05	0.00e+00	0.00e+00	0.00e+00	0.00e+00	1.81e-01	7.53e-06	4.42e-06
 1.40518e+22	2.12e-01	6.99e-01	8.80e-02	6.91e-05	5.03e-05	0.00e+00	0.00e+00	0.00e+00	0.00e+00	2.12e-01	8.61e-06	5.04e-06
 1.40571e+22	2.41e-01	6.90e-01	6.88e-02	5.97e-05	3.74e-05	0.00e+00	0.00e+00	0.00e+00	0.00e+00	2.41e-01	9.52e-06	5.57e-06
 1.40610e+22	2.62e-01	6.81e-01	5.71e-02	5.39e-05	3.00e-05	0.00e+00	0.00e+00	0.00e+00	0.00e+00	2.62e-01	1.02e-05	5.94e-06
 1.40652e+22	2.84e-01	6.69e-01	4.68e-02	4.83e-05	2.37e-05	0.00e+00	0.00e+00	0.00e+00	0.00e+00	2.84e-01	1.08e-05	6.32e-06
 1.40706e+22	3.18e-01	6.47e-01	3.53e-02	4.15e-05	1.70e-05	0.00e+00	0.00e+00	0.00e+00	0.00e+00	3.18e-01	1.17e-05	6.83e-06
 1.40761e+22	3.61e-01	6.14e-01	2.49e-02	3.43e-05	1.12e-05	0.00e+00	0.00e+00	0.00e+00	0.00e+00	3.61e-01	1.27e-05	7.40e-06
 1.40803e+22	3.95e-01	5.86e-01	1.87e-02	2.96e-05	7.98e-06	0.00e+00	0.00e+00	0.00e+00	0.00e+00	3.95e-01	1.34e-05	7.78e-06
 1.40834e+22	4.21e-01	5.64e-01	1.51e-02	2.67e-05	6.21e-06	0.00e+00	0.00e+00	0.00e+00	0.00e+00	4.21e-01	1.38e-05	8.01e-06
 1.40865e+22	4.46e-01	5.42e-01	1.21e-02	2.40e-05	4.83e-06	0.00e+00	0.00e+00	0.00e+00	0.00e+00	4.46e-01	1.41e-05	8.20e-06
 1.40902e+22	4.79e-01	5.11e-01	9.17e-03	2.09e-05	3.49e-06	0.00e+00	0.00e+00	0.00e+00	0.00e+00	4.79e-01	1.44e-05	8.40e-06
 1.40937e+22	5.15e-01	4.78e-01	6.81e-03	1.81e-05	2.48e-06	0.00e+00	0.00e+00	0.00e+00	0.00e+00	5.15e-01	1.47e-05	8.54e-06
 1.40964e+22	5.42e-01	4.53e-01	5.38e-03	1.62e-05	1.89e-06	0.00e+00	0.00e+00	0.00e+00	0.00e+00	5.42e-01	1.48e-05	8.60e-06
 1.40985e+22	5.61e-01	4.35e-01	4.51e-03	1.50e-05	1.55e-06	0.00e+00	0.00e+00	0.00e+00	0.00e+00	5.61e-01	1.48e-05	8.61e-06
 1.41006e+22	5.80e-01	4.16e-01	3.77e-03	1.38e-05	1.26e-06	0.00e+00	0.00e+00	0.00e+00	0.00e+00	5.80e-01	1.48e-05	8.60e-06
 1.41024e+22	5.99e-01	3.98e-01	3.17e-03	1.27e-05	1.04e-06	0.00e+00	0.00e+00	0.00e+00	0.00e+00	5.99e-01	1.48e-05	8.58e-06
 1.41036e+22	6.10e-01	3.87e-01	2.84e-03	1.21e-05	9.23e-07	0.00e+00	0.00e+00	0.00e+00	0.00e+00	6.10e-01	1.47e-05	8.55e-06
 1.41047e+22	6.19e-01	3.79e-01	2.60e-03	1.17e-05	8.35e-07	0.00e+00	0.00e+00	0.00e+00	0.00e+00	6.19e-01	1.47e-05	8.52e-06
 1.41060e+22	6.30e-01	3.67e-01	2.31e-03	1.11e-05	7.34e-07	0.00e+00	0.00e+00	0.00e+00	0.00e+00	6.30e-01	1.46e-05	8.47e-06
 1.41075e+22	6.45e-01	3.52e-01	2.00e-03	1.04e-05	6.25e-07	0.00e+00	0.00e+00	0.00e+00	0.00e+00	6.45e-01	1.45e-05	8.41e-06
 1.41088e+22	6.59e-01	3.39e-01	1.75e-03	9.74e-06	5.38e-07	0.00e+00	0.00e+00	0.00e+00	0.00e+00	6.59e-01	1.44e-05	8.34e-06
 1.41100e+22	6.70e-01	3.28e-01	1.57e-03	9.27e-06	4.77e-07	0.00e+00	0.00e+00	0.00e+00	0.00e+00	6.70e-01	1.43e-05	8.27e-06
 1.41111e+22	6.80e-01	3.19e-01	1.42e-03	8.85e-06	4.26e-07	0.00e+00	0.00e+00	0.00e+00	0.00e+00	6.80e-01	1.42e-05	8.20e-06
 1.41123e+22	6.91e-01	3.08e-01	1.26e-03	8.38e-06	3.75e-07	0.00e+00	0.00e+00	0.00e+00	0.00e+00	6.91e-01	1.40e-05	8.12e-06
 1.41136e+22	7.04e-01	2.95e-01	1.11e-03	7.87e-06	3.25e-07	0.00e+00	0.00e+00	0.00e+00	0.00e+00	7.04e-01	1.38e-05	8.02e-06
 1.41148e+22	7.15e-01	2.84e-01	9.86e-04	7.44e-06	2.86e-07	0.00e+00	0.00e+00	0.00e+00	0.00e+00	7.15e-01	1.37e-05	7.92e-06
 1.41159e+22	7.25e-01	2.74e-01	8.90e-04	7.07e-06	2.55e-07	0.00e+00	0.00e+00	0.00e+00	0.00e+00	7.25e-01	1.35e-05	7.82e-06
 1.41169e+22	7.34e-01	2.65e-01	8.04e-04	6.74e-06	2.29e-07	0.00e+00	0.00e+00	0.00e+00	0.00e+00	7.34e-01	1.34e-05	7.73e-06
 1.41181e+22	7.45e-01	2.55e-01	7.19e-04	6.38e-06	2.02e-07	0.00e+00	0.00e+00	0.00e+00	0.00e+00	7.45e-01	1.32e-05	7.62e-06
 1.41194e+22	7.56e-01	2.43e-01	6.39e-04	5.99e-06	1.78e-07	0.00e+00	0.00e+00	0.00e+00	0.00e+00	7.56e-01	1.30e-05	7.49e-06
 1.41205e+22	7.66e-01	2.33e-01	5.76e-04	5.67e-06	1.59e-07	0.00e+00	0.00e+00	0.00e+00	0.00e+00	7.66e-01	1.28e-05	7.37e-06
 1.41215e+22	7.74e-01	2.26e-01	5.27e-04	5.42e-06	1.44e-07	0.00e+00	0.00e+00	0.00e+00	0.00e+00	7.74e-01	1.26e-05	7.27e-06
 1.41225e+22	7.82e-01	2.17e-01	4.81e-04	5.16e-06	1.31e-07	0.00e+00	0.00e+00	0.00e+00	0.00e+00	7.82e-01	1.24e-05	7.16e-06
 1.41237e+22	7.92e-01	2.08e-01	4.33e-04	4.86e-06	0.00e+00	0.00e+00	0.00e+00	0.00e+00	0.00e+00	7.92e-01	1.22e-05	7.02e-06
 1.41249e+22	8.02e-01	1.98e-01	3.92e-04	4.57e-06	0.00e+00	0.00e+00	0.00e+00	0.00e+00	0.00e+00	8.02e-01	1.19e-05	6.88e-06
 1.41259e+22	8.09e-01	1.90e-01	3.61e-04	4.34e-06	0.00e+00	0.00e+00	0.00e+00	0.00e+00	0.00e+00	8.09e-01	1.17e-05	6.76e-06
 1.41269e+22	8.16e-01	1.84e-01	3.36e-04	4.15e-06	0.00e+00	0.00e+00	0.00e+00	0.00e+00	0.00e+00	8.16e-01	1.16e-05	6.65e-06
 1.41280e+22	8.23e-01	1.76e-01	3.11e-04	3.95e-06	0.00e+00	0.00e+00	0.00e+00	0.00e+00	0.00e+00	8.23e-01	1.14e-05	6.54e-06
 1.41292e+22	8.32e-01	1.68e-01	2.85e-04	3.71e-06	0.00e+00	0.00e+00	0.00e+00	0.00e+00	0.00e+00	8.32e-01	1.11e-05	6.39e-06
 1.41303e+22	8.40e-01	1.60e-01	2.65e-04	3.50e-06	0.00e+00	0.00e+00	0.00e+00	0.00e+00	0.00e+00	8.40e-01	1.09e-05	6.23e-06
 1.41312e+22	8.46e-01	1.54e-01	2.50e-04	3.34e-06	0.00e+00	0.00e+00	0.00e+00	0.00e+00	0.00e+00	8.46e-01	1.07e-05	6.09e-06
 1.41322e+22	8.52e-01	1.48e-01	2.37e-04	3.20e-06	0.00e+00	0.00e+00	0.00e+00	0.00e+00	0.00e+00	8.52e-01	1.05e-05	5.96e-06
 1.41333e+22	8.59e-01	1.41e-01	2.23e-04	3.03e-06	0.00e+00	0.00e+00	0.00e+00	0.00e+00	0.00e+00	8.59e-01	1.03e-05	5.80e-06
 1.41345e+22	8.66e-01	1.34e-01	2.11e-04	2.85e-06	0.00e+00	0.00e+00	0.00e+00	0.00e+00	0.00e+00	8.66e-01	1.00e-05	5.63e-06
 1.41355e+22	8.71e-01	1.28e-01	2.02e-04	2.71e-06	0.00e+00	0.00e+00	0.00e+00	0.00e+00	0.00e+00	8.71e-01	9.82e-06	5.49e-06
 1.41364e+22	8.76e-01	1.24e-01	1.95e-04	2.60e-06	0.00e+00	0.00e+00	0.00e+00	0.00e+00	0.00e+00	8.76e-01	9.65e-06	5.37e-06
 1.41374e+22	8.81e-01	1.19e-01	1.89e-04	2.49e-06	0.00e+00	0.00e+00	0.00e+00	0.00e+00	0.00e+00	8.81e-01	9.47e-06	5.25e-06
 1.41384e+22	8.86e-01	1.14e-01	1.82e-04	2.36e-06	0.00e+00	0.00e+00	0.00e+00	0.00e+00	0.00e+00	8.86e-01	9.27e-06	5.11e-06
 1.41395e+22	8.91e-01	1.08e-01	1.77e-04	2.24e-06	0.00e+00	0.00e+00	0.00e+00	0.00e+00	0.00e+00	8.91e-01	9.07e-06	4.98e-06
 1.41404e+22	8.95e-01	1.05e-01	1.73e-04	2.15e-06	0.00e+00	0.00e+00	0.00e+00	0.00e+00	0.00e+00	8.95e-01	8.92e-06	4.87e-06
 1.41413e+22	8.99e-01	1.01e-01	1.70e-04	2.07e-06	0.00e+00	0.00e+00	0.00e+00	0.00e+00	0.00e+00	8.99e-01	8.77e-06	4.77e-06
 1.41423e+22	9.03e-01	9.68e-02	1.67e-04	1.98e-06	0.00e+00	0.00e+00	0.00e+00	0.00e+00	0.00e+00	9.03e-01	8.61e-06	4.66e-06
 1.41433e+22	9.07e-01	9.27e-02	1.65e-04	1.89e-06	0.00e+00	0.00e+00	0.00e+00	0.00e+00	0.00e+00	9.07e-01	8.45e-06	4.55e-06
 1.41443e+22	9.11e-01	8.91e-02	1.63e-04	1.81e-06	0.00e+00	0.00e+00	0.00e+00	0.00e+00	0.00e+00	9.11e-01	8.30e-06	4.45e-06
 1.41452e+22	9.14e-01	8.60e-02	1.62e-04	1.74e-06	0.00e+00	0.00e+00	0.00e+00	0.00e+00	0.00e+00	9.14e-01	8.17e-06	4.36e-06
 1.41462e+22	9.17e-01	8.28e-02	1.61e-04	1.67e-06	0.00e+00	0.00e+00	0.00e+00	0.00e+00	0.00e+00	9.17e-01	8.04e-06	4.27e-06
 1.41472e+22	9.20e-01	7.95e-02	1.60e-04	1.60e-06	0.00e+00	0.00e+00	0.00e+00	0.00e+00	0.00e+00	9.20e-01	7.90e-06	4.17e-06
 1.41482e+22	9.23e-01	7.64e-02	1.60e-04	1.54e-06	0.00e+00	0.00e+00	0.00e+00	0.00e+00	0.00e+00	9.23e-01	7.77e-06	4.09e-06
 1.41491e+22	9.26e-01	7.37e-02	1.60e-04	1.48e-06	0.00e+00	0.00e+00	0.00e+00	0.00e+00	0.00e+00	9.26e-01	7.66e-06	4.01e-06
 1.41501e+22	9.29e-01	7.13e-02	1.60e-04	1.43e-06	0.00e+00	0.00e+00	0.00e+00	0.00e+00	0.00e+00	9.29e-01	7.53e-06	3.93e-06
 1.41511e+22	9.31e-01	6.88e-02	1.61e-04	1.38e-06	0.00e+00	0.00e+00	0.00e+00	0.00e+00	0.00e+00	9.31e-01	7.42e-06	3.86e-06
 1.41520e+22	9.33e-01	6.67e-02	1.61e-04	1.34e-06	0.00e+00	0.00e+00	0.00e+00	0.00e+00	0.00e+00	9.33e-01	7.31e-06	3.79e-06
 1.41529e+22	9.35e-01	6.48e-02	1.62e-04	1.30e-06	0.00e+00	0.00e+00	0.00e+00	0.00e+00	0.00e+00	9.35e-01	7.22e-06	3.72e-06
 1.41537e+22	9.37e-01	6.31e-02	1.63e-04	1.26e-06	0.00e+00	0.00e+00	0.00e+00	0.00e+00	0.00e+00	9.37e-01	7.13e-06	3.67e-06
 1.41545e+22	9.38e-01	6.15e-02	1.64e-04	1.23e-06	0.00e+00	0.00e+00	0.00e+00	0.00e+00	0.00e+00	9.38e-01	7.05e-06	3.62e-06
 1.41553e+22	9.40e-01	6.01e-02	1.66e-04	1.20e-06	0.00e+00	0.00e+00	0.00e+00	0.00e+00	0.00e+00	9.40e-01	6.97e-06	3.57e-06
 1.41561e+22	9.41e-01	5.87e-02	1.67e-04	1.18e-06	0.00e+00	0.00e+00	0.00e+00	0.00e+00	0.00e+00	9.41e-01	6.90e-06	3.52e-06
 1.41570e+22	9.43e-01	5.72e-02	1.68e-04	1.15e-06	0.00e+00	0.00e+00	0.00e+00	0.00e+00	0.00e+00	9.43e-01	6.83e-06	3.47e-06
 1.41578e+22	9.44e-01	5.59e-02	1.69e-04	1.12e-06	0.00e+00	0.00e+00	0.00e+00	0.00e+00	0.00e+00	9.44e-01	6.76e-06	3.43e-06
 1.41586e+22	9.45e-01	5.46e-02	1.71e-04	1.10e-06	0.00e+00	0.00e+00	0.00e+00	0.00e+00	0.00e+00	9.45e-01	6.69e-06	3.39e-06
 1.41594e+22	9.46e-01	5.35e-02	1.72e-04	1.08e-06	0.00e+00	0.00e+00	0.00e+00	0.00e+00	0.00e+00	9.46e-01	6.64e-06	3.35e-06
 1.41601e+22	9.47e-01	5.25e-02	1.73e-04	1.06e-06	0.00e+00	0.00e+00	0.00e+00	0.00e+00	0.00e+00	9.47e-01	6.58e-06	3.31e-06
 1.41609e+22	9.48e-01	5.14e-02	1.75e-04	1.04e-06	0.00e+00	0.00e+00	0.00e+00	0.00e+00	0.00e+00	9.48e-01	6.52e-06	3.27e-06
 1.41618e+22	9.49e-01	5.04e-02	1.76e-04	1.02e-06	0.00e+00	0.00e+00	0.00e+00	0.00e+00	0.00e+00	9.49e-01	6.47e-06	3.24e-06
 1.41625e+22	9.50e-01	4.95e-02	1.77e-04	1.00e-06	0.00e+00	0.00e+00	0.00e+00	0.00e+00	0.00e+00	9.50e-01	6.42e-06	3.21e-06
 1.41634e+22	9.51e-01	4.85e-02	1.78e-04	9.83e-07	0.00e+00	0.00e+00	0.00e+00	0.00e+00	0.00e+00	9.51e-01	6.37e-06	3.18e-06
 1.41642e+22	9.52e-01	4.76e-02	1.80e-04	9.66e-07	0.00e+00	0.00e+00	0.00e+00	0.00e+00	0.00e+00	9.52e-01	6.32e-06	3.14e-06
 1.41650e+22	9.53e-01	4.69e-02	1.81e-04	9.53e-07	0.00e+00	0.00e+00	0.00e+00	0.00e+00	0.00e+00	9.53e-01	6.28e-06	3.12e-06
 1.41657e+22	9.54e-01	4.63e-02	1.82e-04	9.42e-07	0.00e+00	0.00e+00	0.00e+00	0.00e+00	0.00e+00	9.54e-01	6.25e-06	3.10e-06
 1.41664e+22	9.54e-01	4.58e-02	1.82e-04	9.32e-07	0.00e+00	0.00e+00	0.00e+00	0.00e+00	0.00e+00	9.54e-01	6.21e-06	3.08e-06
 1.41669e+22	9.54e-01	4.53e-02	1.83e-04	9.25e-07	0.00e+00	0.00e+00	0.00e+00	0.00e+00	0.00e+00	9.54e-01	6.19e-06	3.06e-06
 1.41676e+22	9.55e-01	4.48e-02	1.84e-04	9.15e-07	0.00e+00	0.00e+00	0.00e+00	0.00e+00	0.00e+00	9.55e-01	6.15e-06	3.03e-06
 1.41683e+22	9.56e-01	4.41e-02	1.85e-04	9.04e-07	0.00e+00	0.00e+00	0.00e+00	0.00e+00	0.00e+00	9.56e-01	6.12e-06	3.01e-06
 1.41689e+22	9.56e-01	4.37e-02	1.86e-04	8.96e-07	0.00e+00	0.00e+00	0.00e+00	0.00e+00	0.00e+00	9.56e-01	6.09e-06	2.99e-06
 1.41695e+22	9.56e-01	4.35e-02	1.86e-04	8.92e-07	0.00e+00	0.00e+00	0.00e+00	0.00e+00	0.00e+00	9.56e-01	6.07e-06	2.98e-06
 1.41701e+22	9.57e-01	4.30e-02	1.87e-04	8.83e-07	0.00e+00	0.00e+00	0.00e+00	0.00e+00	0.00e+00	9.57e-01	6.02e-06	2.97e-06
 1.41708e+22	9.57e-01	4.26e-02	1.87e-04	8.77e-07	0.00e+00	0.00e+00	0.00e+00	0.00e+00	0.00e+00	9.57e-01	5.99e-06	2.95e-06
 1.41716e+22	9.58e-01	4.21e-02	1.88e-04	8.67e-07	0.00e+00	0.00e+00	0.00e+00	0.00e+00	0.00e+00	9.58e-01	5.95e-06	2.93e-06
 1.41724e+22	9.58e-01	4.16e-02	1.88e-04	8.59e-07	0.00e+00	0.00e+00	0.00e+00	0.00e+00	0.00e+00	9.58e-01	5.91e-06	2.92e-06
 1.41732e+22	9.59e-01	4.10e-02	1.89e-04	8.48e-07	0.00e+00	0.00e+00	0.00e+00	0.00e+00	0.00e+00	9.59e-01	5.87e-06	2.90e-06
 1.41742e+22	9.59e-01	4.07e-02	1.89e-04	8.41e-07	0.00e+00	0.00e+00	0.00e+00	0.00e+00	0.00e+00	9.59e-01	5.84e-06	2.88e-06
 1.41752e+22	9.60e-01	4.01e-02	1.90e-04	8.32e-07	0.00e+00	0.00e+00	0.00e+00	0.00e+00	0.00e+00	9.60e-01	5.79e-06	2.86e-06
 1.41764e+22	9.60e-01	3.96e-02	1.90e-04	8.23e-07	0.00e+00	0.00e+00	0.00e+00	0.00e+00	0.00e+00	9.60e-01	5.76e-06	2.85e-06
 1.41776e+22	9.61e-01	3.91e-02	1.91e-04	8.14e-07	0.00e+00	0.00e+00	0.00e+00	0.00e+00	0.00e+00	9.61e-01	5.72e-06	2.83e-06
 1.41789e+22	9.61e-01	3.87e-02	1.91e-04	8.06e-07	0.00e+00	0.00e+00	0.00e+00	0.00e+00	0.00e+00	9.61e-01	5.69e-06	2.82e-06
 1.41804e+22	9.62e-01	3.82e-02	1.91e-04	7.98e-07	0.00e+00	0.00e+00	0.00e+00	0.00e+00	0.00e+00	9.62e-01	5.66e-06	2.80e-06
 1.41820e+22	9.62e-01	3.79e-02	1.92e-04	7.92e-07	0.00e+00	0.00e+00	0.00e+00	0.00e+00	0.00e+00	9.62e-01	5.64e-06	2.79e-06
 1.41837e+22	9.62e-01	3.74e-02	1.92e-04	7.84e-07	0.00e+00	0.00e+00	0.00e+00	0.00e+00	0.00e+00	9.62e-01	5.60e-06	2.77e-06
 1.41856e+22	9.63e-01	3.72e-02	1.92e-04	7.79e-07	0.00e+00	0.00e+00	0.00e+00	0.00e+00	0.00e+00	9.63e-01	5.60e-06	2.77e-06
 1.41876e+22	9.63e-01	3.69e-02	1.92e-04	7.74e-07	0.00e+00	0.00e+00	0.00e+00	0.00e+00	0.00e+00	9.63e-01	5.58e-06	2.75e-06
 1.41903e+22	9.63e-01	3.66e-02	1.92e-04	7.67e-07	0.00e+00	0.00e+00	0.00e+00	0.00e+00	0.00e+00	9.63e-01	5.55e-06	2.74e-06
 1.41933e+22	9.64e-01	3.62e-02	1.92e-04	7.60e-07	0.00e+00	0.00e+00	0.00e+00	0.00e+00	0.00e+00	9.64e-01	5.54e-06	2.73e-06
 1.41964e+22	9.64e-01	3.61e-02	1.92e-04	7.56e-07	0.00e+00	0.00e+00	0.00e+00	0.00e+00	0.00e+00	9.64e-01	5.54e-06	2.72e-06
 1.41999e+22	9.64e-01	3.59e-02	1.92e-04	7.54e-07	0.00e+00	0.00e+00	0.00e+00	0.00e+00	0.00e+00	9.64e-01	5.52e-06	2.71e-06
 1.42044e+22	9.64e-01	3.55e-02	1.92e-04	7.45e-07	0.00e+00	0.00e+00	0.00e+00	0.00e+00	0.00e+00	9.64e-01	5.51e-06	2.70e-06
 1.42104e+22	9.65e-01	3.52e-02	1.92e-04	7.39e-07	0.00e+00	0.00e+00	0.00e+00	0.00e+00	0.00e+00	9.65e-01	5.50e-06	2.69e-06
 1.42181e+22	9.65e-01	3.48e-02	1.91e-04	7.31e-07	0.00e+00	0.00e+00	0.00e+00	0.00e+00	0.00e+00	9.65e-01	5.49e-06	2.68e-06
 1.42281e+22	9.65e-01	3.45e-02	1.91e-04	7.24e-07	0.00e+00	0.00e+00	0.00e+00	0.00e+00	0.00e+00	9.65e-01	5.49e-06	2.66e-06
 1.42411e+22	9.66e-01	3.42e-02	1.90e-04	7.17e-07	0.00e+00	0.00e+00	0.00e+00	0.00e+00	0.00e+00	9.66e-01	5.50e-06	2.65e-06
 1.42581e+22	9.66e-01	3.38e-02	1.90e-04	7.07e-07	0.00e+00	0.00e+00	0.00e+00	0.00e+00	0.00e+00	9.66e-01	5.51e-06	2.63e-06
 1.42764e+22	9.66e-01	3.35e-02	1.89e-04	7.00e-07	0.00e+00	0.00e+00	0.00e+00	0.00e+00	0.00e+00	9.66e-01	5.55e-06	2.62e-06
 1.42964e+22	9.67e-01	3.32e-02	1.88e-04	6.92e-07	0.00e+00	0.00e+00	0.00e+00	0.00e+00	0.00e+00	9.67e-01	5.56e-06	2.61e-06
 1.43180e+22	9.67e-01	3.28e-02	1.87e-04	6.80e-07	0.00e+00	0.00e+00	0.00e+00	0.00e+00	0.00e+00	9.67e-01	5.62e-06	2.60e-06
 1.43417e+22	9.67e-01	3.26e-02	1.86e-04	6.74e-07	0.00e+00	0.00e+00	0.00e+00	0.00e+00	0.00e+00	9.67e-01	5.64e-06	2.58e-06
 1.43673e+22	9.68e-01	3.22e-02	1.85e-04	6.63e-07	0.00e+00	0.00e+00	0.00e+00	0.00e+00	0.00e+00	9.68e-01	5.71e-06	2.57e-06
 1.43954e+22	9.68e-01	3.17e-02	1.83e-04	6.50e-07	0.00e+00	0.00e+00	0.00e+00	0.00e+00	0.00e+00	9.68e-01	5.73e-06	2.55e-06
 1.44257e+22	9.69e-01	3.13e-02	1.81e-04	6.39e-07	0.00e+00	0.00e+00	0.00e+00	0.00e+00	0.00e+00	9.69e-01	5.81e-06	2.54e-06
 1.44588e+22	9.69e-01	3.07e-02	1.79e-04	6.24e-07	0.00e+00	0.00e+00	0.00e+00	0.00e+00	0.00e+00	9.69e-01	5.84e-06	2.51e-06
 1.44947e+22	9.70e-01	3.03e-02	1.77e-04	6.13e-07	0.00e+00	0.00e+00	0.00e+00	0.00e+00	0.00e+00	9.70e-01	5.92e-06	2.50e-06
 1.45339e+22	9.70e-01	2.96e-02	1.75e-04	5.97e-07	0.00e+00	0.00e+00	0.00e+00	0.00e+00	0.00e+00	9.70e-01	5.97e-06	2.47e-06
 1.45763e+22	9.71e-01	2.91e-02	1.73e-04	5.83e-07	0.00e+00	0.00e+00	0.00e+00	0.00e+00	0.00e+00	9.71e-01	6.06e-06	2.45e-06
 1.46149e+22	9.71e-01	2.87e-02	1.71e-04	5.71e-07	0.00e+00	0.00e+00	0.00e+00	0.00e+00	0.00e+00	9.71e-01	6.16e-06	2.43e-06
 1.46571e+22	9.72e-01	2.80e-02	1.68e-04	5.55e-07	0.00e+00	0.00e+00	0.00e+00	0.00e+00	0.00e+00	9.72e-01	6.20e-06	2.40e-06
 1.47027e+22	9.72e-01	2.75e-02	1.66e-04	5.41e-07	0.00e+00	0.00e+00	0.00e+00	0.00e+00	0.00e+00	9.72e-01	6.31e-06	2.38e-06
 1.47442e+22	9.73e-01	2.71e-02	1.64e-04	5.30e-07	0.00e+00	0.00e+00	0.00e+00	0.00e+00	0.00e+00	9.73e-01	6.41e-06	2.37e-06
 1.47820e+22	9.73e-01	2.68e-02	1.62e-04	5.20e-07	0.00e+00	0.00e+00	0.00e+00	0.00e+00	0.00e+00	9.73e-01	6.50e-06	2.35e-06
 1.48234e+22	9.74e-01	2.61e-02	1.60e-04	5.05e-07	0.00e+00	0.00e+00	0.00e+00	0.00e+00	0.00e+00	9.74e-01	6.54e-06	2.32e-06
 1.48681e+22	9.74e-01	2.57e-02	1.58e-04	4.93e-07	0.00e+00	0.00e+00	0.00e+00	0.00e+00	0.00e+00	9.74e-01	6.65e-06	2.30e-06
 1.49088e+22	9.75e-01	2.53e-02	1.56e-04	4.83e-07	0.00e+00	0.00e+00	0.00e+00	0.00e+00	0.00e+00	9.75e-01	6.74e-06	2.28e-06
 1.49458e+22	9.75e-01	2.50e-02	1.55e-04	4.74e-07	0.00e+00	0.00e+00	0.00e+00	0.00e+00	0.00e+00	9.75e-01	6.83e-06	2.27e-06
 1.49863e+22	9.75e-01	2.44e-02	1.52e-04	4.61e-07	0.00e+00	0.00e+00	0.00e+00	0.00e+00	0.00e+00	9.75e-01	6.88e-06	2.24e-06
 1.50301e+22	9.76e-01	2.40e-02	1.51e-04	4.50e-07	0.00e+00	0.00e+00	0.00e+00	0.00e+00	0.00e+00	9.76e-01	6.95e-06	2.21e-06
 1.50699e+22	9.76e-01	2.37e-02	1.49e-04	4.40e-07	0.00e+00	0.00e+00	0.00e+00	0.00e+00	0.00e+00	9.76e-01	7.01e-06	2.19e-06
 1.51136e+22	9.77e-01	2.32e-02	1.47e-04	4.26e-07	0.00e+00	0.00e+00	0.00e+00	0.00e+00	0.00e+00	9.77e-01	6.99e-06	2.15e-06
 1.51607e+22	9.77e-01	2.28e-02	1.45e-04	4.15e-07	0.00e+00	0.00e+00	0.00e+00	0.00e+00	0.00e+00	9.77e-01	7.05e-06	2.12e-06
 1.52036e+22	9.77e-01	2.25e-02	1.43e-04	4.05e-07	0.00e+00	0.00e+00	0.00e+00	0.00e+00	0.00e+00	9.77e-01	7.12e-06	2.10e-06
 1.52506e+22	9.78e-01	2.20e-02	1.41e-04	3.92e-07	0.00e+00	0.00e+00	0.00e+00	0.00e+00	0.00e+00	9.78e-01	7.10e-06	2.05e-06
 1.53014e+22	9.78e-01	2.16e-02	1.39e-04	3.80e-07	0.00e+00	0.00e+00	0.00e+00	0.00e+00	0.00e+00	9.78e-01	7.16e-06	2.01e-06
 1.53475e+22	9.79e-01	2.13e-02	1.38e-04	3.71e-07	0.00e+00	0.00e+00	0.00e+00	0.00e+00	0.00e+00	9.79e-01	7.23e-06	1.99e-06
 1.53981e+22	9.79e-01	2.08e-02	1.35e-04	3.58e-07	0.00e+00	0.00e+00	0.00e+00	0.00e+00	0.00e+00	9.79e-01	7.21e-06	1.94e-06
 1.54527e+22	9.79e-01	2.04e-02	1.33e-04	3.47e-07	0.00e+00	0.00e+00	0.00e+00	0.00e+00	0.00e+00	9.79e-01	7.29e-06	1.90e-06
 1.55024e+22	9.80e-01	2.01e-02	1.32e-04	3.37e-07	0.00e+00	0.00e+00	0.00e+00	0.00e+00	0.00e+00	9.80e-01	7.36e-06	1.87e-06
 1.55569e+22	9.80e-01	1.96e-02	1.30e-04	3.25e-07	0.00e+00	0.00e+00	0.00e+00	0.00e+00	0.00e+00	9.80e-01	7.34e-06	1.82e-06
 1.56157e+22	9.81e-01	1.92e-02	1.27e-04	3.14e-07	0.00e+00	0.00e+00	0.00e+00	0.00e+00	0.00e+00	9.81e-01	7.41e-06	1.79e-06
 1.56692e+22	9.81e-01	1.89e-02	1.26e-04	3.05e-07	0.00e+00	0.00e+00	0.00e+00	0.00e+00	0.00e+00	9.81e-01	7.49e-06	1.76e-06
 1.57278e+22	9.81e-01	1.84e-02	1.24e-04	2.93e-07	0.00e+00	0.00e+00	0.00e+00	0.00e+00	0.00e+00	9.81e-01	7.46e-06	1.71e-06
 1.57911e+22	9.82e-01	1.80e-02	1.21e-04	2.83e-07	0.00e+00	0.00e+00	0.00e+00	0.00e+00	0.00e+00	9.82e-01	7.52e-06	1.68e-06
 1.58487e+22	9.82e-01	1.77e-02	1.20e-04	2.75e-07	0.00e+00	0.00e+00	0.00e+00	0.00e+00	0.00e+00	9.82e-01	7.58e-06	1.65e-06
 1.59012e+22	9.82e-01	1.74e-02	1.18e-04	2.67e-07	0.00e+00	0.00e+00	0.00e+00	0.00e+00	0.00e+00	9.82e-01	7.64e-06	1.62e-06
 1.59586e+22	9.83e-01	1.70e-02	1.16e-04	2.57e-07	0.00e+00	0.00e+00	0.00e+00	0.00e+00	0.00e+00	9.83e-01	7.59e-06	1.57e-06
 1.60206e+22	9.83e-01	1.67e-02	1.14e-04	2.48e-07	0.00e+00	0.00e+00	0.00e+00	0.00e+00	0.00e+00	9.83e-01	7.64e-06	1.54e-06
 1.60770e+22	9.84e-01	1.64e-02	1.13e-04	2.41e-07	0.00e+00	0.00e+00	0.00e+00	0.00e+00	0.00e+00	9.84e-01	7.70e-06	1.51e-06
 1.61389e+22	9.84e-01	1.59e-02	1.11e-04	2.32e-07	0.00e+00	0.00e+00	0.00e+00	0.00e+00	0.00e+00	9.84e-01	7.64e-06	1.46e-06
 1.62056e+22	9.84e-01	1.56e-02	1.09e-04	2.24e-07	0.00e+00	0.00e+00	0.00e+00	0.00e+00	0.00e+00	9.84e-01	7.69e-06	1.43e-06
 1.62664e+22	9.85e-01	1.53e-02	1.07e-04	2.17e-07	0.00e+00	0.00e+00	0.00e+00	0.00e+00	0.00e+00	9.85e-01	7.74e-06	1.40e-06
 1.63330e+22	9.85e-01	1.49e-02	1.05e-04	2.08e-07	0.00e+00	0.00e+00	0.00e+00	0.00e+00	0.00e+00	9.85e-01	7.67e-06	1.35e-06
 1.64048e+22	9.85e-01	1.46e-02	1.03e-04	2.00e-07	0.00e+00	0.00e+00	0.00e+00	0.00e+00	0.00e+00	9.85e-01	7.71e-06	1.32e-06
 1.64702e+22	9.86e-01	1.43e-02	1.02e-04	1.93e-07	0.00e+00	0.00e+00	0.00e+00	0.00e+00	0.00e+00	9.86e-01	7.76e-06	1.29e-06
