#depth	He	He+	He+2
 1.19999e+19	6.46e-09	8.48e-04	9.99e-01
 7.19996e+19	6.98e-09	9.00e-04	9.99e-01
 1.72977e+20	8.35e-09	9.81e-04	9.99e-01
 2.82058e+20	1.01e-08	1.07e-03	9.99e-01
 3.70836e+20	1.17e-08	1.15e-03	9.99e-01
 4.23051e+20	1.27e-08	1.19e-03	9.99e-01
 4.67995e+20	1.36e-08	1.23e-03	9.99e-01
 5.26421e+20	1.50e-08	1.29e-03	9.99e-01
 6.02375e+20	1.69e-08	1.36e-03	9.99e-01
 6.80566e+20	1.90e-08	1.44e-03	9.99e-01
 7.45563e+20	2.08e-08	1.51e-03	9.98e-01
 8.13957e+20	2.31e-08	1.58e-03	9.98e-01
 9.02870e+20	2.63e-08	1.68e-03	9.98e-01
 9.89487e+20	2.95e-08	1.78e-03	9.98e-01
 1.05483e+21	3.22e-08	1.86e-03	9.98e-01
 1.12148e+21	3.52e-08	1.94e-03	9.98e-01
 1.20812e+21	3.94e-08	2.05e-03	9.98e-01
 1.29886e+21	4.41e-08	2.17e-03	9.98e-01
 1.37678e+21	4.85e-08	2.28e-03	9.98e-01
 1.45993e+21	5.36e-08	2.40e-03	9.98e-01
 1.56803e+21	6.09e-08	2.55e-03	9.97e-01
 1.67723e+21	6.89e-08	2.72e-03	9.97e-01
 1.76325e+21	7.58e-08	2.86e-03	9.97e-01
 1.85045e+21	8.34e-08	3.01e-03	9.97e-01
 1.96380e+21	9.41e-08	3.21e-03	9.97e-01
 2.08253e+21	1.06e-07	3.43e-03	9.97e-01
 2.18177e+21	1.18e-07	3.61e-03	9.96e-01
 2.28429e+21	1.30e-07	3.83e-03	9.96e-01
 2.41757e+21	1.48e-07	4.11e-03	9.96e-01
 2.55352e+21	1.68e-07	4.42e-03	9.96e-01
 2.66216e+21	1.86e-07	4.68e-03	9.95e-01
 2.77260e+21	2.05e-07	4.97e-03	9.95e-01
 2.91618e+21	2.34e-07	5.36e-03	9.95e-01
 3.06324e+21	2.65e-07	5.79e-03	9.94e-01
 3.18341e+21	2.96e-07	6.16e-03	9.94e-01
 3.30825e+21	3.29e-07	6.59e-03	9.93e-01
 3.47054e+21	3.79e-07	7.21e-03	9.93e-01
 3.63137e+21	4.32e-07	7.84e-03	9.92e-01
 3.75937e+21	4.84e-07	8.40e-03	9.92e-01
 3.87147e+21	5.32e-07	8.94e-03	9.91e-01
 3.99382e+21	5.91e-07	9.60e-03	9.90e-01
 4.15287e+21	6.79e-07	1.06e-02	9.89e-01
 4.31359e+21	7.80e-07	1.16e-02	9.88e-01
 4.44064e+21	8.67e-07	1.25e-02	9.87e-01
 4.56997e+21	9.82e-07	1.37e-02	9.86e-01
 4.70595e+21	1.11e-06	1.50e-02	9.85e-01
 4.85056e+21	1.28e-06	1.66e-02	9.83e-01
 4.99543e+21	1.48e-06	1.85e-02	9.82e-01
 5.10740e+21	1.65e-06	2.02e-02	9.80e-01
 5.20450e+21	1.84e-06	2.19e-02	9.78e-01
 5.31552e+21	2.09e-06	2.41e-02	9.76e-01
 5.43470e+21	2.42e-06	2.69e-02	9.73e-01
 5.53673e+21	2.73e-06	2.98e-02	9.70e-01
 5.62380e+21	3.07e-06	3.27e-02	9.67e-01
 5.71920e+21	3.52e-06	3.65e-02	9.63e-01
 5.81909e+21	4.09e-06	4.12e-02	9.59e-01
 5.90102e+21	4.64e-06	4.59e-02	9.54e-01
 5.97000e+21	5.20e-06	5.06e-02	9.49e-01
 6.04595e+21	5.97e-06	5.67e-02	9.43e-01
 6.12754e+21	6.97e-06	6.47e-02	9.35e-01
 6.19667e+21	7.98e-06	7.29e-02	9.27e-01
 6.25403e+21	9.02e-06	8.12e-02	9.19e-01
 6.31591e+21	1.04e-05	9.17e-02	9.08e-01
 6.38227e+21	1.21e-05	1.05e-01	8.95e-01
 6.43814e+21	1.40e-05	1.20e-01	8.80e-01
 6.48399e+21	1.58e-05	1.34e-01	8.66e-01
 6.53312e+21	1.81e-05	1.51e-01	8.49e-01
 6.58637e+21	2.10e-05	1.74e-01	8.26e-01
 6.63210e+21	2.41e-05	1.98e-01	8.02e-01
 6.67013e+21	2.73e-05	2.21e-01	7.79e-01
 6.71105e+21	3.10e-05	2.49e-01	7.51e-01
 6.75550e+21	3.56e-05	2.84e-01	7.16e-01
 6.79437e+21	4.02e-05	3.19e-01	6.81e-01
 6.82791e+21	4.47e-05	3.52e-01	6.48e-01
 6.86471e+21	5.01e-05	3.91e-01	6.09e-01
 6.90529e+21	5.66e-05	4.37e-01	5.63e-01
 6.94189e+21	6.27e-05	4.81e-01	5.19e-01
 6.97477e+21	6.88e-05	5.21e-01	4.79e-01
 7.01170e+21	7.56e-05	5.65e-01	4.35e-01
 7.05273e+21	8.34e-05	6.12e-01	3.88e-01
 7.09046e+21	9.05e-05	6.54e-01	3.46e-01
 7.12514e+21	9.70e-05	6.89e-01	3.11e-01
 7.16446e+21	1.04e-04	7.25e-01	2.75e-01
 7.20877e+21	1.12e-04	7.61e-01	2.39e-01
 7.25169e+21	1.19e-04	7.91e-01	2.09e-01
 7.29758e+21	1.27e-04	8.18e-01	1.82e-01
 7.35055e+21	1.35e-04	8.45e-01	1.55e-01
 7.40659e+21	1.43e-04	8.67e-01	1.33e-01
 7.45937e+21	1.50e-04	8.85e-01	1.15e-01
 7.51234e+21	1.57e-04	8.99e-01	1.01e-01
 7.57371e+21	1.65e-04	9.13e-01	8.71e-02
 7.64251e+21	1.73e-04	9.25e-01	7.46e-02
 7.71565e+21	1.82e-04	9.36e-01	6.40e-02
 7.79376e+21	1.91e-04	9.45e-01	5.50e-02
 7.87883e+21	2.00e-04	9.53e-01	4.71e-02
 7.97323e+21	2.10e-04	9.60e-01	4.01e-02
 8.07955e+21	2.21e-04	9.66e-01	3.40e-02
 8.19934e+21	2.33e-04	9.71e-01	2.85e-02
 8.33535e+21	2.46e-04	9.76e-01	2.38e-02
 8.49252e+21	2.61e-04	9.80e-01	1.96e-02
 8.67920e+21	2.80e-04	9.84e-01	1.59e-02
 8.87594e+21	2.99e-04	9.87e-01	1.31e-02
 9.06139e+21	3.17e-04	9.89e-01	1.11e-02
 9.27014e+21	3.39e-04	9.90e-01	9.26e-03
 9.54151e+21	3.68e-04	9.92e-01	7.49e-03
 9.82026e+21	3.99e-04	9.93e-01	6.17e-03
 1.00483e+22	4.26e-04	9.94e-01	5.37e-03
 1.02844e+22	4.57e-04	9.95e-01	4.68e-03
 1.05913e+22	4.99e-04	9.96e-01	3.93e-03
 1.08987e+22	5.48e-04	9.96e-01	3.36e-03
 1.11315e+22	5.91e-04	9.96e-01	3.04e-03
 1.13258e+22	6.30e-04	9.97e-01	2.80e-03
 1.15453e+22	6.79e-04	9.97e-01	2.55e-03
 1.17910e+22	7.45e-04	9.97e-01	2.30e-03
 1.20124e+22	8.16e-04	9.97e-01	2.12e-03
 1.21956e+22	8.86e-04	9.97e-01	1.99e-03
 1.23590e+22	9.58e-04	9.97e-01	1.88e-03
 1.25119e+22	1.04e-03	9.97e-01	1.79e-03
 1.26500e+22	1.13e-03	9.97e-01	1.71e-03
 1.27743e+22	1.22e-03	9.97e-01	1.65e-03
 1.28882e+22	1.33e-03	9.97e-01	1.59e-03
 1.29940e+22	1.44e-03	9.97e-01	1.54e-03
 1.30917e+22	1.57e-03	9.97e-01	1.50e-03
 1.31587e+22	1.67e-03	9.97e-01	1.47e-03
 1.31903e+22	1.73e-03	9.97e-01	1.49e-03
 1.32164e+22	1.78e-03	9.97e-01	1.51e-03
 1.32504e+22	1.85e-03	9.97e-01	1.50e-03
 1.32945e+22	1.94e-03	9.97e-01	1.47e-03
 1.33381e+22	2.05e-03	9.97e-01	1.43e-03
 1.33692e+22	2.14e-03	9.96e-01	1.43e-03
 1.33930e+22	2.21e-03	9.96e-01	1.43e-03
 1.34190e+22	2.30e-03	9.96e-01	1.43e-03
 1.34528e+22	2.41e-03	9.96e-01	1.41e-03
 1.34866e+22	2.54e-03	9.96e-01	1.38e-03
 1.35114e+22	2.66e-03	9.96e-01	1.37e-03
 1.35305e+22	2.75e-03	9.96e-01	1.37e-03
 1.35513e+22	2.86e-03	9.96e-01	1.37e-03
 1.35783e+22	3.01e-03	9.96e-01	1.35e-03
 1.36056e+22	3.18e-03	9.95e-01	1.33e-03
 1.36258e+22	3.33e-03	9.95e-01	1.32e-03
 1.36415e+22	3.45e-03	9.95e-01	1.32e-03
 1.36586e+22	3.60e-03	9.95e-01	1.31e-03
 1.36808e+22	3.80e-03	9.95e-01	1.30e-03
 1.37034e+22	4.03e-03	9.95e-01	1.28e-03
 1.37205e+22	4.24e-03	9.94e-01	1.27e-03
 1.37339e+22	4.42e-03	9.94e-01	1.26e-03
 1.37485e+22	4.62e-03	9.94e-01	1.25e-03
 1.37675e+22	4.91e-03	9.94e-01	1.24e-03
 1.37870e+22	5.26e-03	9.94e-01	1.22e-03
 1.38019e+22	5.58e-03	9.93e-01	1.21e-03
 1.38137e+22	5.85e-03	9.93e-01	1.20e-03
 1.38267e+22	6.16e-03	9.93e-01	1.19e-03
 1.38435e+22	6.62e-03	9.92e-01	1.18e-03
 1.38610e+22	7.20e-03	9.92e-01	1.15e-03
 1.38748e+22	7.74e-03	9.91e-01	1.14e-03
 1.38861e+22	8.23e-03	9.91e-01	1.13e-03
 1.38984e+22	8.82e-03	9.90e-01	1.12e-03
 1.39145e+22	9.69e-03	9.89e-01	1.10e-03
 1.39305e+22	1.08e-02	9.88e-01	1.07e-03
 1.39417e+22	1.18e-02	9.87e-01	1.05e-03
 1.39500e+22	1.26e-02	9.86e-01	1.05e-03
 1.39589e+22	1.35e-02	9.85e-01	1.03e-03
 1.39706e+22	1.50e-02	9.84e-01	1.02e-03
 1.39823e+22	1.68e-02	9.82e-01	9.99e-04
 1.39908e+22	1.84e-02	9.81e-01	9.88e-04
 1.39971e+22	1.98e-02	9.79e-01	9.80e-04
 1.40039e+22	2.15e-02	9.78e-01	9.71e-04
 1.40127e+22	2.38e-02	9.75e-01	9.63e-04
 1.40216e+22	2.70e-02	9.72e-01	9.57e-04
 1.40281e+22	2.99e-02	9.69e-01	9.58e-04
 1.40329e+22	3.24e-02	9.67e-01	9.55e-04
 1.40381e+22	3.52e-02	9.64e-01	9.55e-04
 1.40448e+22	3.94e-02	9.60e-01	9.63e-04
 1.40518e+22	4.49e-02	9.54e-01	9.77e-04
 1.40571e+22	5.05e-02	9.49e-01	9.90e-04
 1.40610e+22	5.52e-02	9.44e-01	1.00e-03
 1.40652e+22	6.06e-02	9.38e-01	1.01e-03
 1.40706e+22	6.85e-02	9.30e-01	1.04e-03
 1.40761e+22	7.89e-02	9.20e-01	1.08e-03
 1.40803e+22	8.89e-02	9.10e-01	1.12e-03
 1.40834e+22	9.76e-02	9.01e-01	1.14e-03
 1.40865e+22	1.07e-01	8.92e-01	1.17e-03
 1.40902e+22	1.19e-01	8.80e-01	1.22e-03
 1.40937e+22	1.33e-01	8.66e-01	1.27e-03
 1.40964e+22	1.46e-01	8.53e-01	1.31e-03
 1.40985e+22	1.57e-01	8.42e-01	1.35e-03
 1.41006e+22	1.68e-01	8.30e-01	1.38e-03
 1.41024e+22	1.79e-01	8.19e-01	1.41e-03
 1.41036e+22	1.87e-01	8.11e-01	1.43e-03
 1.41047e+22	1.95e-01	8.04e-01	1.45e-03
 1.41060e+22	2.04e-01	7.94e-01	1.47e-03
 1.41075e+22	2.15e-01	7.84e-01	1.50e-03
 1.41088e+22	2.25e-01	7.74e-01	1.54e-03
 1.41100e+22	2.34e-01	7.64e-01	1.56e-03
 1.41111e+22	2.44e-01	7.55e-01	1.58e-03
 1.41123e+22	2.55e-01	7.44e-01	1.61e-03
 1.41136e+22	2.66e-01	7.32e-01	1.64e-03
 1.41148e+22	2.77e-01	7.21e-01	1.68e-03
 1.41159e+22	2.89e-01	7.10e-01	1.70e-03
 1.41169e+22	3.00e-01	6.99e-01	1.73e-03
 1.41181e+22	3.12e-01	6.86e-01	1.76e-03
 1.41194e+22	3.26e-01	6.73e-01	1.79e-03
 1.41205e+22	3.39e-01	6.60e-01	1.82e-03
 1.41215e+22	3.51e-01	6.48e-01	1.84e-03
 1.41225e+22	3.64e-01	6.34e-01	1.86e-03
 1.41237e+22	3.79e-01	6.19e-01	1.90e-03
 1.41249e+22	3.93e-01	6.05e-01	1.93e-03
 1.41259e+22	4.07e-01	5.91e-01	1.95e-03
 1.41269e+22	4.21e-01	5.77e-01	1.96e-03
 1.41280e+22	4.36e-01	5.62e-01	1.98e-03
 1.41292e+22	4.53e-01	5.45e-01	2.00e-03
 1.41303e+22	4.69e-01	5.29e-01	2.03e-03
 1.41312e+22	4.84e-01	5.14e-01	2.03e-03
 1.41322e+22	4.99e-01	4.99e-01	2.03e-03
 1.41333e+22	5.16e-01	4.82e-01	2.04e-03
 1.41345e+22	5.33e-01	4.65e-01	2.06e-03
 1.41355e+22	5.49e-01	4.49e-01	2.06e-03
 1.41364e+22	5.64e-01	4.34e-01	2.05e-03
 1.41374e+22	5.80e-01	4.18e-01	2.04e-03
 1.41384e+22	5.96e-01	4.02e-01	2.04e-03
 1.41395e+22	6.12e-01	3.86e-01	2.02e-03
 1.41404e+22	6.27e-01	3.71e-01	2.00e-03
 1.41413e+22	6.42e-01	3.56e-01	1.98e-03
 1.41423e+22	6.58e-01	3.41e-01	1.95e-03
 1.41433e+22	6.73e-01	3.25e-01	1.93e-03
 1.41443e+22	6.88e-01	3.11e-01	1.90e-03
 1.41452e+22	7.02e-01	2.96e-01	1.86e-03
 1.41462e+22	7.16e-01	2.82e-01	1.82e-03
 1.41472e+22	7.31e-01	2.67e-01	1.77e-03
 1.41482e+22	7.45e-01	2.54e-01	1.73e-03
 1.41491e+22	7.58e-01	2.40e-01	1.68e-03
 1.41501e+22	7.71e-01	2.27e-01	1.62e-03
 1.41511e+22	7.83e-01	2.15e-01	1.57e-03
 1.41520e+22	7.95e-01	2.04e-01	1.52e-03
 1.41529e+22	8.05e-01	1.93e-01	1.46e-03
 1.41537e+22	8.15e-01	1.84e-01	1.41e-03
 1.41545e+22	8.24e-01	1.75e-01	1.36e-03
 1.41553e+22	8.32e-01	1.66e-01	1.31e-03
 1.41561e+22	8.40e-01	1.58e-01	1.26e-03
 1.41570e+22	8.48e-01	1.51e-01	1.21e-03
 1.41578e+22	8.56e-01	1.43e-01	1.16e-03
 1.41586e+22	8.62e-01	1.36e-01	1.12e-03
 1.41594e+22	8.69e-01	1.30e-01	1.08e-03
 1.41601e+22	8.75e-01	1.24e-01	1.03e-03
 1.41609e+22	8.80e-01	1.19e-01	9.91e-04
 1.41618e+22	8.86e-01	1.13e-01	9.53e-04
 1.41625e+22	8.91e-01	1.08e-01	9.16e-04
 1.41634e+22	8.96e-01	1.03e-01	8.78e-04
 1.41642e+22	9.00e-01	9.89e-02	8.44e-04
 1.41650e+22	9.04e-01	9.50e-02	8.14e-04
 1.41657e+22	9.08e-01	9.16e-02	7.86e-04
 1.41664e+22	9.11e-01	8.87e-02	7.61e-04
 1.41669e+22	9.13e-01	8.62e-02	7.39e-04
 1.41676e+22	9.16e-01	8.34e-02	7.14e-04
 1.41683e+22	9.18e-01	8.08e-02	6.93e-04
 1.41689e+22	9.21e-01	7.86e-02	6.75e-04
 1.41695e+22	9.22e-01	7.69e-02	6.61e-04
 1.41701e+22	9.25e-01	7.47e-02	6.41e-04
 1.41708e+22	9.26e-01	7.30e-02	6.29e-04
 1.41716e+22	9.29e-01	7.08e-02	6.09e-04
 1.41724e+22	9.30e-01	6.91e-02	5.96e-04
 1.41732e+22	9.33e-01	6.69e-02	5.76e-04
 1.41742e+22	9.34e-01	6.53e-02	5.65e-04
 1.41752e+22	9.36e-01	6.33e-02	5.47e-04
 1.41764e+22	9.38e-01	6.17e-02	5.35e-04
 1.41776e+22	9.40e-01	5.97e-02	5.17e-04
 1.41789e+22	9.41e-01	5.83e-02	5.07e-04
 1.41804e+22	9.43e-01	5.66e-02	4.91e-04
 1.41820e+22	9.44e-01	5.55e-02	4.83e-04
 1.41837e+22	9.46e-01	5.40e-02	4.68e-04
 1.41856e+22	9.46e-01	5.31e-02	4.62e-04
 1.41876e+22	9.48e-01	5.19e-02	4.51e-04
 1.41903e+22	9.49e-01	5.10e-02	4.44e-04
 1.41933e+22	9.49e-01	5.02e-02	4.38e-04
 1.41964e+22	9.50e-01	4.96e-02	4.32e-04
 1.41999e+22	9.50e-01	4.91e-02	4.28e-04
 1.42044e+22	9.51e-01	4.85e-02	4.20e-04
 1.42104e+22	9.52e-01	4.80e-02	4.15e-04
 1.42181e+22	9.52e-01	4.76e-02	4.09e-04
 1.42281e+22	9.52e-01	4.72e-02	4.04e-04
 1.42411e+22	9.53e-01	4.68e-02	3.98e-04
 1.42581e+22	9.53e-01	4.64e-02	3.91e-04
 1.42764e+22	9.54e-01	4.61e-02	3.86e-04
 1.42964e+22	9.54e-01	4.57e-02	3.80e-04
 1.43180e+22	9.54e-01	4.52e-02	3.71e-04
 1.43417e+22	9.55e-01	4.50e-02	3.68e-04
 1.43673e+22	9.55e-01	4.45e-02	3.60e-04
 1.43954e+22	9.56e-01	4.39e-02	3.51e-04
 1.44257e+22	9.56e-01	4.35e-02	3.43e-04
 1.44588e+22	9.57e-01	4.28e-02	3.33e-04
 1.44947e+22	9.57e-01	4.23e-02	3.25e-04
 1.45339e+22	9.58e-01	4.16e-02	3.14e-04
 1.45763e+22	9.59e-01	4.10e-02	3.06e-04
 1.46149e+22	9.59e-01	4.05e-02	2.98e-04
 1.46571e+22	9.60e-01	3.98e-02	2.87e-04
 1.47027e+22	9.61e-01	3.92e-02	2.79e-04
 1.47442e+22	9.61e-01	3.87e-02	2.71e-04
 1.47820e+22	9.61e-01	3.83e-02	2.65e-04
 1.48234e+22	9.62e-01	3.76e-02	2.56e-04
 1.48681e+22	9.63e-01	3.70e-02	2.48e-04
 1.49088e+22	9.63e-01	3.66e-02	2.42e-04
 1.49458e+22	9.64e-01	3.62e-02	2.37e-04
 1.49863e+22	9.64e-01	3.55e-02	2.29e-04
 1.50301e+22	9.65e-01	3.51e-02	2.23e-04
 1.50699e+22	9.65e-01	3.47e-02	2.18e-04
 1.51136e+22	9.66e-01	3.41e-02	2.11e-04
 1.51607e+22	9.66e-01	3.37e-02	2.05e-04
 1.52036e+22	9.67e-01	3.33e-02	2.01e-04
 1.52506e+22	9.67e-01	3.27e-02	1.94e-04
 1.53014e+22	9.68e-01	3.22e-02	1.88e-04
 1.53475e+22	9.68e-01	3.18e-02	1.84e-04
 1.53981e+22	9.69e-01	3.13e-02	1.77e-04
 1.54527e+22	9.69e-01	3.08e-02	1.72e-04
 1.55024e+22	9.69e-01	3.04e-02	1.67e-04
 1.55569e+22	9.70e-01	2.98e-02	1.61e-04
 1.56157e+22	9.70e-01	2.93e-02	1.56e-04
 1.56692e+22	9.71e-01	2.89e-02	1.52e-04
 1.57278e+22	9.71e-01	2.84e-02	1.46e-04
 1.57911e+22	9.72e-01	2.79e-02	1.41e-04
 1.58487e+22	9.72e-01	2.75e-02	1.37e-04
 1.59012e+22	9.73e-01	2.72e-02	1.34e-04
 1.59586e+22	9.73e-01	2.67e-02	1.29e-04
 1.60206e+22	9.74e-01	2.62e-02	1.25e-04
 1.60770e+22	9.74e-01	2.59e-02	1.22e-04
 1.61389e+22	9.74e-01	2.54e-02	1.17e-04
 1.62056e+22	9.75e-01	2.50e-02	1.13e-04
 1.62664e+22	9.75e-01	2.46e-02	1.10e-04
 1.63330e+22	9.76e-01	2.42e-02	1.06e-04
 1.64048e+22	9.76e-01	2.37e-02	1.02e-04
 1.64702e+22	9.77e-01	2.34e-02	9.95e-05
 1.65297e+22	9.77e-01	2.31e-02	9.69e-05
 1.65949e+22	9.77e-01	2.26e-02	9.34e-05
 1.66653e+22	9.78e-01	2.23e-02	9.04e-05
 1.67294e+22	9.78e-01	2.20e-02	8.81e-05
 1.67996e+22	9.78e-01	2.16e-02	8.48e-05
 1.68754e+22	9.79e-01	2.12e-02	8.19e-05
 1.69444e+22	9.79e-01	2.09e-02	7.97e-05
 1.70200e+22	9.79e-01	2.05e-02	7.66e-05
 1.71015e+22	9.80e-01	2.01e-02	7.40e-05
 1.71758e+22	9.80e-01	1.99e-02	7.19e-05
 1.72571e+22	9.80e-01	1.95e-02	6.90e-05
 1.73450e+22	9.81e-01	1.91e-02	6.66e-05
 1.74249e+22	9.81e-01	1.88e-02	6.44e-05
 1.74976e+22	9.81e-01	1.85e-02	6.27e-05
 1.75774e+22	9.82e-01	1.82e-02	6.04e-05
 1.76634e+22	9.82e-01	1.79e-02	5.85e-05
 1.77577e+22	9.82e-01	1.75e-02	5.61e-05
 1.78595e+22	9.83e-01	1.72e-02	5.40e-05
 1.79521e+22	9.83e-01	1.69e-02	5.22e-05
 1.80364e+22	9.83e-01	1.66e-02	5.06e-05
 1.81288e+22	9.84e-01	1.63e-02	4.86e-05
 1.82285e+22	9.84e-01	1.60e-02	4.69e-05
 1.83192e+22	9.84e-01	1.58e-02	4.54e-05
 1.84187e+22	9.85e-01	1.54e-02	4.36e-05
 1.85260e+22	9.85e-01	1.51e-02	4.20e-05
 1.86237e+22	9.85e-01	1.50e-02	4.09e-05
 1.87126e+22	9.85e-01	1.47e-02	3.94e-05
 1.88100e+22	9.86e-01	1.44e-02	3.79e-05
 1.89152e+22	9.86e-01	1.41e-02	3.66e-05
 1.90304e+22	9.86e-01	1.38e-02	3.51e-05
 1.91549e+22	9.86e-01	1.35e-02	3.36e-05
 1.92681e+22	9.87e-01	1.33e-02	3.25e-05
 1.93921e+22	9.87e-01	1.30e-02	3.11e-05
 1.95261e+22	9.87e-01	1.28e-02	2.98e-05
 1.96480e+22	9.87e-01	1.25e-02	2.87e-05
 1.97589e+22	9.88e-01	1.23e-02	2.78e-05
 1.98804e+22	9.88e-01	1.21e-02	2.67e-05
 2.00116e+22	9.88e-01	1.18e-02	2.57e-05
 2.01310e+22	9.88e-01	1.16e-02	2.48e-05
 2.02618e+22	9.89e-01	1.14e-02	2.38e-05
 2.04031e+22	9.89e-01	1.11e-02	2.28e-05
 2.05316e+22	9.89e-01	1.09e-02	2.20e-05
 2.06725e+22	9.89e-01	1.07e-02	2.11e-05
 2.08245e+22	9.89e-01	1.05e-02	2.02e-05
 2.09912e+22	9.90e-01	1.02e-02	1.93e-05
 2.11846e+22	9.90e-01	9.96e-03	1.82e-05
 2.13870e+22	9.90e-01	9.68e-03	1.72e-05
 2.15970e+22	9.91e-01	9.41e-03	1.63e-05
 2.18142e+22	9.91e-01	9.14e-03	1.54e-05
 2.20368e+22	9.91e-01	8.88e-03	1.45e-05
 2.22639e+22	9.91e-01	8.62e-03	1.37e-05
 2.24958e+22	9.92e-01	8.38e-03	1.29e-05
 2.27328e+22	9.92e-01	8.13e-03	1.22e-05
 2.29753e+22	9.92e-01	7.89e-03	1.15e-05
 2.32232e+22	9.92e-01	7.66e-03	1.08e-05
 2.34764e+22	9.93e-01	7.44e-03	1.02e-05
 2.37348e+22	9.93e-01	7.22e-03	9.62e-06
 2.39989e+22	9.93e-01	7.00e-03	9.06e-06
 2.42688e+22	9.93e-01	6.79e-03	8.53e-06
 2.45441e+22	9.93e-01	6.59e-03	8.03e-06
 2.48248e+22	9.94e-01	6.39e-03	7.55e-06
 2.51110e+22	9.94e-01	6.20e-03	7.11e-06
 2.54039e+22	9.94e-01	6.01e-03	6.69e-06
 2.57037e+22	9.94e-01	5.83e-03	6.29e-06
 2.60098e+22	9.94e-01	5.65e-03	5.91e-06
 2.63223e+22	9.95e-01	5.48e-03	5.56e-06
 2.66416e+22	9.95e-01	5.31e-03	5.23e-06
 2.69683e+22	9.95e-01	5.15e-03	4.91e-06
 2.73063e+22	9.95e-01	4.99e-03	4.61e-06
 2.76575e+22	9.95e-01	4.83e-03	4.33e-06
 2.80190e+22	9.95e-01	4.67e-03	4.06e-06
 2.83901e+22	9.95e-01	4.52e-03	3.80e-06
 2.87712e+22	9.96e-01	4.38e-03	3.56e-06
 2.91624e+22	9.96e-01	4.23e-03	3.33e-06
 2.95645e+22	9.96e-01	4.10e-03	3.12e-06
 2.99787e+22	9.96e-01	3.96e-03	2.92e-06
 3.04072e+22	9.96e-01	3.83e-03	2.73e-06
 3.08509e+22	9.96e-01	3.70e-03	2.55e-06
 3.13131e+22	9.96e-01	3.57e-03	2.38e-06
 3.17975e+22	9.97e-01	3.45e-03	2.21e-06
 3.22935e+22	9.97e-01	3.33e-03	2.06e-06
 3.28049e+22	9.97e-01	3.21e-03	1.92e-06
 3.33454e+22	9.97e-01	3.09e-03	1.79e-06
 3.39102e+22	9.97e-01	2.98e-03	1.66e-06
 3.44959e+22	9.97e-01	2.87e-03	1.54e-06
 3.51061e+22	9.97e-01	2.76e-03	1.43e-06
 3.57462e+22	9.97e-01	2.66e-03	1.32e-06
 3.64190e+22	9.97e-01	2.55e-03	1.22e-06
 3.71247e+22	9.98e-01	2.45e-03	1.12e-06
 3.78633e+22	9.98e-01	2.35e-03	1.04e-06
 3.86380e+22	9.98e-01	2.25e-03	9.52e-07
 3.94528e+22	9.98e-01	2.16e-03	8.74e-07
 4.03125e+22	9.98e-01	2.07e-03	8.02e-07
 4.12253e+22	9.98e-01	1.98e-03	7.33e-07
 4.21838e+22	9.98e-01	1.89e-03	6.70e-07
 4.31746e+22	9.98e-01	1.80e-03	6.12e-07
 4.41993e+22	9.98e-01	1.72e-03	5.59e-07
 4.52657e+22	9.98e-01	1.65e-03	5.10e-07
 4.63781e+22	9.98e-01	1.57e-03	4.65e-07
 4.75315e+22	9.98e-01	1.50e-03	4.24e-07
 4.87298e+22	9.99e-01	1.43e-03	3.87e-07
 4.99839e+22	9.99e-01	1.37e-03	3.53e-07
 5.12843e+22	9.99e-01	1.30e-03	3.21e-07
 5.26386e+22	9.99e-01	1.24e-03	2.92e-07
 5.40695e+22	9.99e-01	1.19e-03	2.65e-07
 5.55751e+22	9.99e-01	1.13e-03	2.41e-07
 5.71469e+22	9.99e-01	1.07e-03	2.18e-07
 5.87858e+22	9.99e-01	1.02e-03	1.98e-07
 6.05030e+22	9.99e-01	9.72e-04	1.79e-07
 6.23077e+22	9.99e-01	9.24e-04	1.62e-07
 6.42061e+22	9.99e-01	8.77e-04	1.46e-07
 6.62043e+22	9.99e-01	8.33e-04	1.32e-07
 6.82944e+22	9.99e-01	7.91e-04	1.19e-07
 7.04935e+22	9.99e-01	7.50e-04	1.07e-07
 7.28338e+22	9.99e-01	7.11e-04	9.62e-08
 7.53214e+22	9.99e-01	6.73e-04	8.64e-08
 7.79332e+22	9.99e-01	6.37e-04	7.74e-08
 8.06922e+22	9.99e-01	6.03e-04	6.94e-08
 8.36657e+22	9.99e-01	5.70e-04	6.20e-08
 8.68472e+22	9.99e-01	5.38e-04	5.53e-08
 9.02323e+22	9.99e-01	5.08e-04	4.93e-08
 9.38830e+22	1.00e+00	4.79e-04	4.38e-08
 9.77617e+22	1.00e+00	4.51e-04	3.89e-08
 1.01796e+23	1.00e+00	4.26e-04	3.47e-08
 1.05991e+23	1.00e+00	4.02e-04	3.10e-08
 1.10354e+23	1.00e+00	3.81e-04	2.78e-08
 1.14892e+23	1.00e+00	3.61e-04	2.50e-08
 1.19611e+23	1.00e+00	3.43e-04	2.26e-08
 1.24518e+23	1.00e+00	3.27e-04	2.05e-08
 1.29623e+23	1.00e+00	3.12e-04	1.87e-08
 1.34931e+23	1.00e+00	2.98e-04	1.71e-08
 1.40452e+23	1.00e+00	2.86e-04	1.58e-08
 1.46193e+23	1.00e+00	2.76e-04	1.46e-08
 1.52164e+23	1.00e+00	2.66e-04	1.36e-08
 1.58374e+23	1.00e+00	2.58e-04	1.28e-08
 1.64833e+23	1.00e+00	2.51e-04	1.21e-08
 1.71549e+23	1.00e+00	2.45e-04	1.15e-08
 1.78535e+23	1.00e+00	2.40e-04	1.11e-08
 1.85800e+23	1.00e+00	2.37e-04	1.08e-08
 1.93355e+23	1.00e+00	2.34e-04	1.06e-08
 2.01213e+23	1.00e+00	2.34e-04	1.05e-08
 2.09385e+23	1.00e+00	2.34e-04	1.06e-08
 2.17883e+23	1.00e+00	2.36e-04	1.07e-08
 2.26379e+23	1.00e+00	2.39e-04	1.10e-08
 2.34290e+23	1.00e+00	2.44e-04	1.14e-08
 2.41409e+23	1.00e+00	2.50e-04	1.20e-08
 2.47816e+23	1.00e+00	2.56e-04	1.27e-08
 2.53583e+23	1.00e+00	2.64e-04	1.34e-08
 2.58773e+23	1.00e+00	2.71e-04	1.42e-08
 2.63443e+23	1.00e+00	2.79e-04	1.50e-08
 2.67647e+23	1.00e+00	2.86e-04	1.58e-08
 2.71431e+23	1.00e+00	2.93e-04	1.65e-08
 2.74836e+23	1.00e+00	3.00e-04	1.73e-08
 2.77976e+23	1.00e+00	3.06e-04	1.80e-08
 2.81031e+23	1.00e+00	3.13e-04	1.88e-08
 2.84086e+23	1.00e+00	3.19e-04	1.96e-08
 2.87141e+23	1.00e+00	3.26e-04	2.04e-08
 2.90195e+23	1.00e+00	3.32e-04	2.13e-08
 2.93250e+23	1.00e+00	3.39e-04	2.22e-08
 2.96305e+23	1.00e+00	3.46e-04	2.31e-08
 2.99360e+23	1.00e+00	3.53e-04	2.40e-08
 3.02415e+23	1.00e+00	3.61e-04	2.51e-08
 3.04712e+23	1.00e+00	3.66e-04	2.57e-08
