#depth	H	H+	H2
 1.19999e+19	2.45e-06	1.00e+00	2.07e-27
 7.19996e+19	2.61e-06	1.00e+00	2.20e-27
 1.72977e+20	2.85e-06	1.00e+00	3.11e-27
 2.82058e+20	3.12e-06	1.00e+00	4.88e-27
 3.70836e+20	3.34e-06	1.00e+00	6.81e-27
 4.23051e+20	3.46e-06	1.00e+00	7.86e-27
 4.67995e+20	3.58e-06	1.00e+00	9.24e-27
 5.26421e+20	3.75e-06	1.00e+00	1.23e-26
 6.02375e+20	3.97e-06	1.00e+00	1.68e-26
 6.80566e+20	4.20e-06	1.00e+00	2.24e-26
 7.45563e+20	4.39e-06	1.00e+00	2.73e-26
 8.13957e+20	4.60e-06	1.00e+00	3.60e-26
 9.02870e+20	4.89e-06	1.00e+00	4.94e-26
 9.89487e+20	5.17e-06	1.00e+00	6.46e-26
 1.05483e+21	5.38e-06	1.00e+00	7.52e-26
 1.12148e+21	5.61e-06	1.00e+00	9.18e-26
 1.20812e+21	5.93e-06	1.00e+00	1.27e-25
 1.29886e+21	6.25e-06	1.00e+00	1.65e-25
 1.37678e+21	6.54e-06	1.00e+00	1.96e-25
 1.45993e+21	6.86e-06	1.00e+00	2.54e-25
 1.56803e+21	7.29e-06	1.00e+00	3.46e-25
 1.67723e+21	7.73e-06	1.00e+00	4.58e-25
 1.76325e+21	8.08e-06	1.00e+00	5.43e-25
 1.85045e+21	8.46e-06	1.00e+00	6.73e-25
 1.96380e+21	8.97e-06	1.00e+00	9.27e-25
 2.08253e+21	9.50e-06	1.00e+00	1.21e-24
 2.18177e+21	9.95e-06	1.00e+00	1.45e-24
 2.28429e+21	1.05e-05	1.00e+00	1.82e-24
 2.41757e+21	1.11e-05	1.00e+00	2.52e-24
 2.55352e+21	1.18e-05	1.00e+00	3.31e-24
 2.66216e+21	1.24e-05	1.00e+00	3.96e-24
 2.77260e+21	1.30e-05	1.00e+00	5.08e-24
 2.91618e+21	1.38e-05	1.00e+00	6.71e-24
 3.06324e+21	1.46e-05	1.00e+00	8.77e-24
 3.18341e+21	1.53e-05	1.00e+00	1.06e-23
 3.30825e+21	1.61e-05	1.00e+00	1.37e-23
 3.47054e+21	1.72e-05	1.00e+00	1.82e-23
 3.63137e+21	1.82e-05	1.00e+00	2.38e-23
 3.75937e+21	1.90e-05	1.00e+00	2.87e-23
 3.87147e+21	1.98e-05	1.00e+00	3.48e-23
 3.99382e+21	2.07e-05	1.00e+00	4.25e-23
 4.15287e+21	2.20e-05	1.00e+00	5.67e-23
 4.31359e+21	2.32e-05	1.00e+00	7.34e-23
 4.44064e+21	2.42e-05	1.00e+00	8.84e-23
 4.56997e+21	2.52e-05	1.00e+00	1.06e-22
 4.70595e+21	2.64e-05	1.00e+00	1.35e-22
 4.85056e+21	2.77e-05	1.00e+00	1.71e-22
 4.99543e+21	2.90e-05	1.00e+00	2.13e-22
 5.10740e+21	3.00e-05	1.00e+00	2.51e-22
 5.20450e+21	3.09e-05	1.00e+00	2.92e-22
 5.31552e+21	3.20e-05	1.00e+00	3.39e-22
 5.43470e+21	3.32e-05	1.00e+00	4.13e-22
 5.53673e+21	3.43e-05	1.00e+00	4.84e-22
 5.62380e+21	3.52e-05	1.00e+00	5.42e-22
 5.71920e+21	3.63e-05	1.00e+00	6.58e-22
 5.81909e+21	3.74e-05	1.00e+00	7.60e-22
 5.90102e+21	3.83e-05	1.00e+00	8.53e-22
 5.97000e+21	3.91e-05	1.00e+00	9.31e-22
 6.04595e+21	4.01e-05	1.00e+00	1.07e-21
 6.12754e+21	4.10e-05	1.00e+00	1.21e-21
 6.19667e+21	4.18e-05	1.00e+00	1.31e-21
 6.25403e+21	4.26e-05	1.00e+00	1.49e-21
 6.31591e+21	4.34e-05	1.00e+00	1.83e-21
 6.38227e+21	4.43e-05	1.00e+00	2.29e-21
 6.43814e+21	4.51e-05	1.00e+00	2.71e-21
 6.48399e+21	4.57e-05	1.00e+00	3.51e-21
 6.53312e+21	4.65e-05	1.00e+00	4.38e-21
 6.58637e+21	4.73e-05	1.00e+00	5.53e-21
 6.63210e+21	4.81e-05	1.00e+00	6.86e-21
 6.67013e+21	4.88e-05	1.00e+00	7.87e-21
 6.71105e+21	4.97e-05	1.00e+00	9.47e-21
 6.75550e+21	5.07e-05	1.00e+00	1.26e-20
 6.79437e+21	5.17e-05	1.00e+00	1.57e-20
 6.82791e+21	5.26e-05	1.00e+00	1.90e-20
 6.86471e+21	5.38e-05	1.00e+00	2.37e-20
 6.90529e+21	5.52e-05	1.00e+00	3.01e-20
 6.94189e+21	5.65e-05	1.00e+00	3.75e-20
 6.97477e+21	5.79e-05	1.00e+00	4.56e-20
 7.01170e+21	5.96e-05	1.00e+00	5.69e-20
 7.05273e+21	6.16e-05	1.00e+00	7.25e-20
 7.09046e+21	6.35e-05	1.00e+00	8.99e-20
 7.12514e+21	6.54e-05	1.00e+00	1.09e-19
 7.16446e+21	6.77e-05	1.00e+00	1.34e-19
 7.20877e+21	7.03e-05	1.00e+00	1.68e-19
 7.25169e+21	7.28e-05	1.00e+00	2.07e-19
 7.29758e+21	7.57e-05	1.00e+00	2.59e-19
 7.35055e+21	7.90e-05	1.00e+00	3.28e-19
 7.40659e+21	8.25e-05	1.00e+00	4.11e-19
 7.45937e+21	8.57e-05	1.00e+00	5.01e-19
 7.51234e+21	8.91e-05	1.00e+00	6.02e-19
 7.57371e+21	9.30e-05	1.00e+00	7.45e-19
 7.64251e+21	9.73e-05	1.00e+00	9.26e-19
 7.71565e+21	1.02e-04	1.00e+00	1.15e-18
 7.79376e+21	1.07e-04	1.00e+00	1.42e-18
 7.87883e+21	1.12e-04	1.00e+00	1.78e-18
 7.97323e+21	1.18e-04	1.00e+00	2.26e-18
 8.07955e+21	1.25e-04	1.00e+00	2.91e-18
 8.19934e+21	1.33e-04	1.00e+00	3.80e-18
 8.33535e+21	1.43e-04	1.00e+00	5.06e-18
 8.49252e+21	1.54e-04	1.00e+00	6.91e-18
 8.67920e+21	1.68e-04	1.00e+00	9.79e-18
 8.87594e+21	1.84e-04	1.00e+00	1.37e-17
 9.06139e+21	2.00e-04	1.00e+00	1.85e-17
 9.27014e+21	2.20e-04	1.00e+00	2.60e-17
 9.54151e+21	2.49e-04	1.00e+00	3.92e-17
 9.82026e+21	2.82e-04	1.00e+00	5.80e-17
 1.00483e+22	3.14e-04	1.00e+00	7.95e-17
 1.02844e+22	3.52e-04	1.00e+00	1.10e-16
 1.05913e+22	4.12e-04	1.00e+00	1.68e-16
 1.08987e+22	4.86e-04	1.00e+00	2.54e-16
 1.11315e+22	5.56e-04	9.99e-01	3.51e-16
 1.13258e+22	6.28e-04	9.99e-01	4.62e-16
 1.15453e+22	7.26e-04	9.99e-01	6.40e-16
 1.17910e+22	8.63e-04	9.99e-01	9.24e-16
 1.20124e+22	1.03e-03	9.99e-01	1.32e-15
 1.21956e+22	1.20e-03	9.99e-01	1.82e-15
 1.23590e+22	1.40e-03	9.99e-01	2.46e-15
 1.25119e+22	1.63e-03	9.98e-01	3.34e-15
 1.26500e+22	1.90e-03	9.98e-01	4.49e-15
 1.27743e+22	2.21e-03	9.98e-01	5.99e-15
 1.28882e+22	2.57e-03	9.97e-01	7.96e-15
 1.29940e+22	2.99e-03	9.97e-01	1.06e-14
 1.30917e+22	3.48e-03	9.97e-01	1.41e-14
 1.31587e+22	3.92e-03	9.96e-01	1.75e-14
 1.31903e+22	4.16e-03	9.96e-01	1.96e-14
 1.32164e+22	4.36e-03	9.96e-01	2.14e-14
 1.32504e+22	4.64e-03	9.95e-01	2.41e-14
 1.32945e+22	5.05e-03	9.95e-01	2.82e-14
 1.33381e+22	5.53e-03	9.94e-01	3.34e-14
 1.33692e+22	5.93e-03	9.94e-01	3.80e-14
 1.33930e+22	6.25e-03	9.94e-01	4.17e-14
 1.34190e+22	6.63e-03	9.93e-01	4.67e-14
 1.34528e+22	7.17e-03	9.93e-01	5.41e-14
 1.34866e+22	7.82e-03	9.92e-01	6.43e-14
 1.35114e+22	8.36e-03	9.92e-01	7.20e-14
 1.35305e+22	8.81e-03	9.91e-01	7.95e-14
 1.35513e+22	9.32e-03	9.91e-01	8.86e-14
 1.35783e+22	1.01e-02	9.90e-01	1.03e-13
 1.36056e+22	1.09e-02	9.89e-01	1.20e-13
 1.36258e+22	1.17e-02	9.88e-01	1.36e-13
 1.36415e+22	1.23e-02	9.88e-01	1.50e-13
 1.36586e+22	1.30e-02	9.87e-01	1.67e-13
 1.36808e+22	1.40e-02	9.86e-01	1.94e-13
 1.37034e+22	1.52e-02	9.85e-01	2.25e-13
 1.37205e+22	1.63e-02	9.84e-01	2.58e-13
 1.37339e+22	1.71e-02	9.83e-01	2.85e-13
 1.37485e+22	1.81e-02	9.82e-01	3.19e-13
 1.37675e+22	1.95e-02	9.80e-01	3.75e-13
 1.37870e+22	2.13e-02	9.79e-01	4.42e-13
 1.38019e+22	2.29e-02	9.77e-01	5.11e-13
 1.38137e+22	2.42e-02	9.76e-01	5.75e-13
 1.38267e+22	2.57e-02	9.74e-01	6.51e-13
 1.38435e+22	2.79e-02	9.72e-01	7.72e-13
 1.38610e+22	3.07e-02	9.69e-01	9.45e-13
 1.38748e+22	3.33e-02	9.67e-01	1.12e-12
 1.38861e+22	3.56e-02	9.64e-01	1.28e-12
 1.38984e+22	3.83e-02	9.62e-01	1.50e-12
 1.39145e+22	4.24e-02	9.58e-01	1.87e-12
 1.39305e+22	4.79e-02	9.52e-01	2.42e-12
 1.39417e+22	5.26e-02	9.47e-01	2.97e-12
 1.39500e+22	5.61e-02	9.44e-01	3.39e-12
 1.39589e+22	6.03e-02	9.40e-01	3.98e-12
 1.39706e+22	6.67e-02	9.33e-01	4.96e-12
 1.39823e+22	7.55e-02	9.25e-01	6.48e-12
 1.39908e+22	8.31e-02	9.17e-01	7.98e-12
 1.39971e+22	8.91e-02	9.11e-01	9.33e-12
 1.40039e+22	9.62e-02	9.04e-01	1.11e-11
 1.40127e+22	1.07e-01	8.93e-01	1.40e-11
 1.40216e+22	1.22e-01	8.78e-01	1.87e-11
 1.40281e+22	1.35e-01	8.65e-01	2.33e-11
 1.40329e+22	1.45e-01	8.55e-01	2.76e-11
 1.40381e+22	1.57e-01	8.43e-01	3.29e-11
 1.40448e+22	1.75e-01	8.25e-01	4.18e-11
 1.40518e+22	1.99e-01	8.01e-01	5.60e-11
 1.40571e+22	2.22e-01	7.78e-01	7.16e-11
 1.40610e+22	2.39e-01	7.61e-01	8.49e-11
 1.40652e+22	2.58e-01	7.42e-01	1.02e-10
 1.40706e+22	2.86e-01	7.14e-01	1.29e-10
 1.40761e+22	3.23e-01	6.77e-01	1.72e-10
 1.40803e+22	3.54e-01	6.46e-01	2.14e-10
 1.40834e+22	3.77e-01	6.23e-01	2.50e-10
 1.40865e+22	4.00e-01	6.00e-01	2.91e-10
 1.40902e+22	4.32e-01	5.68e-01	3.50e-10
 1.40937e+22	4.66e-01	5.34e-01	4.22e-10
 1.40964e+22	4.92e-01	5.08e-01	4.86e-10
 1.40985e+22	5.10e-01	4.90e-01	5.35e-10
 1.41006e+22	5.30e-01	4.70e-01	5.94e-10
 1.41024e+22	5.49e-01	4.51e-01	6.50e-10
 1.41036e+22	5.60e-01	4.40e-01	6.89e-10
 1.41047e+22	5.68e-01	4.32e-01	7.22e-10
 1.41060e+22	5.80e-01	4.20e-01	7.68e-10
 1.41075e+22	5.96e-01	4.04e-01	8.25e-10
 1.41088e+22	6.11e-01	3.89e-01	8.78e-10
 1.41100e+22	6.22e-01	3.78e-01	9.24e-10
 1.41111e+22	6.32e-01	3.68e-01	9.71e-10
 1.41123e+22	6.44e-01	3.56e-01	1.03e-09
 1.41136e+22	6.58e-01	3.42e-01	1.09e-09
 1.41148e+22	6.70e-01	3.30e-01	1.14e-09
 1.41159e+22	6.80e-01	3.20e-01	1.20e-09
 1.41169e+22	6.90e-01	3.10e-01	1.25e-09
 1.41181e+22	7.02e-01	2.98e-01	1.31e-09
 1.41194e+22	7.14e-01	2.86e-01	1.38e-09
 1.41205e+22	7.25e-01	2.75e-01	1.44e-09
 1.41215e+22	7.33e-01	2.67e-01	1.50e-09
 1.41225e+22	7.43e-01	2.57e-01	1.56e-09
 1.41237e+22	7.54e-01	2.46e-01	1.63e-09
 1.41249e+22	7.64e-01	2.36e-01	1.69e-09
 1.41259e+22	7.73e-01	2.27e-01	1.76e-09
 1.41269e+22	7.81e-01	2.19e-01	1.81e-09
 1.41280e+22	7.89e-01	2.11e-01	1.87e-09
 1.41292e+22	7.99e-01	2.01e-01	1.94e-09
 1.41303e+22	8.08e-01	1.92e-01	2.00e-09
 1.41312e+22	8.15e-01	1.85e-01	2.06e-09
 1.41322e+22	8.21e-01	1.79e-01	2.11e-09
 1.41333e+22	8.29e-01	1.71e-01	2.17e-09
 1.41345e+22	8.38e-01	1.62e-01	2.22e-09
 1.41355e+22	8.44e-01	1.56e-01	2.26e-09
 1.41364e+22	8.49e-01	1.51e-01	2.30e-09
 1.41374e+22	8.55e-01	1.45e-01	2.33e-09
 1.41384e+22	8.61e-01	1.39e-01	2.36e-09
 1.41395e+22	8.67e-01	1.33e-01	2.39e-09
 1.41404e+22	8.72e-01	1.28e-01	2.40e-09
 1.41413e+22	8.76e-01	1.24e-01	2.41e-09
 1.41423e+22	8.81e-01	1.19e-01	2.42e-09
 1.41433e+22	8.86e-01	1.14e-01	2.42e-09
 1.41443e+22	8.90e-01	1.10e-01	2.42e-09
 1.41452e+22	8.94e-01	1.06e-01	2.41e-09
 1.41462e+22	8.97e-01	1.03e-01	2.40e-09
 1.41472e+22	9.01e-01	9.87e-02	2.38e-09
 1.41482e+22	9.05e-01	9.50e-02	2.35e-09
 1.41491e+22	9.08e-01	9.18e-02	2.33e-09
 1.41501e+22	9.11e-01	8.89e-02	2.29e-09
 1.41511e+22	9.14e-01	8.61e-02	2.25e-09
 1.41520e+22	9.16e-01	8.35e-02	2.20e-09
 1.41529e+22	9.19e-01	8.13e-02	2.16e-09
 1.41537e+22	9.21e-01	7.92e-02	2.12e-09
 1.41545e+22	9.23e-01	7.75e-02	2.08e-09
 1.41553e+22	9.24e-01	7.58e-02	2.04e-09
 1.41561e+22	9.26e-01	7.41e-02	2.00e-09
 1.41570e+22	9.28e-01	7.25e-02	1.96e-09
 1.41578e+22	9.29e-01	7.09e-02	1.91e-09
 1.41586e+22	9.31e-01	6.94e-02	1.87e-09
 1.41594e+22	9.32e-01	6.81e-02	1.82e-09
 1.41601e+22	9.33e-01	6.69e-02	1.78e-09
 1.41609e+22	9.34e-01	6.57e-02	1.73e-09
 1.41618e+22	9.35e-01	6.45e-02	1.69e-09
 1.41625e+22	9.37e-01	6.35e-02	1.65e-09
 1.41634e+22	9.38e-01	6.24e-02	1.60e-09
 1.41642e+22	9.39e-01	6.13e-02	1.56e-09
 1.41650e+22	9.40e-01	6.05e-02	1.53e-09
 1.41657e+22	9.40e-01	5.98e-02	1.50e-09
 1.41664e+22	9.41e-01	5.92e-02	1.47e-09
 1.41669e+22	9.41e-01	5.87e-02	1.44e-09
 1.41676e+22	9.42e-01	5.81e-02	1.41e-09
 1.41683e+22	9.43e-01	5.74e-02	1.39e-09
 1.41689e+22	9.43e-01	5.69e-02	1.36e-09
 1.41695e+22	9.43e-01	5.67e-02	1.34e-09
 1.41701e+22	9.44e-01	5.61e-02	1.32e-09
 1.41708e+22	9.44e-01	5.57e-02	1.30e-09
 1.41716e+22	9.45e-01	5.51e-02	1.27e-09
 1.41724e+22	9.45e-01	5.46e-02	1.25e-09
 1.41732e+22	9.46e-01	5.39e-02	1.23e-09
 1.41742e+22	9.47e-01	5.35e-02	1.21e-09
 1.41752e+22	9.47e-01	5.29e-02	1.18e-09
 1.41764e+22	9.48e-01	5.23e-02	1.16e-09
 1.41776e+22	9.48e-01	5.17e-02	1.13e-09
 1.41789e+22	9.49e-01	5.13e-02	1.11e-09
 1.41804e+22	9.49e-01	5.08e-02	1.09e-09
 1.41820e+22	9.50e-01	5.04e-02	1.07e-09
 1.41837e+22	9.50e-01	4.99e-02	1.05e-09
 1.41856e+22	9.50e-01	4.96e-02	1.04e-09
 1.41876e+22	9.51e-01	4.93e-02	1.03e-09
 1.41903e+22	9.51e-01	4.88e-02	1.01e-09
 1.41933e+22	9.52e-01	4.85e-02	9.97e-10
 1.41964e+22	9.52e-01	4.83e-02	9.90e-10
 1.41999e+22	9.52e-01	4.81e-02	9.75e-10
 1.42044e+22	9.52e-01	4.76e-02	9.67e-10
 1.42104e+22	9.53e-01	4.73e-02	9.58e-10
 1.42181e+22	9.53e-01	4.69e-02	9.47e-10
 1.42281e+22	9.53e-01	4.65e-02	9.37e-10
 1.42411e+22	9.54e-01	4.62e-02	9.28e-10
 1.42581e+22	9.54e-01	4.57e-02	9.17e-10
 1.42764e+22	9.55e-01	4.55e-02	9.12e-10
 1.42964e+22	9.55e-01	4.51e-02	9.02e-10
 1.43180e+22	9.55e-01	4.46e-02	8.98e-10
 1.43417e+22	9.56e-01	4.44e-02	8.84e-10
 1.43673e+22	9.56e-01	4.40e-02	8.83e-10
 1.43954e+22	9.57e-01	4.34e-02	8.69e-10
 1.44257e+22	9.57e-01	4.30e-02	8.62e-10
 1.44588e+22	9.58e-01	4.23e-02	8.46e-10
 1.44947e+22	9.58e-01	4.18e-02	8.37e-10
 1.45339e+22	9.59e-01	4.11e-02	8.20e-10
 1.45763e+22	9.59e-01	4.05e-02	8.10e-10
 1.46149e+22	9.60e-01	4.01e-02	8.01e-10
 1.46571e+22	9.61e-01	3.93e-02	7.83e-10
 1.47027e+22	9.61e-01	3.88e-02	7.73e-10
 1.47442e+22	9.62e-01	3.83e-02	7.62e-10
 1.47820e+22	9.62e-01	3.79e-02	7.53e-10
 1.48234e+22	9.63e-01	3.71e-02	7.33e-10
 1.48681e+22	9.63e-01	3.66e-02	7.22e-10
 1.49088e+22	9.64e-01	3.62e-02	7.12e-10
 1.49458e+22	9.64e-01	3.59e-02	7.04e-10
 1.49863e+22	9.65e-01	3.52e-02	6.88e-10
 1.50301e+22	9.65e-01	3.48e-02	6.78e-10
 1.50699e+22	9.66e-01	3.44e-02	6.72e-10
 1.51136e+22	9.66e-01	3.39e-02	6.58e-10
 1.51607e+22	9.67e-01	3.34e-02	6.50e-10
 1.52036e+22	9.67e-01	3.31e-02	6.43e-10
 1.52506e+22	9.67e-01	3.25e-02	6.30e-10
 1.53014e+22	9.68e-01	3.21e-02	6.22e-10
 1.53475e+22	9.68e-01	3.17e-02	6.15e-10
 1.53981e+22	9.69e-01	3.12e-02	6.02e-10
 1.54527e+22	9.69e-01	3.07e-02	5.94e-10
 1.55024e+22	9.70e-01	3.03e-02	5.88e-10
 1.55569e+22	9.70e-01	2.98e-02	5.75e-10
 1.56157e+22	9.71e-01	2.93e-02	5.68e-10
 1.56692e+22	9.71e-01	2.90e-02	5.61e-10
 1.57278e+22	9.72e-01	2.84e-02	5.50e-10
 1.57911e+22	9.72e-01	2.80e-02	5.42e-10
 1.58487e+22	9.72e-01	2.76e-02	5.36e-10
 1.59012e+22	9.73e-01	2.73e-02	5.31e-10
 1.59586e+22	9.73e-01	2.68e-02	5.21e-10
 1.60206e+22	9.74e-01	2.64e-02	5.15e-10
 1.60770e+22	9.74e-01	2.61e-02	5.10e-10
 1.61389e+22	9.74e-01	2.56e-02	5.00e-10
 1.62056e+22	9.75e-01	2.52e-02	4.96e-10
 1.62664e+22	9.75e-01	2.49e-02	4.92e-10
 1.63330e+22	9.76e-01	2.44e-02	4.85e-10
 1.64048e+22	9.76e-01	2.40e-02	4.80e-10
 1.64702e+22	9.76e-01	2.37e-02	4.76e-10
 1.65297e+22	9.77e-01	2.34e-02	4.73e-10
 1.65949e+22	9.77e-01	2.30e-02	4.66e-10
 1.66653e+22	9.77e-01	2.26e-02	4.63e-10
 1.67294e+22	9.78e-01	2.23e-02	4.60e-10
 1.67996e+22	9.78e-01	2.19e-02	4.54e-10
 1.68754e+22	9.78e-01	2.16e-02	4.50e-10
 1.69444e+22	9.79e-01	2.13e-02	4.48e-10
 1.70200e+22	9.79e-01	2.09e-02	4.42e-10
 1.71015e+22	9.79e-01	2.06e-02	4.39e-10
 1.71758e+22	9.80e-01	2.03e-02	4.37e-10
 1.72571e+22	9.80e-01	1.99e-02	4.31e-10
 1.73450e+22	9.80e-01	1.96e-02	4.28e-10
 1.74249e+22	9.81e-01	1.93e-02	4.25e-10
 1.74976e+22	9.81e-01	1.90e-02	4.24e-10
 1.75774e+22	9.81e-01	1.87e-02	4.20e-10
 1.76634e+22	9.82e-01	1.84e-02	4.17e-10
 1.77577e+22	9.82e-01	1.80e-02	4.13e-10
 1.78595e+22	9.82e-01	1.77e-02	4.10e-10
 1.79521e+22	9.83e-01	1.74e-02	4.08e-10
 1.80364e+22	9.83e-01	1.72e-02	4.06e-10
 1.81288e+22	9.83e-01	1.69e-02	4.03e-10
 1.82285e+22	9.83e-01	1.66e-02	4.01e-10
 1.83192e+22	9.84e-01	1.64e-02	3.99e-10
 1.84187e+22	9.84e-01	1.60e-02	3.96e-10
 1.85260e+22	9.84e-01	1.57e-02	3.94e-10
 1.86237e+22	9.84e-01	1.56e-02	3.92e-10
 1.87126e+22	9.85e-01	1.53e-02	3.91e-10
 1.88100e+22	9.85e-01	1.50e-02	3.88e-10
 1.89152e+22	9.85e-01	1.48e-02	3.86e-10
 1.90304e+22	9.86e-01	1.45e-02	3.84e-10
 1.91549e+22	9.86e-01	1.42e-02	3.81e-10
 1.92681e+22	9.86e-01	1.40e-02	3.81e-10
 1.93921e+22	9.86e-01	1.37e-02	3.78e-10
 1.95261e+22	9.87e-01	1.34e-02	3.77e-10
 1.96480e+22	9.87e-01	1.32e-02	3.76e-10
 1.97589e+22	9.87e-01	1.30e-02	3.75e-10
 1.98804e+22	9.87e-01	1.27e-02	3.74e-10
 2.00116e+22	9.88e-01	1.25e-02	3.73e-10
 2.01310e+22	9.88e-01	1.23e-02	3.72e-10
 2.02618e+22	9.88e-01	1.21e-02	3.70e-10
 2.04031e+22	9.88e-01	1.18e-02	3.69e-10
 2.05316e+22	9.88e-01	1.16e-02	3.69e-10
 2.06725e+22	9.89e-01	1.14e-02	3.67e-10
 2.08245e+22	9.89e-01	1.12e-02	3.66e-10
 2.09912e+22	9.89e-01	1.09e-02	3.65e-10
 2.11846e+22	9.89e-01	1.06e-02	3.64e-10
 2.13870e+22	9.90e-01	1.04e-02	3.63e-10
 2.15970e+22	9.90e-01	1.01e-02	3.62e-10
 2.18142e+22	9.90e-01	9.82e-03	3.61e-10
 2.20368e+22	9.90e-01	9.56e-03	3.60e-10
 2.22639e+22	9.91e-01	9.30e-03	3.60e-10
 2.24958e+22	9.91e-01	9.04e-03	3.59e-10
 2.27328e+22	9.91e-01	8.80e-03	3.59e-10
 2.29753e+22	9.91e-01	8.55e-03	3.58e-10
 2.32232e+22	9.92e-01	8.32e-03	3.58e-10
 2.34764e+22	9.92e-01	8.09e-03	3.58e-10
 2.37348e+22	9.92e-01	7.86e-03	3.59e-10
 2.39989e+22	9.92e-01	7.64e-03	3.59e-10
 2.42688e+22	9.93e-01	7.42e-03	3.59e-10
 2.45441e+22	9.93e-01	7.21e-03	3.59e-10
 2.48248e+22	9.93e-01	7.01e-03	3.60e-10
 2.51110e+22	9.93e-01	6.81e-03	3.60e-10
 2.54039e+22	9.93e-01	6.61e-03	3.61e-10
 2.57037e+22	9.94e-01	6.42e-03	3.61e-10
 2.60098e+22	9.94e-01	6.24e-03	3.62e-10
 2.63223e+22	9.94e-01	6.05e-03	3.63e-10
 2.66416e+22	9.94e-01	5.88e-03	3.63e-10
 2.69683e+22	9.94e-01	5.71e-03	3.64e-10
 2.73063e+22	9.94e-01	5.54e-03	3.65e-10
 2.76575e+22	9.95e-01	5.37e-03	3.66e-10
 2.80190e+22	9.95e-01	5.21e-03	3.67e-10
 2.83901e+22	9.95e-01	5.05e-03	3.69e-10
 2.87712e+22	9.95e-01	4.89e-03	3.71e-10
 2.91624e+22	9.95e-01	4.74e-03	3.73e-10
 2.95645e+22	9.95e-01	4.59e-03	3.76e-10
 2.99787e+22	9.96e-01	4.45e-03	3.79e-10
 3.04072e+22	9.96e-01	4.30e-03	3.82e-10
 3.08509e+22	9.96e-01	4.17e-03	3.85e-10
 3.13131e+22	9.96e-01	4.03e-03	3.89e-10
 3.17975e+22	9.96e-01	3.89e-03	3.92e-10
 3.22935e+22	9.96e-01	3.76e-03	3.96e-10
 3.28049e+22	9.96e-01	3.63e-03	4.00e-10
 3.33454e+22	9.96e-01	3.51e-03	4.05e-10
 3.39102e+22	9.97e-01	3.38e-03	4.09e-10
 3.44959e+22	9.97e-01	3.26e-03	4.14e-10
 3.51061e+22	9.97e-01	3.15e-03	4.20e-10
 3.57462e+22	9.97e-01	3.03e-03	4.26e-10
 3.64190e+22	9.97e-01	2.92e-03	4.32e-10
 3.71247e+22	9.97e-01	2.81e-03	4.38e-10
 3.78633e+22	9.97e-01	2.70e-03	4.45e-10
 3.86380e+22	9.97e-01	2.59e-03	4.53e-10
 3.94528e+22	9.98e-01	2.49e-03	4.60e-10
 4.03125e+22	9.98e-01	2.38e-03	4.69e-10
 4.12253e+22	9.98e-01	2.28e-03	4.78e-10
 4.21838e+22	9.98e-01	2.18e-03	4.88e-10
 4.31746e+22	9.98e-01	2.09e-03	4.98e-10
 4.41993e+22	9.98e-01	2.00e-03	5.08e-10
 4.52657e+22	9.98e-01	1.92e-03	5.19e-10
 4.63781e+22	9.98e-01	1.83e-03	5.30e-10
 4.75315e+22	9.98e-01	1.75e-03	5.42e-10
 4.87298e+22	9.98e-01	1.67e-03	5.55e-10
 4.99839e+22	9.98e-01	1.60e-03	5.68e-10
 5.12843e+22	9.98e-01	1.53e-03	5.82e-10
 5.26386e+22	9.99e-01	1.46e-03	5.96e-10
 5.40695e+22	9.99e-01	1.39e-03	6.11e-10
 5.55751e+22	9.99e-01	1.33e-03	6.27e-10
 5.71469e+22	9.99e-01	1.27e-03	6.43e-10
 5.87858e+22	9.99e-01	1.21e-03	6.60e-10
 6.05030e+22	9.99e-01	1.15e-03	6.78e-10
 6.23077e+22	9.99e-01	1.10e-03	6.97e-10
 6.42061e+22	9.99e-01	1.05e-03	7.17e-10
 6.62043e+22	9.99e-01	9.94e-04	7.38e-10
 6.82944e+22	9.99e-01	9.46e-04	7.60e-10
 7.04935e+22	9.99e-01	8.99e-04	7.83e-10
 7.28338e+22	9.99e-01	8.54e-04	8.07e-10
 7.53214e+22	9.99e-01	8.10e-04	8.33e-10
 7.79332e+22	9.99e-01	7.69e-04	8.60e-10
 8.06922e+22	9.99e-01	7.29e-04	8.89e-10
 8.36657e+22	9.99e-01	6.90e-04	9.20e-10
 8.68472e+22	9.99e-01	6.53e-04	9.53e-10
 9.02323e+22	9.99e-01	6.18e-04	9.87e-10
 9.38830e+22	9.99e-01	5.84e-04	1.02e-09
 9.77617e+22	9.99e-01	5.52e-04	1.06e-09
 1.01796e+23	9.99e-01	5.22e-04	1.11e-09
 1.05991e+23	1.00e+00	4.95e-04	1.15e-09
 1.10354e+23	1.00e+00	4.69e-04	1.19e-09
 1.14892e+23	1.00e+00	4.46e-04	1.24e-09
 1.19611e+23	1.00e+00	4.25e-04	1.29e-09
 1.24518e+23	1.00e+00	4.05e-04	1.34e-09
 1.29623e+23	1.00e+00	3.87e-04	1.40e-09
 1.34931e+23	1.00e+00	3.71e-04	1.46e-09
 1.40452e+23	1.00e+00	3.57e-04	1.52e-09
 1.46193e+23	1.00e+00	3.44e-04	1.59e-09
 1.52164e+23	1.00e+00	3.32e-04	1.66e-09
 1.58374e+23	1.00e+00	3.22e-04	1.73e-09
 1.64833e+23	1.00e+00	3.13e-04	1.81e-09
 1.71549e+23	1.00e+00	3.06e-04	1.90e-09
 1.78535e+23	1.00e+00	3.00e-04	2.00e-09
 1.85800e+23	1.00e+00	2.96e-04	2.10e-09
 1.93355e+23	1.00e+00	2.93e-04	2.21e-09
 2.01213e+23	1.00e+00	2.91e-04	2.33e-09
 2.09385e+23	1.00e+00	2.91e-04	2.46e-09
 2.17883e+23	1.00e+00	2.93e-04	2.60e-09
 2.26379e+23	1.00e+00	2.96e-04	2.76e-09
 2.34290e+23	1.00e+00	3.01e-04	2.91e-09
 2.41409e+23	1.00e+00	3.08e-04	3.07e-09
 2.47816e+23	1.00e+00	3.15e-04	3.23e-09
 2.53583e+23	1.00e+00	3.23e-04	3.38e-09
 2.58773e+23	1.00e+00	3.31e-04	3.52e-09
 2.63443e+23	1.00e+00	3.39e-04	3.66e-09
 2.67647e+23	1.00e+00	3.47e-04	3.79e-09
 2.71431e+23	1.00e+00	3.55e-04	3.91e-09
 2.74836e+23	1.00e+00	3.62e-04	4.02e-09
 2.77976e+23	1.00e+00	3.69e-04	4.13e-09
 2.81031e+23	1.00e+00	3.76e-04	4.23e-09
 2.84086e+23	1.00e+00	3.83e-04	4.33e-09
 2.87141e+23	1.00e+00	3.90e-04	4.44e-09
 2.90195e+23	1.00e+00	3.97e-04	4.55e-09
 2.93250e+23	1.00e+00	4.05e-04	4.65e-09
 2.96305e+23	1.00e+00	4.13e-04	4.76e-09
 2.99360e+23	1.00e+00	4.21e-04	4.87e-09
 3.02415e+23	1.00e+00	4.29e-04	4.98e-09
 3.04712e+23	1.00e+00	4.34e-04	5.08e-09
