#depth	N	N+	N+2	N+3	N+4	N+5	N+6	N+7
 1.19999e+19	6.31e-14	6.60e-09	2.30e-05	4.02e-03	4.26e-02	7.34e-01	2.09e-01	1.06e-02
 7.19996e+19	6.82e-14	7.27e-09	2.58e-05	4.38e-03	4.57e-02	7.41e-01	2.00e-01	9.53e-03
 1.72977e+20	8.23e-14	8.74e-09	3.10e-05	4.99e-03	5.03e-02	7.50e-01	1.87e-01	8.17e-03
 2.82058e+20	1.03e-13	1.08e-08	3.81e-05	5.76e-03	5.56e-02	7.58e-01	1.74e-01	6.96e-03
 3.70836e+20	1.23e-13	1.28e-08	4.47e-05	6.43e-03	6.00e-02	7.63e-01	1.64e-01	6.15e-03
 4.23051e+20	1.39e-13	1.42e-08	4.91e-05	6.86e-03	6.26e-02	7.66e-01	1.59e-01	5.73e-03
 4.67995e+20	1.51e-13	1.54e-08	5.32e-05	7.23e-03	6.50e-02	7.68e-01	1.54e-01	5.37e-03
 5.26421e+20	1.67e-13	1.70e-08	5.91e-05	7.76e-03	6.83e-02	7.70e-01	1.49e-01	4.94e-03
 6.02375e+20	1.93e-13	1.95e-08	6.74e-05	8.49e-03	7.25e-02	7.73e-01	1.41e-01	4.44e-03
 6.80566e+20	2.23e-13	2.23e-08	7.69e-05	9.26e-03	7.69e-02	7.76e-01	1.34e-01	3.99e-03
 7.45563e+20	2.52e-13	2.50e-08	8.56e-05	9.93e-03	8.05e-02	7.77e-01	1.29e-01	3.66e-03
 8.13957e+20	2.87e-13	2.82e-08	9.57e-05	1.07e-02	8.45e-02	7.78e-01	1.23e-01	3.34e-03
 9.02870e+20	3.39e-13	3.29e-08	1.11e-04	1.17e-02	8.97e-02	7.79e-01	1.16e-01	2.96e-03
 9.89487e+20	3.98e-13	3.80e-08	1.26e-04	1.28e-02	9.48e-02	7.80e-01	1.10e-01	2.65e-03
 1.05483e+21	4.52e-13	4.26e-08	1.39e-04	1.36e-02	9.86e-02	7.79e-01	1.06e-01	2.44e-03
 1.12148e+21	5.10e-13	4.75e-08	1.54e-04	1.45e-02	1.03e-01	7.79e-01	1.01e-01	2.24e-03
 1.20812e+21	5.94e-13	5.46e-08	1.76e-04	1.58e-02	1.08e-01	7.78e-01	9.61e-02	2.01e-03
 1.29886e+21	6.99e-13	6.31e-08	2.00e-04	1.71e-02	1.14e-01	7.76e-01	9.08e-02	1.80e-03
 1.37678e+21	8.10e-13	7.18e-08	2.23e-04	1.83e-02	1.18e-01	7.75e-01	8.66e-02	1.64e-03
 1.45993e+21	9.34e-13	8.15e-08	2.52e-04	1.98e-02	1.24e-01	7.72e-01	8.23e-02	1.48e-03
 1.56803e+21	1.13e-12	9.67e-08	2.92e-04	2.17e-02	1.31e-01	7.69e-01	7.71e-02	1.30e-03
 1.67723e+21	1.36e-12	1.14e-07	3.38e-04	2.37e-02	1.38e-01	7.65e-01	7.22e-02	1.15e-03
 1.76325e+21	1.59e-12	1.30e-07	3.78e-04	2.54e-02	1.43e-01	7.61e-01	6.86e-02	1.04e-03
 1.85045e+21	1.85e-12	1.48e-07	4.25e-04	2.73e-02	1.49e-01	7.57e-01	6.51e-02	9.41e-04
 1.96380e+21	2.22e-12	1.74e-07	4.93e-04	2.99e-02	1.57e-01	7.51e-01	6.09e-02	8.28e-04
 2.08253e+21	2.70e-12	2.06e-07	5.71e-04	3.27e-02	1.65e-01	7.44e-01	5.68e-02	7.27e-04
 2.18177e+21	3.21e-12	2.39e-07	6.45e-04	3.52e-02	1.72e-01	7.38e-01	5.36e-02	6.52e-04
 2.28429e+21	3.80e-12	2.76e-07	7.33e-04	3.80e-02	1.79e-01	7.31e-01	5.05e-02	5.83e-04
 2.41757e+21	4.69e-12	3.31e-07	8.62e-04	4.20e-02	1.88e-01	7.22e-01	4.67e-02	5.06e-04
 2.55352e+21	5.79e-12	3.96e-07	1.01e-03	4.61e-02	1.98e-01	7.12e-01	4.32e-02	4.38e-04
 2.66216e+21	6.95e-12	4.61e-07	1.14e-03	4.96e-02	2.05e-01	7.03e-01	4.06e-02	3.92e-04
 2.77260e+21	8.18e-12	5.30e-07	1.30e-03	5.36e-02	2.13e-01	6.93e-01	3.80e-02	3.49e-04
 2.91618e+21	1.03e-11	6.42e-07	1.54e-03	5.92e-02	2.23e-01	6.81e-01	3.50e-02	3.01e-04
 3.06324e+21	1.28e-11	7.72e-07	1.81e-03	6.51e-02	2.34e-01	6.67e-01	3.22e-02	2.59e-04
 3.18341e+21	1.55e-11	9.08e-07	2.06e-03	7.03e-02	2.42e-01	6.55e-01	3.00e-02	2.29e-04
 3.30825e+21	1.85e-11	1.06e-06	2.38e-03	7.64e-02	2.51e-01	6.42e-01	2.79e-02	2.02e-04
 3.47054e+21	2.37e-11	1.30e-06	2.85e-03	8.49e-02	2.63e-01	6.24e-01	2.53e-02	1.71e-04
 3.63137e+21	2.99e-11	1.58e-06	3.38e-03	9.36e-02	2.74e-01	6.06e-01	2.30e-02	1.46e-04
 3.75937e+21	3.67e-11	1.87e-06	3.87e-03	1.01e-01	2.83e-01	5.91e-01	2.13e-02	1.29e-04
 3.87147e+21	4.30e-11	2.14e-06	4.37e-03	1.08e-01	2.90e-01	5.77e-01	1.99e-02	1.15e-04
 3.99382e+21	5.17e-11	2.50e-06	5.00e-03	1.17e-01	2.98e-01	5.61e-01	1.85e-02	1.02e-04
 4.15287e+21	6.55e-11	3.05e-06	5.97e-03	1.29e-01	3.09e-01	5.39e-01	1.67e-02	8.62e-05
 4.31359e+21	8.28e-11	3.71e-06	7.11e-03	1.42e-01	3.19e-01	5.17e-01	1.51e-02	7.31e-05
 4.44064e+21	9.92e-11	4.32e-06	8.14e-03	1.54e-01	3.25e-01	4.99e-01	1.39e-02	6.44e-05
 4.56997e+21	1.23e-10	5.16e-06	9.40e-03	1.66e-01	3.32e-01	4.80e-01	1.27e-02	5.64e-05
 4.70595e+21	1.49e-10	6.10e-06	1.09e-02	1.80e-01	3.39e-01	4.58e-01	1.16e-02	4.88e-05
 4.85056e+21	1.89e-10	7.42e-06	1.29e-02	1.97e-01	3.45e-01	4.35e-01	1.04e-02	4.17e-05
 4.99543e+21	2.35e-10	8.94e-06	1.52e-02	2.15e-01	3.49e-01	4.11e-01	9.37e-03	3.57e-05
 5.10740e+21	2.80e-10	1.03e-05	1.73e-02	2.30e-01	3.52e-01	3.92e-01	8.61e-03	3.16e-05
 5.20450e+21	3.28e-10	1.18e-05	1.94e-02	2.44e-01	3.53e-01	3.75e-01	7.96e-03	2.83e-05
 5.31552e+21	3.97e-10	1.39e-05	2.21e-02	2.61e-01	3.54e-01	3.55e-01	7.26e-03	2.48e-05
 5.43470e+21	4.86e-10	1.65e-05	2.55e-02	2.80e-01	3.54e-01	3.34e-01	6.55e-03	2.15e-05
 5.53673e+21	5.76e-10	1.90e-05	2.89e-02	2.98e-01	3.52e-01	3.15e-01	5.98e-03	1.90e-05
 5.62380e+21	6.71e-10	2.17e-05	3.23e-02	3.15e-01	3.50e-01	2.98e-01	5.49e-03	1.70e-05
 5.71920e+21	8.03e-10	2.52e-05	3.65e-02	3.34e-01	3.46e-01	2.79e-01	4.99e-03	1.50e-05
 5.81909e+21	9.64e-10	2.95e-05	4.15e-02	3.55e-01	3.40e-01	2.59e-01	4.49e-03	1.31e-05
 5.90102e+21	1.12e-09	3.35e-05	4.61e-02	3.73e-01	3.34e-01	2.43e-01	4.11e-03	1.17e-05
 5.97000e+21	1.28e-09	3.75e-05	5.04e-02	3.89e-01	3.27e-01	2.29e-01	3.79e-03	1.05e-05
 6.04595e+21	1.49e-09	4.27e-05	5.58e-02	4.08e-01	3.19e-01	2.13e-01	3.44e-03	9.36e-06
 6.12754e+21	1.75e-09	4.89e-05	6.23e-02	4.29e-01	3.09e-01	1.96e-01	3.09e-03	8.21e-06
 6.19667e+21	2.00e-09	5.49e-05	6.82e-02	4.48e-01	2.99e-01	1.82e-01	2.82e-03	7.35e-06
 6.25403e+21	2.24e-09	6.07e-05	7.38e-02	4.64e-01	2.90e-01	1.70e-01	2.59e-03	6.64e-06
 6.31591e+21	2.56e-09	6.78e-05	8.02e-02	4.82e-01	2.78e-01	1.57e-01	2.35e-03	5.92e-06
 6.38227e+21	2.92e-09	7.62e-05	8.77e-02	5.02e-01	2.65e-01	1.44e-01	2.10e-03	5.21e-06
 6.43814e+21	3.28e-09	8.41e-05	9.46e-02	5.19e-01	2.52e-01	1.32e-01	1.90e-03	4.64e-06
 6.48399e+21	3.60e-09	9.11e-05	1.00e-01	5.34e-01	2.41e-01	1.23e-01	1.75e-03	4.24e-06
 6.53312e+21	3.99e-09	9.96e-05	1.07e-01	5.49e-01	2.29e-01	1.13e-01	1.59e-03	3.79e-06
 6.58637e+21	4.45e-09	1.09e-04	1.15e-01	5.67e-01	2.15e-01	1.03e-01	1.42e-03	3.35e-06
 6.63210e+21	4.87e-09	1.18e-04	1.22e-01	5.82e-01	2.01e-01	9.39e-02	1.28e-03	3.00e-06
 6.67013e+21	5.27e-09	1.27e-04	1.27e-01	5.94e-01	1.90e-01	8.68e-02	1.17e-03	2.72e-06
 6.71105e+21	5.72e-09	1.36e-04	1.34e-01	6.08e-01	1.77e-01	7.95e-02	1.06e-03	2.44e-06
 6.75550e+21	6.22e-09	1.46e-04	1.41e-01	6.22e-01	1.64e-01	7.23e-02	9.56e-04	2.17e-06
 6.79437e+21	6.68e-09	1.55e-04	1.47e-01	6.34e-01	1.52e-01	6.63e-02	8.66e-04	1.95e-06
 6.82791e+21	7.10e-09	1.64e-04	1.52e-01	6.44e-01	1.41e-01	6.15e-02	7.95e-04	1.78e-06
 6.86471e+21	7.61e-09	1.73e-04	1.58e-01	6.54e-01	1.30e-01	5.65e-02	7.22e-04	1.60e-06
 6.90529e+21	8.17e-09	1.84e-04	1.65e-01	6.64e-01	1.19e-01	5.17e-02	6.50e-04	1.42e-06
 6.94189e+21	8.69e-09	1.93e-04	1.70e-01	6.73e-01	1.09e-01	4.78e-02	5.94e-04	1.29e-06
 6.97477e+21	9.22e-09	2.02e-04	1.75e-01	6.79e-01	1.00e-01	4.46e-02	5.46e-04	1.17e-06
 7.01170e+21	9.87e-09	2.13e-04	1.81e-01	6.86e-01	9.13e-02	4.14e-02	4.98e-04	1.05e-06
 7.05273e+21	1.06e-08	2.25e-04	1.87e-01	6.92e-01	8.26e-02	3.84e-02	4.52e-04	9.37e-07
 7.09046e+21	1.13e-08	2.36e-04	1.92e-01	6.96e-01	7.54e-02	3.60e-02	4.16e-04	8.46e-07
 7.12514e+21	1.21e-08	2.46e-04	1.97e-01	6.99e-01	6.95e-02	3.40e-02	3.86e-04	7.71e-07
 7.16446e+21	1.30e-08	2.59e-04	2.03e-01	7.01e-01	6.36e-02	3.20e-02	3.55e-04	6.94e-07
 7.20877e+21	1.41e-08	2.73e-04	2.09e-01	7.03e-01	5.78e-02	3.01e-02	3.25e-04	6.19e-07
 7.25169e+21	1.52e-08	2.88e-04	2.14e-01	7.03e-01	5.31e-02	2.85e-02	2.99e-04	5.57e-07
 7.29758e+21	1.66e-08	3.04e-04	2.20e-01	7.03e-01	4.87e-02	2.70e-02	2.75e-04	4.98e-07
 7.35055e+21	1.82e-08	3.22e-04	2.27e-01	7.03e-01	4.44e-02	2.54e-02	2.51e-04	4.40e-07
 7.40659e+21	2.01e-08	3.42e-04	2.34e-01	7.01e-01	4.06e-02	2.40e-02	2.29e-04	3.88e-07
 7.45937e+21	2.19e-08	3.60e-04	2.40e-01	6.99e-01	3.77e-02	2.29e-02	2.11e-04	3.47e-07
 7.51234e+21	2.38e-08	3.80e-04	2.46e-01	6.97e-01	3.50e-02	2.18e-02	1.95e-04	3.11e-07
 7.57371e+21	2.62e-08	4.02e-04	2.53e-01	6.94e-01	3.24e-02	2.07e-02	1.78e-04	2.75e-07
 7.64251e+21	2.90e-08	4.27e-04	2.60e-01	6.90e-01	3.00e-02	1.96e-02	1.62e-04	2.41e-07
 7.71565e+21	3.22e-08	4.54e-04	2.67e-01	6.86e-01	2.78e-02	1.85e-02	1.48e-04	2.11e-07
 7.79376e+21	3.57e-08	4.83e-04	2.75e-01	6.81e-01	2.58e-02	1.75e-02	1.34e-04	1.84e-07
 7.87883e+21	3.98e-08	5.15e-04	2.83e-01	6.76e-01	2.39e-02	1.65e-02	1.21e-04	1.60e-07
 7.97323e+21	4.46e-08	5.51e-04	2.92e-01	6.70e-01	2.21e-02	1.55e-02	1.09e-04	1.38e-07
 8.07955e+21	5.04e-08	5.92e-04	3.02e-01	6.63e-01	2.04e-02	1.45e-02	9.69e-05	0.00e+00
 8.19934e+21	5.74e-08	6.39e-04	3.12e-01	6.55e-01	1.88e-02	1.35e-02	8.55e-05	0.00e+00
 8.33535e+21	6.62e-08	6.94e-04	3.24e-01	6.46e-01	1.73e-02	1.24e-02	7.47e-05	0.00e+00
 8.49252e+21	7.72e-08	7.60e-04	3.37e-01	6.35e-01	1.58e-02	1.14e-02	6.43e-05	0.00e+00
 8.67920e+21	9.20e-08	8.41e-04	3.52e-01	6.22e-01	1.43e-02	1.03e-02	5.43e-05	0.00e+00
 8.87594e+21	1.10e-07	9.31e-04	3.68e-01	6.09e-01	1.30e-02	9.33e-03	4.58e-05	0.00e+00
 9.06139e+21	1.28e-07	1.02e-03	3.83e-01	5.96e-01	1.20e-02	8.52e-03	3.92e-05	0.00e+00
 9.27014e+21	1.53e-07	1.13e-03	3.99e-01	5.81e-01	1.10e-02	7.68e-03	3.30e-05	0.00e+00
 9.54151e+21	1.91e-07	1.28e-03	4.21e-01	5.61e-01	9.84e-03	6.75e-03	2.66e-05	0.00e+00
 9.82026e+21	2.39e-07	1.45e-03	4.42e-01	5.41e-01	8.91e-03	5.93e-03	2.15e-05	0.00e+00
 1.00483e+22	2.87e-07	1.60e-03	4.60e-01	5.25e-01	8.26e-03	5.33e-03	1.81e-05	0.00e+00
 1.02844e+22	3.47e-07	1.78e-03	4.79e-01	5.07e-01	7.60e-03	4.77e-03	1.51e-05	0.00e+00
 1.05913e+22	4.45e-07	2.03e-03	5.03e-01	4.84e-01	6.85e-03	4.11e-03	1.19e-05	0.00e+00
 1.08987e+22	5.80e-07	2.34e-03	5.28e-01	4.60e-01	6.23e-03	3.53e-03	9.39e-06	0.00e+00
 1.11315e+22	7.16e-07	2.62e-03	5.46e-01	4.42e-01	5.82e-03	3.13e-03	7.78e-06	0.00e+00
 1.13258e+22	8.60e-07	2.89e-03	5.63e-01	4.26e-01	5.49e-03	2.82e-03	6.59e-06	0.00e+00
 1.15453e+22	1.07e-06	3.23e-03	5.82e-01	4.08e-01	5.12e-03	2.48e-03	5.39e-06	0.00e+00
 1.17910e+22	1.39e-06	3.71e-03	6.03e-01	3.86e-01	4.75e-03	2.12e-03	4.24e-06	0.00e+00
 1.20124e+22	1.82e-06	4.27e-03	6.23e-01	3.66e-01	4.43e-03	1.81e-03	3.33e-06	0.00e+00
 1.21956e+22	2.33e-06	4.87e-03	6.41e-01	3.48e-01	4.18e-03	1.57e-03	2.65e-06	0.00e+00
 1.23590e+22	2.96e-06	5.54e-03	6.58e-01	3.31e-01	3.96e-03	1.36e-03	2.12e-06	0.00e+00
 1.25119e+22	3.81e-06	6.35e-03	6.75e-01	3.13e-01	3.75e-03	1.16e-03	1.67e-06	0.00e+00
 1.26500e+22	4.92e-06	7.30e-03	6.92e-01	2.97e-01	3.56e-03	9.90e-04	1.30e-06	0.00e+00
 1.27743e+22	6.37e-06	8.42e-03	7.07e-01	2.80e-01	3.38e-03	8.41e-04	1.01e-06	0.00e+00
 1.28882e+22	8.28e-06	9.76e-03	7.23e-01	2.63e-01	3.20e-03	7.10e-04	7.77e-07	0.00e+00
 1.29940e+22	1.09e-05	1.14e-02	7.39e-01	2.46e-01	3.03e-03	5.92e-04	5.87e-07	0.00e+00
 1.30917e+22	1.45e-05	1.35e-02	7.54e-01	2.29e-01	2.86e-03	4.89e-04	4.37e-07	0.00e+00
 1.31587e+22	1.81e-05	1.54e-02	7.65e-01	2.16e-01	2.74e-03	4.20e-04	3.45e-07	0.00e+00
 1.31903e+22	2.03e-05	1.65e-02	7.71e-01	2.10e-01	2.67e-03	3.88e-04	3.06e-07	0.00e+00
 1.32164e+22	2.23e-05	1.74e-02	7.75e-01	2.04e-01	2.62e-03	3.64e-04	2.76e-07	0.00e+00
 1.32504e+22	2.52e-05	1.87e-02	7.81e-01	1.97e-01	2.55e-03	3.33e-04	2.41e-07	0.00e+00
 1.32945e+22	2.99e-05	2.07e-02	7.89e-01	1.87e-01	2.46e-03	2.94e-04	2.00e-07	0.00e+00
 1.33381e+22	3.60e-05	2.32e-02	7.97e-01	1.77e-01	2.36e-03	2.57e-04	1.63e-07	0.00e+00
 1.33692e+22	4.15e-05	2.53e-02	8.03e-01	1.69e-01	2.28e-03	2.32e-04	1.39e-07	0.00e+00
 1.33930e+22	4.63e-05	2.71e-02	8.07e-01	1.63e-01	2.22e-03	2.13e-04	0.00e+00	0.00e+00
 1.34190e+22	5.24e-05	2.92e-02	8.12e-01	1.57e-01	2.16e-03	1.94e-04	0.00e+00	0.00e+00
 1.34528e+22	6.19e-05	3.24e-02	8.18e-01	1.48e-01	2.07e-03	1.71e-04	0.00e+00	0.00e+00
 1.34866e+22	7.46e-05	3.63e-02	8.23e-01	1.38e-01	1.97e-03	1.48e-04	0.00e+00	0.00e+00
 1.35114e+22	8.61e-05	3.97e-02	8.27e-01	1.31e-01	1.90e-03	1.32e-04	0.00e+00	0.00e+00
 1.35305e+22	9.65e-05	4.27e-02	8.29e-01	1.26e-01	1.84e-03	1.21e-04	0.00e+00	0.00e+00
 1.35513e+22	1.09e-04	4.61e-02	8.32e-01	1.20e-01	1.78e-03	1.09e-04	0.00e+00	0.00e+00
 1.35783e+22	1.29e-04	5.12e-02	8.35e-01	1.12e-01	1.70e-03	9.49e-05	0.00e+00	0.00e+00
 1.36056e+22	1.56e-04	5.76e-02	8.37e-01	1.04e-01	1.61e-03	8.12e-05	0.00e+00	0.00e+00
 1.36258e+22	1.81e-04	6.32e-02	8.38e-01	9.74e-02	1.53e-03	7.17e-05	0.00e+00	0.00e+00
 1.36415e+22	2.03e-04	6.80e-02	8.38e-01	9.26e-02	1.48e-03	6.50e-05	0.00e+00	0.00e+00
 1.36586e+22	2.31e-04	7.36e-02	8.37e-01	8.74e-02	1.42e-03	5.82e-05	0.00e+00	0.00e+00
 1.36808e+22	2.74e-04	8.19e-02	8.36e-01	8.07e-02	1.35e-03	5.01e-05	0.00e+00	0.00e+00
 1.37034e+22	3.31e-04	9.23e-02	8.32e-01	7.37e-02	1.26e-03	4.22e-05	0.00e+00	0.00e+00
 1.37205e+22	3.88e-04	1.02e-01	8.28e-01	6.83e-02	1.19e-03	3.67e-05	0.00e+00	0.00e+00
 1.37339e+22	4.38e-04	1.10e-01	8.24e-01	6.42e-02	1.14e-03	3.28e-05	0.00e+00	0.00e+00
 1.37485e+22	5.00e-04	1.19e-01	8.19e-01	5.99e-02	1.09e-03	2.90e-05	0.00e+00	0.00e+00
 1.37675e+22	5.99e-04	1.33e-01	8.11e-01	5.43e-02	1.02e-03	2.44e-05	0.00e+00	0.00e+00
 1.37870e+22	7.33e-04	1.50e-01	7.99e-01	4.85e-02	9.36e-04	2.00e-05	0.00e+00	0.00e+00
 1.38019e+22	8.66e-04	1.66e-01	7.88e-01	4.41e-02	8.73e-04	1.70e-05	0.00e+00	0.00e+00
 1.38137e+22	9.87e-04	1.80e-01	7.77e-01	4.07e-02	8.24e-04	1.49e-05	0.00e+00	0.00e+00
 1.38267e+22	1.14e-03	1.96e-01	7.65e-01	3.72e-02	7.73e-04	1.28e-05	0.00e+00	0.00e+00
 1.38435e+22	1.38e-03	2.20e-01	7.45e-01	3.27e-02	7.05e-04	1.04e-05	0.00e+00	0.00e+00
 1.38610e+22	1.73e-03	2.51e-01	7.19e-01	2.80e-02	6.28e-04	8.08e-06	0.00e+00	0.00e+00
 1.38748e+22	2.09e-03	2.79e-01	6.94e-01	2.44e-02	5.66e-04	6.50e-06	0.00e+00	0.00e+00
 1.38861e+22	2.43e-03	3.04e-01	6.71e-01	2.17e-02	5.19e-04	5.41e-06	0.00e+00	0.00e+00
 1.38984e+22	2.87e-03	3.33e-01	6.44e-01	1.89e-02	4.69e-04	4.39e-06	0.00e+00	0.00e+00
 1.39145e+22	3.58e-03	3.76e-01	6.04e-01	1.55e-02	4.03e-04	3.26e-06	0.00e+00	0.00e+00
 1.39305e+22	4.62e-03	4.29e-01	5.54e-01	1.22e-02	3.33e-04	2.27e-06	0.00e+00	0.00e+00
 1.39417e+22	5.60e-03	4.72e-01	5.12e-01	9.99e-03	2.85e-04	1.70e-06	0.00e+00	0.00e+00
 1.39500e+22	6.40e-03	5.04e-01	4.81e-01	8.60e-03	2.53e-04	1.37e-06	0.00e+00	0.00e+00
 1.39589e+22	7.38e-03	5.38e-01	4.47e-01	7.26e-03	2.21e-04	1.08e-06	0.00e+00	0.00e+00
 1.39706e+22	8.94e-03	5.85e-01	4.01e-01	5.67e-03	1.81e-04	7.61e-07	0.00e+00	0.00e+00
 1.39823e+22	1.11e-02	6.38e-01	3.46e-01	4.18e-03	1.41e-04	4.97e-07	0.00e+00	0.00e+00
 1.39908e+22	1.31e-02	6.79e-01	3.05e-01	3.26e-03	1.14e-04	3.52e-07	0.00e+00	0.00e+00
 1.39971e+22	1.48e-02	7.07e-01	2.75e-01	2.69e-03	9.65e-05	2.71e-07	0.00e+00	0.00e+00
 1.40039e+22	1.68e-02	7.36e-01	2.45e-01	2.18e-03	8.04e-05	2.03e-07	0.00e+00	0.00e+00
 1.40127e+22	1.99e-02	7.71e-01	2.08e-01	1.61e-03	6.18e-05	1.36e-07	0.00e+00	0.00e+00
 1.40216e+22	2.41e-02	8.07e-01	1.67e-01	1.13e-03	4.43e-05	0.00e+00	0.00e+00	0.00e+00
 1.40281e+22	2.80e-02	8.31e-01	1.40e-01	8.52e-04	3.38e-05	0.00e+00	0.00e+00	0.00e+00
 1.40329e+22	3.13e-02	8.46e-01	1.22e-01	6.92e-04	2.75e-05	0.00e+00	0.00e+00	0.00e+00
 1.40381e+22	3.51e-02	8.60e-01	1.04e-01	5.56e-04	2.20e-05	0.00e+00	0.00e+00	0.00e+00
 1.40448e+22	4.08e-02	8.75e-01	8.42e-02	4.15e-04	1.61e-05	0.00e+00	0.00e+00	0.00e+00
 1.40518e+22	4.90e-02	8.86e-01	6.42e-02	2.98e-04	1.09e-05	0.00e+00	0.00e+00	0.00e+00
 1.40571e+22	5.72e-02	8.92e-01	5.07e-02	2.31e-04	7.81e-06	0.00e+00	0.00e+00	0.00e+00
 1.40610e+22	6.40e-02	8.93e-01	4.24e-02	1.94e-04	6.11e-06	0.00e+00	0.00e+00	0.00e+00
 1.40652e+22	7.20e-02	8.93e-01	3.52e-02	1.64e-04	4.73e-06	0.00e+00	0.00e+00	0.00e+00
 1.40706e+22	8.44e-02	8.88e-01	2.70e-02	1.33e-04	3.31e-06	0.00e+00	0.00e+00	0.00e+00
 1.40761e+22	1.02e-01	8.78e-01	1.97e-02	1.06e-04	2.15e-06	0.00e+00	0.00e+00	0.00e+00
 1.40803e+22	1.19e-01	8.66e-01	1.51e-02	9.10e-05	1.53e-06	0.00e+00	0.00e+00	0.00e+00
 1.40834e+22	1.33e-01	8.55e-01	1.24e-02	8.21e-05	1.19e-06	0.00e+00	0.00e+00	0.00e+00
 1.40865e+22	1.48e-01	8.42e-01	1.02e-02	7.46e-05	9.23e-07	0.00e+00	0.00e+00	0.00e+00
 1.40902e+22	1.69e-01	8.23e-01	7.91e-03	6.64e-05	6.72e-07	0.00e+00	0.00e+00	0.00e+00
 1.40937e+22	1.95e-01	7.99e-01	6.06e-03	5.92e-05	4.82e-07	0.00e+00	0.00e+00	0.00e+00
 1.40964e+22	2.17e-01	7.78e-01	4.90e-03	5.44e-05	3.72e-07	0.00e+00	0.00e+00	0.00e+00
 1.40985e+22	2.35e-01	7.61e-01	4.17e-03	5.13e-05	3.07e-07	0.00e+00	0.00e+00	0.00e+00
 1.41006e+22	2.54e-01	7.42e-01	3.53e-03	4.83e-05	2.52e-07	0.00e+00	0.00e+00	0.00e+00
 1.41024e+22	2.73e-01	7.24e-01	3.02e-03	4.56e-05	2.10e-07	0.00e+00	0.00e+00	0.00e+00
 1.41036e+22	2.86e-01	7.11e-01	2.73e-03	4.40e-05	1.87e-07	0.00e+00	0.00e+00	0.00e+00
 1.41047e+22	2.97e-01	7.00e-01	2.50e-03	4.28e-05	1.70e-07	0.00e+00	0.00e+00	0.00e+00
 1.41060e+22	3.11e-01	6.86e-01	2.25e-03	4.13e-05	1.50e-07	0.00e+00	0.00e+00	0.00e+00
 1.41075e+22	3.29e-01	6.69e-01	1.97e-03	3.93e-05	1.29e-07	0.00e+00	0.00e+00	0.00e+00
 1.41088e+22	3.47e-01	6.51e-01	1.74e-03	3.75e-05	0.00e+00	0.00e+00	0.00e+00	0.00e+00
 1.41100e+22	3.61e-01	6.37e-01	1.57e-03	3.62e-05	0.00e+00	0.00e+00	0.00e+00	0.00e+00
 1.41111e+22	3.76e-01	6.23e-01	1.43e-03	3.50e-05	0.00e+00	0.00e+00	0.00e+00	0.00e+00
 1.41123e+22	3.92e-01	6.07e-01	1.28e-03	3.37e-05	0.00e+00	0.00e+00	0.00e+00	0.00e+00
 1.41136e+22	4.11e-01	5.88e-01	1.13e-03	3.22e-05	0.00e+00	0.00e+00	0.00e+00	0.00e+00
 1.41148e+22	4.28e-01	5.71e-01	1.02e-03	3.08e-05	0.00e+00	0.00e+00	0.00e+00	0.00e+00
 1.41159e+22	4.44e-01	5.56e-01	9.19e-04	2.97e-05	0.00e+00	0.00e+00	0.00e+00	0.00e+00
 1.41169e+22	4.59e-01	5.40e-01	8.34e-04	2.86e-05	0.00e+00	0.00e+00	0.00e+00	0.00e+00
 1.41181e+22	4.76e-01	5.23e-01	7.49e-04	2.75e-05	0.00e+00	0.00e+00	0.00e+00	0.00e+00
 1.41194e+22	4.95e-01	5.04e-01	6.69e-04	2.62e-05	0.00e+00	0.00e+00	0.00e+00	0.00e+00
 1.41205e+22	5.13e-01	4.87e-01	6.05e-04	2.51e-05	0.00e+00	0.00e+00	0.00e+00	0.00e+00
 1.41215e+22	5.27e-01	4.72e-01	5.54e-04	2.42e-05	0.00e+00	0.00e+00	0.00e+00	0.00e+00
 1.41225e+22	5.43e-01	4.56e-01	5.06e-04	2.33e-05	0.00e+00	0.00e+00	0.00e+00	0.00e+00
 1.41237e+22	5.62e-01	4.38e-01	4.57e-04	2.23e-05	0.00e+00	0.00e+00	0.00e+00	0.00e+00
 1.41249e+22	5.80e-01	4.20e-01	4.14e-04	2.13e-05	0.00e+00	0.00e+00	0.00e+00	0.00e+00
 1.41259e+22	5.95e-01	4.04e-01	3.81e-04	2.04e-05	0.00e+00	0.00e+00	0.00e+00	0.00e+00
 1.41269e+22	6.09e-01	3.90e-01	3.54e-04	1.97e-05	0.00e+00	0.00e+00	0.00e+00	0.00e+00
 1.41280e+22	6.25e-01	3.75e-01	3.27e-04	1.90e-05	0.00e+00	0.00e+00	0.00e+00	0.00e+00
 1.41292e+22	6.42e-01	3.58e-01	3.00e-04	1.81e-05	0.00e+00	0.00e+00	0.00e+00	0.00e+00
 1.41303e+22	6.58e-01	3.41e-01	2.77e-04	1.73e-05	0.00e+00	0.00e+00	0.00e+00	0.00e+00
 1.41312e+22	6.71e-01	3.28e-01	2.61e-04	1.67e-05	0.00e+00	0.00e+00	0.00e+00	0.00e+00
 1.41322e+22	6.84e-01	3.16e-01	2.46e-04	1.61e-05	0.00e+00	0.00e+00	0.00e+00	0.00e+00
 1.41333e+22	6.99e-01	3.01e-01	2.31e-04	1.54e-05	0.00e+00	0.00e+00	0.00e+00	0.00e+00
 1.41345e+22	7.13e-01	2.86e-01	2.17e-04	1.47e-05	0.00e+00	0.00e+00	0.00e+00	0.00e+00
 1.41355e+22	7.26e-01	2.74e-01	2.07e-04	1.42e-05	0.00e+00	0.00e+00	0.00e+00	0.00e+00
 1.41364e+22	7.36e-01	2.64e-01	1.98e-04	1.38e-05	0.00e+00	0.00e+00	0.00e+00	0.00e+00
 1.41374e+22	7.47e-01	2.53e-01	1.91e-04	1.33e-05	0.00e+00	0.00e+00	0.00e+00	0.00e+00
 1.41384e+22	7.59e-01	2.41e-01	1.83e-04	1.28e-05	0.00e+00	0.00e+00	0.00e+00	0.00e+00
 1.41395e+22	7.70e-01	2.30e-01	1.76e-04	1.24e-05	0.00e+00	0.00e+00	0.00e+00	0.00e+00
 1.41404e+22	7.79e-01	2.21e-01	1.71e-04	1.21e-05	0.00e+00	0.00e+00	0.00e+00	0.00e+00
 1.41413e+22	7.88e-01	2.12e-01	1.67e-04	1.17e-05	0.00e+00	0.00e+00	0.00e+00	0.00e+00
 1.41423e+22	7.97e-01	2.03e-01	1.63e-04	1.14e-05	0.00e+00	0.00e+00	0.00e+00	0.00e+00
 1.41433e+22	8.06e-01	1.94e-01	1.59e-04	1.11e-05	0.00e+00	0.00e+00	0.00e+00	0.00e+00
 1.41443e+22	8.13e-01	1.86e-01	1.56e-04	1.08e-05	0.00e+00	0.00e+00	0.00e+00	0.00e+00
 1.41452e+22	8.20e-01	1.79e-01	1.53e-04	1.05e-05	0.00e+00	0.00e+00	0.00e+00	0.00e+00
 1.41462e+22	8.28e-01	1.72e-01	1.50e-04	1.03e-05	0.00e+00	0.00e+00	0.00e+00	0.00e+00
 1.41472e+22	8.35e-01	1.65e-01	1.48e-04	1.01e-05	0.00e+00	0.00e+00	0.00e+00	0.00e+00
 1.41482e+22	8.41e-01	1.59e-01	1.46e-04	9.90e-06	0.00e+00	0.00e+00	0.00e+00	0.00e+00
 1.41491e+22	8.47e-01	1.53e-01	1.45e-04	9.74e-06	0.00e+00	0.00e+00	0.00e+00	0.00e+00
 1.41501e+22	8.52e-01	1.47e-01	1.43e-04	9.62e-06	0.00e+00	0.00e+00	0.00e+00	0.00e+00
 1.41511e+22	8.58e-01	1.42e-01	1.42e-04	9.51e-06	0.00e+00	0.00e+00	0.00e+00	0.00e+00
 1.41520e+22	8.62e-01	1.38e-01	1.41e-04	9.43e-06	0.00e+00	0.00e+00	0.00e+00	0.00e+00
 1.41529e+22	8.66e-01	1.34e-01	1.40e-04	9.38e-06	0.00e+00	0.00e+00	0.00e+00	0.00e+00
 1.41537e+22	8.70e-01	1.30e-01	1.39e-04	9.35e-06	0.00e+00	0.00e+00	0.00e+00	0.00e+00
 1.41545e+22	8.73e-01	1.27e-01	1.39e-04	9.33e-06	0.00e+00	0.00e+00	0.00e+00	0.00e+00
 1.41553e+22	8.76e-01	1.24e-01	1.38e-04	9.34e-06	0.00e+00	0.00e+00	0.00e+00	0.00e+00
 1.41561e+22	8.78e-01	1.21e-01	1.38e-04	9.34e-06	0.00e+00	0.00e+00	0.00e+00	0.00e+00
 1.41570e+22	8.81e-01	1.19e-01	1.37e-04	9.37e-06	0.00e+00	0.00e+00	0.00e+00	0.00e+00
 1.41578e+22	8.83e-01	1.16e-01	1.37e-04	9.40e-06	0.00e+00	0.00e+00	0.00e+00	0.00e+00
 1.41586e+22	8.86e-01	1.14e-01	1.37e-04	9.46e-06	0.00e+00	0.00e+00	0.00e+00	0.00e+00
 1.41594e+22	8.87e-01	1.13e-01	1.36e-04	9.52e-06	0.00e+00	0.00e+00	0.00e+00	0.00e+00
 1.41601e+22	8.89e-01	1.11e-01	1.36e-04	9.59e-06	0.00e+00	0.00e+00	0.00e+00	0.00e+00
 1.41609e+22	8.91e-01	1.09e-01	1.36e-04	9.69e-06	0.00e+00	0.00e+00	0.00e+00	0.00e+00
 1.41618e+22	8.92e-01	1.08e-01	1.36e-04	9.78e-06	0.00e+00	0.00e+00	0.00e+00	0.00e+00
 1.41625e+22	8.93e-01	1.07e-01	1.36e-04	9.88e-06	0.00e+00	0.00e+00	0.00e+00	0.00e+00
 1.41634e+22	8.94e-01	1.06e-01	1.36e-04	1.00e-05	0.00e+00	0.00e+00	0.00e+00	0.00e+00
 1.41642e+22	8.95e-01	1.05e-01	1.36e-04	1.01e-05	0.00e+00	0.00e+00	0.00e+00	0.00e+00
 1.41650e+22	8.96e-01	1.04e-01	1.35e-04	1.03e-05	0.00e+00	0.00e+00	0.00e+00	0.00e+00
 1.41657e+22	8.97e-01	1.03e-01	1.35e-04	1.04e-05	0.00e+00	0.00e+00	0.00e+00	0.00e+00
 1.41664e+22	8.97e-01	1.03e-01	1.35e-04	1.05e-05	0.00e+00	0.00e+00	0.00e+00	0.00e+00
 1.41669e+22	8.98e-01	1.02e-01	1.35e-04	1.06e-05	0.00e+00	0.00e+00	0.00e+00	0.00e+00
 1.41676e+22	8.98e-01	1.02e-01	1.35e-04	1.08e-05	0.00e+00	0.00e+00	0.00e+00	0.00e+00
 1.41683e+22	8.98e-01	1.01e-01	1.35e-04	1.09e-05	0.00e+00	0.00e+00	0.00e+00	0.00e+00
 1.41689e+22	8.99e-01	1.01e-01	1.35e-04	1.11e-05	0.00e+00	0.00e+00	0.00e+00	0.00e+00
 1.41695e+22	8.99e-01	1.01e-01	1.35e-04	1.11e-05	0.00e+00	0.00e+00	0.00e+00	0.00e+00
 1.41701e+22	8.99e-01	1.01e-01	1.35e-04	1.13e-05	0.00e+00	0.00e+00	0.00e+00	0.00e+00
 1.41708e+22	8.99e-01	1.01e-01	1.35e-04	1.14e-05	0.00e+00	0.00e+00	0.00e+00	0.00e+00
 1.41716e+22	9.00e-01	1.00e-01	1.35e-04	1.15e-05	0.00e+00	0.00e+00	0.00e+00	0.00e+00
 1.41724e+22	9.00e-01	1.00e-01	1.35e-04	1.17e-05	0.00e+00	0.00e+00	0.00e+00	0.00e+00
 1.41732e+22	9.00e-01	9.98e-02	1.35e-04	1.18e-05	0.00e+00	0.00e+00	0.00e+00	0.00e+00
 1.41742e+22	9.00e-01	9.96e-02	1.35e-04	1.19e-05	0.00e+00	0.00e+00	0.00e+00	0.00e+00
 1.41752e+22	9.00e-01	9.94e-02	1.35e-04	1.21e-05	0.00e+00	0.00e+00	0.00e+00	0.00e+00
 1.41764e+22	9.01e-01	9.92e-02	1.35e-04	1.23e-05	0.00e+00	0.00e+00	0.00e+00	0.00e+00
 1.41776e+22	9.01e-01	9.91e-02	1.35e-04	1.25e-05	0.00e+00	0.00e+00	0.00e+00	0.00e+00
 1.41789e+22	9.01e-01	9.89e-02	1.35e-04	1.26e-05	0.00e+00	0.00e+00	0.00e+00	0.00e+00
 1.41804e+22	9.01e-01	9.88e-02	1.35e-04	1.28e-05	0.00e+00	0.00e+00	0.00e+00	0.00e+00
 1.41820e+22	9.01e-01	9.87e-02	1.35e-04	1.28e-05	0.00e+00	0.00e+00	0.00e+00	0.00e+00
 1.41837e+22	9.01e-01	9.86e-02	1.35e-04	1.30e-05	0.00e+00	0.00e+00	0.00e+00	0.00e+00
 1.41856e+22	9.01e-01	9.84e-02	1.35e-04	1.30e-05	0.00e+00	0.00e+00	0.00e+00	0.00e+00
 1.41876e+22	9.02e-01	9.83e-02	1.35e-04	1.32e-05	0.00e+00	0.00e+00	0.00e+00	0.00e+00
 1.41903e+22	9.02e-01	9.81e-02	1.35e-04	1.33e-05	0.00e+00	0.00e+00	0.00e+00	0.00e+00
 1.41933e+22	9.02e-01	9.79e-02	1.35e-04	1.34e-05	0.00e+00	0.00e+00	0.00e+00	0.00e+00
 1.41964e+22	9.02e-01	9.78e-02	1.35e-04	1.34e-05	0.00e+00	0.00e+00	0.00e+00	0.00e+00
 1.41999e+22	9.02e-01	9.77e-02	1.35e-04	1.35e-05	0.00e+00	0.00e+00	0.00e+00	0.00e+00
 1.42044e+22	9.03e-01	9.73e-02	1.35e-04	1.36e-05	0.00e+00	0.00e+00	0.00e+00	0.00e+00
 1.42104e+22	9.03e-01	9.69e-02	1.34e-04	1.36e-05	0.00e+00	0.00e+00	0.00e+00	0.00e+00
 1.42181e+22	9.03e-01	9.64e-02	1.34e-04	1.37e-05	0.00e+00	0.00e+00	0.00e+00	0.00e+00
 1.42281e+22	9.04e-01	9.59e-02	1.34e-04	1.37e-05	0.00e+00	0.00e+00	0.00e+00	0.00e+00
 1.42411e+22	9.05e-01	9.53e-02	1.33e-04	1.38e-05	0.00e+00	0.00e+00	0.00e+00	0.00e+00
 1.42581e+22	9.05e-01	9.46e-02	1.33e-04	1.38e-05	0.00e+00	0.00e+00	0.00e+00	0.00e+00
 1.42764e+22	9.05e-01	9.44e-02	1.32e-04	1.38e-05	0.00e+00	0.00e+00	0.00e+00	0.00e+00
 1.42964e+22	9.06e-01	9.37e-02	1.31e-04	1.38e-05	0.00e+00	0.00e+00	0.00e+00	0.00e+00
 1.43180e+22	9.06e-01	9.34e-02	1.30e-04	1.38e-05	0.00e+00	0.00e+00	0.00e+00	0.00e+00
 1.43417e+22	9.07e-01	9.27e-02	1.29e-04	1.38e-05	0.00e+00	0.00e+00	0.00e+00	0.00e+00
 1.43673e+22	9.08e-01	9.23e-02	1.28e-04	1.37e-05	0.00e+00	0.00e+00	0.00e+00	0.00e+00
 1.43954e+22	9.08e-01	9.15e-02	1.28e-04	1.38e-05	0.00e+00	0.00e+00	0.00e+00	0.00e+00
 1.44257e+22	9.09e-01	9.11e-02	1.27e-04	1.37e-05	0.00e+00	0.00e+00	0.00e+00	0.00e+00
 1.44588e+22	9.10e-01	9.03e-02	1.26e-04	1.38e-05	0.00e+00	0.00e+00	0.00e+00	0.00e+00
 1.44947e+22	9.10e-01	8.98e-02	1.25e-04	1.38e-05	0.00e+00	0.00e+00	0.00e+00	0.00e+00
 1.45339e+22	9.11e-01	8.88e-02	1.24e-04	1.38e-05	0.00e+00	0.00e+00	0.00e+00	0.00e+00
 1.45763e+22	9.12e-01	8.84e-02	1.23e-04	1.38e-05	0.00e+00	0.00e+00	0.00e+00	0.00e+00
 1.46149e+22	9.12e-01	8.79e-02	1.22e-04	1.38e-05	0.00e+00	0.00e+00	0.00e+00	0.00e+00
 1.46571e+22	9.13e-01	8.69e-02	1.21e-04	1.38e-05	0.00e+00	0.00e+00	0.00e+00	0.00e+00
 1.47027e+22	9.13e-01	8.64e-02	1.20e-04	1.38e-05	0.00e+00	0.00e+00	0.00e+00	0.00e+00
 1.47442e+22	9.14e-01	8.59e-02	1.19e-04	1.37e-05	0.00e+00	0.00e+00	0.00e+00	0.00e+00
 1.47820e+22	9.14e-01	8.55e-02	1.18e-04	1.37e-05	0.00e+00	0.00e+00	0.00e+00	0.00e+00
 1.48234e+22	9.15e-01	8.46e-02	1.17e-04	1.37e-05	0.00e+00	0.00e+00	0.00e+00	0.00e+00
 1.48681e+22	9.16e-01	8.40e-02	1.16e-04	1.37e-05	0.00e+00	0.00e+00	0.00e+00	0.00e+00
 1.49088e+22	9.16e-01	8.35e-02	1.15e-04	1.36e-05	0.00e+00	0.00e+00	0.00e+00	0.00e+00
 1.49458e+22	9.17e-01	8.31e-02	1.14e-04	1.36e-05	0.00e+00	0.00e+00	0.00e+00	0.00e+00
 1.49863e+22	9.18e-01	8.22e-02	1.13e-04	1.36e-05	0.00e+00	0.00e+00	0.00e+00	0.00e+00
 1.50301e+22	9.18e-01	8.17e-02	1.12e-04	1.35e-05	0.00e+00	0.00e+00	0.00e+00	0.00e+00
 1.50699e+22	9.19e-01	8.12e-02	1.11e-04	1.34e-05	0.00e+00	0.00e+00	0.00e+00	0.00e+00
 1.51136e+22	9.20e-01	8.02e-02	1.10e-04	1.34e-05	0.00e+00	0.00e+00	0.00e+00	0.00e+00
 1.51607e+22	9.20e-01	7.96e-02	1.09e-04	1.33e-05	0.00e+00	0.00e+00	0.00e+00	0.00e+00
 1.52036e+22	9.21e-01	7.90e-02	1.08e-04	1.32e-05	0.00e+00	0.00e+00	0.00e+00	0.00e+00
 1.52506e+22	9.22e-01	7.80e-02	1.07e-04	1.31e-05	0.00e+00	0.00e+00	0.00e+00	0.00e+00
 1.53014e+22	9.23e-01	7.73e-02	1.06e-04	1.30e-05	0.00e+00	0.00e+00	0.00e+00	0.00e+00
 1.53475e+22	9.23e-01	7.67e-02	1.05e-04	1.29e-05	0.00e+00	0.00e+00	0.00e+00	0.00e+00
 1.53981e+22	9.24e-01	7.57e-02	1.03e-04	1.28e-05	0.00e+00	0.00e+00	0.00e+00	0.00e+00
 1.54527e+22	9.25e-01	7.50e-02	1.02e-04	1.27e-05	0.00e+00	0.00e+00	0.00e+00	0.00e+00
 1.55024e+22	9.26e-01	7.44e-02	1.01e-04	1.26e-05	0.00e+00	0.00e+00	0.00e+00	0.00e+00
 1.55569e+22	9.27e-01	7.33e-02	1.00e-04	1.25e-05	0.00e+00	0.00e+00	0.00e+00	0.00e+00
 1.56157e+22	9.27e-01	7.25e-02	9.87e-05	1.23e-05	0.00e+00	0.00e+00	0.00e+00	0.00e+00
 1.56692e+22	9.28e-01	7.18e-02	9.75e-05	1.22e-05	0.00e+00	0.00e+00	0.00e+00	0.00e+00
 1.57278e+22	9.29e-01	7.07e-02	9.63e-05	1.21e-05	0.00e+00	0.00e+00	0.00e+00	0.00e+00
 1.57911e+22	9.30e-01	6.99e-02	9.50e-05	1.19e-05	0.00e+00	0.00e+00	0.00e+00	0.00e+00
 1.58487e+22	9.31e-01	6.92e-02	9.38e-05	1.17e-05	0.00e+00	0.00e+00	0.00e+00	0.00e+00
 1.59012e+22	9.31e-01	6.86e-02	9.27e-05	1.16e-05	0.00e+00	0.00e+00	0.00e+00	0.00e+00
 1.59586e+22	9.32e-01	6.75e-02	9.16e-05	1.15e-05	0.00e+00	0.00e+00	0.00e+00	0.00e+00
 1.60206e+22	9.33e-01	6.67e-02	9.03e-05	1.13e-05	0.00e+00	0.00e+00	0.00e+00	0.00e+00
 1.60770e+22	9.34e-01	6.61e-02	8.92e-05	1.12e-05	0.00e+00	0.00e+00	0.00e+00	0.00e+00
 1.61389e+22	9.35e-01	6.50e-02	8.81e-05	1.10e-05	0.00e+00	0.00e+00	0.00e+00	0.00e+00
 1.62056e+22	9.36e-01	6.42e-02	8.68e-05	1.08e-05	0.00e+00	0.00e+00	0.00e+00	0.00e+00
 1.62664e+22	9.36e-01	6.34e-02	8.56e-05	1.07e-05	0.00e+00	0.00e+00	0.00e+00	0.00e+00
 1.63330e+22	9.38e-01	6.23e-02	8.44e-05	1.05e-05	0.00e+00	0.00e+00	0.00e+00	0.00e+00
 1.64048e+22	9.38e-01	6.15e-02	8.31e-05	1.03e-05	0.00e+00	0.00e+00	0.00e+00	0.00e+00
 1.64702e+22	9.39e-01	6.07e-02	8.19e-05	1.01e-05	0.00e+00	0.00e+00	0.00e+00	0.00e+00
 1.65297e+22	9.40e-01	6.01e-02	8.08e-05	9.98e-06	0.00e+00	0.00e+00	0.00e+00	0.00e+00
 1.65949e+22	9.41e-01	5.90e-02	7.97e-05	9.82e-06	0.00e+00	0.00e+00	0.00e+00	0.00e+00
 1.66653e+22	9.42e-01	5.82e-02	7.84e-05	9.63e-06	0.00e+00	0.00e+00	0.00e+00	0.00e+00
 1.67294e+22	9.42e-01	5.75e-02	7.73e-05	9.45e-06	0.00e+00	0.00e+00	0.00e+00	0.00e+00
 1.67996e+22	9.43e-01	5.64e-02	7.62e-05	9.27e-06	0.00e+00	0.00e+00	0.00e+00	0.00e+00
 1.68754e+22	9.44e-01	5.56e-02	7.49e-05	9.08e-06	0.00e+00	0.00e+00	0.00e+00	0.00e+00
 1.69444e+22	9.45e-01	5.49e-02	7.37e-05	8.90e-06	0.00e+00	0.00e+00	0.00e+00	0.00e+00
 1.70200e+22	9.46e-01	5.38e-02	7.26e-05	8.71e-06	0.00e+00	0.00e+00	0.00e+00	0.00e+00
 1.71015e+22	9.47e-01	5.29e-02	7.13e-05	8.50e-06	0.00e+00	0.00e+00	0.00e+00	0.00e+00
 1.71758e+22	9.48e-01	5.22e-02	7.01e-05	8.31e-06	0.00e+00	0.00e+00	0.00e+00	0.00e+00
 1.72571e+22	9.49e-01	5.11e-02	6.89e-05	8.11e-06	0.00e+00	0.00e+00	0.00e+00	0.00e+00
 1.73450e+22	9.50e-01	5.02e-02	6.76e-05	7.90e-06	0.00e+00	0.00e+00	0.00e+00	0.00e+00
 1.74249e+22	9.51e-01	4.94e-02	6.64e-05	7.73e-06	0.00e+00	0.00e+00	0.00e+00	0.00e+00
 1.74976e+22	9.51e-01	4.87e-02	6.53e-05	7.53e-06	0.00e+00	0.00e+00	0.00e+00	0.00e+00
 1.75774e+22	9.52e-01	4.77e-02	6.42e-05	7.35e-06	0.00e+00	0.00e+00	0.00e+00	0.00e+00
 1.76634e+22	9.53e-01	4.69e-02	6.30e-05	7.15e-06	0.00e+00	0.00e+00	0.00e+00	0.00e+00
 1.77577e+22	9.54e-01	4.58e-02	6.17e-05	6.94e-06	0.00e+00	0.00e+00	0.00e+00	0.00e+00
 1.78595e+22	9.55e-01	4.48e-02	6.04e-05	6.72e-06	0.00e+00	0.00e+00	0.00e+00	0.00e+00
 1.79521e+22	9.56e-01	4.40e-02	5.92e-05	6.52e-06	0.00e+00	0.00e+00	0.00e+00	0.00e+00
 1.80364e+22	9.57e-01	4.33e-02	5.81e-05	6.35e-06	0.00e+00	0.00e+00	0.00e+00	0.00e+00
 1.81288e+22	9.58e-01	4.23e-02	5.69e-05	6.16e-06	0.00e+00	0.00e+00	0.00e+00	0.00e+00
 1.82285e+22	9.58e-01	4.14e-02	5.57e-05	5.96e-06	0.00e+00	0.00e+00	0.00e+00	0.00e+00
 1.83192e+22	9.59e-01	4.07e-02	5.46e-05	5.79e-06	0.00e+00	0.00e+00	0.00e+00	0.00e+00
 1.84187e+22	9.60e-01	3.97e-02	5.35e-05	5.60e-06	0.00e+00	0.00e+00	0.00e+00	0.00e+00
 1.85260e+22	9.61e-01	3.89e-02	5.23e-05	5.41e-06	0.00e+00	0.00e+00	0.00e+00	0.00e+00
 1.86237e+22	9.62e-01	3.82e-02	5.12e-05	5.25e-06	0.00e+00	0.00e+00	0.00e+00	0.00e+00
 1.87126e+22	9.62e-01	3.75e-02	5.02e-05	5.08e-06	0.00e+00	0.00e+00	0.00e+00	0.00e+00
 1.88100e+22	9.63e-01	3.66e-02	4.92e-05	4.92e-06	0.00e+00	0.00e+00	0.00e+00	0.00e+00
 1.89152e+22	9.64e-01	3.58e-02	4.81e-05	4.75e-06	0.00e+00	0.00e+00	0.00e+00	0.00e+00
 1.90304e+22	9.65e-01	3.48e-02	4.69e-05	4.57e-06	0.00e+00	0.00e+00	0.00e+00	0.00e+00
 1.91549e+22	9.66e-01	3.40e-02	4.57e-05	4.39e-06	0.00e+00	0.00e+00	0.00e+00	0.00e+00
 1.92681e+22	9.67e-01	3.32e-02	4.46e-05	4.22e-06	0.00e+00	0.00e+00	0.00e+00	0.00e+00
 1.93921e+22	9.68e-01	3.23e-02	4.35e-05	4.04e-06	0.00e+00	0.00e+00	0.00e+00	0.00e+00
 1.95261e+22	9.69e-01	3.14e-02	4.23e-05	3.86e-06	0.00e+00	0.00e+00	0.00e+00	0.00e+00
 1.96480e+22	9.69e-01	3.07e-02	4.12e-05	3.71e-06	0.00e+00	0.00e+00	0.00e+00	0.00e+00
 1.97589e+22	9.70e-01	3.00e-02	4.03e-05	3.57e-06	0.00e+00	0.00e+00	0.00e+00	0.00e+00
 1.98804e+22	9.71e-01	2.92e-02	3.93e-05	3.42e-06	0.00e+00	0.00e+00	0.00e+00	0.00e+00
 2.00116e+22	9.71e-01	2.85e-02	3.82e-05	3.27e-06	0.00e+00	0.00e+00	0.00e+00	0.00e+00
 2.01310e+22	9.72e-01	2.78e-02	3.73e-05	3.14e-06	0.00e+00	0.00e+00	0.00e+00	0.00e+00
 2.02618e+22	9.73e-01	2.70e-02	3.63e-05	3.00e-06	0.00e+00	0.00e+00	0.00e+00	0.00e+00
 2.04031e+22	9.74e-01	2.63e-02	3.53e-05	2.86e-06	0.00e+00	0.00e+00	0.00e+00	0.00e+00
 2.05316e+22	9.74e-01	2.56e-02	3.43e-05	2.74e-06	0.00e+00	0.00e+00	0.00e+00	0.00e+00
 2.06725e+22	9.75e-01	2.49e-02	3.34e-05	2.61e-06	0.00e+00	0.00e+00	0.00e+00	0.00e+00
 2.08245e+22	9.76e-01	2.41e-02	3.24e-05	2.48e-06	0.00e+00	0.00e+00	0.00e+00	0.00e+00
 2.09912e+22	9.77e-01	2.33e-02	3.13e-05	2.34e-06	0.00e+00	0.00e+00	0.00e+00	0.00e+00
 2.11846e+22	9.78e-01	2.24e-02	3.01e-05	2.20e-06	0.00e+00	0.00e+00	0.00e+00	0.00e+00
 2.13870e+22	9.78e-01	2.16e-02	2.90e-05	2.05e-06	0.00e+00	0.00e+00	0.00e+00	0.00e+00
 2.15970e+22	9.79e-01	2.07e-02	2.78e-05	1.92e-06	0.00e+00	0.00e+00	0.00e+00	0.00e+00
 2.18142e+22	9.80e-01	1.99e-02	2.66e-05	1.78e-06	0.00e+00	0.00e+00	0.00e+00	0.00e+00
 2.20368e+22	9.81e-01	1.90e-02	2.55e-05	1.66e-06	0.00e+00	0.00e+00	0.00e+00	0.00e+00
 2.22639e+22	9.82e-01	1.83e-02	2.45e-05	1.54e-06	0.00e+00	0.00e+00	0.00e+00	0.00e+00
 2.24958e+22	9.82e-01	1.75e-02	2.34e-05	1.43e-06	0.00e+00	0.00e+00	0.00e+00	0.00e+00
 2.27328e+22	9.83e-01	1.67e-02	2.24e-05	1.33e-06	0.00e+00	0.00e+00	0.00e+00	0.00e+00
 2.29753e+22	9.84e-01	1.60e-02	2.14e-05	1.23e-06	0.00e+00	0.00e+00	0.00e+00	0.00e+00
 2.32232e+22	9.85e-01	1.53e-02	2.05e-05	1.14e-06	0.00e+00	0.00e+00	0.00e+00	0.00e+00
 2.34764e+22	9.85e-01	1.47e-02	1.95e-05	1.05e-06	0.00e+00	0.00e+00	0.00e+00	0.00e+00
 2.37348e+22	9.86e-01	1.40e-02	1.87e-05	9.68e-07	0.00e+00	0.00e+00	0.00e+00	0.00e+00
 2.39989e+22	9.87e-01	1.34e-02	1.78e-05	8.93e-07	0.00e+00	0.00e+00	0.00e+00	0.00e+00
 2.42688e+22	9.87e-01	1.28e-02	1.70e-05	8.23e-07	0.00e+00	0.00e+00	0.00e+00	0.00e+00
 2.45441e+22	9.88e-01	1.22e-02	1.62e-05	7.58e-07	0.00e+00	0.00e+00	0.00e+00	0.00e+00
 2.48248e+22	9.88e-01	1.17e-02	1.54e-05	6.97e-07	0.00e+00	0.00e+00	0.00e+00	0.00e+00
 2.51110e+22	9.89e-01	1.11e-02	1.47e-05	6.41e-07	0.00e+00	0.00e+00	0.00e+00	0.00e+00
 2.54039e+22	9.89e-01	1.06e-02	1.40e-05	5.89e-07	0.00e+00	0.00e+00	0.00e+00	0.00e+00
 2.57037e+22	9.90e-01	1.01e-02	1.33e-05	5.41e-07	0.00e+00	0.00e+00	0.00e+00	0.00e+00
 2.60098e+22	9.90e-01	9.64e-03	1.27e-05	4.96e-07	0.00e+00	0.00e+00	0.00e+00	0.00e+00
 2.63223e+22	9.91e-01	9.19e-03	1.21e-05	4.54e-07	0.00e+00	0.00e+00	0.00e+00	0.00e+00
 2.66416e+22	9.91e-01	8.75e-03	1.15e-05	4.16e-07	0.00e+00	0.00e+00	0.00e+00	0.00e+00
 2.69683e+22	9.92e-01	8.33e-03	1.09e-05	3.80e-07	0.00e+00	0.00e+00	0.00e+00	0.00e+00
 2.73063e+22	9.92e-01	7.93e-03	1.04e-05	3.47e-07	0.00e+00	0.00e+00	0.00e+00	0.00e+00
 2.76575e+22	9.92e-01	7.53e-03	9.82e-06	3.16e-07	0.00e+00	0.00e+00	0.00e+00	0.00e+00
 2.80190e+22	9.93e-01	7.15e-03	9.31e-06	2.88e-07	0.00e+00	0.00e+00	0.00e+00	0.00e+00
 2.83901e+22	9.93e-01	6.79e-03	8.81e-06	2.61e-07	0.00e+00	0.00e+00	0.00e+00	0.00e+00
 2.87712e+22	9.94e-01	6.45e-03	8.34e-06	2.37e-07	0.00e+00	0.00e+00	0.00e+00	0.00e+00
 2.91624e+22	9.94e-01	6.11e-03	7.89e-06	2.15e-07	0.00e+00	0.00e+00	0.00e+00	0.00e+00
 2.95645e+22	9.94e-01	5.80e-03	7.46e-06	1.95e-07	0.00e+00	0.00e+00	0.00e+00	0.00e+00
 2.99787e+22	9.94e-01	5.49e-03	7.04e-06	1.76e-07	0.00e+00	0.00e+00	0.00e+00	0.00e+00
 3.04072e+22	9.95e-01	5.20e-03	6.65e-06	1.59e-07	0.00e+00	0.00e+00	0.00e+00	0.00e+00
 3.08509e+22	9.95e-01	4.92e-03	6.27e-06	1.43e-07	0.00e+00	0.00e+00	0.00e+00	0.00e+00
 3.13131e+22	9.95e-01	4.65e-03	5.90e-06	1.29e-07	0.00e+00	0.00e+00	0.00e+00	0.00e+00
 3.17975e+22	9.96e-01	4.39e-03	5.54e-06	0.00e+00	0.00e+00	0.00e+00	0.00e+00	0.00e+00
 3.22935e+22	9.96e-01	4.14e-03	5.21e-06	0.00e+00	0.00e+00	0.00e+00	0.00e+00	0.00e+00
 3.28049e+22	9.96e-01	3.91e-03	4.89e-06	0.00e+00	0.00e+00	0.00e+00	0.00e+00	0.00e+00
 3.33454e+22	9.96e-01	3.68e-03	4.58e-06	0.00e+00	0.00e+00	0.00e+00	0.00e+00	0.00e+00
 3.39102e+22	9.97e-01	3.46e-03	4.29e-06	0.00e+00	0.00e+00	0.00e+00	0.00e+00	0.00e+00
 3.44959e+22	9.97e-01	3.25e-03	4.01e-06	0.00e+00	0.00e+00	0.00e+00	0.00e+00	0.00e+00
 3.51061e+22	9.97e-01	3.05e-03	3.74e-06	0.00e+00	0.00e+00	0.00e+00	0.00e+00	0.00e+00
 3.57462e+22	9.97e-01	2.86e-03	3.49e-06	0.00e+00	0.00e+00	0.00e+00	0.00e+00	0.00e+00
 3.64190e+22	9.97e-01	2.68e-03	3.25e-06	0.00e+00	0.00e+00	0.00e+00	0.00e+00	0.00e+00
 3.71247e+22	9.97e-01	2.50e-03	3.02e-06	0.00e+00	0.00e+00	0.00e+00	0.00e+00	0.00e+00
 3.78633e+22	9.98e-01	2.34e-03	2.80e-06	0.00e+00	0.00e+00	0.00e+00	0.00e+00	0.00e+00
 3.86380e+22	9.98e-01	2.18e-03	2.59e-06	0.00e+00	0.00e+00	0.00e+00	0.00e+00	0.00e+00
 3.94528e+22	9.98e-01	2.03e-03	2.40e-06	0.00e+00	0.00e+00	0.00e+00	0.00e+00	0.00e+00
 4.03125e+22	9.98e-01	1.89e-03	2.22e-06	0.00e+00	0.00e+00	0.00e+00	0.00e+00	0.00e+00
 4.12253e+22	9.98e-01	1.75e-03	2.04e-06	0.00e+00	0.00e+00	0.00e+00	0.00e+00	0.00e+00
 4.21838e+22	9.98e-01	1.63e-03	1.88e-06	0.00e+00	0.00e+00	0.00e+00	0.00e+00	0.00e+00
 4.31746e+22	9.98e-01	1.51e-03	1.73e-06	0.00e+00	0.00e+00	0.00e+00	0.00e+00	0.00e+00
 4.41993e+22	9.99e-01	1.40e-03	1.59e-06	0.00e+00	0.00e+00	0.00e+00	0.00e+00	0.00e+00
 4.52657e+22	9.99e-01	1.30e-03	1.46e-06	0.00e+00	0.00e+00	0.00e+00	0.00e+00	0.00e+00
 4.63781e+22	9.99e-01	1.20e-03	1.34e-06	0.00e+00	0.00e+00	0.00e+00	0.00e+00	0.00e+00
 4.75315e+22	9.99e-01	1.11e-03	1.23e-06	0.00e+00	0.00e+00	0.00e+00	0.00e+00	0.00e+00
 4.87298e+22	9.99e-01	1.03e-03	1.13e-06	0.00e+00	0.00e+00	0.00e+00	0.00e+00	0.00e+00
 4.99839e+22	9.99e-01	9.57e-04	1.04e-06	0.00e+00	0.00e+00	0.00e+00	0.00e+00	0.00e+00
 5.12843e+22	9.99e-01	8.87e-04	9.56e-07	0.00e+00	0.00e+00	0.00e+00	0.00e+00	0.00e+00
 5.26386e+22	9.99e-01	8.21e-04	8.78e-07	0.00e+00	0.00e+00	0.00e+00	0.00e+00	0.00e+00
 5.40695e+22	9.99e-01	7.59e-04	8.05e-07	0.00e+00	0.00e+00	0.00e+00	0.00e+00	0.00e+00
 5.55751e+22	9.99e-01	7.02e-04	7.37e-07	0.00e+00	0.00e+00	0.00e+00	0.00e+00	0.00e+00
 5.71469e+22	9.99e-01	6.48e-04	6.75e-07	0.00e+00	0.00e+00	0.00e+00	0.00e+00	0.00e+00
 5.87858e+22	9.99e-01	5.99e-04	6.18e-07	0.00e+00	0.00e+00	0.00e+00	0.00e+00	0.00e+00
 6.05030e+22	9.99e-01	5.53e-04	5.66e-07	0.00e+00	0.00e+00	0.00e+00	0.00e+00	0.00e+00
 6.23077e+22	9.99e-01	5.11e-04	5.18e-07	0.00e+00	0.00e+00	0.00e+00	0.00e+00	0.00e+00
 6.42061e+22	1.00e+00	4.71e-04	4.73e-07	0.00e+00	0.00e+00	0.00e+00	0.00e+00	0.00e+00
 6.62043e+22	1.00e+00	4.35e-04	4.32e-07	0.00e+00	0.00e+00	0.00e+00	0.00e+00	0.00e+00
 6.82944e+22	1.00e+00	4.01e-04	3.95e-07	0.00e+00	0.00e+00	0.00e+00	0.00e+00	0.00e+00
 7.04935e+22	1.00e+00	3.70e-04	3.61e-07	0.00e+00	0.00e+00	0.00e+00	0.00e+00	0.00e+00
 7.28338e+22	1.00e+00	3.41e-04	3.30e-07	0.00e+00	0.00e+00	0.00e+00	0.00e+00	0.00e+00
 7.53214e+22	1.00e+00	3.14e-04	3.01e-07	0.00e+00	0.00e+00	0.00e+00	0.00e+00	0.00e+00
 7.79332e+22	1.00e+00	2.89e-04	2.74e-07	0.00e+00	0.00e+00	0.00e+00	0.00e+00	0.00e+00
 8.06922e+22	1.00e+00	2.66e-04	2.50e-07	0.00e+00	0.00e+00	0.00e+00	0.00e+00	0.00e+00
 8.36657e+22	1.00e+00	2.45e-04	2.28e-07	0.00e+00	0.00e+00	0.00e+00	0.00e+00	0.00e+00
 8.68472e+22	1.00e+00	2.25e-04	2.08e-07	0.00e+00	0.00e+00	0.00e+00	0.00e+00	0.00e+00
 9.02323e+22	1.00e+00	2.07e-04	1.90e-07	0.00e+00	0.00e+00	0.00e+00	0.00e+00	0.00e+00
 9.38830e+22	1.00e+00	1.90e-04	1.73e-07	0.00e+00	0.00e+00	0.00e+00	0.00e+00	0.00e+00
 9.77617e+22	1.00e+00	1.75e-04	1.58e-07	0.00e+00	0.00e+00	0.00e+00	0.00e+00	0.00e+00
 1.01796e+23	1.00e+00	1.61e-04	1.44e-07	0.00e+00	0.00e+00	0.00e+00	0.00e+00	0.00e+00
 1.05991e+23	1.00e+00	1.50e-04	1.33e-07	0.00e+00	0.00e+00	0.00e+00	0.00e+00	0.00e+00
 1.10354e+23	1.00e+00	1.39e-04	1.23e-07	0.00e+00	0.00e+00	0.00e+00	0.00e+00	0.00e+00
 1.14892e+23	1.00e+00	1.30e-04	1.14e-07	0.00e+00	0.00e+00	0.00e+00	0.00e+00	0.00e+00
 1.19611e+23	1.00e+00	1.23e-04	1.07e-07	0.00e+00	0.00e+00	0.00e+00	0.00e+00	0.00e+00
 1.24518e+23	1.00e+00	1.16e-04	1.01e-07	0.00e+00	0.00e+00	0.00e+00	0.00e+00	0.00e+00
 1.29623e+23	1.00e+00	1.10e-04	9.52e-08	0.00e+00	0.00e+00	0.00e+00	0.00e+00	0.00e+00
 1.34931e+23	1.00e+00	1.05e-04	9.06e-08	0.00e+00	0.00e+00	0.00e+00	0.00e+00	0.00e+00
 1.40452e+23	1.00e+00	1.01e-04	8.70e-08	0.00e+00	0.00e+00	0.00e+00	0.00e+00	0.00e+00
 1.46193e+23	1.00e+00	9.79e-05	8.41e-08	0.00e+00	0.00e+00	0.00e+00	0.00e+00	0.00e+00
 1.52164e+23	1.00e+00	9.55e-05	8.19e-08	0.00e+00	0.00e+00	0.00e+00	0.00e+00	0.00e+00
 1.58374e+23	1.00e+00	9.38e-05	8.05e-08	0.00e+00	0.00e+00	0.00e+00	0.00e+00	0.00e+00
 1.64833e+23	1.00e+00	9.29e-05	7.97e-08	0.00e+00	0.00e+00	0.00e+00	0.00e+00	0.00e+00
 1.71549e+23	1.00e+00	9.28e-05	7.97e-08	0.00e+00	0.00e+00	0.00e+00	0.00e+00	0.00e+00
 1.78535e+23	1.00e+00	9.34e-05	8.04e-08	0.00e+00	0.00e+00	0.00e+00	0.00e+00	0.00e+00
 1.85800e+23	1.00e+00	9.48e-05	8.18e-08	0.00e+00	0.00e+00	0.00e+00	0.00e+00	0.00e+00
 1.93355e+23	1.00e+00	9.71e-05	8.40e-08	0.00e+00	0.00e+00	0.00e+00	0.00e+00	0.00e+00
