#depth	N	N+	N+2	N+3	N+4	N+5	N+6	N+7
 6.17135e+19	1.48e-13	1.32e-08	3.52e-05	4.48e-03	4.34e-02	7.44e-01	1.99e-01	9.39e-03
 1.87609e+20	1.89e-13	1.66e-08	4.39e-05	5.27e-03	4.86e-02	7.55e-01	1.83e-01	7.86e-03
 3.14614e+20	2.42e-13	2.09e-08	5.46e-05	6.17e-03	5.42e-02	7.64e-01	1.69e-01	6.59e-03
 4.40961e+20	3.08e-13	2.63e-08	6.74e-05	7.17e-03	5.99e-02	7.71e-01	1.56e-01	5.56e-03
 5.31198e+20	3.64e-13	3.07e-08	7.81e-05	7.95e-03	6.42e-02	7.76e-01	1.47e-01	4.93e-03
 5.74996e+20	3.98e-13	3.33e-08	8.36e-05	8.33e-03	6.61e-02	7.77e-01	1.44e-01	4.68e-03
 6.14291e+20	4.29e-13	3.56e-08	8.89e-05	8.70e-03	6.79e-02	7.79e-01	1.40e-01	4.45e-03
 6.65375e+20	4.73e-13	3.89e-08	9.63e-05	9.19e-03	7.04e-02	7.80e-01	1.36e-01	4.17e-03
 7.31784e+20	5.35e-13	4.36e-08	1.07e-04	9.86e-03	7.37e-02	7.82e-01	1.30e-01	3.84e-03
 8.18116e+20	6.28e-13	5.04e-08	1.22e-04	1.08e-02	7.81e-02	7.84e-01	1.24e-01	3.46e-03
 9.09368e+20	7.43e-13	5.87e-08	1.40e-04	1.18e-02	8.29e-02	7.85e-01	1.17e-01	3.10e-03
 9.83777e+20	8.49e-13	6.62e-08	1.56e-04	1.27e-02	8.68e-02	7.85e-01	1.12e-01	2.84e-03
 1.05727e+21	9.70e-13	7.46e-08	1.73e-04	1.37e-02	9.07e-02	7.85e-01	1.08e-01	2.61e-03
 1.15282e+21	1.15e-12	8.70e-08	1.98e-04	1.50e-02	9.59e-02	7.85e-01	1.02e-01	2.34e-03
 1.25110e+21	1.37e-12	1.01e-07	2.26e-04	1.64e-02	1.01e-01	7.84e-01	9.63e-02	2.09e-03
 1.33099e+21	1.57e-12	1.14e-07	2.52e-04	1.76e-02	1.06e-01	7.82e-01	9.21e-02	1.92e-03
 1.41291e+21	1.80e-12	1.29e-07	2.81e-04	1.89e-02	1.11e-01	7.81e-01	8.80e-02	1.75e-03
 1.51941e+21	2.16e-12	1.52e-07	3.22e-04	2.07e-02	1.17e-01	7.78e-01	8.29e-02	1.56e-03
 1.63101e+21	2.59e-12	1.79e-07	3.71e-04	2.27e-02	1.23e-01	7.74e-01	7.80e-02	1.39e-03
 1.72514e+21	3.02e-12	2.04e-07	4.17e-04	2.45e-02	1.29e-01	7.71e-01	7.41e-02	1.26e-03
 1.82343e+21	3.53e-12	2.34e-07	4.69e-04	2.65e-02	1.35e-01	7.67e-01	7.03e-02	1.14e-03
 1.95120e+21	4.32e-12	2.79e-07	5.45e-04	2.92e-02	1.43e-01	7.61e-01	6.57e-02	1.00e-03
 2.08453e+21	5.30e-12	3.33e-07	6.35e-04	3.22e-02	1.51e-01	7.54e-01	6.12e-02	8.80e-04
 2.19485e+21	6.24e-12	3.83e-07	7.18e-04	3.48e-02	1.58e-01	7.48e-01	5.78e-02	7.91e-04
 2.30808e+21	7.37e-12	4.42e-07	8.11e-04	3.77e-02	1.65e-01	7.41e-01	5.45e-02	7.10e-04
 2.45527e+21	9.14e-12	5.32e-07	9.48e-04	4.16e-02	1.74e-01	7.32e-01	5.06e-02	6.18e-04
 2.60873e+21	1.14e-11	6.41e-07	1.11e-03	4.60e-02	1.84e-01	7.22e-01	4.68e-02	5.36e-04
 2.73577e+21	1.35e-11	7.43e-07	1.26e-03	4.97e-02	1.92e-01	7.13e-01	4.38e-02	4.78e-04
 2.86632e+21	1.62e-11	8.65e-07	1.43e-03	5.38e-02	2.00e-01	7.04e-01	4.11e-02	4.25e-04
 3.03605e+21	2.04e-11	1.05e-06	1.67e-03	5.94e-02	2.10e-01	6.91e-01	3.78e-02	3.66e-04
 3.20317e+21	2.53e-11	1.26e-06	1.94e-03	6.53e-02	2.20e-01	6.78e-01	3.48e-02	3.16e-04
 3.33202e+21	2.98e-11	1.44e-06	2.17e-03	7.00e-02	2.28e-01	6.67e-01	3.26e-02	2.83e-04
 3.46462e+21	3.52e-11	1.66e-06	2.44e-03	7.50e-02	2.35e-01	6.56e-01	3.06e-02	2.53e-04
 3.63699e+21	4.36e-11	1.98e-06	2.81e-03	8.19e-02	2.45e-01	6.42e-01	2.81e-02	2.19e-04
 3.82370e+21	5.45e-11	2.38e-06	3.27e-03	8.96e-02	2.56e-01	6.25e-01	2.57e-02	1.88e-04
 3.99335e+21	6.64e-11	2.80e-06	3.73e-03	9.70e-02	2.65e-01	6.10e-01	2.37e-02	1.63e-04
 4.14577e+21	7.88e-11	3.23e-06	4.18e-03	1.04e-01	2.73e-01	5.97e-01	2.20e-02	1.44e-04
 4.31150e+21	9.50e-11	3.76e-06	4.72e-03	1.12e-01	2.81e-01	5.82e-01	2.03e-02	1.26e-04
 4.52695e+21	1.21e-10	4.57e-06	5.50e-03	1.22e-01	2.92e-01	5.62e-01	1.84e-02	1.07e-04
 4.74376e+21	1.51e-10	5.49e-06	6.37e-03	1.33e-01	3.02e-01	5.42e-01	1.66e-02	9.00e-05
 4.91526e+21	1.81e-10	6.32e-06	7.13e-03	1.42e-01	3.09e-01	5.27e-01	1.53e-02	7.89e-05
 5.09111e+21	2.16e-10	7.31e-06	7.98e-03	1.51e-01	3.16e-01	5.10e-01	1.41e-02	6.90e-05
 5.31972e+21	2.72e-10	8.79e-06	9.22e-03	1.64e-01	3.25e-01	4.89e-01	1.26e-02	5.79e-05
 5.55181e+21	3.40e-10	1.05e-05	1.06e-02	1.78e-01	3.33e-01	4.68e-01	1.13e-02	4.86e-05
 5.74150e+21	4.05e-10	1.20e-05	1.18e-02	1.89e-01	3.38e-01	4.51e-01	1.03e-02	4.21e-05
 5.94119e+21	4.89e-10	1.39e-05	1.32e-02	2.00e-01	3.44e-01	4.33e-01	9.39e-03	3.64e-05
 6.20079e+21	6.21e-10	1.68e-05	1.53e-02	2.17e-01	3.50e-01	4.10e-01	8.29e-03	3.00e-05
 6.46429e+21	7.80e-10	2.01e-05	1.75e-02	2.33e-01	3.55e-01	3.87e-01	7.30e-03	2.47e-05
 6.68276e+21	9.39e-10	2.32e-05	1.95e-02	2.47e-01	3.59e-01	3.69e-01	6.58e-03	2.11e-05
 6.91668e+21	1.15e-09	2.70e-05	2.19e-02	2.62e-01	3.61e-01	3.49e-01	5.88e-03	1.78e-05
 7.22077e+21	1.48e-09	3.28e-05	2.54e-02	2.81e-01	3.63e-01	3.25e-01	5.08e-03	1.43e-05
 7.52815e+21	1.88e-09	3.94e-05	2.92e-02	3.01e-01	3.64e-01	3.01e-01	4.38e-03	1.14e-05
 7.78287e+21	2.29e-09	4.56e-05	3.26e-02	3.17e-01	3.64e-01	2.83e-01	3.87e-03	9.53e-06
 8.05704e+21	2.83e-09	5.35e-05	3.67e-02	3.35e-01	3.62e-01	2.63e-01	3.39e-03	7.84e-06
 8.36378e+21	3.56e-09	6.34e-05	4.16e-02	3.54e-01	3.59e-01	2.42e-01	2.91e-03	6.30e-06
 8.64798e+21	4.36e-09	7.37e-05	4.66e-02	3.72e-01	3.55e-01	2.24e-01	2.53e-03	5.16e-06
 8.90977e+21	5.24e-09	8.45e-05	5.15e-02	3.88e-01	3.50e-01	2.08e-01	2.23e-03	4.29e-06
 9.20728e+21	6.48e-09	9.88e-05	5.77e-02	4.06e-01	3.43e-01	1.91e-01	1.92e-03	3.48e-06
 9.53821e+21	8.11e-09	1.16e-04	6.51e-02	4.25e-01	3.35e-01	1.73e-01	1.63e-03	2.76e-06
 9.84506e+21	9.91e-09	1.35e-04	7.25e-02	4.41e-01	3.27e-01	1.58e-01	1.40e-03	2.23e-06
 1.01313e+22	1.19e-08	1.54e-04	8.00e-02	4.56e-01	3.18e-01	1.45e-01	1.21e-03	1.83e-06
 1.04584e+22	1.47e-08	1.80e-04	8.94e-02	4.72e-01	3.07e-01	1.31e-01	1.03e-03	1.46e-06
 1.08178e+22	1.84e-08	2.11e-04	1.00e-01	4.89e-01	2.94e-01	1.16e-01	8.56e-04	1.14e-06
 1.11438e+22	2.23e-08	2.43e-04	1.11e-01	5.02e-01	2.81e-01	1.05e-01	7.27e-04	9.17e-07
 1.14427e+22	2.66e-08	2.76e-04	1.22e-01	5.13e-01	2.69e-01	9.45e-02	6.24e-04	7.49e-07
 1.17821e+22	3.26e-08	3.20e-04	1.36e-01	5.24e-01	2.55e-01	8.41e-02	5.25e-04	5.96e-07
 1.21522e+22	4.01e-08	3.73e-04	1.51e-01	5.35e-01	2.40e-01	7.39e-02	4.34e-04	4.66e-07
 1.24825e+22	4.78e-08	4.25e-04	1.66e-01	5.42e-01	2.26e-01	6.58e-02	3.68e-04	3.76e-07
 1.27806e+22	5.60e-08	4.77e-04	1.81e-01	5.47e-01	2.13e-01	5.90e-02	3.16e-04	3.09e-07
 1.31170e+22	6.73e-08	5.47e-04	1.98e-01	5.51e-01	1.98e-01	5.20e-02	2.66e-04	2.48e-07
 1.34810e+22	8.10e-08	6.29e-04	2.19e-01	5.53e-01	1.82e-01	4.54e-02	2.21e-04	1.97e-07
 1.38008e+22	9.47e-08	7.09e-04	2.38e-01	5.53e-01	1.69e-01	4.02e-02	1.88e-04	1.62e-07
 1.40845e+22	1.09e-07	7.88e-04	2.56e-01	5.51e-01	1.57e-01	3.59e-02	1.63e-04	1.35e-07
 1.44016e+22	1.28e-07	8.91e-04	2.77e-01	5.48e-01	1.43e-01	3.15e-02	1.38e-04	0.00e+00
 1.47239e+22	1.48e-07	1.00e-03	2.99e-01	5.42e-01	1.30e-01	2.75e-02	1.16e-04	0.00e+00
 1.49799e+22	1.67e-07	1.10e-03	3.18e-01	5.37e-01	1.19e-01	2.47e-02	1.01e-04	0.00e+00
 1.52048e+22	1.84e-07	1.18e-03	3.35e-01	5.31e-01	1.10e-01	2.23e-02	8.96e-05	0.00e+00
 1.54621e+22	2.08e-07	1.30e-03	3.54e-01	5.24e-01	1.00e-01	1.98e-02	7.74e-05	0.00e+00
 1.57189e+22	2.36e-07	1.43e-03	3.74e-01	5.16e-01	9.09e-02	1.76e-02	6.73e-05	0.00e+00
 1.59118e+22	2.57e-07	1.53e-03	3.88e-01	5.10e-01	8.40e-02	1.60e-02	6.03e-05	0.00e+00
 1.60994e+22	2.82e-07	1.64e-03	4.03e-01	5.04e-01	7.73e-02	1.46e-02	5.38e-05	0.00e+00
 1.63114e+22	3.12e-07	1.78e-03	4.19e-01	4.96e-01	7.01e-02	1.30e-02	4.71e-05	0.00e+00
 1.65108e+22	3.41e-07	1.90e-03	4.34e-01	4.89e-01	6.38e-02	1.18e-02	4.18e-05	0.00e+00
 1.66974e+22	3.73e-07	2.02e-03	4.48e-01	4.82e-01	5.82e-02	1.07e-02	3.72e-05	0.00e+00
 1.69116e+22	4.14e-07	2.18e-03	4.63e-01	4.73e-01	5.20e-02	9.51e-03	3.23e-05	0.00e+00
 1.71410e+22	4.62e-07	2.35e-03	4.79e-01	4.64e-01	4.61e-02	8.43e-03	2.78e-05	0.00e+00
 1.73442e+22	5.10e-07	2.51e-03	4.93e-01	4.56e-01	4.13e-02	7.58e-03	2.43e-05	0.00e+00
 1.75333e+22	5.59e-07	2.67e-03	5.05e-01	4.48e-01	3.72e-02	6.87e-03	2.15e-05	0.00e+00
 1.77496e+22	6.25e-07	2.86e-03	5.19e-01	4.39e-01	3.30e-02	6.14e-03	1.86e-05	0.00e+00
 1.79832e+22	7.01e-07	3.08e-03	5.33e-01	4.29e-01	2.91e-02	5.48e-03	1.60e-05	0.00e+00
 1.81925e+22	7.77e-07	3.28e-03	5.45e-01	4.20e-01	2.61e-02	4.97e-03	1.40e-05	0.00e+00
 1.83854e+22	8.54e-07	3.47e-03	5.56e-01	4.12e-01	2.36e-02	4.55e-03	1.24e-05	0.00e+00
 1.86036e+22	9.52e-07	3.70e-03	5.68e-01	4.03e-01	2.11e-02	4.13e-03	1.08e-05	0.00e+00
 1.88802e+22	1.09e-06	4.00e-03	5.82e-01	3.92e-01	1.85e-02	3.69e-03	9.21e-06	0.00e+00
 1.91704e+22	1.24e-06	4.33e-03	5.96e-01	3.80e-01	1.63e-02	3.29e-03	7.83e-06	0.00e+00
 1.94383e+22	1.40e-06	4.63e-03	6.08e-01	3.70e-01	1.46e-02	2.99e-03	6.79e-06	0.00e+00
 1.97162e+22	1.58e-06	4.96e-03	6.19e-01	3.60e-01	1.31e-02	2.71e-03	5.88e-06	0.00e+00
 2.00308e+22	1.81e-06	5.35e-03	6.32e-01	3.49e-01	1.17e-02	2.44e-03	5.03e-06	0.00e+00
 2.03793e+22	2.08e-06	5.79e-03	6.45e-01	3.37e-01	1.04e-02	2.19e-03	4.27e-06	0.00e+00
 2.07544e+22	2.41e-06	6.27e-03	6.58e-01	3.25e-01	9.30e-03	1.96e-03	3.60e-06	0.00e+00
 2.11598e+22	2.80e-06	6.82e-03	6.71e-01	3.12e-01	8.32e-03	1.75e-03	3.01e-06	0.00e+00
 2.16109e+22	3.30e-06	7.45e-03	6.84e-01	2.99e-01	7.42e-03	1.55e-03	2.49e-06	0.00e+00
 2.21312e+22	3.95e-06	8.22e-03	6.99e-01	2.85e-01	6.59e-03	1.35e-03	2.02e-06	0.00e+00
 2.26761e+22	4.73e-06	9.08e-03	7.13e-01	2.71e-01	5.90e-03	1.18e-03	1.64e-06	0.00e+00
 2.32004e+22	5.61e-06	9.96e-03	7.25e-01	2.58e-01	5.35e-03	1.04e-03	1.34e-06	0.00e+00
 2.37977e+22	6.78e-06	1.10e-02	7.39e-01	2.45e-01	4.81e-03	8.96e-04	1.08e-06	0.00e+00
 2.45742e+22	8.63e-06	1.26e-02	7.55e-01	2.28e-01	4.24e-03	7.45e-04	8.09e-07	0.00e+00
 2.53806e+22	1.11e-05	1.44e-02	7.70e-01	2.11e-01	3.77e-03	6.15e-04	6.02e-07	0.00e+00
 2.60645e+22	1.38e-05	1.62e-02	7.82e-01	1.98e-01	3.44e-03	5.21e-04	4.67e-07	0.00e+00
 2.66955e+22	1.70e-05	1.81e-02	7.92e-01	1.86e-01	3.16e-03	4.45e-04	3.66e-07	0.00e+00
 2.72795e+22	2.07e-05	2.02e-02	8.01e-01	1.76e-01	2.93e-03	3.82e-04	2.90e-07	0.00e+00
 2.77276e+22	2.42e-05	2.21e-02	8.07e-01	1.68e-01	2.76e-03	3.38e-04	2.40e-07	0.00e+00
 2.80525e+22	2.72e-05	2.36e-02	8.12e-01	1.62e-01	2.65e-03	3.08e-04	2.08e-07	0.00e+00
 2.83890e+22	3.09e-05	2.53e-02	8.16e-01	1.56e-01	2.53e-03	2.79e-04	1.78e-07	0.00e+00
 2.88265e+22	3.66e-05	2.78e-02	8.22e-01	1.48e-01	2.38e-03	2.43e-04	1.45e-07	0.00e+00
 2.92620e+22	4.39e-05	3.08e-02	8.27e-01	1.40e-01	2.24e-03	2.10e-04	0.00e+00	0.00e+00
 2.95740e+22	5.04e-05	3.34e-02	8.31e-01	1.34e-01	2.15e-03	1.88e-04	0.00e+00	0.00e+00
 2.98065e+22	5.61e-05	3.55e-02	8.33e-01	1.29e-01	2.07e-03	1.72e-04	0.00e+00	0.00e+00
 3.00567e+22	6.32e-05	3.80e-02	8.36e-01	1.24e-01	1.99e-03	1.56e-04	0.00e+00	0.00e+00
 3.03819e+22	7.43e-05	4.17e-02	8.39e-01	1.18e-01	1.89e-03	1.36e-04	0.00e+00	0.00e+00
 3.07040e+22	8.86e-05	4.62e-02	8.41e-01	1.11e-01	1.79e-03	1.17e-04	0.00e+00	0.00e+00
 3.09353e+22	1.01e-04	5.00e-02	8.42e-01	1.06e-01	1.71e-03	1.05e-04	0.00e+00	0.00e+00
 3.11115e+22	1.13e-04	5.33e-02	8.43e-01	1.02e-01	1.65e-03	9.54e-05	0.00e+00	0.00e+00
 3.13029e+22	1.27e-04	5.70e-02	8.44e-01	9.74e-02	1.59e-03	8.61e-05	0.00e+00	0.00e+00
 3.15517e+22	1.49e-04	6.27e-02	8.44e-01	9.16e-02	1.51e-03	7.46e-05	0.00e+00	0.00e+00
 3.17995e+22	1.78e-04	6.95e-02	8.43e-01	8.56e-02	1.42e-03	6.38e-05	0.00e+00	0.00e+00
 3.19798e+22	2.04e-04	7.54e-02	8.42e-01	8.11e-02	1.36e-03	5.64e-05	0.00e+00	0.00e+00
 3.21189e+22	2.27e-04	8.04e-02	8.40e-01	7.75e-02	1.31e-03	5.11e-05	0.00e+00	0.00e+00
 3.22709e+22	2.57e-04	8.63e-02	8.39e-01	7.36e-02	1.25e-03	4.56e-05	0.00e+00	0.00e+00
 3.24684e+22	3.02e-04	9.51e-02	8.35e-01	6.84e-02	1.18e-03	3.90e-05	0.00e+00	0.00e+00
 3.26661e+22	3.62e-04	1.06e-01	8.30e-01	6.31e-02	1.10e-03	3.28e-05	0.00e+00	0.00e+00
 3.28117e+22	4.18e-04	1.15e-01	8.24e-01	5.90e-02	1.04e-03	2.86e-05	0.00e+00	0.00e+00
 3.29259e+22	4.69e-04	1.23e-01	8.20e-01	5.58e-02	9.94e-04	2.56e-05	0.00e+00	0.00e+00
 3.30512e+22	5.32e-04	1.32e-01	8.14e-01	5.23e-02	9.43e-04	2.25e-05	0.00e+00	0.00e+00
 3.32142e+22	6.30e-04	1.46e-01	8.04e-01	4.78e-02	8.76e-04	1.89e-05	0.00e+00	0.00e+00
 3.33779e+22	7.63e-04	1.63e-01	7.92e-01	4.31e-02	8.05e-04	1.54e-05	0.00e+00	0.00e+00
 3.34998e+22	8.87e-04	1.78e-01	7.81e-01	3.96e-02	7.50e-04	1.31e-05	0.00e+00	0.00e+00
 3.35964e+22	1.00e-03	1.91e-01	7.70e-01	3.69e-02	7.07e-04	1.15e-05	0.00e+00	0.00e+00
 3.37028e+22	1.15e-03	2.06e-01	7.58e-01	3.39e-02	6.61e-04	9.88e-06	0.00e+00	0.00e+00
 3.38412e+22	1.37e-03	2.28e-01	7.40e-01	3.01e-02	6.01e-04	8.01e-06	0.00e+00	0.00e+00
 3.39822e+22	1.68e-03	2.56e-01	7.16e-01	2.62e-02	5.35e-04	6.26e-06	0.00e+00	0.00e+00
 3.40907e+22	1.98e-03	2.80e-01	6.94e-01	2.33e-02	4.84e-04	5.10e-06	0.00e+00	0.00e+00
 3.41791e+22	2.27e-03	3.02e-01	6.75e-01	2.10e-02	4.44e-04	4.27e-06	0.00e+00	0.00e+00
 3.42773e+22	2.65e-03	3.27e-01	6.51e-01	1.85e-02	4.01e-04	3.47e-06	0.00e+00	0.00e+00
 3.44051e+22	3.25e-03	3.65e-01	6.16e-01	1.55e-02	3.46e-04	2.60e-06	0.00e+00	0.00e+00
 3.45307e+22	4.06e-03	4.08e-01	5.75e-01	1.26e-02	2.90e-04	1.87e-06	0.00e+00	0.00e+00
 3.46215e+22	4.82e-03	4.45e-01	5.40e-01	1.06e-02	2.51e-04	1.43e-06	0.00e+00	0.00e+00
 3.46941e+22	5.51e-03	4.74e-01	5.11e-01	9.21e-03	2.22e-04	1.14e-06	0.00e+00	0.00e+00
 3.47749e+22	6.39e-03	5.08e-01	4.78e-01	7.78e-03	1.92e-04	8.81e-07	0.00e+00	0.00e+00
 3.48800e+22	7.80e-03	5.55e-01	4.31e-01	6.09e-03	1.56e-04	6.10e-07	0.00e+00	0.00e+00
 3.49869e+22	9.71e-03	6.08e-01	3.78e-01	4.54e-03	1.20e-04	3.94e-07	0.00e+00	0.00e+00
 3.50679e+22	1.16e-02	6.50e-01	3.35e-01	3.52e-03	9.57e-05	2.71e-07	0.00e+00	0.00e+00
 3.51317e+22	1.33e-02	6.82e-01	3.01e-01	2.85e-03	7.92e-05	2.00e-07	0.00e+00	0.00e+00
 3.52015e+22	1.53e-02	7.15e-01	2.67e-01	2.24e-03	6.40e-05	1.42e-07	0.00e+00	0.00e+00
 3.52770e+22	1.81e-02	7.52e-01	2.28e-01	1.67e-03	4.88e-05	0.00e+00	0.00e+00	0.00e+00
 3.53396e+22	2.09e-02	7.81e-01	1.97e-01	1.28e-03	3.81e-05	0.00e+00	0.00e+00	0.00e+00
 3.53891e+22	2.35e-02	8.02e-01	1.73e-01	1.03e-03	3.10e-05	0.00e+00	0.00e+00	0.00e+00
 3.54419e+22	2.64e-02	8.22e-01	1.51e-01	8.16e-04	2.49e-05	0.00e+00	0.00e+00	0.00e+00
 3.55014e+22	3.04e-02	8.42e-01	1.27e-01	6.16e-04	1.89e-05	0.00e+00	0.00e+00	0.00e+00
 3.55550e+22	3.49e-02	8.59e-01	1.06e-01	4.68e-04	1.43e-05	0.00e+00	0.00e+00	0.00e+00
 3.55987e+22	3.91e-02	8.70e-01	9.04e-02	3.73e-04	1.12e-05	0.00e+00	0.00e+00	0.00e+00
 3.56380e+22	4.33e-02	8.78e-01	7.83e-02	3.06e-04	9.07e-06	0.00e+00	0.00e+00	0.00e+00
 3.56830e+22	4.84e-02	8.85e-01	6.63e-02	2.46e-04	7.11e-06	0.00e+00	0.00e+00	0.00e+00
 3.57414e+22	5.64e-02	8.91e-01	5.25e-02	1.85e-04	5.06e-06	0.00e+00	0.00e+00	0.00e+00
 3.57983e+22	6.69e-02	8.93e-01	4.00e-02	1.37e-04	3.42e-06	0.00e+00	0.00e+00	0.00e+00
 3.58379e+22	7.59e-02	8.91e-01	3.27e-02	1.13e-04	2.57e-06	0.00e+00	0.00e+00	0.00e+00
 3.58628e+22	8.22e-02	8.89e-01	2.86e-02	1.00e-04	2.15e-06	0.00e+00	0.00e+00	0.00e+00
 3.58806e+22	8.67e-02	8.87e-01	2.62e-02	9.33e-05	1.91e-06	0.00e+00	0.00e+00	0.00e+00
 3.59006e+22	9.20e-02	8.84e-01	2.37e-02	8.61e-05	1.67e-06	0.00e+00	0.00e+00	0.00e+00
 3.59265e+22	9.96e-02	8.80e-01	2.07e-02	7.77e-05	1.39e-06	0.00e+00	0.00e+00	0.00e+00
 3.59548e+22	1.10e-01	8.73e-01	1.76e-02	6.90e-05	1.11e-06	0.00e+00	0.00e+00	0.00e+00
 3.59796e+22	1.19e-01	8.66e-01	1.52e-02	6.26e-05	9.16e-07	0.00e+00	0.00e+00	0.00e+00
 3.60012e+22	1.28e-01	8.58e-01	1.33e-02	5.78e-05	7.72e-07	0.00e+00	0.00e+00	0.00e+00
 3.60233e+22	1.38e-01	8.50e-01	1.16e-02	5.35e-05	6.50e-07	0.00e+00	0.00e+00	0.00e+00
 3.60478e+22	1.50e-01	8.40e-01	9.98e-03	4.92e-05	5.33e-07	0.00e+00	0.00e+00	0.00e+00
 3.60737e+22	1.65e-01	8.26e-01	8.39e-03	4.49e-05	4.26e-07	0.00e+00	0.00e+00	0.00e+00
 3.60982e+22	1.80e-01	8.12e-01	7.08e-03	4.13e-05	3.44e-07	0.00e+00	0.00e+00	0.00e+00
 3.61217e+22	1.96e-01	7.98e-01	6.01e-03	3.83e-05	2.81e-07	0.00e+00	0.00e+00	0.00e+00
 3.61466e+22	2.14e-01	7.81e-01	5.04e-03	3.55e-05	2.26e-07	0.00e+00	0.00e+00	0.00e+00
 3.61731e+22	2.36e-01	7.60e-01	4.14e-03	3.27e-05	1.78e-07	0.00e+00	0.00e+00	0.00e+00
 3.61986e+22	2.59e-01	7.37e-01	3.39e-03	3.01e-05	1.40e-07	0.00e+00	0.00e+00	0.00e+00
 3.62169e+22	2.78e-01	7.19e-01	2.91e-03	2.84e-05	0.00e+00	0.00e+00	0.00e+00	0.00e+00
 3.62277e+22	2.88e-01	7.09e-01	2.68e-03	2.76e-05	0.00e+00	0.00e+00	0.00e+00	0.00e+00
 3.62380e+22	2.98e-01	7.00e-01	2.48e-03	2.69e-05	0.00e+00	0.00e+00	0.00e+00	0.00e+00
 3.62513e+22	3.11e-01	6.86e-01	2.24e-03	2.59e-05	0.00e+00	0.00e+00	0.00e+00	0.00e+00
 3.62671e+22	3.29e-01	6.69e-01	1.96e-03	2.47e-05	0.00e+00	0.00e+00	0.00e+00	0.00e+00
 3.62823e+22	3.47e-01	6.51e-01	1.73e-03	2.35e-05	0.00e+00	0.00e+00	0.00e+00	0.00e+00
 3.62950e+22	3.61e-01	6.37e-01	1.55e-03	2.26e-05	0.00e+00	0.00e+00	0.00e+00	0.00e+00
 3.63069e+22	3.76e-01	6.23e-01	1.40e-03	2.18e-05	0.00e+00	0.00e+00	0.00e+00	0.00e+00
 3.63201e+22	3.92e-01	6.07e-01	1.26e-03	2.09e-05	0.00e+00	0.00e+00	0.00e+00	0.00e+00
 3.63342e+22	4.10e-01	5.89e-01	1.11e-03	2.00e-05	0.00e+00	0.00e+00	0.00e+00	0.00e+00
 3.63476e+22	4.28e-01	5.71e-01	9.89e-04	1.91e-05	0.00e+00	0.00e+00	0.00e+00	0.00e+00
 3.63597e+22	4.43e-01	5.56e-01	8.91e-04	1.84e-05	0.00e+00	0.00e+00	0.00e+00	0.00e+00
 3.63718e+22	4.60e-01	5.40e-01	8.02e-04	1.77e-05	0.00e+00	0.00e+00	0.00e+00	0.00e+00
 3.63848e+22	4.77e-01	5.22e-01	7.17e-04	1.69e-05	0.00e+00	0.00e+00	0.00e+00	0.00e+00
 3.63980e+22	4.95e-01	5.04e-01	6.39e-04	1.62e-05	0.00e+00	0.00e+00	0.00e+00	0.00e+00
 3.64105e+22	5.12e-01	4.87e-01	5.73e-04	1.55e-05	0.00e+00	0.00e+00	0.00e+00	0.00e+00
 3.64224e+22	5.29e-01	4.71e-01	5.18e-04	1.49e-05	0.00e+00	0.00e+00	0.00e+00	0.00e+00
 3.64346e+22	5.45e-01	4.54e-01	4.68e-04	1.43e-05	0.00e+00	0.00e+00	0.00e+00	0.00e+00
 3.64475e+22	5.63e-01	4.37e-01	4.20e-04	1.36e-05	0.00e+00	0.00e+00	0.00e+00	0.00e+00
 3.64604e+22	5.80e-01	4.19e-01	3.77e-04	1.30e-05	0.00e+00	0.00e+00	0.00e+00	0.00e+00
 3.64724e+22	5.96e-01	4.03e-01	3.43e-04	1.25e-05	0.00e+00	0.00e+00	0.00e+00	0.00e+00
 3.64842e+22	6.12e-01	3.88e-01	3.13e-04	1.20e-05	0.00e+00	0.00e+00	0.00e+00	0.00e+00
 3.64967e+22	6.28e-01	3.72e-01	2.85e-04	1.14e-05	0.00e+00	0.00e+00	0.00e+00	0.00e+00
 3.65098e+22	6.45e-01	3.55e-01	2.58e-04	1.09e-05	0.00e+00	0.00e+00	0.00e+00	0.00e+00
 3.65223e+22	6.60e-01	3.40e-01	2.37e-04	1.04e-05	0.00e+00	0.00e+00	0.00e+00	0.00e+00
 3.65340e+22	6.74e-01	3.25e-01	2.19e-04	1.00e-05	0.00e+00	0.00e+00	0.00e+00	0.00e+00
 3.65460e+22	6.88e-01	3.11e-01	2.03e-04	9.60e-06	0.00e+00	0.00e+00	0.00e+00	0.00e+00
 3.65589e+22	7.03e-01	2.97e-01	1.87e-04	9.18e-06	0.00e+00	0.00e+00	0.00e+00	0.00e+00
 3.65718e+22	7.18e-01	2.82e-01	1.74e-04	8.77e-06	0.00e+00	0.00e+00	0.00e+00	0.00e+00
 3.65838e+22	7.30e-01	2.70e-01	1.63e-04	8.42e-06	0.00e+00	0.00e+00	0.00e+00	0.00e+00
 3.65955e+22	7.42e-01	2.58e-01	1.54e-04	8.12e-06	0.00e+00	0.00e+00	0.00e+00	0.00e+00
 3.66077e+22	7.54e-01	2.46e-01	1.46e-04	7.81e-06	0.00e+00	0.00e+00	0.00e+00	0.00e+00
 3.66202e+22	7.66e-01	2.34e-01	1.38e-04	7.50e-06	0.00e+00	0.00e+00	0.00e+00	0.00e+00
 3.66324e+22	7.77e-01	2.23e-01	1.32e-04	7.22e-06	0.00e+00	0.00e+00	0.00e+00	0.00e+00
 3.66442e+22	7.86e-01	2.14e-01	1.27e-04	6.99e-06	0.00e+00	0.00e+00	0.00e+00	0.00e+00
 3.66561e+22	7.96e-01	2.04e-01	1.22e-04	6.76e-06	0.00e+00	0.00e+00	0.00e+00	0.00e+00
 3.66684e+22	8.05e-01	1.95e-01	1.18e-04	6.54e-06	0.00e+00	0.00e+00	0.00e+00	0.00e+00
 3.66811e+22	8.14e-01	1.86e-01	1.14e-04	6.32e-06	0.00e+00	0.00e+00	0.00e+00	0.00e+00
 3.66936e+22	8.22e-01	1.78e-01	1.11e-04	6.13e-06	0.00e+00	0.00e+00	0.00e+00	0.00e+00
 3.67059e+22	8.30e-01	1.70e-01	1.08e-04	5.96e-06	0.00e+00	0.00e+00	0.00e+00	0.00e+00
 3.67187e+22	8.38e-01	1.62e-01	1.05e-04	5.80e-06	0.00e+00	0.00e+00	0.00e+00	0.00e+00
 3.67320e+22	8.45e-01	1.55e-01	1.03e-04	5.64e-06	0.00e+00	0.00e+00	0.00e+00	0.00e+00
 3.67457e+22	8.52e-01	1.48e-01	1.01e-04	5.50e-06	0.00e+00	0.00e+00	0.00e+00	0.00e+00
 3.67593e+22	8.58e-01	1.42e-01	9.92e-05	5.37e-06	0.00e+00	0.00e+00	0.00e+00	0.00e+00
 3.67732e+22	8.64e-01	1.36e-01	9.78e-05	5.27e-06	0.00e+00	0.00e+00	0.00e+00	0.00e+00
 3.67871e+22	8.70e-01	1.30e-01	9.65e-05	5.17e-06	0.00e+00	0.00e+00	0.00e+00	0.00e+00
 3.68007e+22	8.74e-01	1.26e-01	9.54e-05	5.10e-06	0.00e+00	0.00e+00	0.00e+00	0.00e+00
 3.68139e+22	8.79e-01	1.21e-01	9.45e-05	5.04e-06	0.00e+00	0.00e+00	0.00e+00	0.00e+00
 3.68265e+22	8.82e-01	1.18e-01	9.38e-05	5.00e-06	0.00e+00	0.00e+00	0.00e+00	0.00e+00
 3.68393e+22	8.86e-01	1.14e-01	9.32e-05	4.96e-06	0.00e+00	0.00e+00	0.00e+00	0.00e+00
 3.68526e+22	8.89e-01	1.11e-01	9.26e-05	4.93e-06	0.00e+00	0.00e+00	0.00e+00	0.00e+00
 3.68666e+22	8.92e-01	1.08e-01	9.20e-05	4.90e-06	0.00e+00	0.00e+00	0.00e+00	0.00e+00
 3.68812e+22	8.95e-01	1.05e-01	9.15e-05	4.87e-06	0.00e+00	0.00e+00	0.00e+00	0.00e+00
 3.68960e+22	8.97e-01	1.02e-01	9.11e-05	4.86e-06	0.00e+00	0.00e+00	0.00e+00	0.00e+00
 3.69107e+22	9.00e-01	1.00e-01	9.07e-05	4.86e-06	0.00e+00	0.00e+00	0.00e+00	0.00e+00
 3.69262e+22	9.02e-01	9.82e-02	9.04e-05	4.86e-06	0.00e+00	0.00e+00	0.00e+00	0.00e+00
 3.69431e+22	9.04e-01	9.62e-02	9.00e-05	4.86e-06	0.00e+00	0.00e+00	0.00e+00	0.00e+00
 3.69607e+22	9.05e-01	9.44e-02	8.98e-05	4.87e-06	0.00e+00	0.00e+00	0.00e+00	0.00e+00
 3.69801e+22	9.07e-01	9.27e-02	8.95e-05	4.88e-06	0.00e+00	0.00e+00	0.00e+00	0.00e+00
 3.70015e+22	9.09e-01	9.12e-02	8.92e-05	4.90e-06	0.00e+00	0.00e+00	0.00e+00	0.00e+00
 3.70243e+22	9.10e-01	8.98e-02	8.89e-05	4.91e-06	0.00e+00	0.00e+00	0.00e+00	0.00e+00
 3.70502e+22	9.11e-01	8.85e-02	8.87e-05	4.94e-06	0.00e+00	0.00e+00	0.00e+00	0.00e+00
 3.70797e+22	9.13e-01	8.72e-02	8.84e-05	4.96e-06	0.00e+00	0.00e+00	0.00e+00	0.00e+00
 3.71092e+22	9.14e-01	8.64e-02	8.82e-05	4.99e-06	0.00e+00	0.00e+00	0.00e+00	0.00e+00
 3.71360e+22	9.14e-01	8.60e-02	8.80e-05	5.00e-06	0.00e+00	0.00e+00	0.00e+00	0.00e+00
 3.71655e+22	9.15e-01	8.51e-02	8.79e-05	5.04e-06	0.00e+00	0.00e+00	0.00e+00	0.00e+00
 3.71973e+22	9.15e-01	8.46e-02	8.76e-05	5.04e-06	0.00e+00	0.00e+00	0.00e+00	0.00e+00
 3.72321e+22	9.16e-01	8.39e-02	8.74e-05	5.06e-06	0.00e+00	0.00e+00	0.00e+00	0.00e+00
 3.72697e+22	9.16e-01	8.35e-02	8.72e-05	5.07e-06	0.00e+00	0.00e+00	0.00e+00	0.00e+00
 3.73109e+22	9.17e-01	8.27e-02	8.70e-05	5.08e-06	0.00e+00	0.00e+00	0.00e+00	0.00e+00
 3.73644e+22	9.18e-01	8.18e-02	8.66e-05	5.10e-06	0.00e+00	0.00e+00	0.00e+00	0.00e+00
 3.74222e+22	9.18e-01	8.14e-02	8.63e-05	5.10e-06	0.00e+00	0.00e+00	0.00e+00	0.00e+00
 3.74856e+22	9.19e-01	8.06e-02	8.60e-05	5.12e-06	0.00e+00	0.00e+00	0.00e+00	0.00e+00
 3.75540e+22	9.20e-01	8.02e-02	8.56e-05	5.13e-06	0.00e+00	0.00e+00	0.00e+00	0.00e+00
 3.76290e+22	9.21e-01	7.93e-02	8.52e-05	5.14e-06	0.00e+00	0.00e+00	0.00e+00	0.00e+00
 3.77099e+22	9.21e-01	7.89e-02	8.48e-05	5.16e-06	0.00e+00	0.00e+00	0.00e+00	0.00e+00
 3.77985e+22	9.22e-01	7.80e-02	8.43e-05	5.18e-06	0.00e+00	0.00e+00	0.00e+00	0.00e+00
 3.78943e+22	9.22e-01	7.76e-02	8.38e-05	5.20e-06	0.00e+00	0.00e+00	0.00e+00	0.00e+00
 3.79814e+22	9.23e-01	7.73e-02	8.34e-05	5.22e-06	0.00e+00	0.00e+00	0.00e+00	0.00e+00
 3.80768e+22	9.23e-01	7.65e-02	8.29e-05	5.26e-06	0.00e+00	0.00e+00	0.00e+00	0.00e+00
 3.81799e+22	9.24e-01	7.61e-02	8.24e-05	5.29e-06	0.00e+00	0.00e+00	0.00e+00	0.00e+00
 3.82736e+22	9.24e-01	7.59e-02	8.20e-05	5.32e-06	0.00e+00	0.00e+00	0.00e+00	0.00e+00
 3.83764e+22	9.25e-01	7.50e-02	8.15e-05	5.35e-06	0.00e+00	0.00e+00	0.00e+00	0.00e+00
 3.84873e+22	9.25e-01	7.47e-02	8.10e-05	5.38e-06	0.00e+00	0.00e+00	0.00e+00	0.00e+00
 3.85883e+22	9.25e-01	7.45e-02	8.05e-05	5.39e-06	0.00e+00	0.00e+00	0.00e+00	0.00e+00
 3.86989e+22	9.26e-01	7.37e-02	8.00e-05	5.40e-06	0.00e+00	0.00e+00	0.00e+00	0.00e+00
 3.88183e+22	9.27e-01	7.34e-02	7.94e-05	5.43e-06	0.00e+00	0.00e+00	0.00e+00	0.00e+00
 3.89270e+22	9.27e-01	7.32e-02	7.89e-05	5.44e-06	0.00e+00	0.00e+00	0.00e+00	0.00e+00
 3.90461e+22	9.28e-01	7.24e-02	7.84e-05	5.46e-06	0.00e+00	0.00e+00	0.00e+00	0.00e+00
 3.91747e+22	9.28e-01	7.21e-02	7.78e-05	5.49e-06	0.00e+00	0.00e+00	0.00e+00	0.00e+00
 3.92916e+22	9.28e-01	7.19e-02	7.73e-05	5.51e-06	0.00e+00	0.00e+00	0.00e+00	0.00e+00
 3.94198e+22	9.29e-01	7.11e-02	7.67e-05	5.53e-06	0.00e+00	0.00e+00	0.00e+00	0.00e+00
 3.95582e+22	9.29e-01	7.08e-02	7.61e-05	5.56e-06	0.00e+00	0.00e+00	0.00e+00	0.00e+00
 3.96842e+22	9.29e-01	7.06e-02	7.56e-05	5.58e-06	0.00e+00	0.00e+00	0.00e+00	0.00e+00
 3.98222e+22	9.30e-01	6.98e-02	7.50e-05	5.60e-06	0.00e+00	0.00e+00	0.00e+00	0.00e+00
 3.99712e+22	9.30e-01	6.96e-02	7.45e-05	5.64e-06	0.00e+00	0.00e+00	0.00e+00	0.00e+00
 4.01068e+22	9.31e-01	6.94e-02	7.41e-05	5.67e-06	0.00e+00	0.00e+00	0.00e+00	0.00e+00
 4.02302e+22	9.31e-01	6.92e-02	7.38e-05	5.70e-06	0.00e+00	0.00e+00	0.00e+00	0.00e+00
 4.03424e+22	9.31e-01	6.91e-02	7.35e-05	5.73e-06	0.00e+00	0.00e+00	0.00e+00	0.00e+00
 4.04655e+22	9.31e-01	6.84e-02	7.33e-05	5.77e-06	0.00e+00	0.00e+00	0.00e+00	0.00e+00
 4.05983e+22	9.32e-01	6.83e-02	7.30e-05	5.81e-06	0.00e+00	0.00e+00	0.00e+00	0.00e+00
 4.07192e+22	9.32e-01	6.81e-02	7.27e-05	5.83e-06	0.00e+00	0.00e+00	0.00e+00	0.00e+00
 4.08516e+22	9.32e-01	6.74e-02	7.25e-05	5.86e-06	0.00e+00	0.00e+00	0.00e+00	0.00e+00
 4.09946e+22	9.33e-01	6.72e-02	7.21e-05	5.90e-06	0.00e+00	0.00e+00	0.00e+00	0.00e+00
 4.11247e+22	9.33e-01	6.71e-02	7.18e-05	5.92e-06	0.00e+00	0.00e+00	0.00e+00	0.00e+00
 4.12673e+22	9.34e-01	6.64e-02	7.15e-05	5.95e-06	0.00e+00	0.00e+00	0.00e+00	0.00e+00
 4.14213e+22	9.34e-01	6.62e-02	7.12e-05	5.99e-06	0.00e+00	0.00e+00	0.00e+00	0.00e+00
 4.15613e+22	9.34e-01	6.60e-02	7.08e-05	6.01e-06	0.00e+00	0.00e+00	0.00e+00	0.00e+00
 4.16888e+22	9.34e-01	6.59e-02	7.05e-05	6.04e-06	0.00e+00	0.00e+00	0.00e+00	0.00e+00
 4.18285e+22	9.35e-01	6.52e-02	7.03e-05	6.07e-06	0.00e+00	0.00e+00	0.00e+00	0.00e+00
 4.19793e+22	9.35e-01	6.50e-02	6.99e-05	6.09e-06	0.00e+00	0.00e+00	0.00e+00	0.00e+00
 4.21165e+22	9.35e-01	6.48e-02	6.95e-05	6.11e-06	0.00e+00	0.00e+00	0.00e+00	0.00e+00
 4.22669e+22	9.36e-01	6.40e-02	6.92e-05	6.10e-06	0.00e+00	0.00e+00	0.00e+00	0.00e+00
 4.24292e+22	9.36e-01	6.38e-02	6.88e-05	6.11e-06	0.00e+00	0.00e+00	0.00e+00	0.00e+00
 4.25770e+22	9.36e-01	6.36e-02	6.84e-05	6.11e-06	0.00e+00	0.00e+00	0.00e+00	0.00e+00
 4.27388e+22	9.37e-01	6.28e-02	6.81e-05	6.11e-06	0.00e+00	0.00e+00	0.00e+00	0.00e+00
 4.29136e+22	9.37e-01	6.25e-02	6.76e-05	6.11e-06	0.00e+00	0.00e+00	0.00e+00	0.00e+00
 4.30726e+22	9.38e-01	6.23e-02	6.72e-05	6.11e-06	0.00e+00	0.00e+00	0.00e+00	0.00e+00
 4.32469e+22	9.38e-01	6.15e-02	6.69e-05	6.10e-06	0.00e+00	0.00e+00	0.00e+00	0.00e+00
 4.34351e+22	9.39e-01	6.12e-02	6.64e-05	6.10e-06	0.00e+00	0.00e+00	0.00e+00	0.00e+00
 4.36063e+22	9.39e-01	6.09e-02	6.60e-05	6.10e-06	0.00e+00	0.00e+00	0.00e+00	0.00e+00
 4.37939e+22	9.40e-01	6.01e-02	6.56e-05	6.08e-06	0.00e+00	0.00e+00	0.00e+00	0.00e+00
 4.39964e+22	9.40e-01	5.98e-02	6.51e-05	6.08e-06	0.00e+00	0.00e+00	0.00e+00	0.00e+00
 4.41807e+22	9.40e-01	5.95e-02	6.46e-05	6.07e-06	0.00e+00	0.00e+00	0.00e+00	0.00e+00
 4.43484e+22	9.41e-01	5.93e-02	6.42e-05	6.06e-06	0.00e+00	0.00e+00	0.00e+00	0.00e+00
 4.45322e+22	9.41e-01	5.84e-02	6.38e-05	6.03e-06	0.00e+00	0.00e+00	0.00e+00	0.00e+00
 4.47306e+22	9.42e-01	5.81e-02	6.34e-05	6.03e-06	0.00e+00	0.00e+00	0.00e+00	0.00e+00
 4.49112e+22	9.42e-01	5.79e-02	6.29e-05	6.01e-06	0.00e+00	0.00e+00	0.00e+00	0.00e+00
 4.51090e+22	9.43e-01	5.70e-02	6.25e-05	5.98e-06	0.00e+00	0.00e+00	0.00e+00	0.00e+00
 4.53226e+22	9.43e-01	5.67e-02	6.20e-05	5.97e-06	0.00e+00	0.00e+00	0.00e+00	0.00e+00
 4.55170e+22	9.44e-01	5.64e-02	6.16e-05	5.95e-06	0.00e+00	0.00e+00	0.00e+00	0.00e+00
 4.57300e+22	9.44e-01	5.55e-02	6.12e-05	5.91e-06	0.00e+00	0.00e+00	0.00e+00	0.00e+00
 4.59600e+22	9.45e-01	5.52e-02	6.06e-05	5.89e-06	0.00e+00	0.00e+00	0.00e+00	0.00e+00
 4.61692e+22	9.45e-01	5.49e-02	6.02e-05	5.87e-06	0.00e+00	0.00e+00	0.00e+00	0.00e+00
 4.63596e+22	9.45e-01	5.46e-02	5.97e-05	5.84e-06	0.00e+00	0.00e+00	0.00e+00	0.00e+00
 4.65683e+22	9.46e-01	5.38e-02	5.93e-05	5.80e-06	0.00e+00	0.00e+00	0.00e+00	0.00e+00
 4.67935e+22	9.46e-01	5.35e-02	5.88e-05	5.77e-06	0.00e+00	0.00e+00	0.00e+00	0.00e+00
 4.69985e+22	9.47e-01	5.32e-02	5.84e-05	5.74e-06	0.00e+00	0.00e+00	0.00e+00	0.00e+00
 4.72232e+22	9.48e-01	5.23e-02	5.79e-05	5.69e-06	0.00e+00	0.00e+00	0.00e+00	0.00e+00
 4.74657e+22	9.48e-01	5.20e-02	5.74e-05	5.66e-06	0.00e+00	0.00e+00	0.00e+00	0.00e+00
 4.76863e+22	9.48e-01	5.17e-02	5.69e-05	5.63e-06	0.00e+00	0.00e+00	0.00e+00	0.00e+00
 4.79282e+22	9.49e-01	5.08e-02	5.65e-05	5.57e-06	0.00e+00	0.00e+00	0.00e+00	0.00e+00
 4.81892e+22	9.50e-01	5.04e-02	5.59e-05	5.53e-06	0.00e+00	0.00e+00	0.00e+00	0.00e+00
 4.84268e+22	9.50e-01	5.01e-02	5.55e-05	5.50e-06	0.00e+00	0.00e+00	0.00e+00	0.00e+00
 4.86430e+22	9.50e-01	4.98e-02	5.50e-05	5.46e-06	0.00e+00	0.00e+00	0.00e+00	0.00e+00
 4.88799e+22	9.51e-01	4.89e-02	5.45e-05	5.39e-06	0.00e+00	0.00e+00	0.00e+00	0.00e+00
 4.91356e+22	9.51e-01	4.86e-02	5.40e-05	5.35e-06	0.00e+00	0.00e+00	0.00e+00	0.00e+00
 4.93683e+22	9.52e-01	4.83e-02	5.35e-05	5.31e-06	0.00e+00	0.00e+00	0.00e+00	0.00e+00
 4.96234e+22	9.53e-01	4.74e-02	5.31e-05	5.24e-06	0.00e+00	0.00e+00	0.00e+00	0.00e+00
 4.98987e+22	9.53e-01	4.70e-02	5.25e-05	5.19e-06	0.00e+00	0.00e+00	0.00e+00	0.00e+00
 5.01492e+22	9.53e-01	4.67e-02	5.20e-05	5.15e-06	0.00e+00	0.00e+00	0.00e+00	0.00e+00
 5.04238e+22	9.54e-01	4.58e-02	5.16e-05	5.07e-06	0.00e+00	0.00e+00	0.00e+00	0.00e+00
 5.07202e+22	9.55e-01	4.54e-02	5.10e-05	5.02e-06	0.00e+00	0.00e+00	0.00e+00	0.00e+00
 5.09899e+22	9.55e-01	4.51e-02	5.05e-05	4.98e-06	0.00e+00	0.00e+00	0.00e+00	0.00e+00
 5.12353e+22	9.55e-01	4.48e-02	5.00e-05	4.93e-06	0.00e+00	0.00e+00	0.00e+00	0.00e+00
 5.15043e+22	9.56e-01	4.40e-02	4.96e-05	4.85e-06	0.00e+00	0.00e+00	0.00e+00	0.00e+00
 5.17946e+22	9.56e-01	4.36e-02	4.90e-05	4.79e-06	0.00e+00	0.00e+00	0.00e+00	0.00e+00
 5.21128e+22	9.57e-01	4.27e-02	4.85e-05	4.71e-06	0.00e+00	0.00e+00	0.00e+00	0.00e+00
 5.24563e+22	9.58e-01	4.23e-02	4.79e-05	4.65e-06	0.00e+00	0.00e+00	0.00e+00	0.00e+00
 5.27689e+22	9.58e-01	4.19e-02	4.73e-05	4.59e-06	0.00e+00	0.00e+00	0.00e+00	0.00e+00
 5.31114e+22	9.59e-01	4.10e-02	4.68e-05	4.49e-06	0.00e+00	0.00e+00	0.00e+00	0.00e+00
 5.34812e+22	9.59e-01	4.05e-02	4.61e-05	4.42e-06	0.00e+00	0.00e+00	0.00e+00	0.00e+00
 5.38177e+22	9.60e-01	4.01e-02	4.56e-05	4.36e-06	0.00e+00	0.00e+00	0.00e+00	0.00e+00
 5.41864e+22	9.61e-01	3.92e-02	4.50e-05	4.26e-06	0.00e+00	0.00e+00	0.00e+00	0.00e+00
 5.45845e+22	9.61e-01	3.88e-02	4.44e-05	4.19e-06	0.00e+00	0.00e+00	0.00e+00	0.00e+00
 5.49467e+22	9.62e-01	3.84e-02	4.38e-05	4.13e-06	0.00e+00	0.00e+00	0.00e+00	0.00e+00
 5.52764e+22	9.62e-01	3.80e-02	4.33e-05	4.07e-06	0.00e+00	0.00e+00	0.00e+00	0.00e+00
 5.56376e+22	9.63e-01	3.72e-02	4.27e-05	3.98e-06	0.00e+00	0.00e+00	0.00e+00	0.00e+00
 5.60276e+22	9.63e-01	3.68e-02	4.21e-05	3.91e-06	0.00e+00	0.00e+00	0.00e+00	0.00e+00
 5.63825e+22	9.64e-01	3.64e-02	4.16e-05	3.86e-06	0.00e+00	0.00e+00	0.00e+00	0.00e+00
 5.67713e+22	9.64e-01	3.56e-02	4.11e-05	3.76e-06	0.00e+00	0.00e+00	0.00e+00	0.00e+00
 5.71911e+22	9.65e-01	3.51e-02	4.05e-05	3.69e-06	0.00e+00	0.00e+00	0.00e+00	0.00e+00
 5.75732e+22	9.65e-01	3.47e-02	3.99e-05	3.63e-06	0.00e+00	0.00e+00	0.00e+00	0.00e+00
 5.79918e+22	9.66e-01	3.39e-02	3.94e-05	3.53e-06	0.00e+00	0.00e+00	0.00e+00	0.00e+00
 5.84438e+22	9.66e-01	3.35e-02	3.88e-05	3.46e-06	0.00e+00	0.00e+00	0.00e+00	0.00e+00
 5.88550e+22	9.67e-01	3.31e-02	3.82e-05	3.40e-06	0.00e+00	0.00e+00	0.00e+00	0.00e+00
 5.93057e+22	9.68e-01	3.23e-02	3.76e-05	3.30e-06	0.00e+00	0.00e+00	0.00e+00	0.00e+00
 5.97922e+22	9.68e-01	3.18e-02	3.70e-05	3.23e-06	0.00e+00	0.00e+00	0.00e+00	0.00e+00
 6.02350e+22	9.69e-01	3.14e-02	3.64e-05	3.16e-06	0.00e+00	0.00e+00	0.00e+00	0.00e+00
 6.07201e+22	9.69e-01	3.06e-02	3.58e-05	3.06e-06	0.00e+00	0.00e+00	0.00e+00	0.00e+00
 6.12439e+22	9.70e-01	3.02e-02	3.52e-05	2.99e-06	0.00e+00	0.00e+00	0.00e+00	0.00e+00
 6.17205e+22	9.70e-01	2.98e-02	3.47e-05	2.92e-06	0.00e+00	0.00e+00	0.00e+00	0.00e+00
 6.22428e+22	9.71e-01	2.90e-02	3.41e-05	2.83e-06	0.00e+00	0.00e+00	0.00e+00	0.00e+00
 6.28067e+22	9.71e-01	2.85e-02	3.34e-05	2.75e-06	0.00e+00	0.00e+00	0.00e+00	0.00e+00
 6.34246e+22	9.72e-01	2.77e-02	3.28e-05	2.65e-06	0.00e+00	0.00e+00	0.00e+00	0.00e+00
 6.41428e+22	9.73e-01	2.70e-02	3.20e-05	2.56e-06	0.00e+00	0.00e+00	0.00e+00	0.00e+00
 6.49021e+22	9.74e-01	2.62e-02	3.13e-05	2.46e-06	0.00e+00	0.00e+00	0.00e+00	0.00e+00
 6.56996e+22	9.74e-01	2.55e-02	3.05e-05	2.36e-06	0.00e+00	0.00e+00	0.00e+00	0.00e+00
 6.65249e+22	9.75e-01	2.48e-02	2.97e-05	2.26e-06	0.00e+00	0.00e+00	0.00e+00	0.00e+00
 6.73736e+22	9.76e-01	2.41e-02	2.89e-05	2.17e-06	0.00e+00	0.00e+00	0.00e+00	0.00e+00
 6.82460e+22	9.76e-01	2.35e-02	2.81e-05	2.08e-06	0.00e+00	0.00e+00	0.00e+00	0.00e+00
 6.91424e+22	9.77e-01	2.28e-02	2.74e-05	1.99e-06	0.00e+00	0.00e+00	0.00e+00	0.00e+00
 7.00628e+22	9.78e-01	2.22e-02	2.66e-05	1.90e-06	0.00e+00	0.00e+00	0.00e+00	0.00e+00
 7.10065e+22	9.78e-01	2.15e-02	2.59e-05	1.81e-06	0.00e+00	0.00e+00	0.00e+00	0.00e+00
 7.19752e+22	9.79e-01	2.09e-02	2.52e-05	1.73e-06	0.00e+00	0.00e+00	0.00e+00	0.00e+00
 7.29714e+22	9.80e-01	2.03e-02	2.44e-05	1.65e-06	0.00e+00	0.00e+00	0.00e+00	0.00e+00
 7.39934e+22	9.80e-01	1.97e-02	2.37e-05	1.57e-06	0.00e+00	0.00e+00	0.00e+00	0.00e+00
 7.50402e+22	9.81e-01	1.91e-02	2.30e-05	1.50e-06	0.00e+00	0.00e+00	0.00e+00	0.00e+00
 7.61169e+22	9.81e-01	1.85e-02	2.24e-05	1.43e-06	0.00e+00	0.00e+00	0.00e+00	0.00e+00
 7.72167e+22	9.82e-01	1.79e-02	2.17e-05	1.36e-06	0.00e+00	0.00e+00	0.00e+00	0.00e+00
 7.83422e+22	9.83e-01	1.74e-02	2.10e-05	1.29e-06	0.00e+00	0.00e+00	0.00e+00	0.00e+00
 7.95030e+22	9.83e-01	1.68e-02	2.04e-05	1.23e-06	0.00e+00	0.00e+00	0.00e+00	0.00e+00
 8.06955e+22	9.84e-01	1.63e-02	1.98e-05	1.16e-06	0.00e+00	0.00e+00	0.00e+00	0.00e+00
 8.19202e+22	9.84e-01	1.58e-02	1.91e-05	1.10e-06	0.00e+00	0.00e+00	0.00e+00	0.00e+00
 8.31790e+22	9.85e-01	1.52e-02	1.85e-05	1.05e-06	0.00e+00	0.00e+00	0.00e+00	0.00e+00
 8.44737e+22	9.85e-01	1.47e-02	1.79e-05	9.90e-07	0.00e+00	0.00e+00	0.00e+00	0.00e+00
 8.58032e+22	9.86e-01	1.43e-02	1.73e-05	9.36e-07	0.00e+00	0.00e+00	0.00e+00	0.00e+00
 8.71689e+22	9.86e-01	1.38e-02	1.68e-05	8.85e-07	0.00e+00	0.00e+00	0.00e+00	0.00e+00
 8.85762e+22	9.87e-01	1.33e-02	1.62e-05	8.36e-07	0.00e+00	0.00e+00	0.00e+00	0.00e+00
 9.00470e+22	9.87e-01	1.29e-02	1.56e-05	7.88e-07	0.00e+00	0.00e+00	0.00e+00	0.00e+00
 9.15820e+22	9.88e-01	1.24e-02	1.51e-05	7.41e-07	0.00e+00	0.00e+00	0.00e+00	0.00e+00
 9.31685e+22	9.88e-01	1.20e-02	1.46e-05	6.97e-07	0.00e+00	0.00e+00	0.00e+00	0.00e+00
 9.48089e+22	9.88e-01	1.15e-02	1.40e-05	6.54e-07	0.00e+00	0.00e+00	0.00e+00	0.00e+00
 9.65054e+22	9.89e-01	1.11e-02	1.35e-05	6.14e-07	0.00e+00	0.00e+00	0.00e+00	0.00e+00
 9.82641e+22	9.89e-01	1.07e-02	1.30e-05	5.75e-07	0.00e+00	0.00e+00	0.00e+00	0.00e+00
 1.00083e+23	9.90e-01	1.03e-02	1.25e-05	5.39e-07	0.00e+00	0.00e+00	0.00e+00	0.00e+00
 1.01974e+23	9.90e-01	9.89e-03	1.20e-05	5.03e-07	0.00e+00	0.00e+00	0.00e+00	0.00e+00
 1.03949e+23	9.90e-01	9.51e-03	1.15e-05	4.70e-07	0.00e+00	0.00e+00	0.00e+00	0.00e+00
 1.06010e+23	9.91e-01	9.13e-03	1.11e-05	4.38e-07	0.00e+00	0.00e+00	0.00e+00	0.00e+00
 1.08182e+23	9.91e-01	8.76e-03	1.06e-05	4.06e-07	0.00e+00	0.00e+00	0.00e+00	0.00e+00
 1.10475e+23	9.92e-01	8.39e-03	1.02e-05	3.77e-07	0.00e+00	0.00e+00	0.00e+00	0.00e+00
 1.12881e+23	9.92e-01	8.03e-03	9.71e-06	3.49e-07	0.00e+00	0.00e+00	0.00e+00	0.00e+00
 1.15402e+23	9.92e-01	7.69e-03	9.28e-06	3.22e-07	0.00e+00	0.00e+00	0.00e+00	0.00e+00
 1.18051e+23	9.93e-01	7.34e-03	8.85e-06	2.97e-07	0.00e+00	0.00e+00	0.00e+00	0.00e+00
 1.20835e+23	9.93e-01	7.02e-03	8.44e-06	2.73e-07	0.00e+00	0.00e+00	0.00e+00	0.00e+00
 1.23771e+23	9.93e-01	6.69e-03	8.03e-06	2.51e-07	0.00e+00	0.00e+00	0.00e+00	0.00e+00
 1.26882e+23	9.94e-01	6.38e-03	7.64e-06	2.30e-07	0.00e+00	0.00e+00	0.00e+00	0.00e+00
 1.30197e+23	9.94e-01	6.07e-03	7.25e-06	2.10e-07	0.00e+00	0.00e+00	0.00e+00	0.00e+00
 1.33737e+23	9.94e-01	5.77e-03	6.88e-06	1.91e-07	0.00e+00	0.00e+00	0.00e+00	0.00e+00
 1.37514e+23	9.95e-01	5.48e-03	6.51e-06	1.74e-07	0.00e+00	0.00e+00	0.00e+00	0.00e+00
 1.41556e+23	9.95e-01	5.19e-03	6.15e-06	1.57e-07	0.00e+00	0.00e+00	0.00e+00	0.00e+00
 1.45885e+23	9.95e-01	4.92e-03	5.81e-06	1.42e-07	0.00e+00	0.00e+00	0.00e+00	0.00e+00
 1.50551e+23	9.95e-01	4.65e-03	5.47e-06	1.28e-07	0.00e+00	0.00e+00	0.00e+00	0.00e+00
 1.55606e+23	9.96e-01	4.39e-03	5.15e-06	0.00e+00	0.00e+00	0.00e+00	0.00e+00	0.00e+00
 1.60943e+23	9.96e-01	4.15e-03	4.84e-06	0.00e+00	0.00e+00	0.00e+00	0.00e+00	0.00e+00
 1.66410e+23	9.96e-01	3.92e-03	4.56e-06	0.00e+00	0.00e+00	0.00e+00	0.00e+00	0.00e+00
 1.72029e+23	9.96e-01	3.72e-03	4.30e-06	0.00e+00	0.00e+00	0.00e+00	0.00e+00	0.00e+00
 1.77853e+23	9.96e-01	3.53e-03	4.06e-06	0.00e+00	0.00e+00	0.00e+00	0.00e+00	0.00e+00
 1.83868e+23	9.97e-01	3.36e-03	3.84e-06	0.00e+00	0.00e+00	0.00e+00	0.00e+00	0.00e+00
 1.90066e+23	9.97e-01	3.19e-03	3.65e-06	0.00e+00	0.00e+00	0.00e+00	0.00e+00	0.00e+00
 1.96465e+23	9.97e-01	3.05e-03	3.46e-06	0.00e+00	0.00e+00	0.00e+00	0.00e+00	0.00e+00
 2.03072e+23	9.97e-01	2.91e-03	3.30e-06	0.00e+00	0.00e+00	0.00e+00	0.00e+00	0.00e+00
 2.09877e+23	9.97e-01	2.79e-03	3.14e-06	0.00e+00	0.00e+00	0.00e+00	0.00e+00	0.00e+00
 2.16889e+23	9.97e-01	2.67e-03	3.00e-06	0.00e+00	0.00e+00	0.00e+00	0.00e+00	0.00e+00
 2.24130e+23	9.97e-01	2.57e-03	2.88e-06	0.00e+00	0.00e+00	0.00e+00	0.00e+00	0.00e+00
 2.31569e+23	9.98e-01	2.48e-03	2.76e-06	0.00e+00	0.00e+00	0.00e+00	0.00e+00	0.00e+00
 2.38837e+23	9.98e-01	2.39e-03	2.66e-06	0.00e+00	0.00e+00	0.00e+00	0.00e+00	0.00e+00
 2.45502e+23	9.98e-01	2.33e-03	2.57e-06	0.00e+00	0.00e+00	0.00e+00	0.00e+00	0.00e+00
 2.51500e+23	9.98e-01	2.27e-03	2.50e-06	0.00e+00	0.00e+00	0.00e+00	0.00e+00	0.00e+00
 2.56898e+23	9.98e-01	2.23e-03	2.45e-06	0.00e+00	0.00e+00	0.00e+00	0.00e+00	0.00e+00
 2.61756e+23	9.98e-01	2.19e-03	2.40e-06	0.00e+00	0.00e+00	0.00e+00	0.00e+00	0.00e+00
 2.66129e+23	9.98e-01	2.16e-03	2.36e-06	0.00e+00	0.00e+00	0.00e+00	0.00e+00	0.00e+00
 2.70064e+23	9.98e-01	2.14e-03	2.33e-06	0.00e+00	0.00e+00	0.00e+00	0.00e+00	0.00e+00
 2.73606e+23	9.98e-01	2.11e-03	2.30e-06	0.00e+00	0.00e+00	0.00e+00	0.00e+00	0.00e+00
 2.76811e+23	9.98e-01	2.10e-03	2.28e-06	0.00e+00	0.00e+00	0.00e+00	0.00e+00	0.00e+00
 2.79866e+23	9.98e-01	2.08e-03	2.26e-06	0.00e+00	0.00e+00	0.00e+00	0.00e+00	0.00e+00
 2.82921e+23	9.98e-01	2.06e-03	2.24e-06	0.00e+00	0.00e+00	0.00e+00	0.00e+00	0.00e+00
 2.85975e+23	9.98e-01	2.05e-03	2.22e-06	0.00e+00	0.00e+00	0.00e+00	0.00e+00	0.00e+00
 2.89030e+23	9.98e-01	2.04e-03	2.21e-06	0.00e+00	0.00e+00	0.00e+00	0.00e+00	0.00e+00
 2.92085e+23	9.98e-01	2.02e-03	2.19e-06	0.00e+00	0.00e+00	0.00e+00	0.00e+00	0.00e+00
 2.95140e+23	9.98e-01	2.01e-03	2.18e-06	0.00e+00	0.00e+00	0.00e+00	0.00e+00	0.00e+00
 2.98195e+23	9.98e-01	2.00e-03	2.16e-06	0.00e+00	0.00e+00	0.00e+00	0.00e+00	0.00e+00
 3.01250e+23	9.98e-01	1.99e-03	2.15e-06	0.00e+00	0.00e+00	0.00e+00	0.00e+00	0.00e+00
 3.04129e+23	9.98e-01	1.98e-03	2.14e-06	0.00e+00	0.00e+00	0.00e+00	0.00e+00	0.00e+00
