#depth	He	He+	He+2
 6.17135e+19	1.24e-08	1.33e-03	9.99e-01
 1.87609e+20	1.45e-08	1.46e-03	9.99e-01
 3.14614e+20	1.78e-08	1.60e-03	9.98e-01
 4.40961e+20	2.19e-08	1.75e-03	9.98e-01
 5.31198e+20	2.51e-08	1.86e-03	9.98e-01
 5.74996e+20	2.67e-08	1.91e-03	9.98e-01
 6.14291e+20	2.82e-08	1.96e-03	9.98e-01
 6.65375e+20	3.03e-08	2.02e-03	9.98e-01
 7.31784e+20	3.33e-08	2.11e-03	9.98e-01
 8.18116e+20	3.74e-08	2.23e-03	9.98e-01
 9.09368e+20	4.21e-08	2.35e-03	9.98e-01
 9.83777e+20	4.62e-08	2.45e-03	9.98e-01
 1.05727e+21	5.05e-08	2.55e-03	9.97e-01
 1.15282e+21	5.66e-08	2.69e-03	9.97e-01
 1.25110e+21	6.34e-08	2.84e-03	9.97e-01
 1.33099e+21	6.92e-08	2.96e-03	9.97e-01
 1.41291e+21	7.57e-08	3.09e-03	9.97e-01
 1.51941e+21	8.48e-08	3.26e-03	9.97e-01
 1.63101e+21	9.50e-08	3.44e-03	9.97e-01
 1.72514e+21	1.04e-07	3.59e-03	9.96e-01
 1.82343e+21	1.15e-07	3.76e-03	9.96e-01
 1.95120e+21	1.29e-07	3.98e-03	9.96e-01
 2.08453e+21	1.46e-07	4.22e-03	9.96e-01
 2.19485e+21	1.60e-07	4.42e-03	9.96e-01
 2.30808e+21	1.77e-07	4.63e-03	9.95e-01
 2.45527e+21	2.00e-07	4.92e-03	9.95e-01
 2.60873e+21	2.26e-07	5.22e-03	9.95e-01
 2.73577e+21	2.50e-07	5.48e-03	9.95e-01
 2.86632e+21	2.76e-07	5.75e-03	9.94e-01
 3.03605e+21	3.14e-07	6.12e-03	9.94e-01
 3.20317e+21	3.54e-07	6.48e-03	9.94e-01
 3.33202e+21	3.87e-07	6.77e-03	9.93e-01
 3.46462e+21	4.24e-07	7.08e-03	9.93e-01
 3.63699e+21	4.76e-07	7.49e-03	9.93e-01
 3.82370e+21	5.37e-07	7.94e-03	9.92e-01
 3.99335e+21	5.97e-07	8.37e-03	9.92e-01
 4.14577e+21	6.55e-07	8.76e-03	9.91e-01
 4.31150e+21	7.25e-07	9.20e-03	9.91e-01
 4.52695e+21	8.23e-07	9.80e-03	9.90e-01
 4.74376e+21	9.29e-07	1.04e-02	9.90e-01
 4.91526e+21	1.02e-06	1.09e-02	9.89e-01
 5.09111e+21	1.12e-06	1.14e-02	9.89e-01
 5.31972e+21	1.27e-06	1.21e-02	9.88e-01
 5.55181e+21	1.43e-06	1.29e-02	9.87e-01
 5.74150e+21	1.57e-06	1.35e-02	9.86e-01
 5.94119e+21	1.73e-06	1.42e-02	9.86e-01
 6.20079e+21	1.97e-06	1.52e-02	9.85e-01
 6.46429e+21	2.22e-06	1.61e-02	9.84e-01
 6.68276e+21	2.45e-06	1.70e-02	9.83e-01
 6.91668e+21	2.73e-06	1.80e-02	9.82e-01
 7.22077e+21	3.13e-06	1.93e-02	9.81e-01
 7.52815e+21	3.56e-06	2.07e-02	9.79e-01
 7.78287e+21	3.96e-06	2.19e-02	9.78e-01
 8.05704e+21	4.45e-06	2.34e-02	9.77e-01
 8.36378e+21	5.05e-06	2.51e-02	9.75e-01
 8.64798e+21	5.67e-06	2.68e-02	9.73e-01
 8.90977e+21	6.30e-06	2.84e-02	9.72e-01
 9.20728e+21	7.12e-06	3.05e-02	9.69e-01
 9.53821e+21	8.12e-06	3.30e-02	9.67e-01
 9.84506e+21	9.16e-06	3.55e-02	9.64e-01
 1.01313e+22	1.03e-05	3.81e-02	9.62e-01
 1.04584e+22	1.17e-05	4.14e-02	9.59e-01
 1.08178e+22	1.35e-05	4.54e-02	9.55e-01
 1.11438e+22	1.54e-05	4.95e-02	9.51e-01
 1.14427e+22	1.74e-05	5.37e-02	9.46e-01
 1.17821e+22	2.01e-05	5.92e-02	9.41e-01
 1.21522e+22	2.34e-05	6.60e-02	9.34e-01
 1.24825e+22	2.70e-05	7.31e-02	9.27e-01
 1.27806e+22	3.07e-05	8.05e-02	9.19e-01
 1.31170e+22	3.58e-05	9.02e-02	9.10e-01
 1.34810e+22	4.24e-05	1.03e-01	8.97e-01
 1.38008e+22	4.94e-05	1.16e-01	8.84e-01
 1.40845e+22	5.70e-05	1.30e-01	8.70e-01
 1.44016e+22	6.73e-05	1.48e-01	8.52e-01
 1.47239e+22	8.01e-05	1.70e-01	8.29e-01
 1.49799e+22	9.27e-05	1.92e-01	8.08e-01
 1.52048e+22	1.06e-04	2.15e-01	7.85e-01
 1.54621e+22	1.23e-04	2.44e-01	7.56e-01
 1.57189e+22	1.44e-04	2.78e-01	7.22e-01
 1.59118e+22	1.63e-04	3.07e-01	6.92e-01
 1.60994e+22	1.84e-04	3.39e-01	6.61e-01
 1.63114e+22	2.11e-04	3.78e-01	6.22e-01
 1.65108e+22	2.38e-04	4.17e-01	5.82e-01
 1.66974e+22	2.66e-04	4.57e-01	5.43e-01
 1.69116e+22	3.02e-04	5.03e-01	4.96e-01
 1.71410e+22	3.43e-04	5.54e-01	4.46e-01
 1.73442e+22	3.82e-04	5.98e-01	4.02e-01
 1.75333e+22	4.19e-04	6.37e-01	3.63e-01
 1.77496e+22	4.63e-04	6.79e-01	3.20e-01
 1.79832e+22	5.10e-04	7.21e-01	2.79e-01
 1.81925e+22	5.52e-04	7.54e-01	2.46e-01
 1.83854e+22	5.90e-04	7.81e-01	2.18e-01
 1.86036e+22	6.34e-04	8.08e-01	1.91e-01
 1.88802e+22	6.89e-04	8.38e-01	1.62e-01
 1.91704e+22	7.44e-04	8.63e-01	1.36e-01
 1.94383e+22	7.93e-04	8.82e-01	1.17e-01
 1.97162e+22	8.44e-04	8.98e-01	1.01e-01
 2.00308e+22	9.01e-04	9.14e-01	8.54e-02
 2.03793e+22	9.62e-04	9.27e-01	7.18e-02
 2.07544e+22	1.03e-03	9.39e-01	6.03e-02
 2.11598e+22	1.10e-03	9.48e-01	5.04e-02
 2.16109e+22	1.17e-03	9.57e-01	4.19e-02
 2.21312e+22	1.26e-03	9.64e-01	3.43e-02
 2.26761e+22	1.36e-03	9.70e-01	2.84e-02
 2.32004e+22	1.45e-03	9.75e-01	2.40e-02
 2.37977e+22	1.56e-03	9.78e-01	2.00e-02
 2.45742e+22	1.71e-03	9.82e-01	1.61e-02
 2.53806e+22	1.87e-03	9.85e-01	1.32e-02
 2.60645e+22	2.02e-03	9.87e-01	1.13e-02
 2.66955e+22	2.17e-03	9.88e-01	9.90e-03
 2.72795e+22	2.32e-03	9.89e-01	8.84e-03
 2.77276e+22	2.45e-03	9.89e-01	8.17e-03
 2.80525e+22	2.54e-03	9.90e-01	7.73e-03
 2.83890e+22	2.65e-03	9.90e-01	7.29e-03
 2.88265e+22	2.80e-03	9.90e-01	6.77e-03
 2.92620e+22	2.97e-03	9.91e-01	6.32e-03
 2.95740e+22	3.09e-03	9.91e-01	6.05e-03
 2.98065e+22	3.21e-03	9.91e-01	5.85e-03
 3.00567e+22	3.33e-03	9.91e-01	5.65e-03
 3.03819e+22	3.49e-03	9.91e-01	5.38e-03
 3.07040e+22	3.68e-03	9.91e-01	5.15e-03
 3.09353e+22	3.83e-03	9.91e-01	5.00e-03
 3.11115e+22	3.96e-03	9.91e-01	4.89e-03
 3.13029e+22	4.10e-03	9.91e-01	4.78e-03
 3.15517e+22	4.29e-03	9.91e-01	4.62e-03
 3.17995e+22	4.52e-03	9.91e-01	4.48e-03
 3.19798e+22	4.71e-03	9.91e-01	4.39e-03
 3.21189e+22	4.86e-03	9.91e-01	4.32e-03
 3.22709e+22	5.04e-03	9.91e-01	4.24e-03
 3.24684e+22	5.28e-03	9.91e-01	4.14e-03
 3.26661e+22	5.56e-03	9.90e-01	4.04e-03
 3.28117e+22	5.80e-03	9.90e-01	3.97e-03
 3.29259e+22	6.00e-03	9.90e-01	3.92e-03
 3.30512e+22	6.23e-03	9.90e-01	3.87e-03
 3.32142e+22	6.55e-03	9.90e-01	3.80e-03
 3.33779e+22	6.94e-03	9.89e-01	3.72e-03
 3.34998e+22	7.26e-03	9.89e-01	3.67e-03
 3.35964e+22	7.55e-03	9.89e-01	3.63e-03
 3.37028e+22	7.87e-03	9.89e-01	3.59e-03
 3.38412e+22	8.32e-03	9.88e-01	3.53e-03
 3.39822e+22	8.89e-03	9.88e-01	3.47e-03
 3.40907e+22	9.39e-03	9.87e-01	3.44e-03
 3.41791e+22	9.84e-03	9.87e-01	3.40e-03
 3.42773e+22	1.04e-02	9.86e-01	3.36e-03
 3.44051e+22	1.11e-02	9.86e-01	3.31e-03
 3.45307e+22	1.21e-02	9.85e-01	3.27e-03
 3.46215e+22	1.29e-02	9.84e-01	3.24e-03
 3.46941e+22	1.36e-02	9.83e-01	3.22e-03
 3.47749e+22	1.44e-02	9.82e-01	3.19e-03
 3.48800e+22	1.57e-02	9.81e-01	3.15e-03
 3.49869e+22	1.73e-02	9.80e-01	3.12e-03
 3.50679e+22	1.88e-02	9.78e-01	3.10e-03
 3.51317e+22	2.01e-02	9.77e-01	3.08e-03
 3.52015e+22	2.18e-02	9.75e-01	3.06e-03
 3.52770e+22	2.39e-02	9.73e-01	3.04e-03
 3.53396e+22	2.59e-02	9.71e-01	3.04e-03
 3.53891e+22	2.78e-02	9.69e-01	3.03e-03
 3.54419e+22	3.00e-02	9.67e-01	3.02e-03
 3.55014e+22	3.29e-02	9.64e-01	3.02e-03
 3.55550e+22	3.61e-02	9.61e-01	3.02e-03
 3.55987e+22	3.91e-02	9.58e-01	3.02e-03
 3.56380e+22	4.20e-02	9.55e-01	3.02e-03
 3.56830e+22	4.56e-02	9.51e-01	3.04e-03
 3.57414e+22	5.10e-02	9.46e-01	3.06e-03
 3.57983e+22	5.76e-02	9.39e-01	3.09e-03
 3.58379e+22	6.35e-02	9.33e-01	3.12e-03
 3.58628e+22	6.76e-02	9.29e-01	3.14e-03
 3.58806e+22	7.07e-02	9.26e-01	3.15e-03
 3.59006e+22	7.43e-02	9.23e-01	3.16e-03
 3.59265e+22	7.92e-02	9.18e-01	3.18e-03
 3.59548e+22	8.53e-02	9.11e-01	3.21e-03
 3.59796e+22	9.10e-02	9.06e-01	3.26e-03
 3.60012e+22	9.66e-02	9.00e-01	3.28e-03
 3.60233e+22	1.03e-01	8.94e-01	3.32e-03
 3.60478e+22	1.10e-01	8.87e-01	3.36e-03
 3.60737e+22	1.18e-01	8.78e-01	3.41e-03
 3.60982e+22	1.27e-01	8.70e-01	3.47e-03
 3.61217e+22	1.36e-01	8.61e-01	3.53e-03
 3.61466e+22	1.46e-01	8.50e-01	3.60e-03
 3.61731e+22	1.58e-01	8.38e-01	3.68e-03
 3.61986e+22	1.71e-01	8.25e-01	3.77e-03
 3.62169e+22	1.81e-01	8.15e-01	3.84e-03
 3.62277e+22	1.88e-01	8.08e-01	3.85e-03
 3.62380e+22	1.95e-01	8.01e-01	3.86e-03
 3.62513e+22	2.04e-01	7.92e-01	3.89e-03
 3.62671e+22	2.14e-01	7.82e-01	3.94e-03
 3.62823e+22	2.25e-01	7.71e-01	4.01e-03
 3.62950e+22	2.34e-01	7.62e-01	4.06e-03
 3.63069e+22	2.43e-01	7.53e-01	4.08e-03
 3.63201e+22	2.54e-01	7.42e-01	4.13e-03
 3.63342e+22	2.65e-01	7.31e-01	4.18e-03
 3.63476e+22	2.76e-01	7.19e-01	4.24e-03
 3.63597e+22	2.87e-01	7.09e-01	4.28e-03
 3.63718e+22	2.99e-01	6.97e-01	4.31e-03
 3.63848e+22	3.11e-01	6.85e-01	4.36e-03
 3.63980e+22	3.24e-01	6.72e-01	4.41e-03
 3.64105e+22	3.37e-01	6.59e-01	4.45e-03
 3.64224e+22	3.49e-01	6.46e-01	4.49e-03
 3.64346e+22	3.62e-01	6.33e-01	4.52e-03
 3.64475e+22	3.77e-01	6.19e-01	4.56e-03
 3.64604e+22	3.91e-01	6.04e-01	4.59e-03
 3.64724e+22	4.05e-01	5.90e-01	4.62e-03
 3.64842e+22	4.20e-01	5.76e-01	4.63e-03
 3.64967e+22	4.35e-01	5.60e-01	4.65e-03
 3.65098e+22	4.51e-01	5.44e-01	4.67e-03
 3.65223e+22	4.67e-01	5.29e-01	4.69e-03
 3.65340e+22	4.82e-01	5.13e-01	4.68e-03
 3.65460e+22	4.98e-01	4.97e-01	4.66e-03
 3.65589e+22	5.15e-01	4.80e-01	4.65e-03
 3.65718e+22	5.32e-01	4.63e-01	4.64e-03
 3.65838e+22	5.48e-01	4.47e-01	4.61e-03
 3.65955e+22	5.64e-01	4.31e-01	4.56e-03
 3.66077e+22	5.81e-01	4.15e-01	4.52e-03
 3.66202e+22	5.98e-01	3.98e-01	4.47e-03
 3.66324e+22	6.14e-01	3.82e-01	4.41e-03
 3.66442e+22	6.29e-01	3.66e-01	4.34e-03
 3.66561e+22	6.45e-01	3.51e-01	4.26e-03
 3.66684e+22	6.61e-01	3.35e-01	4.18e-03
 3.66811e+22	6.76e-01	3.20e-01	4.09e-03
 3.66936e+22	6.92e-01	3.04e-01	4.00e-03
 3.67059e+22	7.06e-01	2.90e-01	3.89e-03
 3.67187e+22	7.21e-01	2.75e-01	3.77e-03
 3.67320e+22	7.36e-01	2.60e-01	3.65e-03
 3.67457e+22	7.51e-01	2.46e-01	3.53e-03
 3.67593e+22	7.64e-01	2.32e-01	3.40e-03
 3.67732e+22	7.78e-01	2.19e-01	3.26e-03
 3.67871e+22	7.90e-01	2.07e-01	3.12e-03
 3.68007e+22	8.02e-01	1.95e-01	2.99e-03
 3.68139e+22	8.12e-01	1.85e-01	2.86e-03
 3.68265e+22	8.22e-01	1.76e-01	2.75e-03
 3.68393e+22	8.30e-01	1.67e-01	2.63e-03
 3.68526e+22	8.39e-01	1.59e-01	2.52e-03
 3.68666e+22	8.47e-01	1.51e-01	2.41e-03
 3.68812e+22	8.54e-01	1.43e-01	2.31e-03
 3.68960e+22	8.61e-01	1.37e-01	2.21e-03
 3.69107e+22	8.67e-01	1.31e-01	2.12e-03
 3.69262e+22	8.73e-01	1.25e-01	2.03e-03
 3.69431e+22	8.79e-01	1.19e-01	1.95e-03
 3.69607e+22	8.84e-01	1.14e-01	1.88e-03
 3.69801e+22	8.89e-01	1.10e-01	1.80e-03
 3.70015e+22	8.93e-01	1.05e-01	1.73e-03
 3.70243e+22	8.97e-01	1.02e-01	1.67e-03
 3.70502e+22	9.01e-01	9.79e-02	1.61e-03
 3.70797e+22	9.04e-01	9.47e-02	1.55e-03
 3.71092e+22	9.06e-01	9.22e-02	1.51e-03
 3.71360e+22	9.08e-01	9.03e-02	1.47e-03
 3.71655e+22	9.10e-01	8.83e-02	1.43e-03
 3.71973e+22	9.11e-01	8.72e-02	1.41e-03
 3.72321e+22	9.13e-01	8.57e-02	1.38e-03
 3.72697e+22	9.14e-01	8.49e-02	1.36e-03
 3.73109e+22	9.15e-01	8.37e-02	1.33e-03
 3.73644e+22	9.16e-01	8.26e-02	1.31e-03
 3.74222e+22	9.17e-01	8.20e-02	1.29e-03
 3.74856e+22	9.18e-01	8.10e-02	1.26e-03
 3.75540e+22	9.19e-01	8.02e-02	1.24e-03
 3.76290e+22	9.20e-01	7.93e-02	1.21e-03
 3.77099e+22	9.20e-01	7.84e-02	1.18e-03
 3.77985e+22	9.21e-01	7.74e-02	1.15e-03
 3.78943e+22	9.22e-01	7.65e-02	1.12e-03
 3.79814e+22	9.23e-01	7.57e-02	1.10e-03
 3.80768e+22	9.24e-01	7.46e-02	1.07e-03
 3.81799e+22	9.25e-01	7.37e-02	1.04e-03
 3.82736e+22	9.26e-01	7.29e-02	1.02e-03
 3.83764e+22	9.27e-01	7.18e-02	9.84e-04
 3.84873e+22	9.28e-01	7.08e-02	9.58e-04
 3.85883e+22	9.29e-01	7.01e-02	9.38e-04
 3.86989e+22	9.30e-01	6.91e-02	9.10e-04
 3.88183e+22	9.31e-01	6.82e-02	8.85e-04
 3.89270e+22	9.32e-01	6.74e-02	8.65e-04
 3.90461e+22	9.33e-01	6.63e-02	8.37e-04
 3.91747e+22	9.34e-01	6.54e-02	8.13e-04
 3.92916e+22	9.35e-01	6.46e-02	7.93e-04
 3.94198e+22	9.36e-01	6.35e-02	7.67e-04
 3.95582e+22	9.37e-01	6.26e-02	7.43e-04
 3.96842e+22	9.38e-01	6.18e-02	7.24e-04
 3.98222e+22	9.39e-01	6.07e-02	6.98e-04
 3.99712e+22	9.40e-01	5.97e-02	6.75e-04
 4.01068e+22	9.41e-01	5.88e-02	6.56e-04
 4.02302e+22	9.41e-01	5.81e-02	6.38e-04
 4.03424e+22	9.42e-01	5.74e-02	6.23e-04
 4.04655e+22	9.43e-01	5.65e-02	6.02e-04
 4.05983e+22	9.44e-01	5.56e-02	5.85e-04
 4.07192e+22	9.44e-01	5.50e-02	5.71e-04
 4.08516e+22	9.45e-01	5.40e-02	5.52e-04
 4.09946e+22	9.46e-01	5.32e-02	5.34e-04
 4.11247e+22	9.47e-01	5.25e-02	5.21e-04
 4.12673e+22	9.48e-01	5.16e-02	5.02e-04
 4.14213e+22	9.49e-01	5.08e-02	4.86e-04
 4.15613e+22	9.49e-01	5.01e-02	4.72e-04
 4.16888e+22	9.50e-01	4.95e-02	4.61e-04
 4.18285e+22	9.51e-01	4.86e-02	4.45e-04
 4.19793e+22	9.52e-01	4.78e-02	4.31e-04
 4.21165e+22	9.52e-01	4.72e-02	4.20e-04
 4.22669e+22	9.53e-01	4.65e-02	4.07e-04
 4.24292e+22	9.54e-01	4.58e-02	3.95e-04
 4.25770e+22	9.54e-01	4.52e-02	3.84e-04
 4.27388e+22	9.55e-01	4.44e-02	3.71e-04
 4.29136e+22	9.56e-01	4.37e-02	3.60e-04
 4.30726e+22	9.57e-01	4.31e-02	3.50e-04
 4.32469e+22	9.57e-01	4.23e-02	3.37e-04
 4.34351e+22	9.58e-01	4.16e-02	3.26e-04
 4.36063e+22	9.59e-01	4.10e-02	3.17e-04
 4.37939e+22	9.59e-01	4.03e-02	3.05e-04
 4.39964e+22	9.60e-01	3.95e-02	2.94e-04
 4.41807e+22	9.61e-01	3.90e-02	2.86e-04
 4.43484e+22	9.61e-01	3.84e-02	2.78e-04
 4.45322e+22	9.62e-01	3.78e-02	2.68e-04
 4.47306e+22	9.63e-01	3.71e-02	2.60e-04
 4.49112e+22	9.63e-01	3.67e-02	2.53e-04
 4.51090e+22	9.64e-01	3.60e-02	2.43e-04
 4.53226e+22	9.64e-01	3.53e-02	2.35e-04
 4.55170e+22	9.65e-01	3.48e-02	2.28e-04
 4.57300e+22	9.66e-01	3.42e-02	2.19e-04
 4.59600e+22	9.66e-01	3.35e-02	2.12e-04
 4.61692e+22	9.67e-01	3.30e-02	2.05e-04
 4.63596e+22	9.67e-01	3.26e-02	2.00e-04
 4.65683e+22	9.68e-01	3.20e-02	1.93e-04
 4.67935e+22	9.68e-01	3.15e-02	1.86e-04
 4.69985e+22	9.69e-01	3.10e-02	1.81e-04
 4.72232e+22	9.69e-01	3.04e-02	1.74e-04
 4.74657e+22	9.70e-01	2.99e-02	1.68e-04
 4.76863e+22	9.70e-01	2.95e-02	1.64e-04
 4.79282e+22	9.71e-01	2.89e-02	1.57e-04
 4.81892e+22	9.71e-01	2.84e-02	1.52e-04
 4.84268e+22	9.72e-01	2.79e-02	1.47e-04
 4.86430e+22	9.72e-01	2.76e-02	1.43e-04
 4.88799e+22	9.73e-01	2.71e-02	1.38e-04
 4.91356e+22	9.73e-01	2.66e-02	1.33e-04
 4.93683e+22	9.74e-01	2.63e-02	1.30e-04
 4.96234e+22	9.74e-01	2.58e-02	1.25e-04
 4.98987e+22	9.75e-01	2.53e-02	1.21e-04
 5.01492e+22	9.75e-01	2.49e-02	1.17e-04
 5.04238e+22	9.75e-01	2.45e-02	1.13e-04
 5.07202e+22	9.76e-01	2.40e-02	1.09e-04
 5.09899e+22	9.76e-01	2.37e-02	1.06e-04
 5.12353e+22	9.77e-01	2.33e-02	1.02e-04
 5.15043e+22	9.77e-01	2.29e-02	9.88e-05
 5.17946e+22	9.77e-01	2.25e-02	9.56e-05
 5.21128e+22	9.78e-01	2.21e-02	9.17e-05
 5.24563e+22	9.78e-01	2.16e-02	8.81e-05
 5.27689e+22	9.79e-01	2.13e-02	8.57e-05
 5.31114e+22	9.79e-01	2.08e-02	8.18e-05
 5.34812e+22	9.79e-01	2.04e-02	7.87e-05
 5.38177e+22	9.80e-01	2.01e-02	7.60e-05
 5.41864e+22	9.80e-01	1.96e-02	7.27e-05
 5.45845e+22	9.81e-01	1.92e-02	6.99e-05
 5.49467e+22	9.81e-01	1.89e-02	6.73e-05
 5.52764e+22	9.81e-01	1.86e-02	6.51e-05
 5.56376e+22	9.82e-01	1.82e-02	6.26e-05
 5.60276e+22	9.82e-01	1.79e-02	6.03e-05
 5.63825e+22	9.82e-01	1.76e-02	5.82e-05
 5.67713e+22	9.83e-01	1.72e-02	5.59e-05
 5.71911e+22	9.83e-01	1.69e-02	5.38e-05
 5.75732e+22	9.83e-01	1.66e-02	5.18e-05
 5.79918e+22	9.84e-01	1.62e-02	4.97e-05
 5.84438e+22	9.84e-01	1.59e-02	4.78e-05
 5.88550e+22	9.84e-01	1.56e-02	4.61e-05
 5.93057e+22	9.85e-01	1.53e-02	4.42e-05
 5.97922e+22	9.85e-01	1.50e-02	4.24e-05
 6.02350e+22	9.85e-01	1.47e-02	4.08e-05
 6.07201e+22	9.86e-01	1.44e-02	3.92e-05
 6.12439e+22	9.86e-01	1.41e-02	3.75e-05
 6.17205e+22	9.86e-01	1.38e-02	3.60e-05
 6.22428e+22	9.86e-01	1.35e-02	3.45e-05
 6.28067e+22	9.87e-01	1.32e-02	3.30e-05
 6.34246e+22	9.87e-01	1.29e-02	3.13e-05
 6.41428e+22	9.87e-01	1.25e-02	2.96e-05
 6.49021e+22	9.88e-01	1.21e-02	2.79e-05
 6.56996e+22	9.88e-01	1.18e-02	2.63e-05
 6.65249e+22	9.89e-01	1.14e-02	2.48e-05
 6.73736e+22	9.89e-01	1.11e-02	2.33e-05
 6.82460e+22	9.89e-01	1.08e-02	2.19e-05
 6.91424e+22	9.90e-01	1.04e-02	2.06e-05
 7.00628e+22	9.90e-01	1.01e-02	1.94e-05
 7.10065e+22	9.90e-01	9.80e-03	1.82e-05
 7.19752e+22	9.90e-01	9.50e-03	1.71e-05
 7.29714e+22	9.91e-01	9.20e-03	1.61e-05
 7.39934e+22	9.91e-01	8.92e-03	1.51e-05
 7.50402e+22	9.91e-01	8.64e-03	1.42e-05
 7.61169e+22	9.92e-01	8.37e-03	1.33e-05
 7.72167e+22	9.92e-01	8.10e-03	1.25e-05
 7.83422e+22	9.92e-01	7.85e-03	1.17e-05
 7.95030e+22	9.92e-01	7.60e-03	1.10e-05
 8.06955e+22	9.93e-01	7.36e-03	1.03e-05
 8.19202e+22	9.93e-01	7.12e-03	9.64e-06
 8.31790e+22	9.93e-01	6.90e-03	9.03e-06
 8.44737e+22	9.93e-01	6.67e-03	8.46e-06
 8.58032e+22	9.94e-01	6.46e-03	7.92e-06
 8.71689e+22	9.94e-01	6.25e-03	7.42e-06
 8.85762e+22	9.94e-01	6.05e-03	6.95e-06
 9.00470e+22	9.94e-01	5.85e-03	6.50e-06
 9.15820e+22	9.94e-01	5.65e-03	6.08e-06
 9.31685e+22	9.95e-01	5.46e-03	5.67e-06
 9.48089e+22	9.95e-01	5.28e-03	5.30e-06
 9.65054e+22	9.95e-01	5.10e-03	4.95e-06
 9.82641e+22	9.95e-01	4.92e-03	4.61e-06
 1.00083e+23	9.95e-01	4.75e-03	4.30e-06
 1.01974e+23	9.95e-01	4.59e-03	4.01e-06
 1.03949e+23	9.96e-01	4.43e-03	3.73e-06
 1.06010e+23	9.96e-01	4.27e-03	3.48e-06
 1.08182e+23	9.96e-01	4.12e-03	3.23e-06
 1.10475e+23	9.96e-01	3.97e-03	3.00e-06
 1.12881e+23	9.96e-01	3.82e-03	2.78e-06
 1.15402e+23	9.96e-01	3.68e-03	2.58e-06
 1.18051e+23	9.96e-01	3.54e-03	2.39e-06
 1.20835e+23	9.97e-01	3.40e-03	2.21e-06
 1.23771e+23	9.97e-01	3.27e-03	2.04e-06
 1.26882e+23	9.97e-01	3.14e-03	1.89e-06
 1.30197e+23	9.97e-01	3.02e-03	1.74e-06
 1.33737e+23	9.97e-01	2.90e-03	1.60e-06
 1.37514e+23	9.97e-01	2.78e-03	1.47e-06
 1.41556e+23	9.97e-01	2.66e-03	1.35e-06
 1.45885e+23	9.97e-01	2.55e-03	1.24e-06
 1.50551e+23	9.98e-01	2.44e-03	1.14e-06
 1.55606e+23	9.98e-01	2.33e-03	1.04e-06
 1.60943e+23	9.98e-01	2.23e-03	9.51e-07
 1.66410e+23	9.98e-01	2.14e-03	8.74e-07
 1.72029e+23	9.98e-01	2.05e-03	8.06e-07
 1.77853e+23	9.98e-01	1.97e-03	7.45e-07
 1.83868e+23	9.98e-01	1.90e-03	6.91e-07
 1.90066e+23	9.98e-01	1.83e-03	6.42e-07
 1.96465e+23	9.98e-01	1.77e-03	5.99e-07
 2.03072e+23	9.98e-01	1.71e-03	5.61e-07
 2.09877e+23	9.98e-01	1.66e-03	5.27e-07
 2.16889e+23	9.98e-01	1.61e-03	4.96e-07
 2.24130e+23	9.98e-01	1.57e-03	4.70e-07
 2.31569e+23	9.98e-01	1.53e-03	4.46e-07
 2.38837e+23	9.99e-01	1.49e-03	4.24e-07
 2.45502e+23	9.99e-01	1.46e-03	4.08e-07
 2.51500e+23	9.99e-01	1.44e-03	3.94e-07
 2.56898e+23	9.99e-01	1.42e-03	3.83e-07
 2.61756e+23	9.99e-01	1.40e-03	3.74e-07
 2.66129e+23	9.99e-01	1.39e-03	3.67e-07
 2.70064e+23	9.99e-01	1.37e-03	3.62e-07
 2.73606e+23	9.99e-01	1.37e-03	3.57e-07
 2.76811e+23	9.99e-01	1.36e-03	3.53e-07
 2.79866e+23	9.99e-01	1.35e-03	3.49e-07
 2.82921e+23	9.99e-01	1.35e-03	3.46e-07
 2.85975e+23	9.99e-01	1.34e-03	3.43e-07
 2.89030e+23	9.99e-01	1.33e-03	3.40e-07
 2.92085e+23	9.99e-01	1.33e-03	3.37e-07
 2.95140e+23	9.99e-01	1.32e-03	3.35e-07
 2.98195e+23	9.99e-01	1.32e-03	3.33e-07
 3.01250e+23	9.99e-01	1.31e-03	3.31e-07
 3.04129e+23	9.99e-01	1.31e-03	3.28e-07
