#depth	O	O+	O+2	O+3	O+4	O+5	O+6	O+7	O+8	O[1]	O[2]	O[3]
 6.17135e+19	9.26e-15	1.15e-09	6.79e-06	2.12e-03	4.07e-02	1.64e-01	7.29e-01	6.25e-02	1.08e-03	9.26e-15	7.82e-20	9.10e-20
 1.87609e+20	1.24e-14	1.55e-09	8.89e-06	2.62e-03	4.65e-02	1.79e-01	7.15e-01	5.56e-02	8.69e-04	1.24e-14	9.67e-20	1.12e-19
 3.14614e+20	1.68e-14	2.10e-09	1.17e-05	3.24e-03	5.31e-02	1.95e-01	6.99e-01	4.94e-02	7.02e-04	1.68e-14	1.24e-19	1.44e-19
 4.40961e+20	2.27e-14	2.85e-09	1.52e-05	3.95e-03	6.01e-02	2.10e-01	6.81e-01	4.40e-02	5.72e-04	2.27e-14	1.60e-19	1.86e-19
 5.31198e+20	2.79e-14	3.50e-09	1.82e-05	4.52e-03	6.51e-02	2.21e-01	6.68e-01	4.06e-02	4.95e-04	2.79e-14	1.87e-19	2.18e-19
 5.74996e+20	3.11e-14	3.88e-09	1.98e-05	4.81e-03	6.76e-02	2.25e-01	6.63e-01	3.91e-02	4.64e-04	3.11e-14	2.07e-19	2.42e-19
 6.14291e+20	3.41e-14	4.24e-09	2.14e-05	5.09e-03	7.00e-02	2.30e-01	6.57e-01	3.78e-02	4.37e-04	3.41e-14	2.26e-19	2.63e-19
 6.65375e+20	3.84e-14	4.77e-09	2.36e-05	5.48e-03	7.31e-02	2.35e-01	6.50e-01	3.62e-02	4.05e-04	3.84e-14	2.50e-19	2.92e-19
 7.31784e+20	4.48e-14	5.54e-09	2.68e-05	6.01e-03	7.73e-02	2.42e-01	6.40e-01	3.41e-02	3.66e-04	4.48e-14	2.85e-19	3.33e-19
 8.18116e+20	5.46e-14	6.71e-09	3.15e-05	6.76e-03	8.28e-02	2.51e-01	6.27e-01	3.17e-02	3.22e-04	5.46e-14	3.39e-19	3.95e-19
 9.09368e+20	6.72e-14	8.17e-09	3.71e-05	7.61e-03	8.87e-02	2.60e-01	6.14e-01	2.93e-02	2.82e-04	6.72e-14	4.03e-19	4.70e-19
 9.83777e+20	7.91e-14	9.55e-09	4.23e-05	8.35e-03	9.36e-02	2.68e-01	6.03e-01	2.76e-02	2.54e-04	7.91e-14	4.64e-19	5.41e-19
 1.05727e+21	9.33e-14	1.11e-08	4.80e-05	9.15e-03	9.87e-02	2.74e-01	5.92e-01	2.59e-02	2.29e-04	9.33e-14	5.39e-19	6.28e-19
 1.15282e+21	1.15e-13	1.36e-08	5.65e-05	1.03e-02	1.05e-01	2.83e-01	5.77e-01	2.40e-02	2.00e-04	1.15e-13	6.49e-19	7.57e-19
 1.25110e+21	1.42e-13	1.65e-08	6.64e-05	1.15e-02	1.12e-01	2.91e-01	5.62e-01	2.21e-02	1.75e-04	1.42e-13	7.77e-19	9.06e-19
 1.33099e+21	1.68e-13	1.93e-08	7.54e-05	1.26e-02	1.18e-01	2.98e-01	5.50e-01	2.07e-02	1.57e-04	1.68e-13	9.01e-19	1.05e-18
 1.41291e+21	2.00e-13	2.26e-08	8.58e-05	1.38e-02	1.24e-01	3.04e-01	5.38e-01	1.94e-02	1.41e-04	2.00e-13	1.05e-18	1.23e-18
 1.51941e+21	2.49e-13	2.77e-08	1.01e-04	1.54e-02	1.33e-01	3.12e-01	5.22e-01	1.78e-02	1.22e-04	2.49e-13	1.29e-18	1.50e-18
 1.63101e+21	3.12e-13	3.40e-08	1.19e-04	1.73e-02	1.41e-01	3.20e-01	5.05e-01	1.63e-02	1.06e-04	3.12e-13	1.57e-18	1.82e-18
 1.72514e+21	3.75e-13	4.02e-08	1.37e-04	1.90e-02	1.48e-01	3.26e-01	4.91e-01	1.51e-02	9.38e-05	3.75e-13	1.85e-18	2.15e-18
 1.82343e+21	4.55e-13	4.78e-08	1.57e-04	2.09e-02	1.56e-01	3.32e-01	4.77e-01	1.40e-02	8.28e-05	4.55e-13	2.21e-18	2.57e-18
 1.95120e+21	5.82e-13	5.95e-08	1.88e-04	2.35e-02	1.67e-01	3.39e-01	4.58e-01	1.27e-02	7.06e-05	5.82e-13	2.76e-18	3.21e-18
 2.08453e+21	7.45e-13	7.41e-08	2.24e-04	2.65e-02	1.77e-01	3.45e-01	4.39e-01	1.14e-02	5.99e-05	7.45e-13	3.44e-18	4.00e-18
 2.19485e+21	9.08e-13	8.81e-08	2.58e-04	2.91e-02	1.86e-01	3.50e-01	4.24e-01	1.05e-02	5.24e-05	9.08e-13	4.12e-18	4.78e-18
 2.30808e+21	1.11e-12	1.05e-07	2.97e-04	3.20e-02	1.96e-01	3.55e-01	4.08e-01	9.62e-03	4.57e-05	1.11e-12	4.98e-18	5.78e-18
 2.45527e+21	1.45e-12	1.32e-07	3.56e-04	3.61e-02	2.08e-01	3.59e-01	3.88e-01	8.58e-03	3.83e-05	1.45e-12	6.34e-18	7.36e-18
 2.60873e+21	1.89e-12	1.66e-07	4.26e-04	4.07e-02	2.21e-01	3.63e-01	3.68e-01	7.63e-03	3.20e-05	1.89e-12	8.06e-18	9.34e-18
 2.73577e+21	2.33e-12	1.99e-07	4.92e-04	4.46e-02	2.31e-01	3.65e-01	3.52e-01	6.93e-03	2.76e-05	2.33e-12	9.80e-18	1.14e-17
 2.86632e+21	2.90e-12	2.40e-07	5.68e-04	4.90e-02	2.42e-01	3.67e-01	3.36e-01	6.28e-03	2.38e-05	2.90e-12	1.20e-17	1.39e-17
 3.03605e+21	3.83e-12	3.04e-07	6.81e-04	5.51e-02	2.55e-01	3.68e-01	3.15e-01	5.53e-03	1.96e-05	3.83e-12	1.56e-17	1.81e-17
 3.20317e+21	4.97e-12	3.78e-07	8.08e-04	6.14e-02	2.68e-01	3.69e-01	2.96e-01	4.88e-03	1.62e-05	4.97e-12	1.98e-17	2.29e-17
 3.33202e+21	6.05e-12	4.44e-07	9.16e-04	6.65e-02	2.78e-01	3.68e-01	2.82e-01	4.43e-03	1.41e-05	6.05e-12	2.38e-17	2.75e-17
 3.46462e+21	7.39e-12	5.24e-07	1.04e-03	7.20e-02	2.88e-01	3.67e-01	2.68e-01	4.02e-03	1.22e-05	7.39e-12	2.88e-17	3.33e-17
 3.63699e+21	9.56e-12	6.47e-07	1.22e-03	7.96e-02	3.00e-01	3.65e-01	2.51e-01	3.53e-03	1.01e-05	9.56e-12	3.66e-17	4.23e-17
 3.82370e+21	1.25e-11	8.05e-07	1.45e-03	8.82e-02	3.13e-01	3.61e-01	2.33e-01	3.08e-03	8.24e-06	1.25e-11	4.69e-17	5.41e-17
 3.99335e+21	1.58e-11	9.72e-07	1.67e-03	9.63e-02	3.24e-01	3.57e-01	2.18e-01	2.72e-03	6.88e-06	1.58e-11	5.85e-17	6.74e-17
 4.14577e+21	1.94e-11	1.15e-06	1.90e-03	1.04e-01	3.33e-01	3.53e-01	2.05e-01	2.43e-03	5.86e-06	1.94e-11	7.09e-17	8.17e-17
 4.31150e+21	2.42e-11	1.37e-06	2.17e-03	1.13e-01	3.43e-01	3.48e-01	1.92e-01	2.16e-03	4.93e-06	2.42e-11	8.76e-17	1.01e-16
 4.52695e+21	3.20e-11	1.71e-06	2.57e-03	1.24e-01	3.55e-01	3.41e-01	1.76e-01	1.85e-03	3.94e-06	3.20e-11	1.14e-16	1.32e-16
 4.74376e+21	4.18e-11	2.11e-06	3.02e-03	1.36e-01	3.66e-01	3.33e-01	1.60e-01	1.58e-03	3.16e-06	4.18e-11	1.47e-16	1.69e-16
 4.91526e+21	5.14e-11	2.48e-06	3.41e-03	1.46e-01	3.74e-01	3.26e-01	1.49e-01	1.40e-03	2.65e-06	5.14e-11	1.78e-16	2.05e-16
 5.09111e+21	6.33e-11	2.92e-06	3.85e-03	1.57e-01	3.81e-01	3.18e-01	1.39e-01	1.23e-03	2.23e-06	6.33e-11	2.18e-16	2.51e-16
 5.31972e+21	8.28e-11	3.59e-06	4.50e-03	1.71e-01	3.90e-01	3.08e-01	1.26e-01	1.04e-03	1.77e-06	8.28e-11	2.81e-16	3.24e-16
 5.55181e+21	1.07e-10	4.37e-06	5.23e-03	1.86e-01	3.97e-01	2.97e-01	1.14e-01	8.86e-04	1.41e-06	1.07e-10	3.58e-16	4.12e-16
 5.74150e+21	1.31e-10	5.11e-06	5.89e-03	1.98e-01	4.02e-01	2.88e-01	1.05e-01	7.75e-04	1.17e-06	1.31e-10	4.34e-16	5.00e-16
 5.94119e+21	1.62e-10	6.00e-06	6.64e-03	2.11e-01	4.07e-01	2.79e-01	9.63e-02	6.74e-04	9.65e-07	1.62e-10	5.32e-16	6.14e-16
 6.20079e+21	2.13e-10	7.38e-06	7.75e-03	2.28e-01	4.11e-01	2.66e-01	8.59e-02	5.61e-04	7.49e-07	2.13e-10	6.92e-16	7.98e-16
 6.46429e+21	2.76e-10	8.96e-06	8.99e-03	2.46e-01	4.15e-01	2.53e-01	7.65e-02	4.66e-04	5.83e-07	2.76e-10	8.84e-16	1.02e-15
 6.68276e+21	3.40e-10	1.05e-05	1.01e-02	2.61e-01	4.16e-01	2.43e-01	6.94e-02	4.01e-04	4.74e-07	3.40e-10	1.08e-15	1.25e-15
 6.91668e+21	4.26e-10	1.24e-05	1.15e-02	2.77e-01	4.17e-01	2.31e-01	6.25e-02	3.41e-04	3.81e-07	4.26e-10	1.34e-15	1.55e-15
 7.22077e+21	5.66e-10	1.53e-05	1.34e-02	2.99e-01	4.16e-01	2.17e-01	5.46e-02	2.76e-04	2.88e-07	5.66e-10	1.76e-15	2.03e-15
 7.52815e+21	7.39e-10	1.86e-05	1.56e-02	3.20e-01	4.14e-01	2.03e-01	4.75e-02	2.24e-04	2.17e-07	7.39e-10	2.27e-15	2.62e-15
 7.78287e+21	9.16e-10	2.17e-05	1.76e-02	3.37e-01	4.11e-01	1.91e-01	4.24e-02	1.88e-04	1.72e-07	9.16e-10	2.79e-15	3.22e-15
 8.05704e+21	1.16e-09	2.58e-05	2.00e-02	3.56e-01	4.07e-01	1.79e-01	3.74e-02	1.56e-04	1.34e-07	1.16e-09	3.50e-15	4.05e-15
 8.36378e+21	1.49e-09	3.09e-05	2.29e-02	3.77e-01	4.01e-01	1.66e-01	3.25e-02	1.27e-04	0.00e+00	1.49e-09	4.44e-15	5.14e-15
 8.64798e+21	1.85e-09	3.63e-05	2.59e-02	3.96e-01	3.94e-01	1.55e-01	2.86e-02	1.05e-04	0.00e+00	1.85e-09	5.49e-15	6.36e-15
 8.90977e+21	2.26e-09	4.20e-05	2.90e-02	4.14e-01	3.87e-01	1.45e-01	2.54e-02	8.81e-05	0.00e+00	2.26e-09	6.66e-15	7.72e-15
 9.20728e+21	2.85e-09	4.97e-05	3.28e-02	4.33e-01	3.78e-01	1.34e-01	2.21e-02	7.22e-05	0.00e+00	2.85e-09	8.33e-15	9.66e-15
 9.53821e+21	3.63e-09	5.92e-05	3.75e-02	4.53e-01	3.67e-01	1.23e-01	1.90e-02	5.80e-05	0.00e+00	3.63e-09	1.05e-14	1.22e-14
 9.84506e+21	4.51e-09	6.93e-05	4.24e-02	4.72e-01	3.57e-01	1.13e-01	1.65e-02	4.75e-05	0.00e+00	4.51e-09	1.30e-14	1.51e-14
 1.01313e+22	5.51e-09	8.02e-05	4.74e-02	4.88e-01	3.46e-01	1.04e-01	1.45e-02	3.94e-05	0.00e+00	5.51e-09	1.58e-14	1.83e-14
 1.04584e+22	6.97e-09	9.51e-05	5.38e-02	5.06e-01	3.33e-01	9.45e-02	1.24e-02	3.18e-05	0.00e+00	6.97e-09	1.98e-14	2.30e-14
 1.08178e+22	8.88e-09	1.14e-04	6.17e-02	5.24e-01	3.18e-01	8.50e-02	1.05e-02	2.52e-05	0.00e+00	8.88e-09	2.50e-14	2.91e-14
 1.11438e+22	1.10e-08	1.33e-04	6.97e-02	5.40e-01	3.04e-01	7.70e-02	9.04e-03	2.05e-05	0.00e+00	1.10e-08	3.07e-14	3.57e-14
 1.14427e+22	1.34e-08	1.54e-04	7.80e-02	5.53e-01	2.91e-01	7.01e-02	7.85e-03	1.69e-05	0.00e+00	1.34e-08	3.72e-14	4.33e-14
 1.17821e+22	1.68e-08	1.82e-04	8.86e-02	5.66e-01	2.76e-01	6.28e-02	6.69e-03	1.37e-05	0.00e+00	1.68e-08	4.65e-14	5.42e-14
 1.21522e+22	2.13e-08	2.18e-04	1.02e-01	5.78e-01	2.59e-01	5.55e-02	5.61e-03	1.08e-05	0.00e+00	2.13e-08	5.87e-14	6.83e-14
 1.24825e+22	2.63e-08	2.55e-04	1.15e-01	5.87e-01	2.44e-01	4.96e-02	4.80e-03	8.80e-06	0.00e+00	2.63e-08	7.19e-14	8.38e-14
 1.27806e+22	3.17e-08	2.95e-04	1.29e-01	5.92e-01	2.30e-01	4.46e-02	4.15e-03	7.30e-06	0.00e+00	3.17e-08	8.64e-14	1.01e-13
 1.31170e+22	3.97e-08	3.51e-04	1.46e-01	5.97e-01	2.14e-01	3.93e-02	3.51e-03	5.90e-06	0.00e+00	3.97e-08	1.08e-13	1.26e-13
 1.34810e+22	5.02e-08	4.21e-04	1.68e-01	5.98e-01	1.96e-01	3.41e-02	2.93e-03	4.70e-06	0.00e+00	5.02e-08	1.36e-13	1.58e-13
 1.38008e+22	6.15e-08	4.95e-04	1.90e-01	5.96e-01	1.81e-01	3.00e-02	2.49e-03	3.84e-06	0.00e+00	6.15e-08	1.66e-13	1.93e-13
 1.40845e+22	7.40e-08	5.74e-04	2.13e-01	5.91e-01	1.67e-01	2.65e-02	2.14e-03	3.20e-06	0.00e+00	7.40e-08	1.99e-13	2.32e-13
 1.44016e+22	9.21e-08	6.83e-04	2.42e-01	5.82e-01	1.51e-01	2.28e-02	1.79e-03	2.58e-06	0.00e+00	9.21e-08	2.47e-13	2.87e-13
 1.47239e+22	1.14e-07	8.13e-04	2.75e-01	5.68e-01	1.35e-01	1.94e-02	1.48e-03	2.07e-06	0.00e+00	1.14e-07	3.05e-13	3.55e-13
 1.49799e+22	1.35e-07	9.36e-04	3.06e-01	5.53e-01	1.22e-01	1.69e-02	1.27e-03	1.73e-06	0.00e+00	1.35e-07	3.61e-13	4.20e-13
 1.52048e+22	1.57e-07	1.05e-03	3.36e-01	5.37e-01	1.11e-01	1.48e-02	1.09e-03	1.45e-06	0.00e+00	1.57e-07	4.16e-13	4.85e-13
 1.54621e+22	1.88e-07	1.22e-03	3.73e-01	5.15e-01	9.75e-02	1.26e-02	9.04e-04	1.18e-06	0.00e+00	1.88e-07	4.99e-13	5.81e-13
 1.57189e+22	2.28e-07	1.43e-03	4.13e-01	4.89e-01	8.52e-02	1.06e-02	7.48e-04	9.56e-07	0.00e+00	2.28e-07	6.03e-13	7.01e-13
 1.59118e+22	2.60e-07	1.60e-03	4.45e-01	4.67e-01	7.60e-02	9.21e-03	6.39e-04	8.05e-07	0.00e+00	2.60e-07	6.88e-13	8.00e-13
 1.60994e+22	3.00e-07	1.79e-03	4.79e-01	4.44e-01	6.71e-02	7.93e-03	5.41e-04	6.70e-07	0.00e+00	3.00e-07	7.91e-13	9.20e-13
 1.63114e+22	3.50e-07	2.02e-03	5.18e-01	4.16e-01	5.77e-02	6.63e-03	4.42e-04	5.37e-07	0.00e+00	3.50e-07	9.22e-13	1.07e-12
 1.65108e+22	4.00e-07	2.24e-03	5.54e-01	3.88e-01	4.96e-02	5.57e-03	3.64e-04	4.35e-07	0.00e+00	4.00e-07	1.05e-12	1.22e-12
 1.66974e+22	4.56e-07	2.48e-03	5.89e-01	3.61e-01	4.25e-02	4.67e-03	2.99e-04	3.51e-07	0.00e+00	4.56e-07	1.20e-12	1.39e-12
 1.69116e+22	5.31e-07	2.78e-03	6.28e-01	3.30e-01	3.52e-02	3.78e-03	2.35e-04	2.70e-07	0.00e+00	5.31e-07	1.39e-12	1.61e-12
 1.71410e+22	6.17e-07	3.11e-03	6.68e-01	2.97e-01	2.85e-02	3.00e-03	1.80e-04	2.02e-07	0.00e+00	6.17e-07	1.61e-12	1.87e-12
 1.73442e+22	7.02e-07	3.41e-03	7.02e-01	2.69e-01	2.35e-02	2.43e-03	1.41e-04	1.54e-07	0.00e+00	7.02e-07	1.82e-12	2.12e-12
 1.75333e+22	7.90e-07	3.70e-03	7.30e-01	2.44e-01	1.95e-02	1.99e-03	1.12e-04	0.00e+00	0.00e+00	7.90e-07	2.05e-12	2.38e-12
 1.77496e+22	9.04e-07	4.05e-03	7.60e-01	2.18e-01	1.57e-02	1.59e-03	8.52e-05	0.00e+00	0.00e+00	9.04e-07	2.34e-12	2.72e-12
 1.79832e+22	1.03e-06	4.42e-03	7.89e-01	1.93e-01	1.25e-02	1.25e-03	6.41e-05	0.00e+00	0.00e+00	1.03e-06	2.67e-12	3.11e-12
 1.81925e+22	1.16e-06	4.75e-03	8.11e-01	1.73e-01	1.03e-02	1.02e-03	4.99e-05	0.00e+00	0.00e+00	1.16e-06	2.98e-12	3.47e-12
 1.83854e+22	1.29e-06	5.06e-03	8.29e-01	1.57e-01	8.63e-03	8.53e-04	3.99e-05	0.00e+00	0.00e+00	1.29e-06	3.30e-12	3.84e-12
 1.86036e+22	1.44e-06	5.42e-03	8.47e-01	1.40e-01	7.12e-03	6.98e-04	3.10e-05	0.00e+00	0.00e+00	1.44e-06	3.69e-12	4.30e-12
 1.88802e+22	1.66e-06	5.87e-03	8.66e-01	1.21e-01	5.68e-03	5.50e-04	2.30e-05	0.00e+00	0.00e+00	1.66e-06	4.22e-12	4.93e-12
 1.91704e+22	1.90e-06	6.34e-03	8.83e-01	1.06e-01	4.60e-03	4.39e-04	1.73e-05	0.00e+00	0.00e+00	1.90e-06	4.82e-12	5.63e-12
 1.94383e+22	2.14e-06	6.76e-03	8.95e-01	9.37e-02	3.86e-03	3.61e-04	1.35e-05	0.00e+00	0.00e+00	2.14e-06	5.40e-12	6.32e-12
 1.97162e+22	2.42e-06	7.21e-03	9.06e-01	8.28e-02	3.27e-03	2.99e-04	1.06e-05	0.00e+00	0.00e+00	2.42e-06	6.02e-12	7.05e-12
 2.00308e+22	2.76e-06	7.72e-03	9.17e-01	7.25e-02	2.78e-03	2.44e-04	8.27e-06	0.00e+00	0.00e+00	2.76e-06	6.77e-12	7.94e-12
 2.03793e+22	3.17e-06	8.29e-03	9.26e-01	6.31e-02	2.38e-03	1.99e-04	6.44e-06	0.00e+00	0.00e+00	3.17e-06	7.67e-12	9.01e-12
 2.07544e+22	3.65e-06	8.89e-03	9.34e-01	5.49e-02	2.06e-03	1.62e-04	5.05e-06	0.00e+00	0.00e+00	3.65e-06	8.73e-12	1.03e-11
 2.11598e+22	4.24e-06	9.56e-03	9.41e-01	4.76e-02	1.80e-03	1.31e-04	3.99e-06	0.00e+00	0.00e+00	4.24e-06	1.00e-11	1.18e-11
 2.16109e+22	4.98e-06	1.03e-02	9.47e-01	4.10e-02	1.59e-03	1.06e-04	3.15e-06	0.00e+00	0.00e+00	4.98e-06	1.16e-11	1.37e-11
 2.21312e+22	5.96e-06	1.12e-02	9.52e-01	3.48e-02	1.41e-03	8.36e-05	2.48e-06	0.00e+00	0.00e+00	5.96e-06	1.37e-11	1.61e-11
 2.26761e+22	7.16e-06	1.21e-02	9.57e-01	2.99e-02	1.27e-03	6.67e-05	1.98e-06	0.00e+00	0.00e+00	7.16e-06	1.62e-11	1.92e-11
 2.32004e+22	8.52e-06	1.31e-02	9.60e-01	2.60e-02	1.16e-03	5.42e-05	1.64e-06	0.00e+00	0.00e+00	8.52e-06	1.91e-11	2.26e-11
 2.37977e+22	1.04e-05	1.42e-02	9.62e-01	2.22e-02	1.06e-03	4.30e-05	1.34e-06	0.00e+00	0.00e+00	1.04e-05	2.30e-11	2.72e-11
 2.45742e+22	1.33e-05	1.57e-02	9.65e-01	1.83e-02	9.63e-04	3.23e-05	1.06e-06	0.00e+00	0.00e+00	1.33e-05	2.93e-11	3.47e-11
 2.53806e+22	1.76e-05	1.76e-02	9.66e-01	1.53e-02	8.83e-04	2.45e-05	8.50e-07	0.00e+00	0.00e+00	1.76e-05	3.82e-11	4.52e-11
 2.60645e+22	2.23e-05	1.94e-02	9.67e-01	1.32e-02	8.28e-04	1.94e-05	7.14e-07	0.00e+00	0.00e+00	2.23e-05	4.84e-11	5.72e-11
 2.66955e+22	2.81e-05	2.11e-02	9.66e-01	1.15e-02	7.84e-04	1.57e-05	6.12e-07	0.00e+00	0.00e+00	2.81e-05	6.07e-11	7.16e-11
 2.72795e+22	3.52e-05	2.31e-02	9.66e-01	1.02e-02	7.48e-04	1.28e-05	5.31e-07	0.00e+00	0.00e+00	3.52e-05	7.60e-11	8.94e-11
 2.77276e+22	4.23e-05	2.48e-02	9.65e-01	9.35e-03	7.23e-04	1.10e-05	4.76e-07	0.00e+00	0.00e+00	4.23e-05	9.16e-11	1.07e-10
 2.80525e+22	4.84e-05	2.61e-02	9.64e-01	8.75e-03	7.06e-04	9.83e-06	4.41e-07	0.00e+00	0.00e+00	4.84e-05	1.05e-10	1.23e-10
 2.83890e+22	5.61e-05	2.76e-02	9.64e-01	8.07e-03	6.89e-04	8.64e-06	4.05e-07	0.00e+00	0.00e+00	5.61e-05	1.22e-10	1.42e-10
 2.88265e+22	6.81e-05	2.98e-02	9.62e-01	7.27e-03	6.68e-04	7.30e-06	3.62e-07	0.00e+00	0.00e+00	6.81e-05	1.48e-10	1.73e-10
 2.92620e+22	8.44e-05	3.24e-02	9.60e-01	6.58e-03	6.49e-04	6.16e-06	3.23e-07	0.00e+00	0.00e+00	8.44e-05	1.85e-10	2.14e-10
 2.95740e+22	9.94e-05	3.46e-02	9.58e-01	6.14e-03	6.37e-04	5.44e-06	2.97e-07	0.00e+00	0.00e+00	9.94e-05	2.19e-10	2.52e-10
 2.98065e+22	1.13e-04	3.65e-02	9.57e-01	5.80e-03	6.27e-04	4.93e-06	2.78e-07	0.00e+00	0.00e+00	1.13e-04	2.50e-10	2.87e-10
 3.00567e+22	1.30e-04	3.86e-02	9.55e-01	5.41e-03	6.17e-04	4.41e-06	2.59e-07	0.00e+00	0.00e+00	1.30e-04	2.89e-10	3.29e-10
 3.03819e+22	1.56e-04	4.17e-02	9.53e-01	4.93e-03	6.03e-04	3.78e-06	2.34e-07	0.00e+00	0.00e+00	1.56e-04	3.51e-10	3.96e-10
 3.07040e+22	1.92e-04	4.55e-02	9.49e-01	4.51e-03	5.91e-04	3.24e-06	2.11e-07	0.00e+00	0.00e+00	1.92e-04	4.36e-10	4.87e-10
 3.09353e+22	2.25e-04	4.88e-02	9.46e-01	4.22e-03	5.82e-04	2.88e-06	1.95e-07	0.00e+00	0.00e+00	2.25e-04	5.17e-10	5.72e-10
 3.11115e+22	2.55e-04	5.15e-02	9.44e-01	4.00e-03	5.75e-04	2.63e-06	1.83e-07	0.00e+00	0.00e+00	2.55e-04	5.90e-10	6.48e-10
 3.13029e+22	2.92e-04	5.46e-02	9.41e-01	3.75e-03	5.67e-04	2.37e-06	1.71e-07	0.00e+00	0.00e+00	2.92e-04	6.81e-10	7.41e-10
 3.15517e+22	3.50e-04	5.92e-02	9.36e-01	3.43e-03	5.57e-04	2.05e-06	1.55e-07	0.00e+00	0.00e+00	3.50e-04	8.30e-10	8.91e-10
 3.17995e+22	4.29e-04	6.49e-02	9.31e-01	3.14e-03	5.46e-04	1.77e-06	1.40e-07	0.00e+00	0.00e+00	4.29e-04	1.04e-09	1.09e-09
 3.19798e+22	5.02e-04	6.98e-02	9.26e-01	2.94e-03	5.38e-04	1.57e-06	1.29e-07	0.00e+00	0.00e+00	5.02e-04	1.23e-09	1.28e-09
 3.21189e+22	5.69e-04	7.40e-02	9.22e-01	2.78e-03	5.32e-04	1.44e-06	0.00e+00	0.00e+00	0.00e+00	5.69e-04	1.42e-09	1.45e-09
 3.22709e+22	6.52e-04	7.88e-02	9.17e-01	2.60e-03	5.25e-04	1.29e-06	0.00e+00	0.00e+00	0.00e+00	6.52e-04	1.65e-09	1.66e-09
 3.24684e+22	7.83e-04	8.58e-02	9.10e-01	2.38e-03	5.15e-04	1.12e-06	0.00e+00	0.00e+00	0.00e+00	7.83e-04	2.03e-09	1.99e-09
 3.26661e+22	9.61e-04	9.46e-02	9.02e-01	2.17e-03	5.04e-04	9.65e-07	0.00e+00	0.00e+00	0.00e+00	9.61e-04	2.56e-09	2.45e-09
 3.28117e+22	1.13e-03	1.02e-01	8.94e-01	2.02e-03	4.95e-04	8.57e-07	0.00e+00	0.00e+00	0.00e+00	1.13e-03	3.07e-09	2.87e-09
 3.29259e+22	1.28e-03	1.09e-01	8.88e-01	1.90e-03	4.88e-04	7.80e-07	0.00e+00	0.00e+00	0.00e+00	1.28e-03	3.56e-09	3.26e-09
 3.30512e+22	1.47e-03	1.16e-01	8.80e-01	1.77e-03	4.80e-04	7.00e-07	0.00e+00	0.00e+00	0.00e+00	1.47e-03	4.18e-09	3.75e-09
 3.32142e+22	1.78e-03	1.27e-01	8.69e-01	1.61e-03	4.69e-04	6.06e-07	0.00e+00	0.00e+00	0.00e+00	1.78e-03	5.20e-09	4.52e-09
 3.33779e+22	2.20e-03	1.41e-01	8.55e-01	1.45e-03	4.55e-04	5.15e-07	0.00e+00	0.00e+00	0.00e+00	2.20e-03	6.63e-09	5.58e-09
 3.34998e+22	2.60e-03	1.53e-01	8.42e-01	1.34e-03	4.45e-04	4.54e-07	0.00e+00	0.00e+00	0.00e+00	2.60e-03	8.06e-09	6.59e-09
 3.35964e+22	2.98e-03	1.64e-01	8.32e-01	1.25e-03	4.36e-04	4.09e-07	0.00e+00	0.00e+00	0.00e+00	2.98e-03	9.43e-09	7.53e-09
 3.37028e+22	3.45e-03	1.76e-01	8.19e-01	1.15e-03	4.26e-04	3.64e-07	0.00e+00	0.00e+00	0.00e+00	3.45e-03	1.12e-08	8.72e-09
 3.38412e+22	4.20e-03	1.94e-01	8.01e-01	1.04e-03	4.12e-04	3.10e-07	0.00e+00	0.00e+00	0.00e+00	4.20e-03	1.40e-08	1.06e-08
 3.39822e+22	5.27e-03	2.16e-01	7.77e-01	9.18e-04	3.94e-04	2.58e-07	0.00e+00	0.00e+00	0.00e+00	5.27e-03	1.81e-08	1.33e-08
 3.40907e+22	6.33e-03	2.36e-01	7.56e-01	8.30e-04	3.79e-04	2.22e-07	0.00e+00	0.00e+00	0.00e+00	6.33e-03	2.22e-08	1.59e-08
 3.41791e+22	7.38e-03	2.54e-01	7.37e-01	7.61e-04	3.66e-04	1.95e-07	0.00e+00	0.00e+00	0.00e+00	7.38e-03	2.63e-08	1.84e-08
 3.42773e+22	8.73e-03	2.75e-01	7.15e-01	6.88e-04	3.51e-04	1.69e-07	0.00e+00	0.00e+00	0.00e+00	8.73e-03	3.16e-08	2.17e-08
 3.44051e+22	1.10e-02	3.06e-01	6.82e-01	5.98e-04	3.29e-04	1.37e-07	0.00e+00	0.00e+00	0.00e+00	1.10e-02	4.03e-08	2.71e-08
 3.45307e+22	1.41e-02	3.44e-01	6.42e-01	5.10e-04	3.04e-04	1.09e-07	0.00e+00	0.00e+00	0.00e+00	1.41e-02	5.27e-08	3.47e-08
 3.46215e+22	1.71e-02	3.75e-01	6.08e-01	4.49e-04	2.83e-04	0.00e+00	0.00e+00	0.00e+00	0.00e+00	1.71e-02	6.45e-08	4.19e-08
 3.46941e+22	1.99e-02	4.00e-01	5.79e-01	4.04e-04	2.67e-04	0.00e+00	0.00e+00	0.00e+00	0.00e+00	1.99e-02	7.54e-08	4.85e-08
 3.47749e+22	2.34e-02	4.29e-01	5.47e-01	3.58e-04	2.47e-04	0.00e+00	0.00e+00	0.00e+00	0.00e+00	2.34e-02	8.95e-08	5.70e-08
 3.48800e+22	2.93e-02	4.70e-01	5.00e-01	3.02e-04	2.21e-04	0.00e+00	0.00e+00	0.00e+00	0.00e+00	2.93e-02	1.12e-07	7.08e-08
 3.49869e+22	3.76e-02	5.17e-01	4.45e-01	2.47e-04	1.91e-04	0.00e+00	0.00e+00	0.00e+00	0.00e+00	3.76e-02	1.45e-07	9.01e-08
 3.50679e+22	4.59e-02	5.55e-01	3.99e-01	2.09e-04	1.67e-04	0.00e+00	0.00e+00	0.00e+00	0.00e+00	4.59e-02	1.76e-07	1.09e-07
 3.51317e+22	5.34e-02	5.83e-01	3.63e-01	1.82e-04	1.48e-04	0.00e+00	0.00e+00	0.00e+00	0.00e+00	5.34e-02	2.05e-07	1.26e-07
 3.52015e+22	6.26e-02	6.12e-01	3.26e-01	1.57e-04	1.29e-04	0.00e+00	0.00e+00	0.00e+00	0.00e+00	6.26e-02	2.39e-07	1.47e-07
 3.52770e+22	7.56e-02	6.43e-01	2.81e-01	1.31e-04	1.08e-04	0.00e+00	0.00e+00	0.00e+00	0.00e+00	7.56e-02	2.86e-07	1.75e-07
 3.53396e+22	8.82e-02	6.67e-01	2.45e-01	1.11e-04	9.11e-05	0.00e+00	0.00e+00	0.00e+00	0.00e+00	8.82e-02	3.32e-07	2.02e-07
 3.53891e+22	9.97e-02	6.83e-01	2.17e-01	9.74e-05	7.85e-05	0.00e+00	0.00e+00	0.00e+00	0.00e+00	9.97e-02	3.72e-07	2.26e-07
 3.54419e+22	1.12e-01	6.97e-01	1.91e-01	8.51e-05	6.69e-05	0.00e+00	0.00e+00	0.00e+00	0.00e+00	1.12e-01	4.16e-07	2.53e-07
 3.55014e+22	1.30e-01	7.09e-01	1.61e-01	7.21e-05	5.44e-05	0.00e+00	0.00e+00	0.00e+00	0.00e+00	1.30e-01	4.74e-07	2.87e-07
 3.55550e+22	1.49e-01	7.16e-01	1.35e-01	6.13e-05	4.37e-05	0.00e+00	0.00e+00	0.00e+00	0.00e+00	1.49e-01	5.35e-07	3.24e-07
 3.55987e+22	1.65e-01	7.19e-01	1.15e-01	5.36e-05	3.61e-05	0.00e+00	0.00e+00	0.00e+00	0.00e+00	1.65e-01	5.89e-07	3.56e-07
 3.56380e+22	1.81e-01	7.19e-01	1.00e-01	4.76e-05	3.03e-05	0.00e+00	0.00e+00	0.00e+00	0.00e+00	1.81e-01	6.37e-07	3.85e-07
 3.56830e+22	2.00e-01	7.15e-01	8.47e-02	4.19e-05	2.48e-05	0.00e+00	0.00e+00	0.00e+00	0.00e+00	2.00e-01	6.91e-07	4.17e-07
 3.57414e+22	2.27e-01	7.06e-01	6.68e-02	3.51e-05	1.86e-05	0.00e+00	0.00e+00	0.00e+00	0.00e+00	2.27e-01	7.69e-07	4.63e-07
 3.57983e+22	2.62e-01	6.88e-01	5.04e-02	2.87e-05	1.32e-05	0.00e+00	0.00e+00	0.00e+00	0.00e+00	2.62e-01	8.57e-07	5.16e-07
 3.58379e+22	2.87e-01	6.72e-01	4.07e-02	2.50e-05	1.02e-05	0.00e+00	0.00e+00	0.00e+00	0.00e+00	2.87e-01	9.19e-07	5.53e-07
 3.58628e+22	3.04e-01	6.61e-01	3.55e-02	2.30e-05	8.64e-06	0.00e+00	0.00e+00	0.00e+00	0.00e+00	3.04e-01	9.56e-07	5.75e-07
 3.58806e+22	3.14e-01	6.53e-01	3.23e-02	2.17e-05	7.74e-06	0.00e+00	0.00e+00	0.00e+00	0.00e+00	3.14e-01	9.79e-07	5.88e-07
 3.59006e+22	3.27e-01	6.44e-01	2.91e-02	2.04e-05	6.83e-06	0.00e+00	0.00e+00	0.00e+00	0.00e+00	3.27e-01	1.00e-06	6.04e-07
 3.59265e+22	3.44e-01	6.31e-01	2.53e-02	1.88e-05	5.76e-06	0.00e+00	0.00e+00	0.00e+00	0.00e+00	3.44e-01	1.04e-06	6.23e-07
 3.59548e+22	3.66e-01	6.13e-01	2.12e-02	1.69e-05	4.67e-06	0.00e+00	0.00e+00	0.00e+00	0.00e+00	3.66e-01	1.07e-06	6.46e-07
 3.59796e+22	3.85e-01	5.96e-01	1.81e-02	1.55e-05	3.87e-06	0.00e+00	0.00e+00	0.00e+00	0.00e+00	3.85e-01	1.11e-06	6.64e-07
 3.60012e+22	4.03e-01	5.82e-01	1.57e-02	1.43e-05	3.28e-06	0.00e+00	0.00e+00	0.00e+00	0.00e+00	4.03e-01	1.13e-06	6.78e-07
 3.60233e+22	4.20e-01	5.67e-01	1.36e-02	1.33e-05	2.77e-06	0.00e+00	0.00e+00	0.00e+00	0.00e+00	4.20e-01	1.15e-06	6.91e-07
 3.60478e+22	4.40e-01	5.48e-01	1.15e-02	1.21e-05	2.27e-06	0.00e+00	0.00e+00	0.00e+00	0.00e+00	4.40e-01	1.17e-06	7.05e-07
 3.60737e+22	4.64e-01	5.27e-01	9.52e-03	1.10e-05	1.82e-06	0.00e+00	0.00e+00	0.00e+00	0.00e+00	4.64e-01	1.20e-06	7.18e-07
 3.60982e+22	4.86e-01	5.06e-01	7.90e-03	9.95e-06	1.46e-06	0.00e+00	0.00e+00	0.00e+00	0.00e+00	4.86e-01	1.21e-06	7.28e-07
 3.61217e+22	5.07e-01	4.86e-01	6.61e-03	9.09e-06	1.19e-06	0.00e+00	0.00e+00	0.00e+00	0.00e+00	5.07e-01	1.23e-06	7.36e-07
 3.61466e+22	5.30e-01	4.65e-01	5.45e-03	8.27e-06	9.54e-07	0.00e+00	0.00e+00	0.00e+00	0.00e+00	5.30e-01	1.24e-06	7.41e-07
 3.61731e+22	5.55e-01	4.41e-01	4.39e-03	7.43e-06	7.44e-07	0.00e+00	0.00e+00	0.00e+00	0.00e+00	5.55e-01	1.24e-06	7.44e-07
 3.61986e+22	5.79e-01	4.17e-01	3.52e-03	6.67e-06	5.80e-07	0.00e+00	0.00e+00	0.00e+00	0.00e+00	5.79e-01	1.24e-06	7.44e-07
 3.62169e+22	5.98e-01	3.99e-01	2.98e-03	6.16e-06	4.80e-07	0.00e+00	0.00e+00	0.00e+00	0.00e+00	5.98e-01	1.24e-06	7.42e-07
 3.62277e+22	6.06e-01	3.91e-01	2.73e-03	5.93e-06	4.35e-07	0.00e+00	0.00e+00	0.00e+00	0.00e+00	6.06e-01	1.24e-06	7.40e-07
 3.62380e+22	6.14e-01	3.84e-01	2.52e-03	5.74e-06	3.98e-07	0.00e+00	0.00e+00	0.00e+00	0.00e+00	6.14e-01	1.23e-06	7.38e-07
 3.62513e+22	6.25e-01	3.73e-01	2.26e-03	5.46e-06	3.51e-07	0.00e+00	0.00e+00	0.00e+00	0.00e+00	6.25e-01	1.23e-06	7.35e-07
 3.62671e+22	6.39e-01	3.59e-01	1.96e-03	5.11e-06	3.00e-07	0.00e+00	0.00e+00	0.00e+00	0.00e+00	6.39e-01	1.22e-06	7.30e-07
 3.62823e+22	6.54e-01	3.45e-01	1.70e-03	4.78e-06	2.56e-07	0.00e+00	0.00e+00	0.00e+00	0.00e+00	6.54e-01	1.21e-06	7.24e-07
 3.62950e+22	6.65e-01	3.34e-01	1.52e-03	4.54e-06	2.26e-07	0.00e+00	0.00e+00	0.00e+00	0.00e+00	6.65e-01	1.20e-06	7.19e-07
 3.63069e+22	6.75e-01	3.24e-01	1.36e-03	4.33e-06	2.01e-07	0.00e+00	0.00e+00	0.00e+00	0.00e+00	6.75e-01	1.19e-06	7.13e-07
 3.63201e+22	6.86e-01	3.13e-01	1.21e-03	4.10e-06	1.76e-07	0.00e+00	0.00e+00	0.00e+00	0.00e+00	6.86e-01	1.18e-06	7.06e-07
 3.63342e+22	6.98e-01	3.01e-01	1.06e-03	3.86e-06	1.52e-07	0.00e+00	0.00e+00	0.00e+00	0.00e+00	6.98e-01	1.17e-06	6.98e-07
 3.63476e+22	7.10e-01	2.89e-01	9.35e-04	3.63e-06	1.32e-07	0.00e+00	0.00e+00	0.00e+00	0.00e+00	7.10e-01	1.15e-06	6.89e-07
 3.63597e+22	7.20e-01	2.79e-01	8.36e-04	3.46e-06	0.00e+00	0.00e+00	0.00e+00	0.00e+00	0.00e+00	7.20e-01	1.14e-06	6.81e-07
 3.63718e+22	7.30e-01	2.70e-01	7.48e-04	3.28e-06	0.00e+00	0.00e+00	0.00e+00	0.00e+00	0.00e+00	7.30e-01	1.13e-06	6.73e-07
 3.63848e+22	7.40e-01	2.59e-01	6.64e-04	3.11e-06	0.00e+00	0.00e+00	0.00e+00	0.00e+00	0.00e+00	7.40e-01	1.11e-06	6.63e-07
 3.63980e+22	7.51e-01	2.49e-01	5.86e-04	2.93e-06	0.00e+00	0.00e+00	0.00e+00	0.00e+00	0.00e+00	7.51e-01	1.10e-06	6.53e-07
 3.64105e+22	7.60e-01	2.39e-01	5.22e-04	2.77e-06	0.00e+00	0.00e+00	0.00e+00	0.00e+00	0.00e+00	7.60e-01	1.08e-06	6.43e-07
 3.64224e+22	7.69e-01	2.30e-01	4.69e-04	2.64e-06	0.00e+00	0.00e+00	0.00e+00	0.00e+00	0.00e+00	7.69e-01	1.06e-06	6.34e-07
 3.64346e+22	7.78e-01	2.22e-01	4.20e-04	2.50e-06	0.00e+00	0.00e+00	0.00e+00	0.00e+00	0.00e+00	7.78e-01	1.05e-06	6.24e-07
 3.64475e+22	7.87e-01	2.13e-01	3.75e-04	2.37e-06	0.00e+00	0.00e+00	0.00e+00	0.00e+00	0.00e+00	7.87e-01	1.03e-06	6.13e-07
 3.64604e+22	7.96e-01	2.03e-01	3.34e-04	2.23e-06	0.00e+00	0.00e+00	0.00e+00	0.00e+00	0.00e+00	7.96e-01	1.01e-06	6.02e-07
 3.64724e+22	8.04e-01	1.95e-01	3.02e-04	2.12e-06	0.00e+00	0.00e+00	0.00e+00	0.00e+00	0.00e+00	8.04e-01	9.96e-07	5.92e-07
 3.64842e+22	8.12e-01	1.88e-01	2.74e-04	2.02e-06	0.00e+00	0.00e+00	0.00e+00	0.00e+00	0.00e+00	8.12e-01	9.80e-07	5.82e-07
 3.64967e+22	8.19e-01	1.80e-01	2.47e-04	1.92e-06	0.00e+00	0.00e+00	0.00e+00	0.00e+00	0.00e+00	8.19e-01	9.63e-07	5.71e-07
 3.65098e+22	8.28e-01	1.72e-01	2.23e-04	1.81e-06	0.00e+00	0.00e+00	0.00e+00	0.00e+00	0.00e+00	8.28e-01	9.44e-07	5.59e-07
 3.65223e+22	8.35e-01	1.65e-01	2.03e-04	1.71e-06	0.00e+00	0.00e+00	0.00e+00	0.00e+00	0.00e+00	8.35e-01	9.26e-07	5.49e-07
 3.65340e+22	8.42e-01	1.58e-01	1.86e-04	1.63e-06	0.00e+00	0.00e+00	0.00e+00	0.00e+00	0.00e+00	8.42e-01	9.09e-07	5.37e-07
 3.65460e+22	8.48e-01	1.52e-01	1.72e-04	1.55e-06	0.00e+00	0.00e+00	0.00e+00	0.00e+00	0.00e+00	8.48e-01	8.91e-07	5.24e-07
 3.65589e+22	8.55e-01	1.45e-01	1.58e-04	1.47e-06	0.00e+00	0.00e+00	0.00e+00	0.00e+00	0.00e+00	8.55e-01	8.72e-07	5.11e-07
 3.65718e+22	8.61e-01	1.38e-01	1.46e-04	1.39e-06	0.00e+00	0.00e+00	0.00e+00	0.00e+00	0.00e+00	8.61e-01	8.53e-07	4.97e-07
 3.65838e+22	8.67e-01	1.33e-01	1.36e-04	1.32e-06	0.00e+00	0.00e+00	0.00e+00	0.00e+00	0.00e+00	8.67e-01	8.37e-07	4.85e-07
 3.65955e+22	8.72e-01	1.28e-01	1.28e-04	1.26e-06	0.00e+00	0.00e+00	0.00e+00	0.00e+00	0.00e+00	8.72e-01	8.21e-07	4.73e-07
 3.66077e+22	8.77e-01	1.23e-01	1.21e-04	1.21e-06	0.00e+00	0.00e+00	0.00e+00	0.00e+00	0.00e+00	8.77e-01	8.04e-07	4.62e-07
 3.66202e+22	8.83e-01	1.17e-01	1.14e-04	1.15e-06	0.00e+00	0.00e+00	0.00e+00	0.00e+00	0.00e+00	8.83e-01	7.88e-07	4.50e-07
 3.66324e+22	8.87e-01	1.12e-01	1.09e-04	1.09e-06	0.00e+00	0.00e+00	0.00e+00	0.00e+00	0.00e+00	8.87e-01	7.73e-07	4.39e-07
 3.66442e+22	8.92e-01	1.08e-01	1.04e-04	1.05e-06	0.00e+00	0.00e+00	0.00e+00	0.00e+00	0.00e+00	8.92e-01	7.59e-07	4.30e-07
 3.66561e+22	8.96e-01	1.04e-01	1.01e-04	1.01e-06	0.00e+00	0.00e+00	0.00e+00	0.00e+00	0.00e+00	8.96e-01	7.46e-07	4.20e-07
 3.66684e+22	8.99e-01	1.00e-01	9.70e-05	9.64e-07	0.00e+00	0.00e+00	0.00e+00	0.00e+00	0.00e+00	8.99e-01	7.33e-07	4.11e-07
 3.66811e+22	9.03e-01	9.64e-02	9.40e-05	9.22e-07	0.00e+00	0.00e+00	0.00e+00	0.00e+00	0.00e+00	9.03e-01	7.19e-07	4.01e-07
 3.66936e+22	9.07e-01	9.28e-02	9.15e-05	8.84e-07	0.00e+00	0.00e+00	0.00e+00	0.00e+00	0.00e+00	9.07e-01	7.07e-07	3.92e-07
 3.67059e+22	9.10e-01	8.95e-02	8.95e-05	8.50e-07	0.00e+00	0.00e+00	0.00e+00	0.00e+00	0.00e+00	9.10e-01	6.95e-07	3.84e-07
 3.67187e+22	9.14e-01	8.63e-02	8.78e-05	8.17e-07	0.00e+00	0.00e+00	0.00e+00	0.00e+00	0.00e+00	9.14e-01	6.83e-07	3.76e-07
 3.67320e+22	9.17e-01	8.31e-02	8.63e-05	7.84e-07	0.00e+00	0.00e+00	0.00e+00	0.00e+00	0.00e+00	9.17e-01	6.72e-07	3.68e-07
 3.67457e+22	9.20e-01	8.00e-02	8.51e-05	7.54e-07	0.00e+00	0.00e+00	0.00e+00	0.00e+00	0.00e+00	9.20e-01	6.61e-07	3.60e-07
 3.67593e+22	9.23e-01	7.73e-02	8.42e-05	7.27e-07	0.00e+00	0.00e+00	0.00e+00	0.00e+00	0.00e+00	9.23e-01	6.51e-07	3.53e-07
 3.67732e+22	9.25e-01	7.48e-02	8.36e-05	7.02e-07	0.00e+00	0.00e+00	0.00e+00	0.00e+00	0.00e+00	9.25e-01	6.41e-07	3.46e-07
 3.67871e+22	9.28e-01	7.24e-02	8.32e-05	6.78e-07	0.00e+00	0.00e+00	0.00e+00	0.00e+00	0.00e+00	9.28e-01	6.31e-07	3.39e-07
 3.68007e+22	9.30e-01	7.03e-02	8.30e-05	6.58e-07	0.00e+00	0.00e+00	0.00e+00	0.00e+00	0.00e+00	9.30e-01	6.23e-07	3.33e-07
 3.68139e+22	9.31e-01	6.84e-02	8.30e-05	6.40e-07	0.00e+00	0.00e+00	0.00e+00	0.00e+00	0.00e+00	9.31e-01	6.14e-07	3.27e-07
 3.68265e+22	9.33e-01	6.68e-02	8.30e-05	6.25e-07	0.00e+00	0.00e+00	0.00e+00	0.00e+00	0.00e+00	9.33e-01	6.07e-07	3.23e-07
 3.68393e+22	9.35e-01	6.54e-02	8.32e-05	6.11e-07	0.00e+00	0.00e+00	0.00e+00	0.00e+00	0.00e+00	9.35e-01	6.01e-07	3.18e-07
 3.68526e+22	9.36e-01	6.39e-02	8.34e-05	5.97e-07	0.00e+00	0.00e+00	0.00e+00	0.00e+00	0.00e+00	9.36e-01	5.94e-07	3.14e-07
 3.68666e+22	9.38e-01	6.24e-02	8.36e-05	5.83e-07	0.00e+00	0.00e+00	0.00e+00	0.00e+00	0.00e+00	9.38e-01	5.88e-07	3.09e-07
 3.68812e+22	9.39e-01	6.09e-02	8.38e-05	5.69e-07	0.00e+00	0.00e+00	0.00e+00	0.00e+00	0.00e+00	9.39e-01	5.82e-07	3.05e-07
 3.68960e+22	9.40e-01	5.96e-02	8.42e-05	5.57e-07	0.00e+00	0.00e+00	0.00e+00	0.00e+00	0.00e+00	9.40e-01	5.76e-07	3.01e-07
 3.69107e+22	9.41e-01	5.85e-02	8.45e-05	5.46e-07	0.00e+00	0.00e+00	0.00e+00	0.00e+00	0.00e+00	9.41e-01	5.71e-07	2.98e-07
 3.69262e+22	9.42e-01	5.74e-02	8.49e-05	5.37e-07	0.00e+00	0.00e+00	0.00e+00	0.00e+00	0.00e+00	9.42e-01	5.66e-07	2.94e-07
 3.69431e+22	9.44e-01	5.63e-02	8.53e-05	5.26e-07	0.00e+00	0.00e+00	0.00e+00	0.00e+00	0.00e+00	9.44e-01	5.61e-07	2.91e-07
 3.69607e+22	9.45e-01	5.52e-02	8.56e-05	5.16e-07	0.00e+00	0.00e+00	0.00e+00	0.00e+00	0.00e+00	9.45e-01	5.56e-07	2.88e-07
 3.69801e+22	9.46e-01	5.42e-02	8.60e-05	5.07e-07	0.00e+00	0.00e+00	0.00e+00	0.00e+00	0.00e+00	9.46e-01	5.52e-07	2.85e-07
 3.70015e+22	9.47e-01	5.32e-02	8.63e-05	4.97e-07	0.00e+00	0.00e+00	0.00e+00	0.00e+00	0.00e+00	9.47e-01	5.48e-07	2.82e-07
 3.70243e+22	9.48e-01	5.23e-02	8.67e-05	4.89e-07	0.00e+00	0.00e+00	0.00e+00	0.00e+00	0.00e+00	9.48e-01	5.44e-07	2.79e-07
 3.70502e+22	9.48e-01	5.14e-02	8.70e-05	4.81e-07	0.00e+00	0.00e+00	0.00e+00	0.00e+00	0.00e+00	9.48e-01	5.40e-07	2.76e-07
 3.70797e+22	9.49e-01	5.05e-02	8.73e-05	4.72e-07	0.00e+00	0.00e+00	0.00e+00	0.00e+00	0.00e+00	9.49e-01	5.37e-07	2.74e-07
 3.71092e+22	9.50e-01	4.98e-02	8.76e-05	4.66e-07	0.00e+00	0.00e+00	0.00e+00	0.00e+00	0.00e+00	9.50e-01	5.34e-07	2.72e-07
 3.71360e+22	9.50e-01	4.95e-02	8.76e-05	4.62e-07	0.00e+00	0.00e+00	0.00e+00	0.00e+00	0.00e+00	9.50e-01	5.33e-07	2.71e-07
 3.71655e+22	9.51e-01	4.89e-02	8.79e-05	4.57e-07	0.00e+00	0.00e+00	0.00e+00	0.00e+00	0.00e+00	9.51e-01	5.30e-07	2.69e-07
 3.71973e+22	9.51e-01	4.84e-02	8.79e-05	4.52e-07	0.00e+00	0.00e+00	0.00e+00	0.00e+00	0.00e+00	9.51e-01	5.28e-07	2.67e-07
 3.72321e+22	9.52e-01	4.79e-02	8.81e-05	4.47e-07	0.00e+00	0.00e+00	0.00e+00	0.00e+00	0.00e+00	9.52e-01	5.26e-07	2.66e-07
 3.72697e+22	9.52e-01	4.75e-02	8.81e-05	4.42e-07	0.00e+00	0.00e+00	0.00e+00	0.00e+00	0.00e+00	9.52e-01	5.25e-07	2.64e-07
 3.73109e+22	9.53e-01	4.70e-02	8.82e-05	4.37e-07	0.00e+00	0.00e+00	0.00e+00	0.00e+00	0.00e+00	9.53e-01	5.23e-07	2.63e-07
 3.73644e+22	9.54e-01	4.63e-02	8.83e-05	4.30e-07	0.00e+00	0.00e+00	0.00e+00	0.00e+00	0.00e+00	9.54e-01	5.20e-07	2.61e-07
 3.74222e+22	9.54e-01	4.59e-02	8.82e-05	4.25e-07	0.00e+00	0.00e+00	0.00e+00	0.00e+00	0.00e+00	9.54e-01	5.20e-07	2.60e-07
 3.74856e+22	9.55e-01	4.54e-02	8.82e-05	4.20e-07	0.00e+00	0.00e+00	0.00e+00	0.00e+00	0.00e+00	9.55e-01	5.18e-07	2.58e-07
 3.75540e+22	9.55e-01	4.48e-02	8.81e-05	4.14e-07	0.00e+00	0.00e+00	0.00e+00	0.00e+00	0.00e+00	9.55e-01	5.16e-07	2.57e-07
 3.76290e+22	9.56e-01	4.42e-02	8.81e-05	4.07e-07	0.00e+00	0.00e+00	0.00e+00	0.00e+00	0.00e+00	9.56e-01	5.13e-07	2.54e-07
 3.77099e+22	9.56e-01	4.37e-02	8.79e-05	4.01e-07	0.00e+00	0.00e+00	0.00e+00	0.00e+00	0.00e+00	9.56e-01	5.10e-07	2.53e-07
 3.77985e+22	9.57e-01	4.30e-02	8.78e-05	3.94e-07	0.00e+00	0.00e+00	0.00e+00	0.00e+00	0.00e+00	9.57e-01	5.07e-07	2.51e-07
 3.78943e+22	9.57e-01	4.25e-02	8.76e-05	3.87e-07	0.00e+00	0.00e+00	0.00e+00	0.00e+00	0.00e+00	9.57e-01	5.05e-07	2.49e-07
 3.79814e+22	9.58e-01	4.20e-02	8.74e-05	3.82e-07	0.00e+00	0.00e+00	0.00e+00	0.00e+00	0.00e+00	9.58e-01	5.03e-07	2.47e-07
 3.80768e+22	9.59e-01	4.13e-02	8.72e-05	3.75e-07	0.00e+00	0.00e+00	0.00e+00	0.00e+00	0.00e+00	9.59e-01	4.99e-07	2.45e-07
 3.81799e+22	9.59e-01	4.06e-02	8.70e-05	3.68e-07	0.00e+00	0.00e+00	0.00e+00	0.00e+00	0.00e+00	9.59e-01	4.97e-07	2.43e-07
 3.82736e+22	9.60e-01	4.02e-02	8.67e-05	3.62e-07	0.00e+00	0.00e+00	0.00e+00	0.00e+00	0.00e+00	9.60e-01	4.95e-07	2.42e-07
 3.83764e+22	9.60e-01	3.94e-02	8.64e-05	3.55e-07	0.00e+00	0.00e+00	0.00e+00	0.00e+00	0.00e+00	9.60e-01	4.91e-07	2.39e-07
 3.84873e+22	9.61e-01	3.89e-02	8.60e-05	3.48e-07	0.00e+00	0.00e+00	0.00e+00	0.00e+00	0.00e+00	9.61e-01	4.90e-07	2.37e-07
 3.85883e+22	9.61e-01	3.84e-02	8.56e-05	3.43e-07	0.00e+00	0.00e+00	0.00e+00	0.00e+00	0.00e+00	9.61e-01	4.89e-07	2.36e-07
 3.86989e+22	9.62e-01	3.78e-02	8.53e-05	3.36e-07	0.00e+00	0.00e+00	0.00e+00	0.00e+00	0.00e+00	9.62e-01	4.86e-07	2.34e-07
 3.88183e+22	9.63e-01	3.72e-02	8.48e-05	3.30e-07	0.00e+00	0.00e+00	0.00e+00	0.00e+00	0.00e+00	9.63e-01	4.85e-07	2.32e-07
 3.89270e+22	9.63e-01	3.68e-02	8.43e-05	3.25e-07	0.00e+00	0.00e+00	0.00e+00	0.00e+00	0.00e+00	9.63e-01	4.84e-07	2.31e-07
 3.90461e+22	9.64e-01	3.61e-02	8.38e-05	3.18e-07	0.00e+00	0.00e+00	0.00e+00	0.00e+00	0.00e+00	9.64e-01	4.81e-07	2.29e-07
 3.91747e+22	9.64e-01	3.56e-02	8.33e-05	3.11e-07	0.00e+00	0.00e+00	0.00e+00	0.00e+00	0.00e+00	9.64e-01	4.80e-07	2.27e-07
 3.92916e+22	9.65e-01	3.51e-02	8.28e-05	3.06e-07	0.00e+00	0.00e+00	0.00e+00	0.00e+00	0.00e+00	9.65e-01	4.80e-07	2.26e-07
 3.94198e+22	9.66e-01	3.44e-02	8.22e-05	2.99e-07	0.00e+00	0.00e+00	0.00e+00	0.00e+00	0.00e+00	9.66e-01	4.77e-07	2.23e-07
 3.95582e+22	9.66e-01	3.38e-02	8.15e-05	2.93e-07	0.00e+00	0.00e+00	0.00e+00	0.00e+00	0.00e+00	9.66e-01	4.76e-07	2.22e-07
 3.96842e+22	9.67e-01	3.34e-02	8.09e-05	2.88e-07	0.00e+00	0.00e+00	0.00e+00	0.00e+00	0.00e+00	9.67e-01	4.75e-07	2.20e-07
 3.98222e+22	9.67e-01	3.27e-02	8.02e-05	2.81e-07	0.00e+00	0.00e+00	0.00e+00	0.00e+00	0.00e+00	9.67e-01	4.73e-07	2.18e-07
 3.99712e+22	9.68e-01	3.21e-02	7.94e-05	2.74e-07	0.00e+00	0.00e+00	0.00e+00	0.00e+00	0.00e+00	9.68e-01	4.72e-07	2.16e-07
 4.01068e+22	9.68e-01	3.16e-02	7.86e-05	2.69e-07	0.00e+00	0.00e+00	0.00e+00	0.00e+00	0.00e+00	9.68e-01	4.71e-07	2.14e-07
 4.02302e+22	9.69e-01	3.11e-02	7.79e-05	2.64e-07	0.00e+00	0.00e+00	0.00e+00	0.00e+00	0.00e+00	9.69e-01	4.70e-07	2.13e-07
 4.03424e+22	9.69e-01	3.07e-02	7.73e-05	2.60e-07	0.00e+00	0.00e+00	0.00e+00	0.00e+00	0.00e+00	9.69e-01	4.70e-07	2.11e-07
 4.04655e+22	9.70e-01	3.01e-02	7.65e-05	2.54e-07	0.00e+00	0.00e+00	0.00e+00	0.00e+00	0.00e+00	9.70e-01	4.67e-07	2.09e-07
 4.05983e+22	9.70e-01	2.96e-02	7.57e-05	2.49e-07	0.00e+00	0.00e+00	0.00e+00	0.00e+00	0.00e+00	9.70e-01	4.66e-07	2.07e-07
 4.07192e+22	9.71e-01	2.92e-02	7.51e-05	2.45e-07	0.00e+00	0.00e+00	0.00e+00	0.00e+00	0.00e+00	9.71e-01	4.66e-07	2.06e-07
 4.08516e+22	9.71e-01	2.85e-02	7.43e-05	2.39e-07	0.00e+00	0.00e+00	0.00e+00	0.00e+00	0.00e+00	9.71e-01	4.63e-07	2.03e-07
 4.09946e+22	9.72e-01	2.80e-02	7.35e-05	2.34e-07	0.00e+00	0.00e+00	0.00e+00	0.00e+00	0.00e+00	9.72e-01	4.62e-07	2.02e-07
 4.11247e+22	9.72e-01	2.76e-02	7.28e-05	2.30e-07	0.00e+00	0.00e+00	0.00e+00	0.00e+00	0.00e+00	9.72e-01	4.62e-07	2.00e-07
 4.12673e+22	9.73e-01	2.70e-02	7.20e-05	2.24e-07	0.00e+00	0.00e+00	0.00e+00	0.00e+00	0.00e+00	9.73e-01	4.60e-07	1.98e-07
 4.14213e+22	9.73e-01	2.65e-02	7.12e-05	2.19e-07	0.00e+00	0.00e+00	0.00e+00	0.00e+00	0.00e+00	9.73e-01	4.59e-07	1.96e-07
 4.15613e+22	9.74e-01	2.61e-02	7.05e-05	2.15e-07	0.00e+00	0.00e+00	0.00e+00	0.00e+00	0.00e+00	9.74e-01	4.59e-07	1.94e-07
 4.16888e+22	9.74e-01	2.57e-02	6.99e-05	2.11e-07	0.00e+00	0.00e+00	0.00e+00	0.00e+00	0.00e+00	9.74e-01	4.59e-07	1.93e-07
 4.18285e+22	9.75e-01	2.52e-02	6.91e-05	2.06e-07	0.00e+00	0.00e+00	0.00e+00	0.00e+00	0.00e+00	9.75e-01	4.56e-07	1.90e-07
 4.19793e+22	9.75e-01	2.47e-02	6.84e-05	2.02e-07	0.00e+00	0.00e+00	0.00e+00	0.00e+00	0.00e+00	9.75e-01	4.56e-07	1.88e-07
 4.21165e+22	9.76e-01	2.44e-02	6.78e-05	1.98e-07	0.00e+00	0.00e+00	0.00e+00	0.00e+00	0.00e+00	9.76e-01	4.55e-07	1.87e-07
 4.22669e+22	9.76e-01	2.39e-02	6.71e-05	1.92e-07	0.00e+00	0.00e+00	0.00e+00	0.00e+00	0.00e+00	9.76e-01	4.48e-07	1.83e-07
 4.24292e+22	9.76e-01	2.35e-02	6.64e-05	1.87e-07	0.00e+00	0.00e+00	0.00e+00	0.00e+00	0.00e+00	9.76e-01	4.45e-07	1.80e-07
 4.25770e+22	9.77e-01	2.31e-02	6.57e-05	1.83e-07	0.00e+00	0.00e+00	0.00e+00	0.00e+00	0.00e+00	9.77e-01	4.43e-07	1.78e-07
 4.27388e+22	9.77e-01	2.26e-02	6.50e-05	1.78e-07	0.00e+00	0.00e+00	0.00e+00	0.00e+00	0.00e+00	9.77e-01	4.36e-07	1.75e-07
 4.29136e+22	9.78e-01	2.22e-02	6.43e-05	1.73e-07	0.00e+00	0.00e+00	0.00e+00	0.00e+00	0.00e+00	9.78e-01	4.33e-07	1.72e-07
 4.30726e+22	9.78e-01	2.19e-02	6.36e-05	1.69e-07	0.00e+00	0.00e+00	0.00e+00	0.00e+00	0.00e+00	9.78e-01	4.31e-07	1.69e-07
 4.32469e+22	9.79e-01	2.14e-02	6.29e-05	1.64e-07	0.00e+00	0.00e+00	0.00e+00	0.00e+00	0.00e+00	9.79e-01	4.24e-07	1.65e-07
 4.34351e+22	9.79e-01	2.10e-02	6.21e-05	1.59e-07	0.00e+00	0.00e+00	0.00e+00	0.00e+00	0.00e+00	9.79e-01	4.21e-07	1.62e-07
 4.36063e+22	9.79e-01	2.06e-02	6.15e-05	1.55e-07	0.00e+00	0.00e+00	0.00e+00	0.00e+00	0.00e+00	9.79e-01	4.19e-07	1.59e-07
 4.37939e+22	9.80e-01	2.01e-02	6.07e-05	1.50e-07	0.00e+00	0.00e+00	0.00e+00	0.00e+00	0.00e+00	9.80e-01	4.13e-07	1.55e-07
 4.39964e+22	9.80e-01	1.97e-02	5.99e-05	1.46e-07	0.00e+00	0.00e+00	0.00e+00	0.00e+00	0.00e+00	9.80e-01	4.10e-07	1.52e-07
 4.41807e+22	9.81e-01	1.94e-02	5.93e-05	1.42e-07	0.00e+00	0.00e+00	0.00e+00	0.00e+00	0.00e+00	9.81e-01	4.08e-07	1.49e-07
 4.43484e+22	9.81e-01	1.91e-02	5.87e-05	1.38e-07	0.00e+00	0.00e+00	0.00e+00	0.00e+00	0.00e+00	9.81e-01	4.05e-07	1.47e-07
 4.45322e+22	9.81e-01	1.86e-02	5.80e-05	1.34e-07	0.00e+00	0.00e+00	0.00e+00	0.00e+00	0.00e+00	9.81e-01	4.00e-07	1.44e-07
 4.47306e+22	9.82e-01	1.83e-02	5.73e-05	1.30e-07	0.00e+00	0.00e+00	0.00e+00	0.00e+00	0.00e+00	9.82e-01	3.97e-07	1.41e-07
 4.49112e+22	9.82e-01	1.80e-02	5.67e-05	1.27e-07	0.00e+00	0.00e+00	0.00e+00	0.00e+00	0.00e+00	9.82e-01	3.94e-07	1.38e-07
 4.51090e+22	9.82e-01	1.76e-02	5.60e-05	1.23e-07	0.00e+00	0.00e+00	0.00e+00	0.00e+00	0.00e+00	9.82e-01	3.88e-07	1.34e-07
 4.53226e+22	9.83e-01	1.72e-02	5.53e-05	1.19e-07	0.00e+00	0.00e+00	0.00e+00	0.00e+00	0.00e+00	9.83e-01	3.84e-07	1.31e-07
 4.55170e+22	9.83e-01	1.69e-02	5.47e-05	0.00e+00	0.00e+00	0.00e+00	0.00e+00	0.00e+00	0.00e+00	9.83e-01	3.81e-07	1.29e-07
 4.57300e+22	9.83e-01	1.65e-02	5.39e-05	0.00e+00	0.00e+00	0.00e+00	0.00e+00	0.00e+00	0.00e+00	9.83e-01	3.75e-07	1.25e-07
 4.59600e+22	9.84e-01	1.61e-02	5.32e-05	0.00e+00	0.00e+00	0.00e+00	0.00e+00	0.00e+00	0.00e+00	9.84e-01	3.71e-07	1.22e-07
 4.61692e+22	9.84e-01	1.58e-02	5.26e-05	0.00e+00	0.00e+00	0.00e+00	0.00e+00	0.00e+00	0.00e+00	9.84e-01	3.68e-07	1.19e-07
 4.63596e+22	9.84e-01	1.56e-02	5.21e-05	0.00e+00	0.00e+00	0.00e+00	0.00e+00	0.00e+00	0.00e+00	9.84e-01	3.66e-07	1.17e-07
 4.65683e+22	9.85e-01	1.52e-02	5.14e-05	0.00e+00	0.00e+00	0.00e+00	0.00e+00	0.00e+00	0.00e+00	9.85e-01	3.59e-07	1.14e-07
 4.67935e+22	9.85e-01	1.49e-02	5.08e-05	0.00e+00	0.00e+00	0.00e+00	0.00e+00	0.00e+00	0.00e+00	9.85e-01	3.55e-07	1.11e-07
 4.69985e+22	9.85e-01	1.47e-02	5.02e-05	0.00e+00	0.00e+00	0.00e+00	0.00e+00	0.00e+00	0.00e+00	9.85e-01	3.53e-07	1.09e-07
 4.72232e+22	9.86e-01	1.43e-02	4.95e-05	0.00e+00	0.00e+00	0.00e+00	0.00e+00	0.00e+00	0.00e+00	9.86e-01	3.46e-07	1.05e-07
 4.74657e+22	9.86e-01	1.40e-02	4.89e-05	0.00e+00	0.00e+00	0.00e+00	0.00e+00	0.00e+00	0.00e+00	9.86e-01	3.43e-07	1.03e-07
 4.76863e+22	9.86e-01	1.38e-02	4.83e-05	0.00e+00	0.00e+00	0.00e+00	0.00e+00	0.00e+00	0.00e+00	9.86e-01	3.41e-07	1.00e-07
 4.79282e+22	9.87e-01	1.34e-02	4.77e-05	0.00e+00	0.00e+00	0.00e+00	0.00e+00	0.00e+00	0.00e+00	9.87e-01	3.34e-07	9.73e-08
 4.81892e+22	9.87e-01	1.31e-02	4.70e-05	0.00e+00	0.00e+00	0.00e+00	0.00e+00	0.00e+00	0.00e+00	9.87e-01	3.31e-07	9.49e-08
 4.84268e+22	9.87e-01	1.28e-02	4.64e-05	0.00e+00	0.00e+00	0.00e+00	0.00e+00	0.00e+00	0.00e+00	9.87e-01	3.28e-07	9.27e-08
 4.86430e+22	9.87e-01	1.27e-02	4.59e-05	0.00e+00	0.00e+00	0.00e+00	0.00e+00	0.00e+00	0.00e+00	9.87e-01	3.27e-07	9.12e-08
 4.88799e+22	9.88e-01	1.23e-02	4.53e-05	0.00e+00	0.00e+00	0.00e+00	0.00e+00	0.00e+00	0.00e+00	9.88e-01	3.22e-07	8.84e-08
 4.91356e+22	9.88e-01	1.21e-02	4.47e-05	0.00e+00	0.00e+00	0.00e+00	0.00e+00	0.00e+00	0.00e+00	9.88e-01	3.19e-07	8.61e-08
 4.93683e+22	9.88e-01	1.19e-02	4.42e-05	0.00e+00	0.00e+00	0.00e+00	0.00e+00	0.00e+00	0.00e+00	9.88e-01	3.17e-07	8.43e-08
 4.96234e+22	9.88e-01	1.16e-02	4.36e-05	0.00e+00	0.00e+00	0.00e+00	0.00e+00	0.00e+00	0.00e+00	9.88e-01	3.11e-07	8.13e-08
