#depth	S	S+	S+2	S+3	S+4	S+5	S+6	S+7	S+8	S+9	S+10	S+11	S+12	S+13	S+14	S+15	S+16
 6.17135e+19	0.00e+00	0.00e+00	0.00e+00	2.49e-29	6.45e-25	6.77e-21	1.02e-15	2.34e-11	2.31e-07	2.61e-05	8.83e-04	8.47e-03	3.52e-02	1.13e-01	6.54e-01	1.74e-01	1.42e-02
 1.87609e+20	0.00e+00	0.00e+00	0.00e+00	1.29e-28	2.88e-24	2.55e-20	3.88e-15	7.45e-11	5.88e-07	5.04e-05	1.50e-03	1.28e-02	4.62e-02	1.28e-01	6.49e-01	1.52e-01	1.10e-02
 2.83882e+20	0.00e+00	0.00e+00	0.00e+00	6.03e-28	1.10e-23	7.70e-20	1.06e-14	1.76e-10	1.15e-06	8.19e-05	2.22e-03	1.73e-02	5.63e-02	1.39e-01	6.40e-01	1.36e-01	8.96e-03
 3.32787e+20	0.00e+00	0.00e+00	7.54e-32	1.47e-27	2.33e-23	1.39e-19	1.73e-14	2.65e-10	1.58e-06	1.03e-04	2.68e-03	2.00e-02	6.17e-02	1.44e-01	6.34e-01	1.29e-01	8.08e-03
 3.57617e+20	0.00e+00	0.00e+00	1.26e-31	2.31e-27	3.43e-23	1.89e-19	2.22e-14	3.27e-10	1.86e-06	1.16e-04	2.94e-03	2.15e-02	6.47e-02	1.47e-01	6.31e-01	1.25e-01	7.66e-03
 3.76054e+20	0.00e+00	0.00e+00	1.71e-31	3.03e-27	4.33e-23	2.28e-19	2.62e-14	3.75e-10	2.06e-06	1.25e-04	3.13e-03	2.25e-02	6.67e-02	1.49e-01	6.28e-01	1.23e-01	7.39e-03
 4.00022e+20	0.00e+00	0.00e+00	2.51e-31	4.28e-27	5.91e-23	2.98e-19	3.39e-14	4.65e-10	2.41e-06	1.41e-04	3.43e-03	2.41e-02	6.98e-02	1.52e-01	6.25e-01	1.19e-01	7.01e-03
 4.31181e+20	0.00e+00	0.00e+00	3.97e-31	6.47e-27	8.54e-23	4.06e-19	4.53e-14	5.92e-10	2.90e-06	1.61e-04	3.83e-03	2.63e-02	7.36e-02	1.55e-01	6.20e-01	1.15e-01	6.56e-03
 4.64809e+20	0.00e+00	0.00e+00	7.03e-31	1.09e-26	1.35e-22	6.02e-19	6.55e-14	7.99e-10	3.58e-06	1.88e-04	4.33e-03	2.89e-02	7.83e-02	1.59e-01	6.14e-01	1.10e-01	6.09e-03
 4.93012e+20	0.00e+00	0.00e+00	1.13e-30	1.66e-26	1.96e-22	8.13e-19	8.49e-14	9.92e-10	4.21e-06	2.13e-04	4.77e-03	3.11e-02	8.20e-02	1.62e-01	6.08e-01	1.06e-01	5.73e-03
 5.21043e+20	0.00e+00	0.00e+00	1.84e-30	2.57e-26	2.89e-22	1.13e-18	1.15e-13	1.26e-09	4.97e-06	2.41e-04	5.26e-03	3.35e-02	8.60e-02	1.64e-01	6.03e-01	1.02e-01	5.38e-03
 5.57482e+20	0.00e+00	0.00e+00	3.27e-30	4.34e-26	4.62e-22	1.68e-18	1.66e-13	1.70e-09	6.11e-06	2.81e-04	5.95e-03	3.68e-02	9.13e-02	1.68e-01	5.95e-01	9.77e-02	4.97e-03
 5.94630e+20	0.00e+00	0.00e+00	6.14e-30	7.68e-26	7.66e-22	2.57e-18	2.42e-13	2.30e-09	7.52e-06	3.28e-04	6.73e-03	4.04e-02	9.68e-02	1.72e-01	5.87e-01	9.30e-02	4.57e-03
 6.23990e+20	0.00e+00	0.00e+00	1.04e-29	1.23e-25	1.16e-21	3.60e-18	3.23e-13	2.89e-09	8.79e-06	3.70e-04	7.38e-03	4.34e-02	1.01e-01	1.74e-01	5.80e-01	8.95e-02	4.28e-03
 6.48860e+20	0.00e+00	0.00e+00	1.59e-29	1.81e-25	1.62e-21	4.74e-18	4.09e-13	3.49e-09	9.99e-06	4.07e-04	7.97e-03	4.60e-02	1.05e-01	1.76e-01	5.74e-01	8.67e-02	4.06e-03
 6.76598e+20	0.00e+00	0.00e+00	2.60e-29	2.82e-25	2.43e-21	6.70e-18	5.60e-13	4.44e-09	1.16e-05	4.55e-04	8.68e-03	4.91e-02	1.09e-01	1.78e-01	5.67e-01	8.35e-02	3.81e-03
 7.07458e+20	0.00e+00	0.00e+00	4.30e-29	4.47e-25	3.66e-21	9.42e-18	7.52e-13	5.61e-09	1.35e-05	5.11e-04	9.52e-03	5.27e-02	1.14e-01	1.81e-01	5.59e-01	8.01e-02	3.56e-03
 7.37727e+20	0.00e+00	0.00e+00	7.36e-29	7.29e-25	5.67e-21	1.36e-17	1.04e-12	7.18e-09	1.57e-05	5.73e-04	1.04e-02	5.63e-02	1.19e-01	1.83e-01	5.51e-01	7.68e-02	3.32e-03
 7.67388e+20	0.00e+00	0.00e+00	1.23e-28	1.16e-24	8.58e-21	1.92e-17	1.40e-12	9.02e-09	1.81e-05	6.39e-04	1.13e-02	6.00e-02	1.24e-01	1.85e-01	5.43e-01	7.37e-02	3.11e-03
 8.00912e+20	0.00e+00	0.00e+00	2.18e-28	1.97e-24	1.38e-20	2.89e-17	2.00e-12	1.18e-08	2.11e-05	7.20e-04	1.24e-02	6.43e-02	1.29e-01	1.87e-01	5.33e-01	7.04e-02	2.89e-03
 8.37358e+20	0.00e+00	0.00e+00	4.14e-28	3.53e-24	2.35e-20	4.53e-17	2.95e-12	1.58e-08	2.50e-05	8.18e-04	1.37e-02	6.93e-02	1.35e-01	1.89e-01	5.23e-01	6.69e-02	2.66e-03
 8.69541e+20	0.00e+00	0.00e+00	7.39e-28	5.99e-24	3.76e-20	6.68e-17	4.07e-12	2.02e-08	2.88e-05	9.12e-04	1.49e-02	7.37e-02	1.40e-01	1.91e-01	5.13e-01	6.39e-02	2.47e-03
 9.03315e+20	0.00e+00	3.30e-32	1.35e-27	1.04e-23	6.23e-20	1.03e-16	5.93e-12	2.65e-08	3.33e-05	1.02e-03	1.62e-02	7.85e-02	1.45e-01	1.92e-01	5.04e-01	6.10e-02	2.30e-03
 9.41011e+20	0.00e+00	6.71e-32	2.64e-27	1.94e-23	1.09e-19	1.66e-16	8.93e-12	3.59e-08	3.90e-05	1.15e-03	1.78e-02	8.41e-02	1.51e-01	1.94e-01	4.92e-01	5.78e-02	2.11e-03
 9.76429e+20	0.00e+00	1.31e-31	4.93e-27	3.44e-23	1.83e-19	2.56e-16	1.28e-11	4.68e-08	4.50e-05	1.28e-03	1.94e-02	8.95e-02	1.56e-01	1.95e-01	4.82e-01	5.49e-02	1.95e-03
 1.01510e+21	0.00e+00	2.70e-31	9.79e-27	6.49e-23	3.28e-19	4.23e-16	1.97e-11	6.40e-08	5.23e-05	1.44e-03	2.11e-02	9.54e-02	1.62e-01	1.96e-01	4.70e-01	5.20e-02	1.79e-03
 1.05708e+21	0.00e+00	5.95e-31	2.07e-26	1.30e-22	6.16e-19	7.25e-16	3.12e-11	8.91e-08	6.15e-05	1.63e-03	2.32e-02	1.02e-01	1.68e-01	1.97e-01	4.57e-01	4.89e-02	1.63e-03
 1.09501e+21	0.00e+00	1.20e-30	4.01e-26	2.38e-22	1.07e-18	1.15e-15	4.53e-11	1.17e-07	7.06e-05	1.82e-03	2.52e-02	1.08e-01	1.74e-01	1.97e-01	4.46e-01	4.64e-02	1.50e-03
 1.13595e+21	0.00e+00	2.44e-30	7.82e-26	4.42e-22	1.88e-18	1.87e-15	6.86e-11	1.59e-07	8.16e-05	2.03e-03	2.73e-02	1.15e-01	1.79e-01	1.98e-01	4.33e-01	4.37e-02	1.37e-03
 1.17215e+21	0.00e+00	4.58e-30	1.42e-25	7.65e-22	3.08e-18	2.83e-15	9.59e-11	2.03e-07	9.25e-05	2.24e-03	2.94e-02	1.21e-01	1.84e-01	1.98e-01	4.23e-01	4.15e-02	1.27e-03
 1.19398e+21	0.00e+00	7.24e-30	2.19e-25	1.14e-21	4.41e-18	3.81e-15	1.22e-10	2.40e-07	9.95e-05	2.36e-03	3.06e-02	1.25e-01	1.87e-01	1.98e-01	4.16e-01	4.02e-02	1.21e-03
 1.21410e+21	0.00e+00	1.07e-29	3.16e-25	1.60e-21	6.04e-18	4.99e-15	1.53e-10	2.82e-07	1.07e-04	2.49e-03	3.18e-02	1.28e-01	1.90e-01	1.98e-01	4.10e-01	3.90e-02	1.16e-03
 1.24026e+21	0.00e+00	1.48e-29	4.30e-25	2.13e-21	7.78e-18	6.16e-15	1.80e-10	3.22e-07	1.15e-04	2.65e-03	3.33e-02	1.32e-01	1.93e-01	1.97e-01	4.03e-01	3.77e-02	1.10e-03
 1.27426e+21	0.00e+00	2.58e-29	7.28e-25	3.48e-21	1.23e-17	9.30e-15	2.62e-10	4.18e-07	1.29e-04	2.89e-03	3.55e-02	1.38e-01	1.97e-01	1.97e-01	3.92e-01	3.58e-02	1.02e-03
 1.30659e+21	0.00e+00	4.36e-29	1.19e-24	5.47e-21	1.85e-17	1.30e-14	3.42e-10	5.10e-07	1.43e-04	3.13e-03	3.76e-02	1.44e-01	2.02e-01	1.96e-01	3.82e-01	3.41e-02	9.48e-04
 1.33111e+21	0.00e+00	6.58e-29	1.76e-24	7.83e-21	2.55e-17	1.71e-14	4.27e-10	5.98e-07	1.54e-04	3.31e-03	3.92e-02	1.48e-01	2.04e-01	1.96e-01	3.75e-01	3.29e-02	9.00e-04
 1.35738e+21	0.00e+00	9.42e-29	2.47e-24	1.07e-20	3.38e-17	2.18e-14	5.19e-10	6.90e-07	1.66e-04	3.51e-03	4.09e-02	1.53e-01	2.07e-01	1.95e-01	3.68e-01	3.17e-02	8.54e-04
 1.39153e+21	0.00e+00	1.44e-28	3.68e-24	1.54e-20	4.73e-17	2.91e-14	6.64e-10	8.29e-07	1.84e-04	3.79e-03	4.32e-02	1.58e-01	2.11e-01	1.94e-01	3.58e-01	3.02e-02	7.94e-04
 1.42996e+21	0.00e+00	2.29e-28	5.68e-24	2.30e-20	6.78e-17	3.95e-14	8.53e-10	1.00e-06	2.05e-04	4.12e-03	4.59e-02	1.65e-01	2.15e-01	1.93e-01	3.48e-01	2.85e-02	7.32e-04
 1.46711e+21	0.00e+00	3.55e-28	8.55e-24	3.34e-20	9.43e-17	5.20e-14	1.07e-09	1.19e-06	2.27e-04	4.46e-03	4.86e-02	1.71e-01	2.18e-01	1.92e-01	3.37e-01	2.70e-02	6.77e-04
 1.50854e+21	0.00e+00	5.74e-28	1.34e-23	5.05e-20	1.37e-16	7.19e-14	1.40e-09	1.45e-06	2.53e-04	4.85e-03	5.16e-02	1.78e-01	2.22e-01	1.90e-01	3.27e-01	2.55e-02	6.21e-04
 1.55408e+21	0.00e+00	9.37e-28	2.12e-23	7.66e-20	1.99e-16	9.81e-14	1.79e-09	1.76e-06	2.85e-04	5.31e-03	5.50e-02	1.86e-01	2.26e-01	1.88e-01	3.15e-01	2.38e-02	5.65e-04
 1.59148e+21	0.00e+00	1.45e-27	3.18e-23	1.11e-19	2.75e-16	1.28e-13	2.22e-09	2.06e-06	3.14e-04	5.72e-03	5.80e-02	1.93e-01	2.29e-01	1.86e-01	3.05e-01	2.25e-02	5.22e-04
 1.61959e+21	0.00e+00	2.05e-27	4.41e-23	1.49e-19	3.56e-16	1.60e-13	2.64e-09	2.33e-06	3.37e-04	6.03e-03	6.02e-02	1.98e-01	2.31e-01	1.85e-01	2.97e-01	2.16e-02	4.92e-04
 1.64905e+21	0.00e+00	2.76e-27	5.82e-23	1.91e-19	4.45e-16	1.92e-13	3.06e-09	2.60e-06	3.62e-04	6.36e-03	6.25e-02	2.02e-01	2.33e-01	1.84e-01	2.90e-01	2.07e-02	4.64e-04
 1.68735e+21	0.00e+00	3.73e-27	7.69e-23	2.46e-19	5.56e-16	2.32e-13	3.55e-09	2.94e-06	3.95e-04	6.80e-03	6.54e-02	2.08e-01	2.36e-01	1.82e-01	2.82e-01	1.97e-02	4.31e-04
 1.73714e+21	0.00e+00	5.96e-27	1.19e-22	3.67e-19	7.97e-16	3.17e-13	4.65e-09	3.57e-06	4.44e-04	7.44e-03	6.96e-02	2.17e-01	2.39e-01	1.79e-01	2.69e-01	1.82e-02	3.88e-04
 1.78549e+21	0.00e+00	9.50e-27	1.83e-22	5.41e-19	1.12e-15	4.19e-13	5.75e-09	4.20e-06	4.96e-04	8.09e-03	7.37e-02	2.25e-01	2.41e-01	1.76e-01	2.58e-01	1.70e-02	3.51e-04
 1.82288e+21	0.00e+00	1.33e-26	2.50e-22	7.12e-19	1.42e-15	5.09e-13	6.66e-09	4.71e-06	5.37e-04	8.59e-03	7.68e-02	2.30e-01	2.43e-01	1.74e-01	2.50e-01	1.61e-02	3.26e-04
 1.86236e+21	0.00e+00	1.80e-26	3.30e-22	9.12e-19	1.76e-15	6.09e-13	7.70e-09	5.29e-06	5.83e-04	9.14e-03	8.01e-02	2.36e-01	2.45e-01	1.72e-01	2.42e-01	1.53e-02	3.02e-04
 1.91370e+21	0.00e+00	2.72e-26	4.86e-22	1.30e-18	2.40e-15	7.96e-13	9.62e-09	6.23e-06	6.50e-04	9.92e-03	8.47e-02	2.44e-01	2.47e-01	1.68e-01	2.31e-01	1.41e-02	2.71e-04
 1.96859e+21	0.00e+00	4.25e-26	7.33e-22	1.87e-18	3.31e-15	1.04e-12	1.18e-08	7.30e-06	7.27e-04	1.08e-02	8.96e-02	2.53e-01	2.49e-01	1.65e-01	2.20e-01	1.30e-02	2.43e-04
 2.01780e+21	0.00e+00	6.08e-26	1.02e-21	2.51e-18	4.23e-15	1.27e-12	1.38e-08	8.28e-06	7.98e-04	1.16e-02	9.39e-02	2.60e-01	2.50e-01	1.62e-01	2.10e-01	1.22e-02	2.21e-04
 2.07146e+21	0.00e+00	9.06e-26	1.47e-21	3.49e-18	5.65e-15	1.63e-12	1.69e-08	9.62e-06	8.86e-04	1.25e-02	9.88e-02	2.67e-01	2.51e-01	1.58e-01	2.00e-01	1.12e-02	1.98e-04
 2.13112e+21	0.00e+00	1.39e-25	2.19e-21	4.96e-18	7.65e-15	2.09e-12	2.05e-08	1.12e-05	9.91e-04	1.36e-02	1.04e-01	2.76e-01	2.52e-01	1.54e-01	1.89e-01	1.03e-02	1.76e-04
 2.18181e+21	0.00e+00	1.97e-25	3.01e-21	6.56e-18	9.67e-15	2.54e-12	2.38e-08	1.26e-05	1.08e-03	1.45e-02	1.09e-01	2.82e-01	2.52e-01	1.51e-01	1.81e-01	9.61e-03	1.60e-04
 2.23095e+21	0.00e+00	2.76e-25	4.10e-21	8.63e-18	1.22e-14	3.09e-12	2.78e-08	1.42e-05	1.18e-03	1.55e-02	1.14e-01	2.89e-01	2.52e-01	1.47e-01	1.73e-01	8.94e-03	1.45e-04
 2.28505e+21	0.00e+00	3.87e-25	5.59e-21	1.13e-17	1.54e-14	3.74e-12	3.23e-08	1.60e-05	1.29e-03	1.66e-02	1.18e-01	2.95e-01	2.52e-01	1.44e-01	1.65e-01	8.29e-03	1.31e-04
 2.34559e+21	0.00e+00	5.67e-25	7.94e-21	1.55e-17	2.01e-14	4.69e-12	3.87e-08	1.84e-05	1.43e-03	1.78e-02	1.24e-01	3.02e-01	2.51e-01	1.39e-01	1.56e-01	7.59e-03	1.16e-04
 2.40854e+21	0.00e+00	8.46e-25	1.15e-20	2.14e-17	2.65e-14	5.88e-12	4.61e-08	2.11e-05	1.59e-03	1.92e-02	1.30e-01	3.10e-01	2.51e-01	1.35e-01	1.47e-01	6.93e-03	1.03e-04
 2.45927e+21	0.00e+00	1.17e-24	1.54e-20	2.76e-17	3.26e-14	6.98e-12	5.25e-08	2.34e-05	1.72e-03	2.04e-02	1.35e-01	3.15e-01	2.50e-01	1.32e-01	1.40e-01	6.45e-03	9.38e-05
 2.50987e+21	0.00e+00	1.55e-24	1.99e-20	3.46e-17	3.94e-14	8.18e-12	5.95e-08	2.59e-05	1.86e-03	2.15e-02	1.40e-01	3.20e-01	2.49e-01	1.28e-01	1.34e-01	6.02e-03	8.54e-05
 2.57565e+21	0.00e+00	2.22e-24	2.77e-20	4.64e-17	5.07e-14	1.01e-11	7.04e-08	2.96e-05	2.05e-03	2.32e-02	1.46e-01	3.27e-01	2.47e-01	1.24e-01	1.25e-01	5.48e-03	7.53e-05
 2.64293e+21	0.00e+00	3.28e-24	3.95e-20	6.33e-17	6.57e-14	1.25e-11	8.30e-08	3.37e-05	2.27e-03	2.49e-02	1.52e-01	3.33e-01	2.45e-01	1.20e-01	1.18e-01	4.98e-03	6.64e-05
 2.69453e+21	0.00e+00	4.43e-24	5.21e-20	8.02e-17	7.95e-14	1.46e-11	9.35e-08	3.70e-05	2.44e-03	2.62e-02	1.57e-01	3.37e-01	2.44e-01	1.16e-01	1.12e-01	4.63e-03	6.04e-05
 2.74398e+21	0.00e+00	5.78e-24	6.63e-20	9.88e-17	9.44e-14	1.69e-11	1.05e-07	4.05e-05	2.61e-03	2.75e-02	1.62e-01	3.42e-01	2.42e-01	1.13e-01	1.07e-01	4.33e-03	5.51e-05
 2.80826e+21	0.00e+00	7.86e-24	8.77e-20	1.27e-16	1.16e-13	2.01e-11	1.20e-07	4.53e-05	2.84e-03	2.92e-02	1.68e-01	3.46e-01	2.39e-01	1.09e-01	1.01e-01	3.97e-03	4.92e-05
 2.87891e+21	2.11e-32	1.13e-23	1.23e-19	1.70e-16	1.49e-13	2.47e-11	1.41e-07	5.13e-05	3.13e-03	3.13e-02	1.74e-01	3.52e-01	2.37e-01	1.05e-01	9.42e-02	3.59e-03	4.31e-05
 2.93899e+21	2.93e-32	1.56e-23	1.64e-19	2.18e-16	1.82e-13	2.91e-11	1.60e-07	5.68e-05	3.38e-03	3.30e-02	1.80e-01	3.56e-01	2.34e-01	1.02e-01	8.91e-02	3.31e-03	3.87e-05
 2.99823e+21	3.86e-32	2.08e-23	2.13e-19	2.73e-16	2.18e-13	3.39e-11	1.80e-07	6.25e-05	3.64e-03	3.48e-02	1.85e-01	3.59e-01	2.31e-01	9.83e-02	8.43e-02	3.05e-03	3.49e-05
 3.07525e+21	5.56e-32	2.97e-23	2.95e-19	3.63e-16	2.77e-13	4.13e-11	2.11e-07	7.08e-05	4.01e-03	3.72e-02	1.92e-01	3.64e-01	2.28e-01	9.40e-02	7.84e-02	2.75e-03	3.04e-05
 3.15456e+21	8.08e-32	4.30e-23	4.13e-19	4.85e-16	3.51e-13	5.04e-11	2.46e-07	8.01e-05	4.41e-03	3.97e-02	1.99e-01	3.68e-01	2.24e-01	8.99e-02	7.29e-02	2.47e-03	2.65e-05
 3.21928e+21	1.12e-31	5.89e-23	5.50e-19	6.20e-16	4.27e-13	5.92e-11	2.78e-07	8.84e-05	4.75e-03	4.18e-02	2.05e-01	3.71e-01	2.21e-01	8.65e-02	6.86e-02	2.27e-03	2.37e-05
 3.28584e+21	1.52e-31	7.95e-23	7.23e-19	7.84e-16	5.15e-13	6.93e-11	3.15e-07	9.76e-05	5.13e-03	4.40e-02	2.10e-01	3.73e-01	2.17e-01	8.33e-02	6.45e-02	2.08e-03	2.11e-05
 3.35969e+21	2.14e-31	1.11e-22	9.76e-19	1.02e-15	6.36e-13	8.25e-11	3.60e-07	1.09e-04	5.57e-03	4.66e-02	2.17e-01	3.76e-01	2.13e-01	7.96e-02	6.02e-02	1.88e-03	1.86e-05
 3.42458e+21	2.91e-31	1.49e-22	1.28e-18	1.28e-15	7.64e-13	9.60e-11	4.05e-07	1.19e-04	5.98e-03	4.89e-02	2.22e-01	3.78e-01	2.10e-01	7.66e-02	5.67e-02	1.73e-03	1.66e-05
 3.48118e+21	3.78e-31	1.92e-22	1.61e-18	1.56e-15	8.89e-13	1.09e-10	4.46e-07	1.29e-04	6.35e-03	5.09e-02	2.27e-01	3.80e-01	2.07e-01	7.41e-02	5.38e-02	1.61e-03	1.51e-05
 3.54542e+21	4.95e-31	2.50e-22	2.04e-18	1.91e-15	1.05e-12	1.25e-10	4.98e-07	1.41e-04	6.79e-03	5.32e-02	2.32e-01	3.81e-01	2.03e-01	7.13e-02	5.08e-02	1.48e-03	1.36e-05
 3.62894e+21	6.92e-31	3.47e-22	2.76e-18	2.48e-15	1.30e-12	1.49e-10	5.73e-07	1.58e-04	7.40e-03	5.63e-02	2.39e-01	3.83e-01	1.98e-01	6.78e-02	4.71e-02	1.33e-03	1.19e-05
 3.71570e+21	1.01e-30	4.99e-22	3.84e-18	3.29e-15	1.63e-12	1.80e-10	6.61e-07	1.77e-04	8.07e-03	5.97e-02	2.46e-01	3.84e-01	1.94e-01	6.43e-02	4.34e-02	1.19e-03	1.03e-05
 3.78645e+21	1.38e-30	6.76e-22	5.06e-18	4.14e-15	1.94e-12	2.08e-10	7.40e-07	1.94e-04	8.64e-03	6.25e-02	2.51e-01	3.84e-01	1.90e-01	6.17e-02	4.08e-02	1.09e-03	9.18e-06
 3.85820e+21	1.84e-30	8.95e-22	6.53e-18	5.14e-15	2.29e-12	2.40e-10	8.28e-07	2.12e-04	9.24e-03	6.53e-02	2.57e-01	3.85e-01	1.86e-01	5.91e-02	3.83e-02	9.96e-04	8.20e-06
 3.95148e+21	2.62e-30	1.26e-21	8.92e-18	6.73e-15	2.85e-12	2.88e-10	9.55e-07	2.38e-04	1.01e-02	6.91e-02	2.63e-01	3.85e-01	1.80e-01	5.58e-02	3.52e-02	8.87e-04	7.07e-06
 4.05070e+21	3.87e-30	1.85e-21	1.26e-17	9.06e-15	3.61e-12	3.49e-10	1.11e-06	2.68e-04	1.10e-02	7.32e-02	2.71e-01	3.85e-01	1.75e-01	5.25e-02	3.22e-02	7.84e-04	6.04e-06
 4.13533e+21	5.46e-30	2.58e-21	1.71e-17	1.17e-14	4.37e-12	4.09e-10	1.26e-06	2.95e-04	1.19e-02	7.68e-02	2.76e-01	3.84e-01	1.70e-01	4.99e-02	2.99e-02	7.08e-04	5.31e-06
 4.22298e+21	7.59e-30	3.55e-21	2.29e-17	1.49e-14	5.28e-12	4.79e-10	1.42e-06	3.26e-04	1.28e-02	8.05e-02	2.82e-01	3.83e-01	1.66e-01	4.73e-02	2.77e-02	6.37e-04	4.64e-06
 4.33694e+21	1.14e-29	5.26e-21	3.26e-17	2.03e-14	6.73e-12	5.87e-10	1.67e-06	3.70e-04	1.40e-02	8.55e-02	2.89e-01	3.81e-01	1.59e-01	4.42e-02	2.51e-02	5.56e-04	3.90e-06
 4.45734e+21	1.77e-29	8.10e-21	4.83e-17	2.83e-14	8.75e-12	7.28e-10	1.97e-06	4.23e-04	1.55e-02	9.09e-02	2.97e-01	3.79e-01	1.53e-01	4.10e-02	2.25e-02	4.81e-04	3.25e-06
 4.55975e+21	2.61e-29	1.18e-20	6.81e-17	3.77e-14	1.08e-11	8.67e-10	2.25e-06	4.71e-04	1.67e-02	9.55e-02	3.03e-01	3.77e-01	1.48e-01	3.85e-02	2.06e-02	4.27e-04	2.79e-06
 4.66649e+21	3.77e-29	1.69e-20	9.42e-17	4.96e-14	1.33e-11	1.03e-09	2.59e-06	5.25e-04	1.81e-02	1.00e-01	3.09e-01	3.74e-01	1.43e-01	3.61e-02	1.89e-02	3.77e-04	2.39e-06
 4.77180e+21	5.38e-29	2.40e-20	1.30e-16	6.52e-14	1.64e-11	1.23e-09	2.96e-06	5.84e-04	1.96e-02	1.05e-01	3.15e-01	3.71e-01	1.37e-01	3.39e-02	1.72e-02	3.34e-04	2.05e-06
 4.85259e+21	7.15e-29	3.17e-20	1.67e-16	8.06e-14	1.92e-11	1.40e-09	3.27e-06	6.32e-04	2.08e-02	1.09e-01	3.19e-01	3.69e-01	1.34e-01	3.22e-02	1.61e-02	3.04e-04	1.82e-06
 4.92334e+21	9.21e-29	4.04e-20	2.09e-16	9.69e-14	2.21e-11	1.57e-09	3.57e-06	6.77e-04	2.18e-02	1.12e-01	3.22e-01	3.66e-01	1.30e-01	3.09e-02	1.51e-02	2.80e-04	1.64e-06
 5.00371e+21	1.19e-28	5.19e-20	2.62e-16	1.17e-13	2.56e-11	1.77e-09	3.93e-06	7.31e-04	2.31e-02	1.16e-01	3.26e-01	3.64e-01	1.27e-01	2.94e-02	1.42e-02	2.56e-04	1.47e-06
 5.10819e+21	1.63e-28	7.05e-20	3.46e-16	1.50e-13	3.10e-11	2.08e-09	4.45e-06	8.06e-04	2.48e-02	1.21e-01	3.31e-01	3.60e-01	1.22e-01	2.76e-02	1.30e-02	2.27e-04	1.26e-06
 5.21527e+21	2.28e-28	9.82e-20	4.68e-16	1.94e-13	3.80e-11	2.46e-09	5.06e-06	8.91e-04	2.66e-02	1.26e-01	3.35e-01	3.56e-01	1.17e-01	2.58e-02	1.18e-02	2.01e-04	1.08e-06
 5.30085e+21	2.98e-28	1.28e-19	5.94e-16	2.37e-13	4.42e-11	2.78e-09	5.57e-06	9.62e-04	2.81e-02	1.31e-01	3.38e-01	3.52e-01	1.14e-01	2.45e-02	1.10e-02	1.83e-04	9.61e-07
 5.38722e+21	3.82e-28	1.63e-19	7.41e-16	2.86e-13	5.12e-11	3.15e-09	6.14e-06	1.04e-03	2.97e-02	1.35e-01	3.42e-01	3.49e-01	1.10e-01	2.33e-02	1.03e-02	1.66e-04	8.53e-07
 5.49950e+21	5.20e-28	2.20e-19	9.76e-16	3.64e-13	6.22e-11	3.70e-09	6.96e-06	1.14e-03	3.18e-02	1.40e-01	3.46e-01	3.44e-01	1.06e-01	2.18e-02	9.37e-03	1.47e-04	7.29e-07
 5.62058e+21	7.25e-28	3.06e-19	1.32e-15	4.72e-13	7.67e-11	4.40e-09	7.95e-06	1.27e-03	3.42e-02	1.46e-01	3.50e-01	3.39e-01	1.01e-01	2.02e-02	8.48e-03	1.28e-04	6.17e-07
 5.72492e+21	9.68e-28	4.06e-19	1.70e-15	5.89e-13	9.13e-11	5.09e-09	8.89e-06	1.38e-03	3.64e-02	1.51e-01	3.53e-01	3.34e-01	9.70e-02	1.90e-02	7.79e-03	1.15e-04	5.35e-07
 5.81467e+21	1.23e-27	5.16e-19	2.12e-15	7.11e-13	1.06e-10	5.75e-09	9.78e-06	1.49e-03	3.83e-02	1.56e-01	3.55e-01	3.30e-01	9.37e-02	1.80e-02	7.23e-03	1.04e-04	4.73e-07
 5.91363e+21	1.56e-27	6.56e-19	2.63e-15	8.59e-13	1.24e-10	6.55e-09	1.08e-05	1.61e-03	4.05e-02	1.61e-01	3.58e-01	3.25e-01	9.03e-02	1.70e-02	6.69e-03	9.35e-05	4.15e-07
 6.04227e+21	2.14e-27	8.98e-19	3.51e-15	1.10e-12	1.52e-10	7.79e-09	1.24e-05	1.79e-03	4.35e-02	1.67e-01	3.61e-01	3.19e-01	8.59e-02	1.57e-02	6.02e-03	8.11e-05	3.48e-07
 6.17838e+21	2.98e-27	1.26e-18	4.77e-15	1.45e-12	1.90e-10	9.35e-09	1.42e-05	1.99e-03	4.69e-02	1.74e-01	3.63e-01	3.13e-01	8.14e-02	1.44e-02	5.38e-03	7.00e-05	2.89e-07
 6.28196e+21	3.85e-27	1.61e-18	6.00e-15	1.77e-12	2.23e-10	1.07e-08	1.58e-05	2.16e-03	4.95e-02	1.79e-01	3.65e-01	3.08e-01	7.82e-02	1.35e-02	4.95e-03	6.26e-05	2.52e-07
 6.35886e+21	4.60e-27	1.93e-18	7.07e-15	2.04e-12	2.51e-10	1.18e-08	1.70e-05	2.29e-03	5.15e-02	1.83e-01	3.66e-01	3.04e-01	7.59e-02	1.29e-02	4.66e-03	5.77e-05	2.27e-07
 6.44329e+21	5.54e-27	2.33e-18	8.39e-15	2.37e-12	2.84e-10	1.31e-08	1.85e-05	2.44e-03	5.37e-02	1.87e-01	3.67e-01	3.00e-01	7.34e-02	1.23e-02	4.35e-03	5.28e-05	2.03e-07
 6.55305e+21	7.02e-27	2.97e-18	1.05e-14	2.88e-12	3.35e-10	1.50e-08	2.05e-05	2.64e-03	5.68e-02	1.93e-01	3.68e-01	2.94e-01	7.02e-02	1.15e-02	3.99e-03	4.70e-05	1.76e-07
 6.69574e+21	9.47e-27	4.04e-18	1.38e-14	3.69e-12	4.13e-10	1.79e-08	2.35e-05	2.93e-03	6.09e-02	1.99e-01	3.69e-01	2.87e-01	6.64e-02	1.06e-02	3.56e-03	4.04e-05	1.46e-07
 6.84064e+21	1.29e-26	5.55e-18	1.85e-14	4.78e-12	5.13e-10	2.15e-08	2.70e-05	3.25e-03	6.53e-02	2.07e-01	3.70e-01	2.79e-01	6.26e-02	9.66e-03	3.17e-03	3.46e-05	0.00e+00
 6.95404e+21	1.63e-26	7.04e-18	2.30e-14	5.79e-12	6.02e-10	2.46e-08	2.99e-05	3.52e-03	6.88e-02	2.12e-01	3.70e-01	2.74e-01	5.98e-02	9.03e-03	2.90e-03	3.08e-05	0.00e+00
 7.06705e+21	2.03e-26	8.87e-18	2.84e-14	6.99e-12	7.05e-10	2.81e-08	3.32e-05	3.81e-03	7.25e-02	2.17e-01	3.70e-01	2.68e-01	5.71e-02	8.42e-03	2.65e-03	2.73e-05	0.00e+00
 7.21396e+21	2.69e-26	1.19e-17	3.72e-14	8.88e-12	8.66e-10	3.34e-08	3.79e-05	4.22e-03	7.74e-02	2.24e-01	3.70e-01	2.60e-01	5.37e-02	7.70e-03	2.36e-03	2.35e-05	0.00e+00
 7.37048e+21	3.64e-26	1.64e-17	4.99e-14	1.15e-11	1.08e-09	4.03e-08	4.37e-05	4.70e-03	8.30e-02	2.32e-01	3.69e-01	2.52e-01	5.02e-02	6.99e-03	2.08e-03	1.99e-05	0.00e+00
 7.50281e+21	4.65e-26	2.12e-17	6.33e-14	1.43e-11	1.30e-09	4.69e-08	4.91e-05	5.13e-03	8.78e-02	2.38e-01	3.68e-01	2.45e-01	4.75e-02	6.45e-03	1.87e-03	1.73e-05	0.00e+00
 7.63820e+21	5.90e-26	2.73e-17	7.99e-14	1.76e-11	1.55e-09	5.46e-08	5.53e-05	5.61e-03	9.29e-02	2.44e-01	3.67e-01	2.38e-01	4.49e-02	5.94e-03	1.68e-03	1.51e-05	0.00e+00
 7.81419e+21	7.97e-26	3.79e-17	1.08e-13	2.31e-11	1.96e-09	6.65e-08	6.44e-05	6.29e-03	9.98e-02	2.51e-01	3.64e-01	2.30e-01	4.16e-02	5.33e-03	1.47e-03	1.26e-05	0.00e+00
 7.99766e+21	1.09e-25	5.34e-17	1.48e-13	3.07e-11	2.51e-09	8.21e-08	7.54e-05	7.08e-03	1.07e-01	2.59e-01	3.61e-01	2.20e-01	3.84e-02	4.76e-03	1.27e-03	1.04e-05	0.00e+00
 8.14769e+21	1.39e-25	6.99e-17	1.90e-13	3.84e-11	3.04e-09	9.67e-08	8.54e-05	7.77e-03	1.14e-01	2.65e-01	3.59e-01	2.13e-01	3.60e-02	4.34e-03	1.13e-03	8.90e-06	0.00e+00
 8.29960e+21	1.75e-25	9.06e-17	2.42e-13	4.78e-11	3.66e-09	1.14e-07	9.70e-05	8.54e-03	1.21e-01	2.71e-01	3.55e-01	2.05e-01	3.36e-02	3.95e-03	9.99e-04	7.62e-06	0.00e+00
 8.49709e+21	2.34e-25	1.27e-16	3.31e-13	6.36e-11	4.70e-09	1.41e-07	1.14e-04	9.64e-03	1.30e-01	2.79e-01	3.51e-01	1.96e-01	3.08e-02	3.50e-03	8.55e-04	6.22e-06	0.00e+00
 8.70527e+21	3.18e-25	1.81e-16	4.61e-13	8.60e-11	6.12e-09	1.76e-07	1.35e-04	1.09e-02	1.40e-01	2.87e-01	3.45e-01	1.86e-01	2.80e-02	3.07e-03	7.24e-04	5.02e-06	0.00e+00
 8.86481e+21	4.00e-25	2.35e-16	5.89e-13	1.08e-10	7.43e-09	2.08e-07	1.54e-04	1.20e-02	1.48e-01	2.92e-01	3.40e-01	1.79e-01	2.60e-02	2.78e-03	6.39e-04	4.27e-06	0.00e+00
 8.98615e+21	4.70e-25	2.84e-16	7.03e-13	1.26e-10	8.55e-09	2.35e-07	1.69e-04	1.29e-02	1.54e-01	2.96e-01	3.37e-01	1.73e-01	2.46e-02	2.58e-03	5.82e-04	3.78e-06	0.00e+00
 9.12041e+21	5.59e-25	3.49e-16	8.53e-13	1.51e-10	9.97e-09	2.69e-07	1.87e-04	1.39e-02	1.60e-01	3.00e-01	3.32e-01	1.67e-01	2.32e-02	2.37e-03	5.24e-04	3.31e-06	0.00e+00
 9.29494e+21	6.94e-25	4.55e-16	1.10e-12	1.90e-10	1.22e-08	3.22e-07	2.15e-04	1.54e-02	1.70e-01	3.05e-01	3.26e-01	1.59e-01	2.13e-02	2.12e-03	4.56e-04	2.77e-06	0.00e+00
 9.48580e+21	8.80e-25	6.07e-16	1.44e-12	2.45e-10	1.53e-08	3.91e-07	2.48e-04	1.71e-02	1.80e-01	3.11e-01	3.19e-01	1.51e-01	1.95e-02	1.88e-03	3.93e-04	2.28e-06	0.00e+00
 9.65549e+21	1.08e-24	7.78e-16	1.82e-12	3.04e-10	1.85e-08	4.62e-07	2.82e-04	1.87e-02	1.90e-01	3.15e-01	3.13e-01	1.44e-01	1.80e-02	1.69e-03	3.44e-04	1.92e-06	0.00e+00
 9.81023e+21	1.29e-24	9.66e-16	2.24e-12	3.68e-10	2.19e-08	5.35e-07	3.15e-04	2.03e-02	1.98e-01	3.18e-01	3.07e-01	1.38e-01	1.67e-02	1.54e-03	3.05e-04	1.65e-06	0.00e+00
 9.98792e+21	1.56e-24	1.23e-15	2.82e-12	4.56e-10	2.65e-08	6.33e-07	3.59e-04	2.23e-02	2.08e-01	3.22e-01	3.00e-01	1.31e-01	1.53e-02	1.37e-03	2.65e-04	1.38e-06	0.00e+00
 1.02189e+22	1.98e-24	1.67e-15	3.78e-12	6.01e-10	3.39e-08	7.88e-07	4.23e-04	2.51e-02	2.22e-01	3.26e-01	2.90e-01	1.22e-01	1.37e-02	1.18e-03	2.21e-04	1.10e-06	0.00e+00
 1.04540e+22	2.53e-24	2.28e-15	5.10e-12	7.96e-10	4.35e-08	9.82e-07	4.98e-04	2.83e-02	2.36e-01	3.29e-01	2.80e-01	1.13e-01	1.22e-02	1.02e-03	1.84e-04	8.69e-07	0.00e+00
 1.06389e+22	3.05e-24	2.86e-15	6.35e-12	9.78e-10	5.23e-08	1.15e-06	5.63e-04	3.08e-02	2.46e-01	3.31e-01	2.72e-01	1.07e-01	1.11e-02	9.06e-04	1.60e-04	7.26e-07	0.00e+00
 1.08236e+22	3.61e-24	3.55e-15	7.83e-12	1.19e-09	6.23e-08	1.35e-06	6.36e-04	3.36e-02	2.57e-01	3.33e-01	2.64e-01	1.01e-01	1.02e-02	8.07e-04	1.39e-04	6.07e-07	0.00e+00
 1.10638e+22	4.45e-24	4.68e-15	1.03e-11	1.54e-09	7.85e-08	1.66e-06	7.43e-04	3.76e-02	2.71e-01	3.34e-01	2.53e-01	9.33e-02	9.02e-03	6.92e-04	1.15e-04	4.80e-07	0.00e+00
 1.13167e+22	5.58e-24	6.25e-15	1.36e-11	2.01e-09	9.99e-08	2.06e-06	8.71e-04	4.20e-02	2.86e-01	3.35e-01	2.42e-01	8.58e-02	7.95e-03	5.89e-04	9.50e-05	3.77e-07	0.00e+00
 1.15273e+22	6.71e-24	7.84e-15	1.70e-11	2.48e-09	1.21e-07	2.44e-06	9.87e-04	4.58e-02	2.98e-01	3.34e-01	2.33e-01	8.01e-02	7.16e-03	5.16e-04	8.11e-05	3.09e-07	0.00e+00
 1.17424e+22	7.93e-24	9.72e-15	2.10e-11	3.04e-09	1.45e-07	2.88e-06	1.12e-03	5.00e-02	3.10e-01	3.34e-01	2.24e-01	7.45e-02	6.43e-03	4.51e-04	6.90e-05	2.53e-07	0.00e+00
 1.20220e+22	9.81e-24	1.28e-14	2.76e-11	3.95e-09	1.83e-07	3.58e-06	1.32e-03	5.58e-02	3.25e-01	3.32e-01	2.12e-01	6.77e-02	5.59e-03	3.78e-04	5.59e-05	1.94e-07	0.00e+00
 1.23091e+22	1.23e-23	1.69e-14	3.64e-11	5.16e-09	2.34e-07	4.44e-06	1.54e-03	6.21e-02	3.41e-01	3.29e-01	2.00e-01	6.13e-02	4.84e-03	3.15e-04	4.52e-05	1.49e-07	0.00e+00
 1.25388e+22	1.47e-23	2.09e-14	4.48e-11	6.30e-09	2.79e-07	5.22e-06	1.73e-03	6.73e-02	3.52e-01	3.27e-01	1.91e-01	5.66e-02	4.32e-03	2.74e-04	3.83e-05	1.21e-07	0.00e+00
 1.27702e+22	1.73e-23	2.54e-14	5.45e-11	7.61e-09	3.31e-07	6.11e-06	1.95e-03	7.28e-02	3.63e-01	3.24e-01	1.82e-01	5.22e-02	3.85e-03	2.38e-04	3.24e-05	0.00e+00	0.00e+00
 1.30710e+22	2.12e-23	3.25e-14	7.01e-11	9.71e-09	4.13e-07	7.49e-06	2.27e-03	8.05e-02	3.78e-01	3.19e-01	1.70e-01	4.70e-02	3.32e-03	1.97e-04	2.60e-05	0.00e+00	0.00e+00
 1.33746e+22	2.63e-23	4.19e-14	9.03e-11	1.24e-08	5.17e-07	9.15e-06	2.61e-03	8.84e-02	3.91e-01	3.14e-01	1.59e-01	4.22e-02	2.85e-03	1.64e-04	2.10e-05	0.00e+00	0.00e+00
 1.35968e+22	3.08e-23	5.00e-14	1.08e-10	1.47e-08	6.00e-07	1.05e-05	2.88e-03	9.41e-02	4.00e-01	3.10e-01	1.52e-01	3.91e-02	2.57e-03	1.44e-04	1.81e-05	0.00e+00	0.00e+00
 1.38006e+22	3.49e-23	5.77e-14	1.25e-10	1.69e-08	6.82e-07	1.18e-05	3.16e-03	9.98e-02	4.08e-01	3.05e-01	1.45e-01	3.64e-02	2.32e-03	1.27e-04	1.57e-05	0.00e+00	0.00e+00
 1.40656e+22	4.11e-23	6.96e-14	1.51e-10	2.04e-08	8.10e-07	1.39e-05	3.54e-03	1.07e-01	4.17e-01	3.00e-01	1.37e-01	3.31e-02	2.04e-03	1.09e-04	1.31e-05	0.00e+00	0.00e+00
 1.43481e+22	4.93e-23	8.53e-14	1.86e-10	2.49e-08	9.72e-07	1.63e-05	3.98e-03	1.16e-01	4.27e-01	2.93e-01	1.28e-01	3.00e-02	1.78e-03	9.22e-05	1.08e-05	0.00e+00	0.00e+00
 1.45913e+22	5.75e-23	1.01e-13	2.20e-10	2.94e-08	1.12e-06	1.87e-05	4.38e-03	1.23e-01	4.35e-01	2.88e-01	1.21e-01	2.75e-02	1.59e-03	8.02e-05	9.17e-06	0.00e+00	0.00e+00
 1.48456e+22	6.65e-23	1.18e-13	2.58e-10	3.44e-08	1.30e-06	2.14e-05	4.83e-03	1.30e-01	4.42e-01	2.82e-01	1.14e-01	2.52e-02	1.41e-03	6.94e-05	7.76e-06	0.00e+00	0.00e+00
 1.51761e+22	8.01e-23	1.45e-13	3.19e-10	4.23e-08	1.57e-06	2.54e-05	5.46e-03	1.41e-01	4.51e-01	2.74e-01	1.06e-01	2.24e-02	1.21e-03	5.75e-05	6.26e-06	0.00e+00	0.00e+00
 1.55146e+22	9.82e-23	1.79e-13	3.97e-10	5.23e-08	1.90e-06	3.03e-05	6.16e-03	1.51e-01	4.58e-01	2.65e-01	9.80e-02	2.00e-02	1.03e-03	4.76e-05	5.04e-06	0.00e+00	0.00e+00
 1.57884e+22	1.15e-22	2.11e-13	4.68e-10	6.13e-08	2.19e-06	3.45e-05	6.76e-03	1.60e-01	4.64e-01	2.59e-01	9.21e-02	1.82e-02	9.12e-04	4.10e-05	4.25e-06	0.00e+00	0.00e+00
 1.60693e+22	1.33e-22	2.45e-13	5.47e-10	7.14e-08	2.51e-06	3.92e-05	7.41e-03	1.69e-01	4.68e-01	2.52e-01	8.63e-02	1.65e-02	8.03e-04	3.52e-05	3.57e-06	0.00e+00	0.00e+00
 1.64346e+22	1.60e-22	2.98e-13	6.70e-10	8.71e-08	3.00e-06	4.64e-05	8.34e-03	1.81e-01	4.74e-01	2.43e-01	7.93e-02	1.46e-02	6.82e-04	2.89e-05	2.85e-06	0.00e+00	0.00e+00
 1.68149e+22	1.97e-22	3.67e-13	8.31e-10	1.07e-07	3.62e-06	5.50e-05	9.36e-03	1.93e-01	4.78e-01	2.33e-01	7.26e-02	1.28e-02	5.76e-04	2.37e-05	2.27e-06	0.00e+00	0.00e+00
 1.71278e+22	2.32e-22	4.33e-13	9.82e-10	1.26e-07	4.18e-06	6.27e-05	1.02e-02	2.03e-01	4.81e-01	2.26e-01	6.76e-02	1.16e-02	5.03e-04	2.01e-05	1.89e-06	0.00e+00	0.00e+00
 1.74474e+22	2.68e-22	5.02e-13	1.15e-09	1.46e-07	4.78e-06	7.13e-05	1.12e-02	2.13e-01	4.83e-01	2.18e-01	6.28e-02	1.04e-02	4.38e-04	1.71e-05	1.57e-06	0.00e+00	0.00e+00
 1.78629e+22	3.25e-22	6.10e-13	1.41e-09	1.78e-07	5.71e-06	8.41e-05	1.26e-02	2.27e-01	4.85e-01	2.08e-01	5.70e-02	9.07e-03	3.67e-04	1.39e-05	1.24e-06	0.00e+00	0.00e+00
 1.82923e+22	4.01e-22	7.52e-13	1.74e-09	2.20e-07	6.87e-06	9.95e-05	1.40e-02	2.41e-01	4.86e-01	1.99e-01	5.17e-02	7.89e-03	3.06e-04	1.12e-05	9.72e-07	0.00e+00	0.00e+00
 1.86418e+22	4.72e-22	8.84e-13	2.05e-09	2.57e-07	7.89e-06	1.13e-04	1.53e-02	2.52e-01	4.86e-01	1.91e-01	4.78e-02	7.06e-03	2.66e-04	9.48e-06	8.04e-07	0.00e+00	0.00e+00
 1.89984e+22	5.46e-22	1.02e-12	2.39e-09	2.98e-07	8.99e-06	1.28e-04	1.67e-02	2.64e-01	4.85e-01	1.83e-01	4.41e-02	6.30e-03	2.29e-04	7.99e-06	6.62e-07	0.00e+00	0.00e+00
 1.94620e+22	6.61e-22	1.24e-12	2.92e-09	3.61e-07	1.07e-05	1.50e-04	1.86e-02	2.79e-01	4.83e-01	1.74e-01	3.97e-02	5.44e-03	1.90e-04	6.41e-06	5.17e-07	0.00e+00	0.00e+00
 1.99465e+22	8.17e-22	1.52e-12	3.61e-09	4.43e-07	1.28e-05	1.77e-04	2.06e-02	2.94e-01	4.80e-01	1.64e-01	3.56e-02	4.68e-03	1.57e-04	5.12e-06	4.01e-07	0.00e+00	0.00e+00
 2.03498e+22	9.62e-22	1.80e-12	4.27e-09	5.20e-07	1.47e-05	2.01e-04	2.25e-02	3.07e-01	4.77e-01	1.56e-01	3.26e-02	4.13e-03	1.34e-04	4.27e-06	3.26e-07	0.00e+00	0.00e+00
 2.07661e+22	1.12e-21	2.09e-12	5.00e-09	6.05e-07	1.68e-05	2.28e-04	2.45e-02	3.20e-01	4.73e-01	1.49e-01	2.97e-02	3.64e-03	1.14e-04	3.54e-06	2.64e-07	0.00e+00	0.00e+00
 2.12104e+22	1.34e-21	2.49e-12	5.98e-09	7.18e-07	1.95e-05	2.62e-04	2.67e-02	3.33e-01	4.69e-01	1.41e-01	2.69e-02	3.18e-03	9.64e-05	2.91e-06	2.12e-07	0.00e+00	0.00e+00
 2.15886e+22	1.55e-21	2.88e-12	6.93e-09	8.24e-07	2.20e-05	2.92e-04	2.87e-02	3.44e-01	4.64e-01	1.35e-01	2.48e-02	2.85e-03	8.37e-05	2.47e-06	1.76e-07	0.00e+00	0.00e+00
 2.19775e+22	1.77e-21	3.28e-12	7.93e-09	9.38e-07	2.46e-05	3.25e-04	3.08e-02	3.56e-01	4.59e-01	1.29e-01	2.28e-02	2.54e-03	7.25e-05	2.09e-06	1.46e-07	0.00e+00	0.00e+00
 2.24831e+22	2.10e-21	3.90e-12	9.48e-09	1.11e-06	2.86e-05	3.74e-04	3.37e-02	3.70e-01	4.52e-01	1.21e-01	2.04e-02	2.19e-03	6.02e-05	1.69e-06	0.00e+00	0.00e+00	0.00e+00
 2.29980e+22	2.54e-21	4.70e-12	1.15e-08	1.33e-06	3.34e-05	4.30e-04	3.67e-02	3.84e-01	4.45e-01	1.14e-01	1.83e-02	1.89e-03	5.00e-05	1.37e-06	0.00e+00	0.00e+00	0.00e+00
 2.34111e+22	2.93e-21	5.42e-12	1.32e-08	1.52e-06	3.74e-05	4.77e-04	3.92e-02	3.95e-01	4.38e-01	1.08e-01	1.68e-02	1.68e-03	4.32e-05	1.16e-06	0.00e+00	0.00e+00	0.00e+00
 2.38339e+22	3.34e-21	6.16e-12	1.51e-08	1.72e-06	4.16e-05	5.29e-04	4.20e-02	4.06e-01	4.32e-01	1.03e-01	1.54e-02	1.49e-03	3.73e-05	9.77e-07	0.00e+00	0.00e+00	0.00e+00
 2.43835e+22	3.96e-21	7.32e-12	1.80e-08	2.04e-06	4.80e-05	6.04e-04	4.56e-02	4.20e-01	4.22e-01	9.60e-02	1.37e-02	1.28e-03	3.08e-05	7.87e-07	0.00e+00	0.00e+00	0.00e+00
 2.49610e+22	4.80e-21	8.85e-12	2.18e-08	2.44e-06	5.60e-05	6.94e-04	4.96e-02	4.34e-01	4.13e-01	8.94e-02	1.22e-02	1.09e-03	2.53e-05	6.29e-07	0.00e+00	0.00e+00	0.00e+00
 2.54409e+22	5.60e-21	1.03e-11	2.53e-08	2.80e-06	6.29e-05	7.72e-04	5.30e-02	4.45e-01	4.05e-01	8.44e-02	1.10e-02	9.59e-04	2.16e-05	5.25e-07	0.00e+00	0.00e+00	0.00e+00
 2.59308e+22	6.43e-21	1.18e-11	2.91e-08	3.19e-06	7.02e-05	8.56e-04	5.66e-02	4.56e-01	3.96e-01	7.95e-02	1.00e-02	8.41e-04	1.84e-05	4.37e-07	0.00e+00	0.00e+00	0.00e+00
 2.65677e+22	7.73e-21	1.42e-11	3.50e-08	3.79e-06	8.11e-05	9.80e-04	6.15e-02	4.70e-01	3.85e-01	7.36e-02	8.81e-03	7.12e-04	1.49e-05	3.46e-07	0.00e+00	0.00e+00	0.00e+00
 2.72275e+22	9.47e-21	1.74e-11	4.27e-08	4.56e-06	9.47e-05	1.13e-03	6.67e-02	4.83e-01	3.73e-01	6.80e-02	7.73e-03	5.99e-04	1.21e-05	2.73e-07	0.00e+00	0.00e+00	0.00e+00
 2.77636e+22	1.11e-20	2.04e-11	4.97e-08	5.24e-06	1.06e-04	1.25e-03	7.10e-02	4.93e-01	3.64e-01	6.38e-02	6.97e-03	5.23e-04	1.02e-05	2.26e-07	0.00e+00	0.00e+00	0.00e+00
 2.83069e+22	1.28e-20	2.34e-11	5.71e-08	5.96e-06	1.18e-04	1.38e-03	7.55e-02	5.03e-01	3.54e-01	5.97e-02	6.28e-03	4.56e-04	8.66e-06	1.87e-07	0.00e+00	0.00e+00	0.00e+00
 2.90133e+22	1.55e-20	2.83e-11	6.88e-08	7.07e-06	1.36e-04	1.57e-03	8.16e-02	5.14e-01	3.42e-01	5.49e-02	5.49e-03	3.83e-04	6.99e-06	1.47e-07	0.00e+00	0.00e+00	0.00e+00
 2.97567e+22	1.91e-20	3.49e-11	8.43e-08	8.52e-06	1.58e-04	1.80e-03	8.81e-02	5.26e-01	3.29e-01	5.03e-02	4.77e-03	3.19e-04	5.60e-06	0.00e+00	0.00e+00	0.00e+00	0.00e+00
 3.03807e+22	2.27e-20	4.14e-11	9.90e-08	9.85e-06	1.78e-04	2.00e-03	9.37e-02	5.35e-01	3.18e-01	4.67e-02	4.25e-03	2.75e-04	4.67e-06	0.00e+00	0.00e+00	0.00e+00	0.00e+00
 3.10243e+22	2.66e-20	4.84e-11	1.15e-07	1.13e-05	1.99e-04	2.22e-03	9.97e-02	5.43e-01	3.08e-01	4.33e-02	3.78e-03	2.36e-04	3.88e-06	0.00e+00	0.00e+00	0.00e+00	0.00e+00
 3.18611e+22	3.28e-20	5.97e-11	1.40e-07	1.35e-05	2.30e-04	2.54e-03	1.08e-01	5.53e-01	2.94e-01	3.93e-02	3.25e-03	1.95e-04	3.07e-06	0.00e+00	0.00e+00	0.00e+00	0.00e+00
 3.27388e+22	4.14e-20	7.51e-11	1.74e-07	1.65e-05	2.69e-04	2.92e-03	1.16e-01	5.62e-01	2.80e-01	3.56e-02	2.78e-03	1.59e-04	2.41e-06	0.00e+00	0.00e+00	0.00e+00	0.00e+00
 3.34761e+22	5.00e-20	9.05e-11	2.07e-07	1.92e-05	3.04e-04	3.25e-03	1.23e-01	5.69e-01	2.69e-01	3.27e-02	2.45e-03	1.35e-04	1.98e-06	0.00e+00	0.00e+00	0.00e+00	0.00e+00
 3.42410e+22	5.99e-20	1.08e-10	2.44e-07	2.22e-05	3.41e-04	3.60e-03	1.31e-01	5.75e-01	2.58e-01	3.00e-02	2.15e-03	1.14e-04	1.62e-06	0.00e+00	0.00e+00	0.00e+00	0.00e+00
 3.50519e+22	7.39e-20	1.33e-10	2.95e-07	2.63e-05	3.89e-04	4.04e-03	1.39e-01	5.80e-01	2.47e-01	2.74e-02	1.87e-03	9.60e-05	1.31e-06	0.00e+00	0.00e+00	0.00e+00	0.00e+00
 3.57363e+22	8.72e-20	1.57e-10	3.43e-07	3.00e-05	4.31e-04	4.42e-03	1.46e-01	5.84e-01	2.38e-01	2.54e-02	1.67e-03	8.31e-05	1.10e-06	0.00e+00	0.00e+00	0.00e+00	0.00e+00
 3.64398e+22	1.03e-19	1.83e-10	3.96e-07	3.40e-05	4.74e-04	4.82e-03	1.53e-01	5.88e-01	2.28e-01	2.35e-02	1.49e-03	7.18e-05	9.24e-07	0.00e+00	0.00e+00	0.00e+00	0.00e+00
 3.73543e+22	1.28e-19	2.26e-10	4.78e-07	4.00e-05	5.39e-04	5.40e-03	1.63e-01	5.92e-01	2.17e-01	2.13e-02	1.29e-03	5.97e-05	7.40e-07	0.00e+00	0.00e+00	0.00e+00	0.00e+00
 3.83108e+22	1.62e-19	2.84e-10	5.87e-07	4.79e-05	6.19e-04	6.08e-03	1.73e-01	5.95e-01	2.06e-01	1.93e-02	1.10e-03	4.92e-05	5.88e-07	0.00e+00	0.00e+00	0.00e+00	0.00e+00
 3.91115e+22	1.95e-19	3.41e-10	6.90e-07	5.51e-05	6.89e-04	6.65e-03	1.81e-01	5.96e-01	1.97e-01	1.77e-02	9.74e-04	4.20e-05	4.87e-07	0.00e+00	0.00e+00	0.00e+00	0.00e+00
 3.99420e+22	2.34e-19	4.06e-10	8.06e-07	6.29e-05	7.61e-04	7.26e-03	1.90e-01	5.97e-01	1.88e-01	1.62e-02	8.59e-04	3.59e-05	4.04e-07	0.00e+00	0.00e+00	0.00e+00	0.00e+00
 4.10217e+22	2.98e-19	5.12e-10	9.89e-07	7.51e-05	8.70e-04	8.14e-03	2.01e-01	5.98e-01	1.77e-01	1.46e-02	7.32e-04	2.94e-05	3.18e-07	0.00e+00	0.00e+00	0.00e+00	0.00e+00
 4.21756e+22	3.89e-19	6.61e-10	1.24e-06	9.11e-05	1.01e-03	9.20e-03	2.13e-01	5.97e-01	1.66e-01	1.29e-02	6.16e-04	2.37e-05	2.47e-07	0.00e+00	0.00e+00	0.00e+00	0.00e+00
 4.31163e+22	4.79e-19	8.09e-10	1.48e-06	1.06e-04	1.13e-03	1.01e-02	2.23e-01	5.96e-01	1.57e-01	1.18e-02	5.38e-04	2.00e-05	2.02e-07	0.00e+00	0.00e+00	0.00e+00	0.00e+00
 4.39094e+22	5.68e-19	9.45e-10	1.69e-06	1.19e-04	1.23e-03	1.08e-02	2.31e-01	5.95e-01	1.51e-01	1.09e-02	4.81e-04	1.74e-05	1.71e-07	0.00e+00	0.00e+00	0.00e+00	0.00e+00
 4.48202e+22	6.86e-19	1.13e-09	1.98e-06	1.35e-04	1.35e-03	1.18e-02	2.40e-01	5.93e-01	1.43e-01	9.98e-03	4.24e-04	1.49e-05	1.42e-07	0.00e+00	0.00e+00	0.00e+00	0.00e+00
 4.60043e+22	8.81e-19	1.43e-09	2.42e-06	1.61e-04	1.54e-03	1.31e-02	2.52e-01	5.89e-01	1.34e-01	8.92e-03	3.61e-04	1.22e-05	0.00e+00	0.00e+00	0.00e+00	0.00e+00	0.00e+00
 4.72444e+22	1.15e-18	1.84e-09	3.01e-06	1.94e-04	1.76e-03	1.46e-02	2.65e-01	5.85e-01	1.26e-01	7.93e-03	3.05e-04	9.93e-06	0.00e+00	0.00e+00	0.00e+00	0.00e+00	0.00e+00
 4.82902e+22	1.42e-18	2.24e-09	3.56e-06	2.23e-04	1.96e-03	1.58e-02	2.76e-01	5.80e-01	1.19e-01	7.19e-03	2.66e-04	8.37e-06	0.00e+00	0.00e+00	0.00e+00	0.00e+00	0.00e+00
 4.93825e+22	1.75e-18	2.73e-09	4.22e-06	2.57e-04	2.17e-03	1.72e-02	2.86e-01	5.75e-01	1.12e-01	6.52e-03	2.32e-04	7.07e-06	0.00e+00	0.00e+00	0.00e+00	0.00e+00	0.00e+00
 5.08026e+22	2.31e-18	3.53e-09	5.25e-06	3.10e-04	2.49e-03	1.92e-02	3.00e-01	5.68e-01	1.04e-01	5.75e-03	1.94e-04	5.70e-06	0.00e+00	0.00e+00	0.00e+00	0.00e+00	0.00e+00
 5.22812e+22	3.09e-18	4.63e-09	6.62e-06	3.77e-04	2.87e-03	2.14e-02	3.14e-01	5.60e-01	9.61e-02	5.04e-03	1.62e-04	4.56e-06	0.00e+00	0.00e+00	0.00e+00	0.00e+00	0.00e+00
 5.34975e+22	3.87e-18	5.71e-09	7.91e-06	4.36e-04	3.19e-03	2.32e-02	3.25e-01	5.53e-01	9.03e-02	4.54e-03	1.40e-04	3.82e-06	0.00e+00	0.00e+00	0.00e+00	0.00e+00	0.00e+00
 5.47401e+22	4.84e-18	6.98e-09	9.38e-06	5.04e-04	3.53e-03	2.52e-02	3.36e-01	5.45e-01	8.47e-02	4.09e-03	1.21e-04	3.20e-06	0.00e+00	0.00e+00	0.00e+00	0.00e+00	0.00e+00
 5.63554e+22	6.48e-18	9.13e-09	1.18e-05	6.10e-04	4.06e-03	2.80e-02	3.50e-01	5.35e-01	7.81e-02	3.58e-03	1.01e-04	2.57e-06	0.00e+00	0.00e+00	0.00e+00	0.00e+00	0.00e+00
 5.80740e+22	8.82e-18	1.21e-08	1.50e-05	7.46e-04	4.70e-03	3.11e-02	3.65e-01	5.24e-01	7.16e-02	3.11e-03	8.30e-05	2.03e-06	0.00e+00	0.00e+00	0.00e+00	0.00e+00	0.00e+00
 5.95249e+22	1.12e-17	1.51e-08	1.80e-05	8.71e-04	5.23e-03	3.38e-02	3.77e-01	5.14e-01	6.65e-02	2.76e-03	7.06e-05	1.68e-06	0.00e+00	0.00e+00	0.00e+00	0.00e+00	0.00e+00
 6.10092e+22	1.43e-17	1.88e-08	2.17e-05	1.02e-03	5.84e-03	3.67e-02	3.88e-01	5.04e-01	6.19e-02	2.46e-03	6.04e-05	1.39e-06	0.00e+00	0.00e+00	0.00e+00	0.00e+00	0.00e+00
 6.29389e+22	1.97e-17	2.51e-08	2.77e-05	1.25e-03	6.77e-03	4.09e-02	4.02e-01	4.90e-01	5.64e-02	2.13e-03	4.96e-05	1.10e-06	0.00e+00	0.00e+00	0.00e+00	0.00e+00	0.00e+00
 6.49580e+22	2.72e-17	3.35e-08	3.54e-05	1.54e-03	7.83e-03	4.54e-02	4.17e-01	4.76e-01	5.11e-02	1.82e-03	4.03e-05	8.59e-07	0.00e+00	0.00e+00	0.00e+00	0.00e+00	0.00e+00
 6.66235e+22	3.47e-17	4.18e-08	4.25e-05	1.79e-03	8.70e-03	4.88e-02	4.28e-01	4.64e-01	4.73e-02	1.61e-03	3.42e-05	7.06e-07	0.00e+00	0.00e+00	0.00e+00	0.00e+00	0.00e+00
 6.83187e+22	4.48e-17	5.24e-08	5.15e-05	2.10e-03	9.72e-03	5.29e-02	4.38e-01	4.52e-01	4.37e-02	1.43e-03	2.91e-05	5.84e-07	0.00e+00	0.00e+00	0.00e+00	0.00e+00	0.00e+00
 7.05224e+22	6.24e-17	7.03e-08	6.60e-05	2.59e-03	1.13e-02	5.88e-02	4.51e-01	4.36e-01	3.95e-02	1.22e-03	2.38e-05	4.59e-07	0.00e+00	0.00e+00	0.00e+00	0.00e+00	0.00e+00
 7.28358e+22	8.66e-17	9.40e-08	8.43e-05	3.18e-03	1.30e-02	6.47e-02	4.63e-01	4.19e-01	3.55e-02	1.04e-03	1.92e-05	3.57e-07	0.00e+00	0.00e+00	0.00e+00	0.00e+00	0.00e+00
 7.47776e+22	1.12e-16	1.18e-07	1.02e-04	3.72e-03	1.44e-02	6.93e-02	4.73e-01	4.06e-01	3.25e-02	9.12e-04	1.62e-05	2.92e-07	0.00e+00	0.00e+00	0.00e+00	0.00e+00	0.00e+00
 7.67878e+22	1.47e-16	1.49e-07	1.24e-04	4.40e-03	1.62e-02	7.51e-02	4.81e-01	3.92e-01	2.98e-02	7.99e-04	1.36e-05	2.38e-07	0.00e+00	0.00e+00	0.00e+00	0.00e+00	0.00e+00
 7.94010e+22	2.10e-16	2.03e-07	1.62e-04	5.49e-03	1.88e-02	8.32e-02	4.91e-01	3.75e-01	2.65e-02	6.75e-04	1.10e-05	1.85e-07	0.00e+00	0.00e+00	0.00e+00	0.00e+00	0.00e+00
 8.20760e+22	2.93e-16	2.71e-07	2.06e-04	6.74e-03	2.16e-02	9.06e-02	5.00e-01	3.57e-01	2.36e-02	5.67e-04	8.76e-06	1.43e-07	0.00e+00	0.00e+00	0.00e+00	0.00e+00	0.00e+00
 8.42797e+22	3.79e-16	3.38e-07	2.47e-04	7.84e-03	2.37e-02	9.63e-02	5.07e-01	3.43e-01	2.15e-02	4.95e-04	7.36e-06	0.00e+00	0.00e+00	0.00e+00	0.00e+00	0.00e+00	0.00e+00
 8.65928e+22	5.06e-16	4.31e-07	3.04e-04	9.32e-03	2.66e-02	1.04e-01	5.12e-01	3.29e-01	1.95e-02	4.30e-04	6.17e-06	0.00e+00	0.00e+00	0.00e+00	0.00e+00	0.00e+00	0.00e+00
 8.91573e+22	6.89e-16	5.58e-07	3.78e-04	1.12e-02	3.00e-02	1.12e-01	5.16e-01	3.13e-01	1.75e-02	3.68e-04	5.06e-06	0.00e+00	0.00e+00	0.00e+00	0.00e+00	0.00e+00	0.00e+00
 9.14706e+22	8.93e-16	6.90e-07	4.52e-04	1.30e-02	3.28e-02	1.18e-01	5.20e-01	2.99e-01	1.59e-02	3.21e-04	4.27e-06	0.00e+00	0.00e+00	0.00e+00	0.00e+00	0.00e+00	0.00e+00
 9.38998e+22	1.19e-15	8.74e-07	5.53e-04	1.54e-02	3.65e-02	1.26e-01	5.22e-01	2.85e-01	1.44e-02	2.80e-04	3.59e-06	0.00e+00	0.00e+00	0.00e+00	0.00e+00	0.00e+00	0.00e+00
 9.70577e+22	1.72e-15	1.18e-06	7.13e-04	1.90e-02	4.19e-02	1.36e-01	5.21e-01	2.68e-01	1.27e-02	2.35e-04	2.89e-06	0.00e+00	0.00e+00	0.00e+00	0.00e+00	0.00e+00	0.00e+00
 1.00074e+23	2.37e-15	1.52e-06	8.81e-04	2.26e-02	4.62e-02	1.44e-01	5.23e-01	2.52e-01	1.12e-02	1.98e-04	2.34e-06	0.00e+00	0.00e+00	0.00e+00	0.00e+00	0.00e+00	0.00e+00
 1.02294e+23	3.01e-15	1.81e-06	1.02e-03	2.55e-02	4.92e-02	1.49e-01	5.23e-01	2.42e-01	1.03e-02	1.75e-04	2.01e-06	0.00e+00	0.00e+00	0.00e+00	0.00e+00	0.00e+00	0.00e+00
 1.04565e+23	3.90e-15	2.20e-06	1.21e-03	2.93e-02	5.35e-02	1.56e-01	5.20e-01	2.30e-01	9.37e-03	1.55e-04	1.73e-06	0.00e+00	0.00e+00	0.00e+00	0.00e+00	0.00e+00	0.00e+00
 1.07518e+23	5.50e-15	2.86e-06	1.51e-03	3.52e-02	5.97e-02	1.66e-01	5.14e-01	2.16e-01	8.33e-03	1.33e-04	1.43e-06	0.00e+00	0.00e+00	0.00e+00	0.00e+00	0.00e+00	0.00e+00
 1.10479e+23	7.53e-15	3.59e-06	1.83e-03	4.10e-02	6.45e-02	1.72e-01	5.10e-01	2.03e-01	7.43e-03	1.14e-04	1.19e-06	0.00e+00	0.00e+00	0.00e+00	0.00e+00	0.00e+00	0.00e+00
 1.12736e+23	9.54e-15	4.22e-06	2.09e-03	4.56e-02	6.76e-02	1.76e-01	5.07e-01	1.94e-01	6.82e-03	1.01e-04	1.04e-06	0.00e+00	0.00e+00	0.00e+00	0.00e+00	0.00e+00	0.00e+00
 1.14636e+23	1.18e-14	4.86e-06	2.37e-03	5.02e-02	7.07e-02	1.80e-01	5.03e-01	1.87e-01	6.35e-03	9.21e-05	9.24e-07	0.00e+00	0.00e+00	0.00e+00	0.00e+00	0.00e+00	0.00e+00
 1.16785e+23	1.51e-14	5.80e-06	2.75e-03	5.66e-02	7.55e-02	1.86e-01	4.96e-01	1.78e-01	5.84e-03	8.28e-05	8.14e-07	0.00e+00	0.00e+00	0.00e+00	0.00e+00	0.00e+00	0.00e+00
 1.19579e+23	2.11e-14	7.25e-06	3.35e-03	6.59e-02	8.18e-02	1.93e-01	4.84e-01	1.66e-01	5.24e-03	7.20e-05	6.91e-07	0.00e+00	0.00e+00	0.00e+00	0.00e+00	0.00e+00	0.00e+00
 1.22334e+23	2.87e-14	8.81e-06	3.95e-03	7.48e-02	8.61e-02	1.97e-01	4.77e-01	1.56e-01	4.71e-03	6.28e-05	5.87e-07	0.00e+00	0.00e+00	0.00e+00	0.00e+00	0.00e+00	0.00e+00
