#depth	Si	Si+	Si+2	Si+3	Si+4	Si+5	Si+6	Si+7	Si+8	Si+9	Si+10	Si+11	Si+12	Si+13	Si+14
 6.17135e+19	0.00e+00	0.00e+00	0.00e+00	5.80e-29	2.64e-23	2.02e-18	7.14e-14	4.47e-10	1.61e-06	9.96e-05	2.68e-03	2.95e-02	5.40e-01	3.59e-01	6.89e-02
 1.87609e+20	0.00e+00	0.00e+00	0.00e+00	3.01e-28	1.37e-22	9.27e-18	2.83e-13	1.44e-09	4.05e-06	1.93e-04	3.84e-03	3.59e-02	5.70e-01	3.34e-01	5.66e-02
 2.83882e+20	0.00e+00	0.00e+00	3.02e-32	1.11e-27	4.70e-22	2.89e-17	7.90e-13	3.41e-09	7.81e-06	3.10e-04	5.01e-03	4.14e-02	5.91e-01	3.14e-01	4.84e-02
 3.32787e+20	0.00e+00	0.00e+00	6.70e-32	2.16e-27	8.54e-22	5.03e-17	1.30e-12	5.15e-09	1.06e-05	3.87e-04	5.69e-03	4.43e-02	6.01e-01	3.04e-01	4.47e-02
 3.57617e+20	0.00e+00	0.00e+00	1.00e-31	3.03e-27	1.16e-21	6.67e-17	1.67e-12	6.35e-09	1.24e-05	4.32e-04	6.06e-03	4.59e-02	6.05e-01	2.99e-01	4.30e-02
 3.76054e+20	0.00e+00	0.00e+00	1.28e-31	3.74e-27	1.41e-21	7.99e-17	1.96e-12	7.26e-09	1.36e-05	4.65e-04	6.33e-03	4.69e-02	6.08e-01	2.96e-01	4.18e-02
 4.00022e+20	0.00e+00	0.00e+00	1.83e-31	5.14e-27	1.94e-21	1.07e-16	2.56e-12	9.01e-09	1.59e-05	5.19e-04	6.75e-03	4.85e-02	6.13e-01	2.91e-01	4.01e-02
 4.31181e+20	0.00e+00	0.00e+00	2.73e-31	7.32e-27	2.74e-21	1.48e-16	3.42e-12	1.14e-08	1.89e-05	5.89e-04	7.28e-03	5.05e-02	6.18e-01	2.85e-01	3.82e-02
 4.64809e+20	0.00e+00	0.00e+00	4.56e-31	1.16e-26	4.31e-21	2.25e-16	4.97e-12	1.55e-08	2.33e-05	6.86e-04	7.94e-03	5.29e-02	6.24e-01	2.78e-01	3.61e-02
 4.93012e+20	0.00e+00	0.00e+00	6.68e-31	1.61e-26	5.89e-21	3.00e-16	6.44e-12	1.92e-08	2.72e-05	7.66e-04	8.50e-03	5.48e-02	6.28e-01	2.73e-01	3.45e-02
 5.21043e+20	0.00e+00	0.00e+00	1.02e-30	2.33e-26	8.49e-21	4.21e-16	8.73e-12	2.45e-08	3.20e-05	8.62e-04	9.11e-03	5.68e-02	6.33e-01	2.68e-01	3.29e-02
 5.57482e+20	0.00e+00	0.00e+00	1.60e-30	3.63e-26	1.32e-20	6.34e-16	1.26e-11	3.29e-08	3.90e-05	9.97e-04	9.94e-03	5.94e-02	6.38e-01	2.61e-01	3.10e-02
 5.94630e+20	0.00e+00	0.00e+00	2.72e-30	5.78e-26	2.08e-20	9.68e-16	1.84e-11	4.46e-08	4.77e-05	1.15e-03	1.09e-02	6.22e-02	6.43e-01	2.54e-01	2.92e-02
 6.23990e+20	0.00e+00	0.00e+00	4.11e-30	8.27e-26	2.93e-20	1.33e-15	2.45e-11	5.60e-08	5.54e-05	1.29e-03	1.16e-02	6.44e-02	6.46e-01	2.48e-01	2.78e-02
 6.48860e+20	0.00e+00	0.00e+00	5.75e-30	1.11e-25	3.88e-20	1.73e-15	3.10e-11	6.76e-08	6.25e-05	1.41e-03	1.23e-02	6.62e-02	6.49e-01	2.44e-01	2.67e-02
 6.76598e+20	0.00e+00	0.00e+00	8.74e-30	1.61e-25	5.64e-20	2.44e-15	4.22e-11	8.60e-08	7.21e-05	1.56e-03	1.31e-02	6.84e-02	6.52e-01	2.39e-01	2.55e-02
 7.07458e+20	0.00e+00	0.00e+00	1.31e-29	2.30e-25	8.00e-20	3.38e-15	5.66e-11	1.09e-07	8.35e-05	1.74e-03	1.40e-02	7.08e-02	6.56e-01	2.34e-01	2.43e-02
 7.37727e+20	0.00e+00	0.00e+00	2.03e-29	3.40e-25	1.17e-19	4.81e-15	7.79e-11	1.39e-07	9.65e-05	1.94e-03	1.49e-02	7.32e-02	6.58e-01	2.28e-01	2.31e-02
 7.67388e+20	0.00e+00	0.00e+00	3.03e-29	4.83e-25	1.65e-19	6.63e-15	1.04e-10	1.75e-07	1.11e-04	2.15e-03	1.59e-02	7.55e-02	6.61e-01	2.23e-01	2.20e-02
 8.00912e+20	0.00e+00	0.00e+00	4.85e-29	7.38e-25	2.51e-19	9.78e-15	1.47e-10	2.29e-07	1.28e-04	2.40e-03	1.70e-02	7.82e-02	6.64e-01	2.18e-01	2.09e-02
 8.37358e+20	0.00e+00	0.00e+00	8.07e-29	1.16e-24	3.93e-19	1.48e-14	2.15e-10	3.06e-07	1.51e-04	2.70e-03	1.84e-02	8.12e-02	6.66e-01	2.12e-01	1.97e-02
 8.69541e+20	0.00e+00	0.00e+00	1.25e-28	1.71e-24	5.70e-19	2.10e-14	2.94e-10	3.90e-07	1.73e-04	2.99e-03	1.96e-02	8.38e-02	6.68e-01	2.07e-01	1.87e-02
 9.03315e+20	0.00e+00	0.00e+00	2.02e-28	2.63e-24	8.73e-19	3.12e-14	4.20e-10	5.12e-07	1.98e-04	3.31e-03	2.09e-02	8.65e-02	6.70e-01	2.01e-01	1.77e-02
 9.41011e+20	0.00e+00	0.00e+00	3.42e-28	4.21e-24	1.39e-18	4.82e-14	6.23e-10	6.92e-07	2.31e-04	3.71e-03	2.24e-02	8.96e-02	6.72e-01	1.96e-01	1.67e-02
 9.76429e+20	0.00e+00	1.92e-32	5.47e-28	6.39e-24	2.08e-18	7.03e-14	8.76e-10	9.00e-07	2.64e-04	4.11e-03	2.39e-02	9.25e-02	6.73e-01	1.91e-01	1.58e-02
 1.01510e+21	0.00e+00	3.46e-32	9.44e-28	1.05e-23	3.38e-18	1.11e-13	1.32e-09	1.23e-06	3.05e-04	4.58e-03	2.56e-02	9.57e-02	6.74e-01	1.85e-01	1.49e-02
 1.05708e+21	0.00e+00	6.47e-32	1.68e-27	1.76e-23	5.63e-18	1.79e-13	2.05e-09	1.71e-06	3.56e-04	5.14e-03	2.76e-02	9.92e-02	6.75e-01	1.79e-01	1.39e-02
 1.09501e+21	0.00e+00	1.11e-31	2.74e-27	2.72e-23	8.57e-18	2.65e-13	2.92e-09	2.24e-06	4.07e-04	5.68e-03	2.94e-02	1.02e-01	6.75e-01	1.74e-01	1.32e-02
 1.13595e+21	0.00e+00	1.95e-31	4.62e-27	4.36e-23	1.36e-17	4.08e-13	4.33e-09	3.01e-06	4.67e-04	6.30e-03	3.14e-02	1.06e-01	6.75e-01	1.69e-01	1.24e-02
 1.17215e+21	0.00e+00	3.16e-31	7.20e-27	6.47e-23	1.99e-17	5.82e-13	5.97e-09	3.85e-06	5.26e-04	6.90e-03	3.32e-02	1.09e-01	6.75e-01	1.64e-01	1.17e-02
 1.19398e+21	0.00e+00	4.45e-31	9.85e-27	8.53e-23	2.58e-17	7.43e-13	7.47e-09	4.53e-06	5.64e-04	7.27e-03	3.44e-02	1.10e-01	6.75e-01	1.62e-01	1.14e-02
 1.21410e+21	0.00e+00	6.07e-31	1.31e-26	1.11e-22	3.32e-17	9.43e-13	9.28e-09	5.30e-06	6.02e-04	7.64e-03	3.55e-02	1.12e-01	6.74e-01	1.59e-01	1.10e-02
 1.24026e+21	0.00e+00	7.79e-31	1.65e-26	1.35e-22	4.03e-17	1.13e-12	1.09e-08	6.03e-06	6.50e-04	8.09e-03	3.68e-02	1.14e-01	6.74e-01	1.56e-01	1.06e-02
 1.27426e+21	0.00e+00	1.27e-30	2.60e-26	2.06e-22	6.13e-17	1.67e-12	1.56e-08	7.80e-06	7.24e-04	8.78e-03	3.88e-02	1.17e-01	6.73e-01	1.52e-01	1.01e-02
 1.30659e+21	0.00e+00	1.89e-30	3.74e-26	2.84e-22	8.35e-17	2.24e-12	2.03e-08	9.49e-06	8.01e-04	9.47e-03	4.07e-02	1.19e-01	6.72e-01	1.48e-01	9.62e-03
 1.33111e+21	0.00e+00	2.63e-30	5.06e-26	3.72e-22	1.08e-16	2.84e-12	2.52e-08	1.11e-05	8.60e-04	1.00e-02	4.21e-02	1.21e-01	6.71e-01	1.46e-01	9.29e-03
 1.35738e+21	0.00e+00	3.52e-30	6.61e-26	4.73e-22	1.36e-16	3.52e-12	3.06e-08	1.27e-05	9.24e-04	1.06e-02	4.36e-02	1.23e-01	6.70e-01	1.43e-01	8.97e-03
 1.39153e+21	0.00e+00	5.04e-30	9.20e-26	6.37e-22	1.82e-16	4.62e-12	3.91e-08	1.52e-05	1.02e-03	1.13e-02	4.57e-02	1.26e-01	6.68e-01	1.39e-01	8.54e-03
 1.42996e+21	0.00e+00	7.41e-30	1.31e-25	8.71e-22	2.46e-16	6.11e-12	5.02e-08	1.83e-05	1.13e-03	1.23e-02	4.80e-02	1.29e-01	6.66e-01	1.35e-01	8.09e-03
 1.46711e+21	0.00e+00	1.06e-29	1.80e-25	1.15e-21	3.22e-16	7.85e-12	6.29e-08	2.17e-05	1.25e-03	1.32e-02	5.04e-02	1.32e-01	6.64e-01	1.32e-01	7.68e-03
 1.50854e+21	0.00e+00	1.61e-29	2.66e-25	1.64e-21	4.51e-16	1.07e-11	8.29e-08	2.63e-05	1.38e-03	1.43e-02	5.30e-02	1.35e-01	6.62e-01	1.28e-01	7.26e-03
 1.55408e+21	0.00e+00	2.42e-29	3.84e-25	2.26e-21	6.14e-16	1.43e-11	1.07e-07	3.17e-05	1.55e-03	1.56e-02	5.60e-02	1.38e-01	6.58e-01	1.23e-01	6.82e-03
 1.59148e+21	0.00e+00	3.48e-29	5.35e-25	3.02e-21	8.06e-16	1.84e-11	1.34e-07	3.71e-05	1.70e-03	1.68e-02	5.86e-02	1.41e-01	6.55e-01	1.20e-01	6.47e-03
 1.61959e+21	0.00e+00	4.70e-29	7.02e-25	3.85e-21	1.01e-15	2.26e-11	1.61e-07	4.18e-05	1.83e-03	1.77e-02	6.06e-02	1.43e-01	6.53e-01	1.17e-01	6.22e-03
 1.64905e+21	0.00e+00	6.05e-29	8.84e-25	4.71e-21	1.22e-15	2.69e-11	1.88e-07	4.66e-05	1.95e-03	1.86e-02	6.25e-02	1.45e-01	6.51e-01	1.15e-01	5.99e-03
 1.68735e+21	0.00e+00	7.79e-29	1.11e-24	5.74e-21	1.47e-15	3.19e-11	2.18e-07	5.26e-05	2.12e-03	1.98e-02	6.51e-02	1.48e-01	6.48e-01	1.12e-01	5.70e-03
 1.73714e+21	0.00e+00	1.23e-28	1.69e-24	8.39e-21	2.13e-15	4.47e-11	2.93e-07	6.37e-05	2.38e-03	2.16e-02	6.88e-02	1.51e-01	6.43e-01	1.08e-01	5.33e-03
 1.78549e+21	0.00e+00	1.82e-28	2.40e-24	1.14e-20	2.82e-15	5.80e-11	3.69e-07	7.50e-05	2.66e-03	2.34e-02	7.24e-02	1.54e-01	6.38e-01	1.04e-01	4.99e-03
 1.82288e+21	0.00e+00	2.42e-28	3.10e-24	1.42e-20	3.43e-15	6.94e-11	4.31e-07	8.40e-05	2.87e-03	2.48e-02	7.50e-02	1.57e-01	6.35e-01	1.01e-01	4.76e-03
 1.86236e+21	0.00e+00	3.16e-28	3.94e-24	1.75e-20	4.16e-15	8.26e-11	5.01e-07	9.43e-05	3.11e-03	2.63e-02	7.79e-02	1.59e-01	6.31e-01	9.83e-02	4.53e-03
 1.91370e+21	0.00e+00	4.77e-28	5.74e-24	2.45e-20	5.75e-15	1.11e-10	6.46e-07	1.11e-04	3.46e-03	2.85e-02	8.19e-02	1.62e-01	6.25e-01	9.45e-02	4.22e-03
 1.96859e+21	0.00e+00	7.11e-28	8.22e-24	3.35e-20	7.67e-15	1.44e-10	8.09e-07	1.30e-04	3.87e-03	3.10e-02	8.62e-02	1.66e-01	6.18e-01	9.07e-02	3.93e-03
 2.01780e+21	0.00e+00	9.67e-28	1.08e-23	4.23e-20	9.43e-15	1.74e-10	9.52e-07	1.48e-04	4.23e-03	3.31e-02	8.99e-02	1.68e-01	6.13e-01	8.76e-02	3.70e-03
 2.07146e+21	0.00e+00	1.45e-27	1.56e-23	5.86e-20	1.28e-14	2.28e-10	1.20e-06	1.72e-04	4.70e-03	3.58e-02	9.43e-02	1.72e-01	6.06e-01	8.41e-02	3.45e-03
 2.13112e+21	0.00e+00	2.16e-27	2.24e-23	8.01e-20	1.70e-14	2.95e-10	1.49e-06	2.01e-04	5.25e-03	3.88e-02	9.91e-02	1.75e-01	5.98e-01	8.03e-02	3.19e-03
 2.18181e+21	0.00e+00	2.93e-27	2.94e-23	1.01e-19	2.08e-14	3.54e-10	1.75e-06	2.27e-04	5.72e-03	4.14e-02	1.03e-01	1.77e-01	5.92e-01	7.75e-02	3.01e-03
 2.23095e+21	0.00e+00	4.12e-27	4.00e-23	1.32e-19	2.67e-14	4.42e-10	2.10e-06	2.57e-04	6.25e-03	4.41e-02	1.07e-01	1.80e-01	5.85e-01	7.46e-02	2.82e-03
 2.28505e+21	0.00e+00	5.60e-27	5.26e-23	1.68e-19	3.29e-14	5.33e-10	2.46e-06	2.90e-04	6.84e-03	4.71e-02	1.11e-01	1.82e-01	5.78e-01	7.18e-02	2.64e-03
 2.34559e+21	0.00e+00	8.31e-27	7.52e-23	2.30e-19	4.40e-14	6.89e-10	3.04e-06	3.34e-04	7.57e-03	5.08e-02	1.17e-01	1.85e-01	5.69e-01	6.85e-02	2.44e-03
 2.40854e+21	0.00e+00	1.23e-26	1.07e-22	3.11e-19	5.77e-14	8.75e-10	3.70e-06	3.85e-04	8.39e-03	5.47e-02	1.22e-01	1.88e-01	5.59e-01	6.53e-02	2.26e-03
 2.45927e+21	0.00e+00	1.66e-26	1.40e-22	3.92e-19	7.03e-14	1.04e-09	4.28e-06	4.28e-04	9.08e-03	5.79e-02	1.26e-01	1.90e-01	5.52e-01	6.29e-02	2.12e-03
 2.50987e+21	0.00e+00	2.18e-26	1.79e-22	4.84e-19	8.46e-14	1.23e-09	4.91e-06	4.75e-04	9.80e-03	6.12e-02	1.30e-01	1.91e-01	5.45e-01	6.06e-02	2.00e-03
 2.57565e+21	0.00e+00	3.20e-26	2.53e-22	6.57e-19	1.12e-13	1.57e-09	5.96e-06	5.44e-04	1.08e-02	6.58e-02	1.35e-01	1.94e-01	5.34e-01	5.75e-02	1.84e-03
 2.64293e+21	0.00e+00	4.71e-26	3.58e-22	8.89e-19	1.46e-13	1.97e-09	7.18e-06	6.22e-04	1.20e-02	7.06e-02	1.41e-01	1.96e-01	5.24e-01	5.46e-02	1.69e-03
 2.69453e+21	0.00e+00	6.31e-26	4.65e-22	1.11e-18	1.75e-13	2.32e-09	8.19e-06	6.86e-04	1.29e-02	7.43e-02	1.45e-01	1.97e-01	5.16e-01	5.26e-02	1.59e-03
 2.74398e+21	0.00e+00	8.30e-26	5.95e-22	1.37e-18	2.11e-13	2.72e-09	9.30e-06	7.52e-04	1.38e-02	7.80e-02	1.49e-01	1.98e-01	5.08e-01	5.06e-02	1.50e-03
 2.80826e+21	0.00e+00	1.12e-25	7.81e-22	1.74e-18	2.60e-13	3.27e-09	1.08e-05	8.44e-04	1.50e-02	8.28e-02	1.54e-01	2.00e-01	4.98e-01	4.82e-02	1.39e-03
 2.87891e+21	0.00e+00	1.67e-25	1.12e-21	2.38e-18	3.44e-13	4.15e-09	1.30e-05	9.60e-04	1.65e-02	8.86e-02	1.60e-01	2.01e-01	4.86e-01	4.56e-02	1.27e-03
 2.93899e+21	0.00e+00	2.30e-25	1.49e-21	3.04e-18	4.22e-13	4.95e-09	1.49e-05	1.06e-03	1.78e-02	9.35e-02	1.65e-01	2.02e-01	4.76e-01	4.35e-02	1.18e-03
 2.99823e+21	0.00e+00	3.11e-25	1.95e-21	3.83e-18	5.16e-13	5.88e-09	1.70e-05	1.17e-03	1.92e-02	9.83e-02	1.69e-01	2.03e-01	4.67e-01	4.16e-02	1.10e-03
 3.07525e+21	0.00e+00	4.54e-25	2.75e-21	5.17e-18	6.72e-13	7.35e-09	2.01e-05	1.34e-03	2.11e-02	1.05e-01	1.75e-01	2.04e-01	4.54e-01	3.92e-02	1.00e-03
 3.15456e+21	0.00e+00	6.54e-25	3.81e-21	6.84e-18	8.51e-13	9.03e-09	2.37e-05	1.51e-03	2.31e-02	1.12e-01	1.81e-01	2.04e-01	4.41e-01	3.69e-02	9.17e-04
 3.21928e+21	0.00e+00	9.12e-25	5.14e-21	8.84e-18	1.06e-12	1.08e-08	2.72e-05	1.67e-03	2.49e-02	1.18e-01	1.85e-01	2.04e-01	4.30e-01	3.50e-02	8.48e-04
 3.28584e+21	0.00e+00	1.28e-24	6.99e-21	1.16e-17	1.33e-12	1.31e-08	3.10e-05	1.85e-03	2.68e-02	1.23e-01	1.90e-01	2.04e-01	4.20e-01	3.33e-02	7.86e-04
 3.35969e+21	0.00e+00	1.82e-24	9.58e-21	1.52e-17	1.68e-12	1.59e-08	3.58e-05	2.06e-03	2.90e-02	1.30e-01	1.95e-01	2.04e-01	4.08e-01	3.14e-02	7.18e-04
 3.42458e+21	0.00e+00	2.52e-24	1.29e-20	1.96e-17	2.08e-12	1.89e-08	4.05e-05	2.26e-03	3.11e-02	1.36e-01	1.99e-01	2.04e-01	3.97e-01	2.98e-02	6.66e-04
 3.48118e+21	1.13e-32	3.31e-24	1.64e-20	2.41e-17	2.47e-12	2.19e-08	4.49e-05	2.45e-03	3.29e-02	1.42e-01	2.02e-01	2.03e-01	3.88e-01	2.85e-02	6.23e-04
 3.54542e+21	1.52e-32	4.38e-24	2.12e-20	3.01e-17	2.99e-12	2.55e-08	5.02e-05	2.67e-03	3.51e-02	1.48e-01	2.06e-01	2.03e-01	3.78e-01	2.71e-02	5.79e-04
 3.62894e+21	2.23e-32	6.36e-24	2.97e-20	4.05e-17	3.87e-12	3.15e-08	5.81e-05	2.99e-03	3.80e-02	1.56e-01	2.11e-01	2.01e-01	3.65e-01	2.54e-02	5.26e-04
 3.71570e+21	3.38e-32	9.48e-24	4.26e-20	5.53e-17	5.03e-12	3.91e-08	6.72e-05	3.34e-03	4.13e-02	1.64e-01	2.15e-01	2.00e-01	3.52e-01	2.37e-02	4.75e-04
 3.78645e+21	4.77e-32	1.33e-23	5.77e-20	7.16e-17	6.22e-12	4.63e-08	7.53e-05	3.65e-03	4.40e-02	1.71e-01	2.19e-01	1.99e-01	3.41e-01	2.24e-02	4.38e-04
 3.85820e+21	6.61e-32	1.82e-23	7.69e-20	9.17e-17	7.66e-12	5.47e-08	8.42e-05	3.98e-03	4.68e-02	1.78e-01	2.22e-01	1.97e-01	3.31e-01	2.12e-02	4.04e-04
 3.95148e+21	9.95e-32	2.70e-23	1.10e-19	1.26e-16	1.00e-11	6.80e-08	9.70e-05	4.45e-03	5.07e-02	1.87e-01	2.26e-01	1.95e-01	3.17e-01	1.96e-02	3.63e-04
 4.05070e+21	1.54e-31	4.12e-23	1.61e-19	1.75e-16	1.32e-11	8.49e-08	1.12e-04	5.00e-03	5.50e-02	1.96e-01	2.30e-01	1.92e-01	3.03e-01	1.81e-02	3.24e-04
 4.13533e+21	2.32e-31	6.10e-23	2.30e-19	2.38e-16	1.71e-11	1.04e-07	1.27e-04	5.49e-03	5.88e-02	2.04e-01	2.33e-01	1.90e-01	2.91e-01	1.69e-02	2.94e-04
 4.22298e+21	3.41e-31	8.88e-23	3.24e-19	3.20e-16	2.18e-11	1.26e-07	1.43e-04	6.02e-03	6.28e-02	2.12e-01	2.36e-01	1.87e-01	2.80e-01	1.58e-02	2.67e-04
 4.33694e+21	5.45e-31	1.40e-22	4.89e-19	4.58e-16	2.96e-11	1.60e-07	1.66e-04	6.79e-03	6.82e-02	2.23e-01	2.39e-01	1.83e-01	2.65e-01	1.44e-02	2.35e-04
 4.45734e+21	9.41e-31	2.37e-22	7.94e-19	6.99e-16	4.24e-11	2.11e-07	1.94e-04	7.67e-03	7.43e-02	2.34e-01	2.42e-01	1.79e-01	2.49e-01	1.31e-02	2.05e-04
 4.55975e+21	1.50e-30	3.72e-22	1.20e-18	9.93e-16	5.63e-11	2.62e-07	2.20e-04	8.47e-03	7.95e-02	2.43e-01	2.44e-01	1.76e-01	2.37e-01	1.20e-02	1.82e-04
 4.66649e+21	2.35e-30	5.77e-22	1.78e-18	1.40e-15	7.51e-11	3.27e-07	2.50e-04	9.36e-03	8.51e-02	2.53e-01	2.45e-01	1.72e-01	2.25e-01	1.10e-02	1.62e-04
 4.77180e+21	3.51e-30	8.54e-22	2.54e-18	1.90e-15	9.56e-11	3.97e-07	2.83e-04	1.03e-02	9.08e-02	2.62e-01	2.46e-01	1.68e-01	2.13e-01	1.01e-02	1.44e-04
 4.85259e+21	5.04e-30	1.22e-21	3.51e-18	2.51e-15	1.20e-10	4.71e-07	3.09e-04	1.11e-02	9.53e-02	2.68e-01	2.47e-01	1.64e-01	2.04e-01	9.47e-03	1.31e-04
 4.92334e+21	7.18e-30	1.71e-21	4.80e-18	3.30e-15	1.51e-10	5.57e-07	3.35e-04	1.18e-02	9.93e-02	2.74e-01	2.47e-01	1.62e-01	1.97e-01	8.93e-03	1.21e-04
 5.00371e+21	9.80e-30	2.32e-21	6.32e-18	4.18e-15	1.83e-10	6.47e-07	3.65e-04	1.26e-02	1.04e-01	2.81e-01	2.47e-01	1.58e-01	1.89e-01	8.37e-03	1.11e-04
 5.10819e+21	1.47e-29	3.43e-21	9.06e-18	5.74e-15	2.40e-10	7.92e-07	4.07e-04	1.37e-02	1.10e-01	2.89e-01	2.47e-01	1.54e-01	1.79e-01	7.67e-03	9.88e-05
 5.21527e+21	2.24e-29	5.19e-21	1.32e-17	7.93e-15	3.13e-10	9.68e-07	4.55e-04	1.50e-02	1.16e-01	2.97e-01	2.46e-01	1.50e-01	1.68e-01	7.00e-03	8.73e-05
 5.30085e+21	3.16e-29	7.26e-21	1.79e-17	1.03e-14	3.86e-10	1.13e-06	4.95e-04	1.60e-02	1.21e-01	3.03e-01	2.46e-01	1.46e-01	1.61e-01	6.53e-03	7.95e-05
 5.38722e+21	4.32e-29	9.86e-21	2.36e-17	1.31e-14	4.69e-10	1.31e-06	5.38e-04	1.71e-02	1.27e-01	3.09e-01	2.45e-01	1.43e-01	1.54e-01	6.09e-03	7.23e-05
 5.49950e+21	6.26e-29	1.42e-20	3.28e-17	1.74e-14	5.94e-10	1.57e-06	5.99e-04	1.86e-02	1.34e-01	3.16e-01	2.43e-01	1.38e-01	1.44e-01	5.54e-03	6.37e-05
 5.62058e+21	9.48e-29	2.13e-20	4.74e-17	2.39e-14	7.71e-10	1.91e-06	6.70e-04	2.03e-02	1.41e-01	3.24e-01	2.41e-01	1.33e-01	1.35e-01	5.00e-03	5.57e-05
 5.72492e+21	1.36e-28	3.03e-20	6.54e-17	3.15e-14	9.61e-10	2.25e-06	7.36e-04	2.18e-02	1.48e-01	3.30e-01	2.39e-01	1.29e-01	1.27e-01	4.59e-03	4.96e-05
 5.81467e+21	1.85e-28	4.11e-20	8.61e-17	3.98e-14	1.16e-09	2.59e-06	7.97e-04	2.32e-02	1.53e-01	3.35e-01	2.37e-01	1.25e-01	1.21e-01	4.25e-03	4.48e-05
 5.91363e+21	2.44e-28	5.41e-20	1.10e-16	4.92e-14	1.37e-09	2.95e-06	8.67e-04	2.48e-02	1.59e-01	3.40e-01	2.35e-01	1.21e-01	1.14e-01	3.92e-03	4.02e-05
 6.04227e+21	3.63e-28	7.97e-20	1.57e-16	6.67e-14	1.77e-09	3.56e-06	9.67e-04	2.70e-02	1.68e-01	3.47e-01	2.32e-01	1.16e-01	1.06e-01	3.51e-03	3.48e-05
 6.17838e+21	5.41e-28	1.19e-19	2.24e-16	9.05e-14	2.26e-09	4.27e-06	1.08e-03	2.94e-02	1.77e-01	3.53e-01	2.28e-01	1.11e-01	9.81e-02	3.12e-03	2.98e-05
 6.28196e+21	7.37e-28	1.60e-19	2.93e-16	1.14e-13	2.69e-09	4.86e-06	1.18e-03	3.14e-02	1.83e-01	3.57e-01	2.25e-01	1.07e-01	9.23e-02	2.86e-03	2.66e-05
 6.35886e+21	9.18e-28	2.00e-19	3.58e-16	1.34e-13	3.07e-09	5.35e-06	1.25e-03	3.29e-02	1.88e-01	3.60e-01	2.22e-01	1.04e-01	8.83e-02	2.68e-03	2.44e-05
 6.44329e+21	1.14e-27	2.49e-19	4.34e-16	1.59e-13	3.50e-09	5.92e-06	1.33e-03	3.46e-02	1.94e-01	3.63e-01	2.19e-01	1.01e-01	8.40e-02	2.49e-03	2.22e-05
 6.55305e+21	1.50e-27	3.26e-19	5.53e-16	1.95e-13	4.15e-09	6.71e-06	1.45e-03	3.68e-02	2.01e-01	3.67e-01	2.16e-01	9.76e-02	7.87e-02	2.27e-03	1.96e-05
 6.69574e+21	2.10e-27	4.58e-19	7.49e-16	2.53e-13	5.11e-09	7.85e-06	1.61e-03	3.99e-02	2.10e-01	3.71e-01	2.11e-01	9.27e-02	7.23e-02	2.01e-03	1.68e-05
 6.84064e+21	2.99e-27	6.53e-19	1.03e-15	3.30e-13	6.30e-09	9.19e-06	1.79e-03	4.33e-02	2.20e-01	3.74e-01	2.05e-01	8.78e-02	6.62e-02	1.77e-03	1.42e-05
 6.95404e+21	3.89e-27	8.51e-19	1.30e-15	4.01e-13	7.31e-09	1.03e-05	1.94e-03	4.60e-02	2.27e-01	3.76e-01	2.01e-01	8.42e-02	6.19e-02	1.61e-03	1.26e-05
 7.06705e+21	5.05e-27	1.11e-18	1.64e-15	4.90e-13	8.58e-09	1.16e-05	2.09e-03	4.89e-02	2.34e-01	3.78e-01	1.97e-01	8.07e-02	5.78e-02	1.46e-03	1.11e-05
 7.21396e+21	6.87e-27	1.52e-18	2.17e-15	6.21e-13	1.04e-08	1.33e-05	2.31e-03	5.27e-02	2.44e-01	3.80e-01	1.91e-01	7.62e-02	5.28e-02	1.28e-03	9.40e-06
 7.37048e+21	9.59e-27	2.14e-18	2.94e-15	8.00e-13	1.26e-08	1.55e-05	2.57e-03	5.71e-02	2.54e-01	3.81e-01	1.85e-01	7.16e-02	4.79e-02	1.12e-03	7.87e-06
 7.50281e+21	1.26e-26	2.84e-18	3.77e-15	9.86e-13	1.48e-08	1.75e-05	2.80e-03	6.09e-02	2.62e-01	3.82e-01	1.79e-01	6.80e-02	4.41e-02	9.98e-04	6.80e-06
 7.63820e+21	1.64e-26	3.73e-18	4.80e-15	1.21e-12	1.74e-08	1.97e-05	3.05e-03	6.50e-02	2.70e-01	3.82e-01	1.74e-01	6.44e-02	4.06e-02	8.87e-04	5.85e-06
 7.81419e+21	2.27e-26	5.24e-18	6.48e-15	1.56e-12	2.12e-08	2.29e-05	3.40e-03	7.05e-02	2.81e-01	3.81e-01	1.67e-01	6.00e-02	3.63e-02	7.61e-04	4.80e-06
 7.99766e+21	3.19e-26	7.51e-18	8.89e-15	2.03e-12	2.60e-08	2.67e-05	3.80e-03	7.67e-02	2.92e-01	3.80e-01	1.59e-01	5.55e-02	3.23e-02	6.47e-04	3.91e-06
 8.14769e+21	4.17e-26	1.00e-17	1.15e-14	2.51e-12	3.06e-08	3.02e-05	4.15e-03	8.19e-02	3.00e-01	3.78e-01	1.53e-01	5.22e-02	2.94e-02	5.68e-04	3.31e-06
 8.29960e+21	5.38e-26	1.32e-17	1.46e-14	3.07e-12	3.59e-08	3.40e-05	4.54e-03	8.75e-02	3.09e-01	3.76e-01	1.47e-01	4.90e-02	2.67e-02	4.97e-04	2.80e-06
 8.49709e+21	7.39e-26	1.87e-17	1.98e-14	3.98e-12	4.39e-08	3.97e-05	5.08e-03	9.51e-02	3.20e-01	3.72e-01	1.39e-01	4.50e-02	2.35e-02	4.18e-04	2.24e-06
 8.70527e+21	1.03e-25	2.72e-17	2.75e-14	5.23e-12	5.41e-08	4.64e-05	5.71e-03	1.04e-01	3.31e-01	3.67e-01	1.31e-01	4.11e-02	2.05e-02	3.47e-04	1.78e-06
 8.86481e+21	1.34e-25	3.60e-17	3.52e-14	6.43e-12	6.33e-08	5.22e-05	6.22e-03	1.10e-01	3.39e-01	3.62e-01	1.25e-01	3.83e-02	1.85e-02	3.02e-04	1.49e-06
 8.98615e+21	1.60e-25	4.42e-17	4.21e-14	7.48e-12	7.11e-08	5.70e-05	6.64e-03	1.16e-01	3.44e-01	3.59e-01	1.21e-01	3.63e-02	1.71e-02	2.72e-04	1.30e-06
 9.12041e+21	1.95e-25	5.49e-17	5.10e-14	8.79e-12	8.06e-08	6.27e-05	7.12e-03	1.22e-01	3.51e-01	3.54e-01	1.16e-01	3.43e-02	1.57e-02	2.42e-04	1.13e-06
 9.29494e+21	2.49e-25	7.29e-17	6.53e-14	1.09e-11	9.49e-08	7.09e-05	7.80e-03	1.30e-01	3.58e-01	3.48e-01	1.10e-01	3.17e-02	1.40e-02	2.07e-04	9.27e-07
 9.48580e+21	3.27e-25	9.92e-17	8.57e-14	1.37e-11	1.13e-07	8.09e-05	8.60e-03	1.39e-01	3.66e-01	3.41e-01	1.03e-01	2.90e-02	1.24e-02	1.75e-04	7.51e-07
 9.65549e+21	4.14e-25	1.30e-16	1.09e-13	1.67e-11	1.32e-07	9.07e-05	9.35e-03	1.48e-01	3.73e-01	3.35e-01	9.77e-02	2.69e-02	1.11e-02	1.51e-04	6.24e-07
 9.81023e+21	5.09e-25	1.65e-16	1.34e-13	1.99e-11	1.51e-07	1.00e-04	1.01e-02	1.55e-01	3.78e-01	3.28e-01	9.28e-02	2.50e-02	1.00e-02	1.32e-04	5.27e-07
 9.98792e+21	6.39e-25	2.15e-16	1.69e-13	2.43e-11	1.77e-07	1.13e-04	1.10e-02	1.65e-01	3.84e-01	3.21e-01	8.73e-02	2.31e-02	8.91e-03	1.13e-04	4.35e-07
 1.02189e+22	8.54e-25	3.02e-16	2.29e-13	3.14e-11	2.16e-07	1.31e-04	1.22e-02	1.78e-01	3.91e-01	3.10e-01	8.05e-02	2.07e-02	7.64e-03	9.23e-05	3.38e-07
 1.04540e+22	1.15e-24	4.26e-16	3.10e-13	4.08e-11	2.63e-07	1.52e-04	1.36e-02	1.91e-01	3.97e-01	2.99e-01	7.41e-02	1.85e-02	6.54e-03	7.51e-05	2.62e-07
 1.06389e+22	1.45e-24	5.54e-16	3.91e-13	4.97e-11	3.06e-07	1.70e-04	1.48e-02	2.01e-01	4.01e-01	2.91e-01	6.94e-02	1.70e-02	5.80e-03	6.42e-05	2.16e-07
 1.08236e+22	1.79e-24	7.12e-16	4.88e-13	6.02e-11	3.55e-07	1.90e-04	1.60e-02	2.12e-01	4.04e-01	2.82e-01	6.49e-02	1.56e-02	5.15e-03	5.48e-05	1.77e-07
 1.10638e+22	2.36e-24	9.83e-16	6.51e-13	7.71e-11	4.31e-07	2.19e-04	1.77e-02	2.26e-01	4.07e-01	2.71e-01	5.94e-02	1.39e-02	4.39e-03	4.46e-05	1.37e-07
 1.13167e+22	3.16e-24	1.38e-15	8.78e-13	9.97e-11	5.25e-07	2.53e-04	1.96e-02	2.42e-01	4.10e-01	2.59e-01	5.41e-02	1.23e-02	3.72e-03	3.60e-05	0.00e+00
 1.15273e+22	4.02e-24	1.80e-15	1.11e-12	1.22e-10	6.15e-07	2.84e-04	2.13e-02	2.54e-01	4.11e-01	2.49e-01	5.00e-02	1.12e-02	3.25e-03	3.02e-05	0.00e+00
 1.17424e+22	5.05e-24	2.34e-15	1.41e-12	1.50e-10	7.21e-07	3.19e-04	2.31e-02	2.67e-01	4.12e-01	2.39e-01	4.61e-02	1.01e-02	2.84e-03	2.52e-05	0.00e+00
 1.20220e+22	6.79e-24	3.28e-15	1.91e-12	1.95e-10	8.84e-07	3.70e-04	2.56e-02	2.84e-01	4.11e-01	2.26e-01	4.14e-02	8.84e-03	2.37e-03	2.00e-05	0.00e+00
 1.23091e+22	9.24e-24	4.60e-15	2.58e-12	2.54e-10	1.08e-06	4.29e-04	2.83e-02	3.02e-01	4.10e-01	2.13e-01	3.72e-02	7.71e-03	1.97e-03	1.58e-05	0.00e+00
 1.25388e+22	1.17e-23	5.96e-15	3.26e-12	3.11e-10	1.26e-06	4.80e-04	3.06e-02	3.15e-01	4.08e-01	2.03e-01	3.41e-02	6.93e-03	1.71e-03	1.32e-05	0.00e+00
 1.27702e+22	1.48e-23	7.66e-15	4.08e-12	3.79e-10	1.47e-06	5.36e-04	3.30e-02	3.29e-01	4.05e-01	1.94e-01	3.12e-02	6.22e-03	1.48e-03	1.09e-05	0.00e+00
 1.30710e+22	1.98e-23	1.05e-14	5.44e-12	4.88e-10	1.79e-06	6.17e-04	3.63e-02	3.46e-01	4.01e-01	1.82e-01	2.78e-02	5.40e-03	1.23e-03	8.61e-06	0.00e+00
 1.33746e+22	2.69e-23	1.45e-14	7.24e-12	6.26e-10	2.16e-06	7.07e-04	3.97e-02	3.64e-01	3.96e-01	1.70e-01	2.48e-02	4.69e-03	1.02e-03	6.80e-06	0.00e+00
 1.35968e+22	3.33e-23	1.80e-14	8.82e-12	7.43e-10	2.47e-06	7.77e-04	4.22e-02	3.75e-01	3.91e-01	1.62e-01	2.28e-02	4.24e-03	8.94e-04	5.76e-06	0.00e+00
 1.38006e+22	4.02e-23	2.19e-14	1.05e-11	8.68e-10	2.78e-06	8.47e-04	4.47e-02	3.86e-01	3.87e-01	1.55e-01	2.11e-02	3.86e-03	7.91e-04	4.93e-06	0.00e+00
 1.40656e+22	5.13e-23	2.81e-14	1.32e-11	1.06e-09	3.25e-06	9.45e-04	4.81e-02	4.00e-01	3.81e-01	1.46e-01	1.91e-02	3.42e-03	6.75e-04	4.04e-06	0.00e+00
 1.43481e+22	6.67e-23	3.64e-14	1.67e-11	1.31e-09	3.80e-06	1.06e-03	5.17e-02	4.15e-01	3.74e-01	1.37e-01	1.72e-02	3.01e-03	5.72e-04	3.27e-06	0.00e+00
 1.45913e+22	8.30e-23	4.52e-14	2.03e-11	1.55e-09	4.34e-06	1.16e-03	5.49e-02	4.26e-01	3.68e-01	1.30e-01	1.57e-02	2.70e-03	4.97e-04	2.75e-06	0.00e+00
 1.48456e+22	1.03e-22	5.61e-14	2.47e-11	1.85e-09	4.96e-06	1.28e-03	5.83e-02	4.38e-01	3.62e-01	1.23e-01	1.43e-02	2.41e-03	4.30e-04	2.29e-06	0.00e+00
 1.51761e+22	1.37e-22	7.38e-14	3.17e-11	2.31e-09	5.89e-06	1.44e-03	6.30e-02	4.54e-01	3.53e-01	1.14e-01	1.27e-02	2.09e-03	3.56e-04	1.81e-06	0.00e+00
 1.55146e+22	1.84e-22	9.75e-14	4.09e-11	2.88e-09	6.96e-06	1.62e-03	6.78e-02	4.68e-01	3.44e-01	1.06e-01	1.12e-02	1.80e-03	2.95e-04	1.43e-06	0.00e+00
 1.57884e+22	2.31e-22	1.21e-13	4.96e-11	3.42e-09	7.93e-06	1.77e-03	7.17e-02	4.79e-01	3.36e-01	9.96e-02	1.02e-02	1.60e-03	2.55e-04	1.19e-06	0.00e+00
 1.60693e+22	2.88e-22	1.49e-13	6.00e-11	4.06e-09	9.04e-06	1.94e-03	7.59e-02	4.90e-01	3.28e-01	9.35e-02	9.23e-03	1.42e-03	2.19e-04	9.82e-07	0.00e+00
 1.64346e+22	3.82e-22	1.94e-13	7.67e-11	5.05e-09	1.07e-05	2.18e-03	8.15e-02	5.03e-01	3.18e-01	8.62e-02	8.11e-03	1.22e-03	1.80e-04	7.69e-07	0.00e+00
 1.68149e+22	5.13e-22	2.55e-13	9.86e-11	6.30e-09	1.26e-05	2.44e-03	8.73e-02	5.16e-01	3.07e-01	7.92e-02	7.11e-03	1.04e-03	1.48e-04	6.00e-07	0.00e+00
 1.71278e+22	6.48e-22	3.17e-13	1.20e-10	7.50e-09	1.44e-05	2.67e-03	9.22e-02	5.25e-01	2.99e-01	7.40e-02	6.40e-03	9.20e-04	1.26e-04	4.92e-07	0.00e+00
 1.74474e+22	8.11e-22	3.90e-13	1.45e-10	8.91e-09	1.64e-05	2.93e-03	9.73e-02	5.34e-01	2.90e-01	6.90e-02	5.74e-03	8.09e-04	1.07e-04	4.03e-07	0.00e+00
 1.78629e+22	1.08e-21	5.10e-13	1.86e-10	1.11e-08	1.94e-05	3.28e-03	1.04e-01	5.46e-01	2.78e-01	6.30e-02	4.99e-03	6.86e-04	8.71e-05	3.11e-07	0.00e+00
 1.82923e+22	1.46e-21	6.69e-13	2.39e-10	1.39e-08	2.29e-05	3.67e-03	1.11e-01	5.56e-01	2.67e-01	5.74e-02	4.33e-03	5.80e-04	7.06e-05	2.40e-07	0.00e+00
 1.86418e+22	1.83e-21	8.27e-13	2.90e-10	1.65e-08	2.60e-05	4.01e-03	1.17e-01	5.63e-01	2.58e-01	5.33e-02	3.88e-03	5.08e-04	5.99e-05	1.96e-07	0.00e+00
 1.89984e+22	2.29e-21	1.01e-12	3.50e-10	1.96e-08	2.96e-05	4.38e-03	1.23e-01	5.70e-01	2.49e-01	4.94e-02	3.46e-03	4.44e-04	5.06e-05	1.59e-07	0.00e+00
 1.94620e+22	3.04e-21	1.32e-12	4.46e-10	2.43e-08	3.49e-05	4.89e-03	1.31e-01	5.79e-01	2.37e-01	4.48e-02	2.98e-03	3.74e-04	4.08e-05	1.22e-07	0.00e+00
 1.99465e+22	4.08e-21	1.73e-12	5.73e-10	3.04e-08	4.12e-05	5.46e-03	1.39e-01	5.86e-01	2.26e-01	4.04e-02	2.56e-03	3.13e-04	3.27e-05	0.00e+00	0.00e+00
 2.03498e+22	5.15e-21	2.14e-12	6.98e-10	3.63e-08	4.70e-05	5.97e-03	1.46e-01	5.91e-01	2.17e-01	3.72e-02	2.27e-03	2.71e-04	2.74e-05	0.00e+00	0.00e+00
 2.07661e+22	6.46e-21	2.63e-12	8.47e-10	4.33e-08	5.37e-05	6.52e-03	1.53e-01	5.96e-01	2.08e-01	3.42e-02	2.00e-03	2.34e-04	2.28e-05	0.00e+00	0.00e+00
 2.12104e+22	8.26e-21	3.30e-12	1.04e-09	5.23e-08	6.17e-05	7.15e-03	1.61e-01	6.00e-01	1.98e-01	3.12e-02	1.75e-03	2.00e-04	1.88e-05	0.00e+00	0.00e+00
 2.15886e+22	1.01e-20	3.97e-12	1.24e-09	6.09e-08	6.91e-05	7.71e-03	1.68e-01	6.03e-01	1.91e-01	2.89e-02	1.57e-03	1.76e-04	1.61e-05	0.00e+00	0.00e+00
 2.19775e+22	1.23e-20	4.75e-12	1.47e-09	7.10e-08	7.76e-05	8.32e-03	1.75e-01	6.05e-01	1.83e-01	2.68e-02	1.40e-03	1.55e-04	1.37e-05	0.00e+00	0.00e+00
 2.24831e+22	1.57e-20	5.97e-12	1.82e-09	8.64e-08	8.98e-05	9.16e-03	1.84e-01	6.08e-01	1.74e-01	2.42e-02	1.21e-03	1.31e-04	1.11e-05	0.00e+00	0.00e+00
 2.29980e+22	2.02e-20	7.56e-12	2.26e-09	1.05e-07	1.04e-04	1.01e-02	1.93e-01	6.09e-01	1.65e-01	2.19e-02	1.05e-03	1.10e-04	9.04e-06	0.00e+00	0.00e+00
 2.34111e+22	2.46e-20	9.03e-12	2.67e-09	1.22e-07	1.16e-04	1.08e-02	2.00e-01	6.10e-01	1.58e-01	2.02e-02	9.38e-04	9.70e-05	7.70e-06	0.00e+00	0.00e+00
 2.38339e+22	2.96e-20	1.07e-11	3.14e-09	1.42e-07	1.30e-04	1.16e-02	2.08e-01	6.10e-01	1.51e-01	1.86e-02	8.36e-04	8.49e-05	6.54e-06	0.00e+00	0.00e+00
 2.43835e+22	3.75e-20	1.34e-11	3.87e-09	1.72e-07	1.49e-04	1.28e-02	2.17e-01	6.10e-01	1.42e-01	1.68e-02	7.21e-04	7.16e-05	5.30e-06	0.00e+00	0.00e+00
 2.49610e+22	4.81e-20	1.69e-11	4.82e-09	2.10e-07	1.72e-04	1.40e-02	2.27e-01	6.09e-01	1.34e-01	1.51e-02	6.19e-04	6.01e-05	4.28e-06	0.00e+00	0.00e+00
 2.54409e+22	5.87e-20	2.03e-11	5.73e-09	2.46e-07	1.94e-04	1.51e-02	2.36e-01	6.07e-01	1.28e-01	1.38e-02	5.47e-04	5.22e-05	3.60e-06	0.00e+00	0.00e+00
 2.59308e+22	7.09e-20	2.43e-11	6.77e-09	2.87e-07	2.17e-04	1.63e-02	2.44e-01	6.05e-01	1.21e-01	1.26e-02	4.83e-04	4.53e-05	3.02e-06	0.00e+00	0.00e+00
 2.65677e+22	9.04e-20	3.05e-11	8.40e-09	3.50e-07	2.52e-04	1.79e-02	2.55e-01	6.01e-01	1.14e-01	1.13e-02	4.12e-04	3.77e-05	2.42e-06	0.00e+00	0.00e+00
 2.72275e+22	1.16e-19	3.86e-11	1.05e-08	4.30e-07	2.91e-04	1.96e-02	2.67e-01	5.97e-01	1.06e-01	1.00e-02	3.50e-04	3.13e-05	1.93e-06	0.00e+00	0.00e+00
 2.77636e+22	1.41e-19	4.63e-11	1.25e-08	5.03e-07	3.27e-04	2.11e-02	2.76e-01	5.93e-01	1.01e-01	9.13e-03	3.08e-04	2.71e-05	1.61e-06	0.00e+00	0.00e+00
 2.83069e+22	1.70e-19	5.51e-11	1.47e-08	5.87e-07	3.66e-04	2.27e-02	2.85e-01	5.89e-01	9.51e-02	8.31e-03	2.71e-04	2.34e-05	1.35e-06	0.00e+00	0.00e+00
 2.90133e+22	2.15e-19	6.88e-11	1.82e-08	7.16e-07	4.23e-04	2.48e-02	2.96e-01	5.82e-01	8.85e-02	7.37e-03	2.30e-04	1.94e-05	1.07e-06	0.00e+00	0.00e+00
 2.97567e+22	2.75e-19	8.69e-11	2.27e-08	8.79e-07	4.90e-04	2.72e-02	3.08e-01	5.75e-01	8.21e-02	6.50e-03	1.94e-04	1.60e-05	8.48e-07	0.00e+00	0.00e+00
 3.03807e+22	3.35e-19	1.05e-10	2.71e-08	1.04e-06	5.52e-04	2.93e-02	3.18e-01	5.69e-01	7.72e-02	5.87e-03	1.69e-04	1.37e-05	7.00e-07	0.00e+00	0.00e+00
 3.10243e+22	4.05e-19	1.26e-10	3.22e-08	1.22e-06	6.23e-04	3.16e-02	3.28e-01	5.62e-01	7.24e-02	5.29e-03	1.47e-04	1.17e-05	5.77e-07	0.00e+00	0.00e+00
 3.18611e+22	5.17e-19	1.58e-10	4.02e-08	1.50e-06	7.25e-04	3.47e-02	3.41e-01	5.52e-01	6.67e-02	4.63e-03	1.22e-04	9.56e-06	4.51e-07	0.00e+00	0.00e+00
 3.27388e+22	6.66e-19	2.02e-10	5.07e-08	1.86e-06	8.44e-04	3.81e-02	3.54e-01	5.42e-01	6.13e-02	4.03e-03	1.02e-04	7.77e-06	3.50e-07	0.00e+00	0.00e+00
 3.34761e+22	8.17e-19	2.45e-10	6.09e-08	2.21e-06	9.55e-04	4.11e-02	3.65e-01	5.33e-01	5.71e-02	3.60e-03	8.76e-05	6.56e-06	2.85e-07	0.00e+00	0.00e+00
 3.42410e+22	9.93e-19	2.95e-10	7.29e-08	2.62e-06	1.08e-03	4.43e-02	3.75e-01	5.23e-01	5.31e-02	3.21e-03	7.52e-05	5.53e-06	2.32e-07	0.00e+00	0.00e+00
 3.50519e+22	1.23e-18	3.63e-10	8.87e-08	3.15e-06	1.23e-03	4.79e-02	3.86e-01	5.13e-01	4.92e-02	2.84e-03	6.40e-05	4.62e-06	1.86e-07	0.00e+00	0.00e+00
 3.57363e+22	1.46e-18	4.29e-10	1.04e-07	3.64e-06	1.36e-03	5.09e-02	3.95e-01	5.04e-01	4.61e-02	2.58e-03	5.62e-05	4.00e-06	1.56e-07	0.00e+00	0.00e+00
 3.64398e+22	1.73e-18	5.03e-10	1.21e-07	4.21e-06	1.51e-03	5.42e-02	4.04e-01	4.95e-01	4.32e-02	2.33e-03	4.92e-05	3.45e-06	1.30e-07	0.00e+00	0.00e+00
 3.73543e+22	2.14e-18	6.16e-10	1.47e-07	5.06e-06	1.73e-03	5.86e-02	4.15e-01	4.83e-01	3.98e-02	2.05e-03	4.16e-05	2.86e-06	0.00e+00	0.00e+00	0.00e+00
 3.83108e+22	2.69e-18	7.66e-10	1.81e-07	6.13e-06	1.98e-03	6.35e-02	4.26e-01	4.70e-01	3.64e-02	1.79e-03	3.49e-05	2.36e-06	0.00e+00	0.00e+00	0.00e+00
 3.91115e+22	3.23e-18	9.12e-10	2.13e-07	7.14e-06	2.20e-03	6.76e-02	4.35e-01	4.60e-01	3.39e-02	1.60e-03	3.03e-05	2.01e-06	0.00e+00	0.00e+00	0.00e+00
 3.99420e+22	3.84e-18	1.08e-09	2.50e-07	8.29e-06	2.45e-03	7.20e-02	4.44e-01	4.49e-01	3.15e-02	1.44e-03	2.63e-05	1.72e-06	0.00e+00	0.00e+00	0.00e+00
 4.10217e+22	4.78e-18	1.33e-09	3.07e-07	1.00e-05	2.81e-03	7.79e-02	4.54e-01	4.35e-01	2.87e-02	1.25e-03	2.19e-05	1.41e-06	0.00e+00	0.00e+00	0.00e+00
 4.21756e+22	6.09e-18	1.68e-09	3.82e-07	1.23e-05	3.23e-03	8.45e-02	4.65e-01	4.20e-01	2.60e-02	1.08e-03	1.81e-05	1.14e-06	0.00e+00	0.00e+00	0.00e+00
 4.31163e+22	7.35e-18	2.02e-09	4.54e-07	1.44e-05	3.60e-03	9.00e-02	4.73e-01	4.08e-01	2.40e-02	9.57e-04	1.56e-05	9.64e-07	0.00e+00	0.00e+00	0.00e+00
 4.39094e+22	8.56e-18	2.33e-09	5.19e-07	1.64e-05	3.94e-03	9.47e-02	4.79e-01	3.99e-01	2.24e-02	8.67e-04	1.38e-05	8.40e-07	0.00e+00	0.00e+00	0.00e+00
 4.48202e+22	1.01e-17	2.73e-09	6.04e-07	1.89e-05	4.36e-03	1.00e-01	4.86e-01	3.88e-01	2.08e-02	7.77e-04	1.20e-05	7.20e-07	0.00e+00	0.00e+00	0.00e+00
 4.60043e+22	1.25e-17	3.34e-09	7.31e-07	2.26e-05	4.94e-03	1.08e-01	4.94e-01	3.74e-01	1.89e-02	6.76e-04	1.00e-05	5.93e-07	0.00e+00	0.00e+00	0.00e+00
 4.72444e+22	1.56e-17	4.15e-09	8.98e-07	2.72e-05	5.62e-03	1.16e-01	5.02e-01	3.59e-01	1.71e-02	5.84e-04	8.33e-06	4.84e-07	0.00e+00	0.00e+00	0.00e+00
 4.82902e+22	1.87e-17	4.93e-09	1.06e-06	3.17e-05	6.24e-03	1.22e-01	5.08e-01	3.47e-01	1.57e-02	5.18e-04	7.16e-06	4.10e-07	0.00e+00	0.00e+00	0.00e+00
 4.93825e+22	2.23e-17	5.85e-09	1.24e-06	3.67e-05	6.92e-03	1.29e-01	5.13e-01	3.35e-01	1.44e-02	4.60e-04	6.17e-06	3.48e-07	0.00e+00	0.00e+00	0.00e+00
 5.08026e+22	2.79e-17	7.24e-09	1.51e-06	4.43e-05	7.87e-03	1.39e-01	5.20e-01	3.20e-01	1.29e-02	3.94e-04	5.09e-06	2.82e-07	0.00e+00	0.00e+00	0.00e+00
 5.22812e+22	3.55e-17	9.10e-09	1.87e-06	5.39e-05	8.98e-03	1.49e-01	5.25e-01	3.05e-01	1.15e-02	3.36e-04	4.17e-06	2.26e-07	0.00e+00	0.00e+00	0.00e+00
 5.34975e+22	4.29e-17	1.09e-08	2.21e-06	6.27e-05	9.95e-03	1.57e-01	5.29e-01	2.93e-01	1.05e-02	2.97e-04	3.57e-06	1.91e-07	0.00e+00	0.00e+00	0.00e+00
 5.47401e+22	5.10e-17	1.28e-08	2.58e-06	7.27e-05	1.10e-02	1.66e-01	5.32e-01	2.81e-01	9.59e-03	2.61e-04	3.05e-06	1.61e-07	0.00e+00	0.00e+00	0.00e+00
 5.63554e+22	6.40e-17	1.59e-08	3.16e-06	8.74e-05	1.25e-02	1.77e-01	5.35e-01	2.67e-01	8.54e-03	2.23e-04	2.51e-06	1.30e-07	0.00e+00	0.00e+00	0.00e+00
 5.80740e+22	8.20e-17	2.01e-08	3.92e-06	1.06e-04	1.42e-02	1.89e-01	5.37e-01	2.52e-01	7.55e-03	1.89e-04	2.04e-06	0.00e+00	0.00e+00	0.00e+00	0.00e+00
 5.95249e+22	9.95e-17	2.42e-08	4.66e-06	1.25e-04	1.58e-02	1.99e-01	5.38e-01	2.40e-01	6.80e-03	1.64e-04	1.72e-06	0.00e+00	0.00e+00	0.00e+00	0.00e+00
 6.10092e+22	1.20e-16	2.89e-08	5.48e-06	1.45e-04	1.75e-02	2.10e-01	5.38e-01	2.29e-01	6.13e-03	1.43e-04	1.45e-06	0.00e+00	0.00e+00	0.00e+00	0.00e+00
 6.29389e+22	1.53e-16	3.62e-08	6.76e-06	1.76e-04	1.99e-02	2.23e-01	5.37e-01	2.14e-01	5.38e-03	1.21e-04	1.18e-06	0.00e+00	0.00e+00	0.00e+00	0.00e+00
 6.49580e+22	1.97e-16	4.60e-08	8.43e-06	2.15e-04	2.27e-02	2.37e-01	5.35e-01	2.00e-01	4.69e-03	1.01e-04	9.46e-07	0.00e+00	0.00e+00	0.00e+00	0.00e+00
 6.66235e+22	2.40e-16	5.54e-08	1.00e-05	2.51e-04	2.51e-02	2.49e-01	5.32e-01	1.89e-01	4.20e-03	8.76e-05	7.95e-07	0.00e+00	0.00e+00	0.00e+00	0.00e+00
 6.83187e+22	2.89e-16	6.59e-08	1.17e-05	2.91e-04	2.77e-02	2.60e-01	5.29e-01	1.79e-01	3.76e-03	7.62e-05	6.70e-07	0.00e+00	0.00e+00	0.00e+00	0.00e+00
 7.05224e+22	3.68e-16	8.25e-08	1.44e-05	3.52e-04	3.13e-02	2.75e-01	5.24e-01	1.67e-01	3.27e-03	6.39e-05	5.41e-07	0.00e+00	0.00e+00	0.00e+00	0.00e+00
 7.28358e+22	4.77e-16	1.05e-07	1.80e-05	4.30e-04	3.54e-02	2.90e-01	5.17e-01	1.54e-01	2.82e-03	5.31e-05	4.32e-07	0.00e+00	0.00e+00	0.00e+00	0.00e+00
 7.47776e+22	5.87e-16	1.27e-07	2.13e-05	5.02e-04	3.91e-02	3.02e-01	5.11e-01	1.44e-01	2.50e-03	4.57e-05	3.60e-07	0.00e+00	0.00e+00	0.00e+00	0.00e+00
 7.67878e+22	7.14e-16	1.52e-07	2.51e-05	5.84e-04	4.31e-02	3.15e-01	5.04e-01	1.35e-01	2.21e-03	3.94e-05	3.01e-07	0.00e+00	0.00e+00	0.00e+00	0.00e+00
 7.94010e+22	9.21e-16	1.91e-07	3.10e-05	7.08e-04	4.86e-02	3.30e-01	4.94e-01	1.24e-01	1.90e-03	3.27e-05	2.40e-07	0.00e+00	0.00e+00	0.00e+00	0.00e+00
 8.20760e+22	1.20e-15	2.43e-07	3.87e-05	8.65e-04	5.48e-02	3.46e-01	4.83e-01	1.13e-01	1.62e-03	2.70e-05	1.89e-07	0.00e+00	0.00e+00	0.00e+00	0.00e+00
 8.42797e+22	1.48e-15	2.92e-07	4.57e-05	1.01e-03	6.01e-02	3.58e-01	4.74e-01	1.05e-01	1.42e-03	2.32e-05	1.58e-07	0.00e+00	0.00e+00	0.00e+00	0.00e+00
 8.65928e+22	1.82e-15	3.50e-07	5.38e-05	1.17e-03	6.59e-02	3.70e-01	4.63e-01	9.79e-02	1.25e-03	1.99e-05	1.31e-07	0.00e+00	0.00e+00	0.00e+00	0.00e+00
 8.91573e+22	2.31e-15	4.30e-07	6.51e-05	1.39e-03	7.28e-02	3.84e-01	4.51e-01	8.99e-02	1.08e-03	1.68e-05	0.00e+00	0.00e+00	0.00e+00	0.00e+00	0.00e+00
 9.14706e+22	2.84e-15	5.14e-07	7.65e-05	1.60e-03	7.93e-02	3.95e-01	4.40e-01	8.34e-02	9.50e-04	1.45e-05	0.00e+00	0.00e+00	0.00e+00	0.00e+00	0.00e+00
 9.38998e+22	3.49e-15	6.12e-07	8.95e-05	1.85e-03	8.62e-02	4.05e-01	4.28e-01	7.72e-02	8.34e-04	1.25e-05	0.00e+00	0.00e+00	0.00e+00	0.00e+00	0.00e+00
 9.70577e+22	4.56e-15	7.65e-07	1.09e-04	2.21e-03	9.55e-02	4.18e-01	4.14e-01	7.00e-02	7.10e-04	1.04e-05	0.00e+00	0.00e+00	0.00e+00	0.00e+00	0.00e+00
 1.00074e+23	5.98e-15	9.57e-07	1.34e-04	2.65e-03	1.05e-01	4.30e-01	3.98e-01	6.33e-02	6.02e-04	8.62e-06	0.00e+00	0.00e+00	0.00e+00	0.00e+00	0.00e+00
 1.02294e+23	7.26e-15	1.11e-06	1.54e-04	3.00e-03	1.13e-01	4.38e-01	3.87e-01	5.88e-02	5.34e-04	7.55e-06	0.00e+00	0.00e+00	0.00e+00	0.00e+00	0.00e+00
 1.04565e+23	8.72e-15	1.29e-06	1.75e-04	3.37e-03	1.21e-01	4.45e-01	3.76e-01	5.48e-02	4.77e-04	6.66e-06	0.00e+00	0.00e+00	0.00e+00	0.00e+00	0.00e+00
 1.07518e+23	1.14e-14	1.58e-06	2.09e-04	3.92e-03	1.31e-01	4.53e-01	3.62e-01	5.00e-02	4.13e-04	5.69e-06	0.00e+00	0.00e+00	0.00e+00	0.00e+00	0.00e+00
 1.10479e+23	1.49e-14	1.93e-06	2.51e-04	4.59e-03	1.42e-01	4.61e-01	3.47e-01	4.55e-02	3.56e-04	4.84e-06	0.00e+00	0.00e+00	0.00e+00	0.00e+00	0.00e+00
 1.12736e+23	1.83e-14	2.23e-06	2.87e-04	5.15e-03	1.50e-01	4.66e-01	3.36e-01	4.23e-02	3.18e-04	4.28e-06	0.00e+00	0.00e+00	0.00e+00	0.00e+00	0.00e+00
 1.14636e+23	2.17e-14	2.52e-06	3.19e-04	5.64e-03	1.57e-01	4.70e-01	3.27e-01	3.99e-02	2.90e-04	3.88e-06	0.00e+00	0.00e+00	0.00e+00	0.00e+00	0.00e+00
 1.16785e+23	2.65e-14	2.89e-06	3.60e-04	6.24e-03	1.65e-01	4.73e-01	3.17e-01	3.74e-02	2.63e-04	3.49e-06	0.00e+00	0.00e+00	0.00e+00	0.00e+00	0.00e+00
 1.19579e+23	3.45e-14	3.46e-06	4.23e-04	7.11e-03	1.76e-01	4.77e-01	3.05e-01	3.44e-02	2.32e-04	3.06e-06	0.00e+00	0.00e+00	0.00e+00	0.00e+00	0.00e+00
 1.22334e+23	4.55e-14	4.17e-06	4.99e-04	8.16e-03	1.87e-01	4.80e-01	2.92e-01	3.15e-02	2.03e-04	2.65e-06	0.00e+00	0.00e+00	0.00e+00	0.00e+00	0.00e+00
 1.24330e+23	5.70e-14	4.78e-06	5.62e-04	8.98e-03	1.96e-01	4.82e-01	2.83e-01	2.95e-02	1.84e-04	2.40e-06	0.00e+00	0.00e+00	0.00e+00	0.00e+00	0.00e+00
 1.25880e+23	6.75e-14	5.29e-06	6.14e-04	9.63e-03	2.02e-01	4.83e-01	2.76e-01	2.81e-02	1.72e-04	2.22e-06	0.00e+00	0.00e+00	0.00e+00	0.00e+00	0.00e+00
 1.27558e+23	8.12e-14	5.90e-06	6.75e-04	1.04e-02	2.09e-01	4.84e-01	2.69e-01	2.68e-02	1.60e-04	2.06e-06	0.00e+00	0.00e+00	0.00e+00	0.00e+00	0.00e+00
 1.29740e+23	1.03e-13	6.84e-06	7.69e-04	1.15e-02	2.18e-01	4.85e-01	2.60e-01	2.50e-02	1.45e-04	1.86e-06	0.00e+00	0.00e+00	0.00e+00	0.00e+00	0.00e+00
 1.31935e+23	1.39e-13	8.03e-06	8.82e-04	1.26e-02	2.27e-01	4.85e-01	2.51e-01	2.34e-02	1.32e-04	1.69e-06	0.00e+00	0.00e+00	0.00e+00	0.00e+00	0.00e+00
 1.33589e+23	1.69e-13	8.95e-06	9.71e-04	1.36e-02	2.34e-01	4.85e-01	2.44e-01	2.23e-02	1.22e-04	1.57e-06	0.00e+00	0.00e+00	0.00e+00	0.00e+00	0.00e+00
 1.34921e+23	2.06e-13	9.87e-06	1.06e-03	1.45e-02	2.40e-01	4.84e-01	2.38e-01	2.13e-02	1.15e-04	1.47e-06	0.00e+00	0.00e+00	0.00e+00	0.00e+00	0.00e+00
 1.36396e+23	2.50e-13	1.09e-05	1.16e-03	1.54e-02	2.47e-01	4.83e-01	2.33e-01	2.04e-02	1.08e-04	1.38e-06	0.00e+00	0.00e+00	0.00e+00	0.00e+00	0.00e+00
 1.38062e+23	3.26e-13	1.24e-05	1.29e-03	1.67e-02	2.54e-01	4.82e-01	2.26e-01	1.93e-02	1.00e-04	1.28e-06	0.00e+00	0.00e+00	0.00e+00	0.00e+00	0.00e+00
 1.39578e+23	4.17e-13	1.40e-05	1.43e-03	1.79e-02	2.61e-01	4.81e-01	2.20e-01	1.84e-02	9.39e-05	1.20e-06	0.00e+00	0.00e+00	0.00e+00	0.00e+00	0.00e+00
 1.40838e+23	5.08e-13	1.53e-05	1.55e-03	1.89e-02	2.67e-01	4.80e-01	2.15e-01	1.77e-02	8.89e-05	1.13e-06	0.00e+00	0.00e+00	0.00e+00	0.00e+00	0.00e+00
 1.41989e+23	6.21e-13	1.67e-05	1.67e-03	1.99e-02	2.73e-01	4.78e-01	2.10e-01	1.71e-02	8.44e-05	1.07e-06	0.00e+00	0.00e+00	0.00e+00	0.00e+00	0.00e+00
 1.43306e+23	7.85e-13	1.86e-05	1.83e-03	2.12e-02	2.80e-01	4.76e-01	2.05e-01	1.63e-02	7.93e-05	1.01e-06	0.00e+00	0.00e+00	0.00e+00	0.00e+00	0.00e+00
 1.44705e+23	1.06e-12	2.09e-05	2.03e-03	2.27e-02	2.86e-01	4.74e-01	1.99e-01	1.56e-02	7.46e-05	9.49e-07	0.00e+00	0.00e+00	0.00e+00	0.00e+00	0.00e+00
 1.45870e+23	1.32e-12	2.29e-05	2.21e-03	2.42e-02	2.93e-01	4.72e-01	1.94e-01	1.49e-02	7.03e-05	8.95e-07	0.00e+00	0.00e+00	0.00e+00	0.00e+00	0.00e+00
 1.46828e+23	1.63e-12	2.48e-05	2.37e-03	2.53e-02	2.98e-01	4.70e-01	1.90e-01	1.44e-02	6.72e-05	8.57e-07	0.00e+00	0.00e+00	0.00e+00	0.00e+00	0.00e+00
 1.47861e+23	2.10e-12	2.70e-05	2.56e-03	2.68e-02	3.04e-01	4.67e-01	1.85e-01	1.39e-02	6.38e-05	8.14e-07	0.00e+00	0.00e+00	0.00e+00	0.00e+00	0.00e+00
 1.49015e+23	2.77e-12	2.97e-05	2.79e-03	2.86e-02	3.11e-01	4.64e-01	1.80e-01	1.32e-02	5.99e-05	7.66e-07	0.00e+00	0.00e+00	0.00e+00	0.00e+00	0.00e+00
 1.50057e+23	3.61e-12	3.25e-05	3.03e-03	3.04e-02	3.18e-01	4.61e-01	1.75e-01	1.26e-02	5.64e-05	7.22e-07	0.00e+00	0.00e+00	0.00e+00	0.00e+00	0.00e+00
 1.50945e+23	4.37e-12	3.50e-05	3.25e-03	3.22e-02	3.25e-01	4.57e-01	1.70e-01	1.21e-02	5.32e-05	6.83e-07	0.00e+00	0.00e+00	0.00e+00	0.00e+00	0.00e+00
 1.51903e+23	5.92e-12	3.78e-05	3.50e-03	3.41e-02	3.32e-01	4.54e-01	1.65e-01	1.16e-02	5.02e-05	6.47e-07	0.00e+00	0.00e+00	0.00e+00	0.00e+00	0.00e+00
 1.52974e+23	8.03e-12	4.13e-05	3.81e-03	3.67e-02	3.41e-01	4.49e-01	1.59e-01	1.09e-02	4.64e-05	6.01e-07	0.00e+00	0.00e+00	0.00e+00	0.00e+00	0.00e+00
 1.53954e+23	1.09e-11	4.48e-05	4.12e-03	3.94e-02	3.50e-01	4.43e-01	1.53e-01	1.03e-02	4.30e-05	5.59e-07	0.00e+00	0.00e+00	0.00e+00	0.00e+00	0.00e+00
 1.54820e+23	1.42e-11	4.81e-05	4.42e-03	4.20e-02	3.58e-01	4.38e-01	1.48e-01	9.76e-03	3.99e-05	5.21e-07	0.00e+00	0.00e+00	0.00e+00	0.00e+00	0.00e+00
 1.55778e+23	1.97e-11	5.19e-05	4.77e-03	4.52e-02	3.67e-01	4.32e-01	1.41e-01	9.16e-03	3.66e-05	4.81e-07	0.00e+00	0.00e+00	0.00e+00	0.00e+00	0.00e+00
 1.57022e+23	3.07e-11	5.75e-05	5.27e-03	4.98e-02	3.81e-01	4.23e-01	1.33e-01	8.36e-03	3.24e-05	4.29e-07	0.00e+00	0.00e+00	0.00e+00	0.00e+00	0.00e+00
 1.58266e+23	5.07e-11	6.39e-05	5.85e-03	5.52e-02	3.95e-01	4.12e-01	1.24e-01	7.57e-03	2.83e-05	3.78e-07	0.00e+00	0.00e+00	0.00e+00	0.00e+00	0.00e+00
 1.59222e+23	7.54e-11	6.92e-05	6.31e-03	5.97e-02	4.06e-01	4.04e-01	1.17e-01	6.97e-03	2.54e-05	3.41e-07	0.00e+00	0.00e+00	0.00e+00	0.00e+00	0.00e+00
 1.60177e+23	1.18e-10	7.48e-05	6.80e-03	6.44e-02	4.17e-01	3.95e-01	1.11e-01	6.40e-03	2.27e-05	3.07e-07	0.00e+00	0.00e+00	0.00e+00	0.00e+00	0.00e+00
