#depth	Cl	Cl+	Cl+2	Cl+3	Cl+4	Cl+5	Cl+6	Cl+7	Cl+8	Cl+9	Cl+10	Cl+11	Cl+12	Cl+13	Cl+14	Cl+15	Cl+16	Cl+17
 6.17135e+19	0.00e+00	0.00e+00	0.00e+00	2.15e-27	2.02e-23	1.53e-19	9.03e-16	9.09e-11	6.61e-08	1.44e-05	4.93e-04	6.65e-03	3.73e-02	8.65e-02	1.65e-01	5.94e-01	1.04e-01	5.79e-03
 1.87609e+20	0.00e+00	0.00e+00	0.00e+00	1.11e-26	8.92e-23	5.75e-19	2.84e-15	2.82e-10	1.71e-07	2.93e-05	8.86e-04	1.06e-02	5.25e-02	1.07e-01	1.77e-01	5.61e-01	8.68e-02	4.27e-03
 2.83882e+20	0.00e+00	0.00e+00	3.63e-30	6.02e-26	3.93e-22	2.01e-18	7.67e-15	6.60e-10	3.48e-07	5.05e-05	1.39e-03	1.50e-02	6.73e-02	1.24e-01	1.84e-01	5.30e-01	7.46e-02	3.33e-03
 3.32787e+20	0.00e+00	0.00e+00	1.15e-29	1.70e-25	9.60e-22	4.17e-18	1.33e-14	9.96e-10	4.89e-07	6.59e-05	1.73e-03	1.77e-02	7.57e-02	1.32e-01	1.87e-01	5.14e-01	6.89e-02	2.94e-03
 3.57617e+20	0.00e+00	0.00e+00	2.07e-29	2.86e-25	1.51e-21	6.03e-18	1.75e-14	1.22e-09	5.79e-07	7.53e-05	1.92e-03	1.92e-02	8.02e-02	1.36e-01	1.88e-01	5.05e-01	6.61e-02	2.76e-03
 3.76054e+20	0.00e+00	0.00e+00	2.90e-29	3.87e-25	1.96e-21	7.50e-18	2.07e-14	1.39e-09	6.46e-07	8.21e-05	2.07e-03	2.03e-02	8.33e-02	1.39e-01	1.89e-01	4.99e-01	6.43e-02	2.64e-03
 4.00022e+20	0.00e+00	0.00e+00	4.18e-29	5.39e-25	2.63e-21	9.66e-18	2.55e-14	1.68e-09	7.57e-07	9.29e-05	2.28e-03	2.19e-02	8.79e-02	1.44e-01	1.90e-01	4.90e-01	6.17e-02	2.47e-03
 4.31181e+20	0.00e+00	0.00e+00	6.68e-29	8.22e-25	3.82e-21	1.33e-17	3.28e-14	2.08e-09	9.11e-07	1.08e-04	2.58e-03	2.41e-02	9.38e-02	1.49e-01	1.91e-01	4.79e-01	5.85e-02	2.28e-03
 4.64809e+20	0.00e+00	0.00e+00	1.16e-28	1.36e-24	5.94e-21	1.93e-17	4.42e-14	2.69e-09	1.13e-06	1.27e-04	2.95e-03	2.67e-02	1.01e-01	1.55e-01	1.92e-01	4.65e-01	5.51e-02	2.08e-03
 4.93012e+20	0.00e+00	0.00e+00	1.95e-28	2.16e-24	8.89e-21	2.69e-17	5.69e-14	3.26e-09	1.33e-06	1.45e-04	3.29e-03	2.90e-02	1.07e-01	1.60e-01	1.92e-01	4.55e-01	5.24e-02	1.93e-03
 5.21043e+20	0.00e+00	0.00e+00	3.11e-28	3.29e-24	1.29e-20	3.67e-17	7.25e-14	3.97e-09	1.57e-06	1.66e-04	3.66e-03	3.14e-02	1.13e-01	1.64e-01	1.92e-01	4.44e-01	4.98e-02	1.78e-03
 5.57482e+20	0.00e+00	0.00e+00	5.42e-28	5.43e-24	2.00e-20	5.33e-17	9.72e-14	5.05e-09	1.93e-06	1.95e-04	4.18e-03	3.47e-02	1.21e-01	1.70e-01	1.92e-01	4.29e-01	4.65e-02	1.61e-03
 5.94630e+20	0.00e+00	0.00e+00	1.01e-27	9.48e-24	3.25e-20	8.01e-17	1.33e-13	6.45e-09	2.38e-06	2.31e-04	4.79e-03	3.84e-02	1.30e-01	1.76e-01	1.92e-01	4.14e-01	4.34e-02	1.45e-03
 6.23990e+20	0.00e+00	0.00e+00	1.74e-27	1.55e-23	4.98e-20	1.14e-16	1.73e-13	7.76e-09	2.79e-06	2.62e-04	5.30e-03	4.15e-02	1.36e-01	1.81e-01	1.92e-01	4.02e-01	4.10e-02	1.34e-03
 6.48860e+20	0.00e+00	0.00e+00	2.68e-27	2.29e-23	7.00e-20	1.50e-16	2.13e-13	9.02e-09	3.17e-06	2.91e-04	5.77e-03	4.41e-02	1.42e-01	1.84e-01	1.91e-01	3.92e-01	3.91e-02	1.25e-03
 6.76598e+20	0.00e+00	0.00e+00	4.13e-27	3.39e-23	9.86e-20	2.00e-16	2.65e-13	1.07e-08	3.66e-06	3.26e-04	6.33e-03	4.73e-02	1.49e-01	1.88e-01	1.90e-01	3.81e-01	3.71e-02	1.15e-03
 7.07458e+20	0.00e+00	0.00e+00	6.80e-27	5.31e-23	1.46e-19	2.77e-16	3.39e-13	1.28e-08	4.27e-06	3.69e-04	6.99e-03	5.09e-02	1.56e-01	1.92e-01	1.89e-01	3.69e-01	3.49e-02	1.06e-03
 7.37727e+20	0.00e+00	0.00e+00	1.11e-26	8.28e-23	2.15e-19	3.82e-16	4.32e-13	1.52e-08	4.95e-06	4.16e-04	7.69e-03	5.46e-02	1.63e-01	1.96e-01	1.88e-01	3.57e-01	3.29e-02	9.69e-04
 7.67388e+20	0.00e+00	0.00e+00	1.83e-26	1.30e-22	3.18e-19	5.26e-16	5.48e-13	1.79e-08	5.69e-06	4.67e-04	8.43e-03	5.83e-02	1.71e-01	1.99e-01	1.86e-01	3.45e-01	3.10e-02	8.90e-04
 8.00912e+20	0.00e+00	1.87e-30	3.03e-26	2.05e-22	4.74e-19	7.32e-16	7.04e-13	2.13e-08	6.62e-06	5.28e-04	9.30e-03	6.27e-02	1.78e-01	2.03e-01	1.84e-01	3.32e-01	2.90e-02	8.10e-04
 8.37358e+20	0.00e+00	3.46e-30	5.38e-26	3.43e-22	7.44e-19	1.06e-15	9.29e-13	2.58e-08	7.79e-06	6.03e-04	1.03e-02	6.76e-02	1.87e-01	2.07e-01	1.82e-01	3.18e-01	2.69e-02	7.28e-04
 8.69541e+20	0.00e+00	6.24e-30	9.35e-26	5.66e-22	1.15e-18	1.51e-15	1.20e-12	3.03e-08	8.95e-06	6.75e-04	1.13e-02	7.21e-02	1.95e-01	2.10e-01	1.80e-01	3.06e-01	2.52e-02	6.64e-04
 9.03315e+20	0.00e+00	1.08e-29	1.56e-25	8.98e-22	1.72e-18	2.11e-15	1.54e-12	3.57e-08	1.03e-05	7.57e-04	1.24e-02	7.69e-02	2.03e-01	2.12e-01	1.77e-01	2.94e-01	2.35e-02	6.04e-04
 9.41011e+20	0.00e+00	1.98e-29	2.76e-25	1.51e-21	2.70e-18	3.05e-15	2.02e-12	4.26e-08	1.20e-05	8.57e-04	1.37e-02	8.24e-02	2.11e-01	2.15e-01	1.74e-01	2.80e-01	2.18e-02	5.42e-04
 9.76429e+20	0.00e+00	3.64e-29	4.87e-25	2.52e-21	4.23e-18	4.39e-15	2.64e-12	5.01e-08	1.38e-05	9.60e-04	1.49e-02	8.77e-02	2.19e-01	2.17e-01	1.71e-01	2.68e-01	2.02e-02	4.90e-04
 1.01510e+21	0.00e+00	6.51e-29	8.40e-25	4.13e-21	6.51e-18	6.25e-15	3.44e-12	5.93e-08	1.59e-05	1.08e-03	1.64e-02	9.35e-02	2.28e-01	2.19e-01	1.68e-01	2.55e-01	1.87e-02	4.39e-04
 1.05708e+21	0.00e+00	1.25e-28	1.54e-24	7.17e-21	1.05e-17	9.26e-15	4.59e-12	7.09e-08	1.86e-05	1.23e-03	1.81e-02	1.00e-01	2.37e-01	2.21e-01	1.64e-01	2.42e-01	1.71e-02	3.90e-04
 1.09501e+21	0.00e+00	2.30e-28	2.75e-24	1.21e-20	1.66e-17	1.34e-14	6.00e-12	8.29e-08	2.12e-05	1.37e-03	1.97e-02	1.06e-01	2.44e-01	2.22e-01	1.60e-01	2.30e-01	1.58e-02	3.50e-04
 1.13595e+21	0.00e+00	4.04e-28	4.65e-24	1.95e-20	2.52e-17	1.88e-14	7.74e-12	9.73e-08	2.43e-05	1.53e-03	2.15e-02	1.12e-01	2.52e-01	2.23e-01	1.56e-01	2.18e-01	1.46e-02	3.12e-04
 1.17215e+21	0.00e+00	6.92e-28	7.70e-24	3.08e-20	3.74e-17	2.58e-14	9.82e-12	1.12e-07	2.75e-05	1.69e-03	2.32e-02	1.18e-01	2.59e-01	2.23e-01	1.53e-01	2.08e-01	1.35e-02	2.82e-04
 1.19398e+21	0.00e+00	9.96e-28	1.09e-23	4.20e-20	4.89e-17	3.18e-14	1.14e-11	1.22e-07	2.95e-05	1.79e-03	2.42e-02	1.22e-01	2.63e-01	2.23e-01	1.51e-01	2.02e-01	1.29e-02	2.66e-04
 1.21410e+21	0.00e+00	1.33e-27	1.42e-23	5.36e-20	6.04e-17	3.76e-14	1.30e-11	1.32e-07	3.14e-05	1.89e-03	2.52e-02	1.25e-01	2.67e-01	2.23e-01	1.49e-01	1.96e-01	1.24e-02	2.51e-04
 1.24026e+21	0.00e+00	1.79e-27	1.88e-23	6.91e-20	7.52e-17	4.50e-14	1.49e-11	1.44e-07	3.40e-05	2.01e-03	2.65e-02	1.29e-01	2.71e-01	2.23e-01	1.46e-01	1.90e-01	1.18e-02	2.34e-04
 1.27426e+21	0.00e+00	2.55e-27	2.61e-23	9.31e-20	9.78e-17	5.60e-14	1.76e-11	1.63e-07	3.77e-05	2.19e-03	2.82e-02	1.35e-01	2.77e-01	2.23e-01	1.43e-01	1.81e-01	1.09e-02	2.13e-04
 1.30659e+21	0.00e+00	3.91e-27	3.90e-23	1.34e-19	1.34e-16	7.17e-14	2.13e-11	1.83e-07	4.16e-05	2.37e-03	3.00e-02	1.40e-01	2.82e-01	2.22e-01	1.39e-01	1.73e-01	1.02e-02	1.94e-04
 1.33111e+21	0.00e+00	5.32e-27	5.20e-23	1.73e-19	1.67e-16	8.55e-14	2.43e-11	1.99e-07	4.47e-05	2.51e-03	3.14e-02	1.44e-01	2.86e-01	2.22e-01	1.37e-01	1.67e-01	9.71e-03	1.81e-04
 1.35738e+21	0.00e+00	7.01e-27	6.74e-23	2.19e-19	2.05e-16	1.00e-13	2.76e-11	2.16e-07	4.80e-05	2.66e-03	3.28e-02	1.48e-01	2.90e-01	2.21e-01	1.34e-01	1.62e-01	9.23e-03	1.69e-04
 1.39153e+21	0.00e+00	9.68e-27	9.08e-23	2.87e-19	2.59e-16	1.22e-13	3.21e-11	2.42e-07	5.27e-05	2.87e-03	3.47e-02	1.54e-01	2.94e-01	2.20e-01	1.31e-01	1.54e-01	8.61e-03	1.54e-04
 1.42996e+21	0.00e+00	1.40e-26	1.28e-22	3.91e-19	3.39e-16	1.52e-13	3.82e-11	2.73e-07	5.85e-05	3.12e-03	3.70e-02	1.60e-01	2.99e-01	2.19e-01	1.27e-01	1.47e-01	7.97e-03	1.39e-04
 1.46711e+21	0.00e+00	1.99e-26	1.78e-22	5.26e-19	4.38e-16	1.86e-13	4.49e-11	3.06e-07	6.44e-05	3.38e-03	3.93e-02	1.66e-01	3.04e-01	2.17e-01	1.23e-01	1.39e-01	7.38e-03	1.26e-04
 1.50854e+21	0.00e+00	2.85e-26	2.48e-22	7.12e-19	5.70e-16	2.31e-13	5.33e-11	3.46e-07	7.15e-05	3.68e-03	4.18e-02	1.72e-01	3.09e-01	2.15e-01	1.20e-01	1.32e-01	6.80e-03	1.13e-04
 1.55408e+21	0.00e+00	4.24e-26	3.59e-22	9.92e-19	7.59e-16	2.91e-13	6.41e-11	3.96e-07	8.00e-05	4.03e-03	4.47e-02	1.79e-01	3.14e-01	2.13e-01	1.15e-01	1.24e-01	6.20e-03	1.00e-04
 1.59148e+21	0.00e+00	5.94e-26	4.91e-22	1.32e-18	9.69e-16	3.53e-13	7.47e-11	4.41e-07	8.77e-05	4.34e-03	4.72e-02	1.85e-01	3.17e-01	2.11e-01	1.12e-01	1.17e-01	5.74e-03	9.08e-05
 1.61959e+21	0.00e+00	7.72e-26	6.27e-22	1.64e-18	1.17e-15	4.09e-13	8.38e-11	4.79e-07	9.39e-05	4.59e-03	4.92e-02	1.90e-01	3.20e-01	2.09e-01	1.09e-01	1.13e-01	5.42e-03	8.41e-05
 1.64905e+21	0.00e+00	9.76e-26	7.79e-22	1.99e-18	1.38e-15	4.67e-13	9.33e-11	5.19e-07	1.00e-04	4.84e-03	5.11e-02	1.94e-01	3.22e-01	2.07e-01	1.07e-01	1.08e-01	5.12e-03	7.82e-05
 1.68735e+21	0.00e+00	1.27e-25	9.94e-22	2.48e-18	1.68e-15	5.47e-13	1.06e-10	5.73e-07	1.09e-04	5.17e-03	5.37e-02	2.00e-01	3.25e-01	2.05e-01	1.03e-01	1.03e-01	4.77e-03	7.12e-05
 1.73714e+21	0.00e+00	1.82e-25	1.39e-21	3.36e-18	2.18e-15	6.83e-13	1.27e-10	6.55e-07	1.22e-04	5.66e-03	5.73e-02	2.07e-01	3.29e-01	2.02e-01	9.90e-02	9.58e-02	4.31e-03	6.24e-05
 1.78549e+21	0.00e+00	2.65e-25	1.97e-21	4.60e-18	2.86e-15	8.48e-13	1.51e-10	7.43e-07	1.35e-04	6.15e-03	6.09e-02	2.14e-01	3.32e-01	1.98e-01	9.49e-02	8.95e-02	3.91e-03	5.50e-05
 1.82288e+21	0.00e+00	3.49e-25	2.54e-21	5.78e-18	3.49e-15	9.90e-13	1.71e-10	8.16e-07	1.46e-04	6.54e-03	6.37e-02	2.20e-01	3.34e-01	1.96e-01	9.19e-02	8.51e-02	3.64e-03	5.02e-05
 1.86236e+21	0.00e+00	4.51e-25	3.22e-21	7.15e-18	4.19e-15	1.15e-12	1.94e-10	8.97e-07	1.58e-04	6.96e-03	6.66e-02	2.25e-01	3.35e-01	1.93e-01	8.89e-02	8.07e-02	3.38e-03	4.56e-05
 1.91370e+21	0.00e+00	6.32e-25	4.40e-21	9.49e-18	5.37e-15	1.42e-12	2.29e-10	1.02e-06	1.76e-04	7.57e-03	7.06e-02	2.32e-01	3.37e-01	1.89e-01	8.49e-02	7.51e-02	3.05e-03	3.99e-05
 1.96859e+21	0.00e+00	9.14e-25	6.19e-21	1.29e-17	7.02e-15	1.76e-12	2.73e-10	1.16e-06	1.96e-04	8.24e-03	7.50e-02	2.40e-01	3.39e-01	1.85e-01	8.08e-02	6.95e-02	2.74e-03	3.48e-05
 2.01780e+21	0.00e+00	1.24e-24	8.21e-21	1.67e-17	8.75e-15	2.10e-12	3.16e-10	1.30e-06	2.14e-04	8.85e-03	7.89e-02	2.46e-01	3.40e-01	1.81e-01	7.75e-02	6.51e-02	2.50e-03	3.10e-05
 2.07146e+21	0.00e+00	1.73e-24	1.12e-20	2.20e-17	1.12e-14	2.57e-12	3.71e-10	1.46e-06	2.37e-04	9.58e-03	8.34e-02	2.53e-01	3.41e-01	1.77e-01	7.37e-02	6.04e-02	2.25e-03	2.71e-05
 2.13112e+21	0.00e+00	2.49e-24	1.56e-20	2.98e-17	1.45e-14	3.19e-12	4.42e-10	1.67e-06	2.64e-04	1.04e-02	8.85e-02	2.60e-01	3.41e-01	1.72e-01	6.98e-02	5.56e-02	2.00e-03	2.34e-05
 2.18181e+21	0.00e+00	3.34e-24	2.05e-20	3.81e-17	1.80e-14	3.79e-12	5.09e-10	1.86e-06	2.88e-04	1.11e-02	9.27e-02	2.66e-01	3.41e-01	1.68e-01	6.67e-02	5.20e-02	1.83e-03	2.08e-05
 2.23095e+21	0.00e+00	4.45e-24	2.68e-20	4.84e-17	2.21e-14	4.49e-12	5.85e-10	2.06e-06	3.14e-04	1.19e-02	9.70e-02	2.72e-01	3.41e-01	1.64e-01	6.37e-02	4.85e-02	1.66e-03	1.85e-05
 2.28505e+21	0.00e+00	5.96e-24	3.50e-20	6.17e-17	2.74e-14	5.35e-12	6.75e-10	2.31e-06	3.43e-04	1.28e-02	1.02e-01	2.78e-01	3.40e-01	1.59e-01	6.07e-02	4.52e-02	1.51e-03	1.63e-05
 2.34559e+21	0.00e+00	8.32e-24	4.77e-20	8.15e-17	3.49e-14	6.55e-12	7.95e-10	2.61e-06	3.79e-04	1.38e-02	1.07e-01	2.84e-01	3.39e-01	1.55e-01	5.74e-02	4.15e-02	1.35e-03	1.41e-05
 2.40854e+21	0.00e+00	1.17e-23	6.56e-20	1.09e-16	4.50e-14	8.06e-12	9.41e-10	2.96e-06	4.19e-04	1.49e-02	1.13e-01	2.91e-01	3.38e-01	1.50e-01	5.41e-02	3.81e-02	1.20e-03	1.22e-05
 2.45927e+21	0.00e+00	1.54e-23	8.43e-20	1.36e-16	5.47e-14	9.44e-12	1.07e-09	3.26e-06	4.54e-04	1.58e-02	1.18e-01	2.96e-01	3.36e-01	1.46e-01	5.16e-02	3.56e-02	1.09e-03	1.08e-05
 2.50987e+21	0.00e+00	1.97e-23	1.06e-19	1.67e-16	6.55e-14	1.10e-11	1.21e-09	3.59e-06	4.90e-04	1.68e-02	1.22e-01	3.01e-01	3.35e-01	1.42e-01	4.93e-02	3.33e-02	9.97e-04	9.66e-06
 2.57565e+21	0.00e+00	2.74e-23	1.43e-19	2.20e-16	8.33e-14	1.34e-11	1.42e-09	4.05e-06	5.40e-04	1.81e-02	1.28e-01	3.06e-01	3.32e-01	1.37e-01	4.63e-02	3.05e-02	8.84e-04	8.30e-06
 2.64293e+21	0.00e+00	3.84e-23	1.96e-19	2.92e-16	1.07e-13	1.65e-11	1.68e-09	4.59e-06	5.96e-04	1.95e-02	1.35e-01	3.12e-01	3.29e-01	1.32e-01	4.34e-02	2.78e-02	7.82e-04	7.12e-06
 2.69453e+21	0.00e+00	4.95e-23	2.48e-19	3.61e-16	1.28e-13	1.91e-11	1.90e-09	5.03e-06	6.42e-04	2.06e-02	1.40e-01	3.16e-01	3.27e-01	1.28e-01	4.14e-02	2.60e-02	7.14e-04	6.35e-06
 2.74398e+21	0.00e+00	6.24e-23	3.07e-19	4.38e-16	1.52e-13	2.20e-11	2.13e-09	5.49e-06	6.88e-04	2.17e-02	1.44e-01	3.20e-01	3.24e-01	1.24e-01	3.95e-02	2.44e-02	6.54e-04	5.69e-06
 2.80826e+21	0.00e+00	8.23e-23	3.96e-19	5.52e-16	1.86e-13	2.60e-11	2.45e-09	6.12e-06	7.49e-04	2.31e-02	1.50e-01	3.25e-01	3.21e-01	1.20e-01	3.73e-02	2.24e-02	5.86e-04	4.96e-06
 2.87891e+21	0.00e+00	1.15e-22	5.40e-19	7.30e-16	2.38e-13	3.20e-11	2.89e-09	6.91e-06	8.25e-04	2.49e-02	1.57e-01	3.29e-01	3.17e-01	1.15e-01	3.48e-02	2.04e-02	5.16e-04	4.23e-06
 2.93899e+21	0.00e+00	1.51e-22	6.94e-19	9.16e-16	2.90e-13	3.76e-11	3.30e-09	7.64e-06	8.92e-04	2.63e-02	1.63e-01	3.33e-01	3.13e-01	1.11e-01	3.29e-02	1.89e-02	4.66e-04	3.72e-06
 2.99823e+21	0.00e+00	1.95e-22	8.78e-19	1.13e-15	3.49e-13	4.38e-11	3.74e-09	8.41e-06	9.62e-04	2.78e-02	1.69e-01	3.37e-01	3.09e-01	1.07e-01	3.12e-02	1.75e-02	4.21e-04	3.28e-06
 3.07525e+21	0.00e+00	2.69e-22	1.18e-18	1.49e-15	4.44e-13	5.36e-11	4.41e-09	9.51e-06	1.06e-03	2.99e-02	1.76e-01	3.41e-01	3.04e-01	1.02e-01	2.90e-02	1.58e-02	3.69e-04	2.78e-06
 3.15456e+21	0.00e+00	3.71e-22	1.59e-18	1.94e-15	5.62e-13	6.53e-11	5.18e-09	1.08e-05	1.17e-03	3.20e-02	1.84e-01	3.44e-01	2.99e-01	9.78e-02	2.70e-02	1.44e-02	3.24e-04	2.37e-06
 3.21928e+21	0.00e+00	4.89e-22	2.06e-18	2.44e-15	6.88e-13	7.71e-11	5.92e-09	1.19e-05	1.26e-03	3.39e-02	1.90e-01	3.47e-01	2.94e-01	9.40e-02	2.54e-02	1.32e-02	2.90e-04	2.07e-06
 3.28584e+21	0.00e+00	6.40e-22	2.64e-18	3.06e-15	8.37e-13	9.07e-11	6.75e-09	1.31e-05	1.36e-03	3.58e-02	1.97e-01	3.50e-01	2.90e-01	9.03e-02	2.39e-02	1.22e-02	2.60e-04	1.81e-06
 3.35969e+21	0.00e+00	8.59e-22	3.46e-18	3.92e-15	1.04e-12	1.09e-10	7.83e-09	1.47e-05	1.48e-03	3.81e-02	2.04e-01	3.52e-01	2.84e-01	8.62e-02	2.23e-02	1.11e-02	2.30e-04	1.55e-06
 3.42458e+21	0.00e+00	1.12e-21	4.41e-18	4.87e-15	1.26e-12	1.28e-10	8.90e-09	1.61e-05	1.59e-03	4.02e-02	2.10e-01	3.54e-01	2.79e-01	8.28e-02	2.09e-02	1.02e-02	2.07e-04	1.36e-06
 3.48118e+21	0.00e+00	1.39e-21	5.40e-18	5.85e-15	1.48e-12	1.45e-10	9.90e-09	1.75e-05	1.70e-03	4.20e-02	2.16e-01	3.56e-01	2.75e-01	8.00e-02	1.99e-02	9.52e-03	1.89e-04	1.22e-06
 3.54542e+21	0.00e+00	1.75e-21	6.69e-18	7.10e-15	1.75e-12	1.68e-10	1.11e-08	1.91e-05	1.81e-03	4.40e-02	2.22e-01	3.57e-01	2.71e-01	7.69e-02	1.88e-02	8.81e-03	1.71e-04	1.07e-06
 3.62894e+21	0.00e+00	2.38e-21	8.86e-18	9.15e-15	2.19e-12	2.03e-10	1.30e-08	2.14e-05	1.98e-03	4.68e-02	2.29e-01	3.59e-01	2.64e-01	7.31e-02	1.74e-02	7.97e-03	1.50e-04	9.13e-07
 3.71570e+21	0.00e+00	3.28e-21	1.19e-17	1.20e-14	2.78e-12	2.47e-10	1.52e-08	2.41e-05	2.17e-03	4.99e-02	2.38e-01	3.60e-01	2.58e-01	6.92e-02	1.61e-02	7.16e-03	1.30e-04	7.70e-07
 3.78645e+21	0.00e+00	4.25e-21	1.52e-17	1.49e-14	3.36e-12	2.89e-10	1.72e-08	2.64e-05	2.33e-03	5.24e-02	2.44e-01	3.61e-01	2.52e-01	6.61e-02	1.50e-02	6.58e-03	1.17e-04	6.73e-07
 3.85820e+21	0.00e+00	5.43e-21	1.90e-17	1.82e-14	4.01e-12	3.35e-10	1.95e-08	2.90e-05	2.49e-03	5.50e-02	2.51e-01	3.61e-01	2.47e-01	6.33e-02	1.41e-02	6.05e-03	1.05e-04	5.89e-07
 3.95148e+21	0.00e+00	7.44e-21	2.54e-17	2.37e-14	5.06e-12	4.07e-10	2.28e-08	3.26e-05	2.72e-03	5.85e-02	2.59e-01	3.61e-01	2.40e-01	5.97e-02	1.30e-02	5.42e-03	9.09e-05	4.95e-07
 4.05070e+21	0.00e+00	1.04e-20	3.47e-17	3.14e-14	6.48e-12	5.01e-10	2.69e-08	3.69e-05	2.99e-03	6.24e-02	2.68e-01	3.61e-01	2.33e-01	5.60e-02	1.19e-02	4.83e-03	7.81e-05	4.11e-07
 4.13533e+21	0.00e+00	1.39e-20	4.53e-17	4.00e-14	8.00e-12	5.96e-10	3.09e-08	4.08e-05	3.23e-03	6.57e-02	2.75e-01	3.61e-01	2.27e-01	5.31e-02	1.10e-02	4.38e-03	6.89e-05	3.53e-07
 4.22298e+21	0.00e+00	1.84e-20	5.86e-17	5.04e-14	9.80e-12	7.05e-10	3.55e-08	4.52e-05	3.49e-03	6.93e-02	2.82e-01	3.60e-01	2.20e-01	5.03e-02	1.02e-02	3.96e-03	6.06e-05	3.02e-07
 4.33694e+21	0.00e+00	2.62e-20	8.11e-17	6.77e-14	1.27e-11	8.77e-10	4.23e-08	5.16e-05	3.85e-03	7.40e-02	2.92e-01	3.59e-01	2.12e-01	4.68e-02	9.21e-03	3.48e-03	5.13e-05	2.46e-07
 4.45734e+21	0.00e+00	3.85e-20	1.16e-16	9.35e-14	1.69e-11	1.11e-09	5.11e-08	5.91e-05	4.25e-03	7.92e-02	3.02e-01	3.57e-01	2.04e-01	4.33e-02	8.27e-03	3.03e-03	4.30e-05	1.99e-07
 4.55975e+21	2.33e-30	5.30e-20	1.56e-16	1.22e-13	2.13e-11	1.35e-09	5.95e-08	6.61e-05	4.62e-03	8.37e-02	3.10e-01	3.55e-01	1.97e-01	4.06e-02	7.56e-03	2.70e-03	3.72e-05	1.66e-07
 4.66649e+21	3.21e-30	7.25e-20	2.08e-16	1.58e-13	2.67e-11	1.62e-09	6.92e-08	7.40e-05	5.03e-03	8.85e-02	3.18e-01	3.52e-01	1.89e-01	3.79e-02	6.89e-03	2.40e-03	3.20e-05	1.38e-07
 4.77180e+21	4.37e-30	9.84e-20	2.75e-16	2.04e-13	3.34e-11	1.96e-09	8.05e-08	8.26e-05	5.45e-03	9.33e-02	3.25e-01	3.49e-01	1.82e-01	3.55e-02	6.29e-03	2.14e-03	2.76e-05	0.00e+00
 4.85259e+21	5.60e-30	1.25e-19	3.44e-16	2.49e-13	3.98e-11	2.26e-09	9.03e-08	8.98e-05	5.80e-03	9.71e-02	3.31e-01	3.47e-01	1.77e-01	3.36e-02	5.86e-03	1.96e-03	2.46e-05	0.00e+00
 4.92334e+21	7.00e-30	1.55e-19	4.19e-16	2.97e-13	4.65e-11	2.57e-09	9.98e-08	9.65e-05	6.11e-03	1.01e-01	3.36e-01	3.45e-01	1.73e-01	3.21e-02	5.50e-03	1.81e-03	2.23e-05	0.00e+00
 5.00371e+21	8.77e-30	1.93e-19	5.12e-16	3.56e-13	5.45e-11	2.93e-09	1.11e-07	1.04e-04	6.47e-03	1.04e-01	3.42e-01	3.42e-01	1.68e-01	3.05e-02	5.14e-03	1.66e-03	1.99e-05	0.00e+00
 5.10819e+21	1.17e-29	2.56e-19	6.65e-16	4.52e-13	6.71e-11	3.49e-09	1.28e-07	1.16e-04	6.97e-03	1.09e-01	3.49e-01	3.39e-01	1.61e-01	2.86e-02	4.70e-03	1.48e-03	1.73e-05	0.00e+00
 5.21527e+21	1.59e-29	3.45e-19	8.76e-16	5.80e-13	8.36e-11	4.19e-09	1.48e-07	1.28e-04	7.52e-03	1.15e-01	3.56e-01	3.35e-01	1.55e-01	2.66e-02	4.28e-03	1.32e-03	1.49e-05	0.00e+00
 5.30085e+21	2.01e-29	4.34e-19	1.08e-15	7.01e-13	9.87e-11	4.80e-09	1.65e-07	1.39e-04	7.96e-03	1.19e-01	3.61e-01	3.31e-01	1.50e-01	2.52e-02	3.98e-03	1.20e-03	1.33e-05	0.00e+00
 5.38722e+21	2.51e-29	5.40e-19	1.32e-15	8.40e-13	1.16e-10	5.47e-09	1.83e-07	1.50e-04	8.43e-03	1.24e-01	3.66e-01	3.28e-01	1.45e-01	2.39e-02	3.70e-03	1.10e-03	1.18e-05	0.00e+00
 5.49950e+21	3.34e-29	7.14e-19	1.71e-15	1.06e-12	1.42e-10	6.50e-09	2.10e-07	1.66e-04	9.07e-03	1.29e-01	3.73e-01	3.23e-01	1.39e-01	2.22e-02	3.37e-03	9.75e-04	1.02e-05	0.00e+00
 5.62058e+21	4.54e-29	9.68e-19	2.27e-15	1.37e-12	1.78e-10	7.85e-09	2.45e-07	1.85e-04	9.80e-03	1.36e-01	3.79e-01	3.18e-01	1.33e-01	2.05e-02	3.04e-03	8.58e-04	8.64e-06	0.00e+00
 5.72492e+21	5.92e-29	1.25e-18	2.88e-15	1.70e-12	2.14e-10	9.17e-09	2.77e-07	2.03e-04	1.05e-02	1.41e-01	3.85e-01	3.13e-01	1.27e-01	1.92e-02	2.78e-03	7.69e-04	7.53e-06	0.00e+00
 5.81467e+21	7.36e-29	1.56e-18	3.52e-15	2.04e-12	2.52e-10	1.05e-08	3.08e-07	2.19e-04	1.10e-02	1.46e-01	3.89e-01	3.09e-01	1.23e-01	1.81e-02	2.58e-03	6.99e-04	6.67e-06	0.00e+00
 5.91363e+21	9.16e-29	1.94e-18	4.32e-15	2.44e-12	2.95e-10	1.20e-08	3.44e-07	2.37e-04	1.17e-02	1.51e-01	3.94e-01	3.05e-01	1.18e-01	1.70e-02	2.38e-03	6.32e-04	5.88e-06	0.00e+00
 6.04227e+21	1.24e-28	2.61e-18	5.68e-15	3.13e-12	3.68e-10	1.44e-08	3.99e-07	2.64e-04	1.26e-02	1.59e-01	4.00e-01	2.98e-01	1.12e-01	1.56e-02	2.13e-03	5.53e-04	4.96e-06	0.00e+00
 6.17838e+21	1.68e-28	3.57e-18	7.59e-15	4.08e-12	4.64e-10	1.75e-08	4.67e-07	2.95e-04	1.37e-02	1.66e-01	4.06e-01	2.92e-01	1.06e-01	1.43e-02	1.90e-03	4.79e-04	4.14e-06	0.00e+00
 6.28196e+21	2.14e-28	4.50e-18	9.41e-15	4.95e-12	5.51e-10	2.02e-08	5.24e-07	3.21e-04	1.45e-02	1.72e-01	4.10e-01	2.86e-01	1.01e-01	1.33e-02	1.74e-03	4.30e-04	3.62e-06	0.00e+00
 6.35886e+21	2.52e-28	5.32e-18	1.10e-14	5.69e-12	6.22e-10	2.23e-08	5.69e-07	3.41e-04	1.51e-02	1.77e-01	4.13e-01	2.82e-01	9.83e-02	1.27e-02	1.63e-03	3.97e-04	3.27e-06	0.00e+00
 6.44329e+21	2.99e-28	6.33e-18	1.29e-14	6.58e-12	7.08e-10	2.49e-08	6.22e-07	3.64e-04	1.58e-02	1.81e-01	4.16e-01	2.78e-01	9.49e-02	1.20e-02	1.52e-03	3.65e-04	2.94e-06	0.00e+00
 6.55305e+21	3.74e-28	7.93e-18	1.59e-14	7.96e-12	8.37e-10	2.87e-08	6.99e-07	3.96e-04	1.68e-02	1.88e-01	4.19e-01	2.73e-01	9.06e-02	1.11e-02	1.39e-03	3.26e-04	2.55e-06	0.00e+00
 6.69574e+21	4.95e-28	1.05e-17	2.07e-14	1.01e-11	1.04e-09	3.44e-08	8.10e-07	4.40e-04	1.81e-02	1.96e-01	4.23e-01	2.65e-01	8.53e-02	1.02e-02	1.24e-03	2.82e-04	2.13e-06	0.00e+00
 6.84064e+21	6.59e-28	1.42e-17	2.73e-14	1.30e-11	1.30e-09	4.15e-08	9.45e-07	4.90e-04	1.95e-02	2.05e-01	4.27e-01	2.57e-01	8.00e-02	9.21e-03	1.10e-03	2.43e-04	1.77e-06	0.00e+00
 6.95404e+21	8.19e-28	1.76e-17	3.35e-14	1.57e-11	1.53e-09	4.76e-08	1.06e-06	5.32e-04	2.06e-02	2.11e-01	4.30e-01	2.52e-01	7.62e-02	8.54e-03	1.00e-03	2.17e-04	1.53e-06	0.00e+00
 7.06705e+21	1.01e-27	2.18e-17	4.08e-14	1.88e-11	1.79e-09	5.45e-08	1.18e-06	5.77e-04	2.18e-02	2.18e-01	4.32e-01	2.46e-01	7.24e-02	7.91e-03	9.11e-04	1.93e-04	1.33e-06	0.00e+00
 7.21396e+21	1.30e-27	2.86e-17	5.25e-14	2.36e-11	2.20e-09	6.49e-08	1.37e-06	6.40e-04	2.34e-02	2.27e-01	4.35e-01	2.38e-01	6.79e-02	7.18e-03	8.08e-04	1.66e-04	1.10e-06	0.00e+00
 7.37048e+21	1.72e-27	3.81e-17	6.89e-14	3.03e-11	2.75e-09	7.86e-08	1.60e-06	7.15e-04	2.52e-02	2.37e-01	4.38e-01	2.30e-01	6.32e-02	6.45e-03	7.08e-04	1.42e-04	9.02e-07	0.00e+00
 7.50281e+21	2.16e-27	4.84e-17	8.62e-14	3.71e-11	3.30e-09	9.16e-08	1.81e-06	7.82e-04	2.68e-02	2.45e-01	4.39e-01	2.23e-01	5.95e-02	5.89e-03	6.35e-04	1.24e-04	7.64e-07	0.00e+00
 7.63820e+21	2.68e-27	6.07e-17	1.07e-13	4.52e-11	3.93e-09	1.06e-07	2.05e-06	8.57e-04	2.85e-02	2.53e-01	4.40e-01	2.16e-01	5.59e-02	5.37e-03	5.69e-04	1.08e-04	6.45e-07	0.00e+00
 7.81419e+21	3.52e-27	8.13e-17	1.40e-13	5.82e-11	4.93e-09	1.29e-07	2.42e-06	9.63e-04	3.08e-02	2.64e-01	4.41e-01	2.07e-01	5.15e-02	4.77e-03	4.93e-04	9.08e-05	5.18e-07	0.00e+00
 7.99766e+21	4.67e-27	1.10e-16	1.88e-13	7.62e-11	6.28e-09	1.59e-07	2.87e-06	1.09e-03	3.34e-02	2.75e-01	4.42e-01	1.97e-01	4.72e-02	4.20e-03	4.23e-04	7.53e-05	4.11e-07	0.00e+00
 8.14769e+21	5.81e-27	1.41e-16	2.36e-13	9.39e-11	7.59e-09	1.87e-07	3.29e-06	1.19e-03	3.56e-02	2.84e-01	4.41e-01	1.90e-01	4.39e-02	3.79e-03	3.74e-04	6.49e-05	3.42e-07	0.00e+00
 8.29960e+21	7.13e-27	1.76e-16	2.93e-13	1.15e-10	9.08e-09	2.18e-07	3.75e-06	1.31e-03	3.79e-02	2.93e-01	4.41e-01	1.82e-01	4.08e-02	3.41e-03	3.31e-04	5.57e-05	2.83e-07	0.00e+00
 8.49709e+21	9.20e-27	2.35e-16	3.87e-13	1.49e-10	1.15e-08	2.68e-07	4.45e-06	1.48e-03	4.11e-02	3.05e-01	4.39e-01	1.73e-01	3.71e-02	2.97e-03	2.81e-04	4.58e-05	2.22e-07	0.00e+00
 8.70527e+21	1.20e-26	3.20e-16	5.20e-13	1.96e-10	1.48e-08	3.33e-07	5.35e-06	1.69e-03	4.46e-02	3.18e-01	4.37e-01	1.63e-01	3.35e-02	2.57e-03	2.37e-04	3.71e-05	1.71e-07	0.00e+00
 8.86481e+21	1.48e-26	4.02e-16	6.49e-13	2.40e-10	1.78e-08	3.91e-07	6.13e-06	1.85e-03	4.74e-02	3.27e-01	4.34e-01	1.56e-01	3.09e-02	2.30e-03	2.08e-04	3.17e-05	1.41e-07	0.00e+00
 8.98615e+21	1.70e-26	4.73e-16	7.59e-13	2.78e-10	2.03e-08	4.38e-07	6.76e-06	1.99e-03	4.97e-02	3.35e-01	4.32e-01	1.50e-01	2.91e-02	2.11e-03	1.89e-04	2.81e-05	0.00e+00	0.00e+00
 9.12041e+21	1.97e-26	5.63e-16	8.98e-13	3.25e-10	2.35e-08	4.96e-07	7.52e-06	2.15e-03	5.22e-02	3.42e-01	4.29e-01	1.45e-01	2.72e-02	1.93e-03	1.70e-04	2.47e-05	0.00e+00	0.00e+00
 9.29494e+21	2.36e-26	7.00e-16	1.11e-12	3.99e-10	2.83e-08	5.86e-07	8.68e-06	2.37e-03	5.56e-02	3.52e-01	4.25e-01	1.37e-01	2.49e-02	1.70e-03	1.47e-04	2.08e-05	0.00e+00	0.00e+00
 9.48580e+21	2.90e-26	8.90e-16	1.41e-12	4.99e-10	3.48e-08	7.03e-07	1.01e-05	2.64e-03	5.95e-02	3.63e-01	4.21e-01	1.30e-01	2.26e-02	1.49e-03	1.26e-04	1.72e-05	0.00e+00	0.00e+00
 9.65549e+21	3.45e-26	1.09e-15	1.73e-12	6.04e-10	4.16e-08	8.20e-07	1.16e-05	2.90e-03	6.31e-02	3.73e-01	4.16e-01	1.23e-01	2.08e-02	1.32e-03	1.10e-04	1.46e-05	0.00e+00	0.00e+00
 9.81023e+21	4.01e-26	1.31e-15	2.06e-12	7.14e-10	4.85e-08	9.39e-07	1.30e-05	3.15e-03	6.65e-02	3.81e-01	4.12e-01	1.17e-01	1.92e-02	1.19e-03	9.74e-05	1.26e-05	0.00e+00	0.00e+00
 9.98792e+21	4.69e-26	1.59e-15	2.50e-12	8.58e-10	5.76e-08	1.09e-06	1.49e-05	3.46e-03	7.06e-02	3.90e-01	4.06e-01	1.11e-01	1.75e-02	1.05e-03	8.47e-05	1.06e-05	0.00e+00	0.00e+00
 1.02189e+22	5.69e-26	2.02e-15	3.20e-12	1.09e-09	7.19e-08	1.33e-06	1.77e-05	3.90e-03	7.60e-02	4.02e-01	3.98e-01	1.03e-01	1.56e-02	8.95e-04	7.06e-05	8.51e-06	0.00e+00	0.00e+00
 1.04540e+22	7.00e-26	2.60e-15	4.13e-12	1.39e-09	9.04e-08	1.63e-06	2.11e-05	4.40e-03	8.18e-02	4.14e-01	3.90e-01	9.57e-02	1.38e-02	7.60e-04	5.87e-05	6.80e-06	0.00e+00	0.00e+00
 1.06389e+22	8.23e-26	3.13e-15	5.00e-12	1.66e-09	1.07e-07	1.89e-06	2.41e-05	4.81e-03	8.65e-02	4.22e-01	3.83e-01	9.02e-02	1.26e-02	6.70e-04	5.09e-05	5.73e-06	0.00e+00	0.00e+00
 1.08236e+22	9.44e-26	3.71e-15	5.94e-12	1.96e-09	1.25e-07	2.17e-06	2.73e-05	5.26e-03	9.12e-02	4.30e-01	3.76e-01	8.50e-02	1.14e-02	5.92e-04	4.42e-05	4.83e-06	0.00e+00	0.00e+00
 1.10638e+22	1.12e-25	4.59e-15	7.43e-12	2.44e-09	1.54e-07	2.61e-06	3.22e-05	5.89e-03	9.77e-02	4.40e-01	3.67e-01	7.86e-02	1.01e-02	5.03e-04	3.68e-05	3.88e-06	0.00e+00	0.00e+00
 1.13167e+22	1.36e-25	5.77e-15	9.44e-12	3.07e-09	1.91e-07	3.18e-06	3.83e-05	6.61e-03	1.05e-01	4.50e-01	3.57e-01	7.24e-02	8.92e-03	4.25e-04	3.05e-05	3.08e-06	0.00e+00	0.00e+00
 1.15273e+22	1.59e-25	6.93e-15	1.14e-11	3.68e-09	2.27e-07	3.70e-06	4.38e-05	7.26e-03	1.11e-01	4.58e-01	3.48e-01	6.76e-02	8.03e-03	3.70e-04	2.61e-05	2.56e-06	0.00e+00	0.00e+00
 1.17424e+22	1.83e-25	8.19e-15	1.36e-11	4.37e-09	2.67e-07	4.28e-06	5.01e-05	7.97e-03	1.17e-01	4.65e-01	3.39e-01	6.30e-02	7.22e-03	3.22e-04	2.23e-05	2.12e-06	0.00e+00	0.00e+00
 1.20220e+22	2.19e-25	1.01e-14	1.71e-11	5.46e-09	3.30e-07	5.18e-06	5.96e-05	8.97e-03	1.25e-01	4.74e-01	3.28e-01	5.75e-02	6.29e-03	2.69e-04	1.83e-05	1.66e-06	0.00e+00	0.00e+00
 1.23091e+22	2.69e-25	1.27e-14	2.17e-11	6.88e-09	4.12e-07	6.33e-06	7.11e-05	1.01e-02	1.34e-01	4.82e-01	3.16e-01	5.23e-02	5.46e-03	2.24e-04	1.49e-05	1.30e-06	0.00e+00	0.00e+00
 1.25388e+22	3.17e-25	1.50e-14	2.61e-11	8.19e-09	4.86e-07	7.32e-06	8.12e-05	1.10e-02	1.41e-01	4.88e-01	3.07e-01	4.86e-02	4.89e-03	1.94e-04	1.27e-05	1.08e-06	0.00e+00	0.00e+00
 1.27702e+22	3.65e-25	1.75e-14	3.08e-11	9.63e-09	5.66e-07	8.40e-06	9.22e-05	1.21e-02	1.48e-01	4.93e-01	2.97e-01	4.51e-02	4.38e-03	1.68e-04	1.08e-05	8.92e-07	0.00e+00	0.00e+00
 1.30710e+22	4.39e-25	2.13e-14	3.83e-11	1.19e-08	6.93e-07	1.01e-05	1.09e-04	1.35e-02	1.58e-01	4.99e-01	2.85e-01	4.09e-02	3.80e-03	1.40e-04	8.85e-06	6.99e-07	0.00e+00	0.00e+00
 1.33746e+22	5.40e-25	2.63e-14	4.80e-11	1.48e-08	8.52e-07	1.22e-05	1.29e-04	1.50e-02	1.67e-01	5.03e-01	2.73e-01	3.71e-02	3.30e-03	1.17e-04	7.24e-06	5.50e-07	0.00e+00	0.00e+00
 1.35968e+22	6.32e-25	3.06e-14	5.65e-11	1.72e-08	9.83e-07	1.38e-05	1.44e-04	1.62e-02	1.74e-01	5.06e-01	2.65e-01	3.47e-02	2.98e-03	1.03e-04	6.28e-06	4.64e-07	0.00e+00	0.00e+00
 1.38006e+22	7.12e-25	3.43e-14	6.42e-11	1.95e-08	1.11e-06	1.53e-05	1.59e-04	1.74e-02	1.81e-01	5.09e-01	2.57e-01	3.25e-02	2.72e-03	9.15e-05	5.51e-06	3.97e-07	0.00e+00	0.00e+00
 1.40656e+22	8.35e-25	4.00e-14	7.62e-11	2.30e-08	1.30e-06	1.77e-05	1.82e-04	1.90e-02	1.90e-01	5.11e-01	2.48e-01	2.99e-02	2.41e-03	7.87e-05	4.66e-06	3.25e-07	0.00e+00	0.00e+00
 1.43481e+22	1.00e-24	4.76e-14	9.22e-11	2.76e-08	1.54e-06	2.06e-05	2.09e-04	2.08e-02	1.99e-01	5.13e-01	2.38e-01	2.73e-02	2.13e-03	6.72e-05	3.91e-06	2.64e-07	0.00e+00	0.00e+00
 1.45913e+22	1.17e-24	5.50e-14	1.08e-10	3.20e-08	1.77e-06	2.34e-05	2.34e-04	2.24e-02	2.07e-01	5.14e-01	2.29e-01	2.54e-02	1.91e-03	5.88e-05	3.37e-06	2.21e-07	0.00e+00	0.00e+00
 1.48456e+22	1.36e-24	6.29e-14	1.25e-10	3.69e-08	2.03e-06	2.63e-05	2.62e-04	2.41e-02	2.15e-01	5.15e-01	2.21e-01	2.35e-02	1.72e-03	5.13e-05	2.90e-06	1.85e-07	0.00e+00	0.00e+00
 1.51761e+22	1.66e-24	7.49e-14	1.53e-10	4.46e-08	2.42e-06	3.09e-05	3.03e-04	2.66e-02	2.26e-01	5.15e-01	2.10e-01	2.12e-02	1.49e-03	4.30e-05	2.38e-06	1.46e-07	0.00e+00	0.00e+00
 1.55146e+22	2.06e-24	9.10e-14	1.89e-10	5.44e-08	2.92e-06	3.65e-05	3.51e-04	2.92e-02	2.37e-01	5.14e-01	1.99e-01	1.92e-02	1.29e-03	3.60e-05	1.96e-06	0.00e+00	0.00e+00	0.00e+00
 1.57884e+22	2.45e-24	1.06e-13	2.22e-10	6.33e-08	3.36e-06	4.13e-05	3.93e-04	3.14e-02	2.46e-01	5.13e-01	1.91e-01	1.77e-02	1.16e-03	3.13e-05	1.68e-06	0.00e+00	0.00e+00	0.00e+00
 1.60693e+22	2.88e-24	1.21e-13	2.59e-10	7.31e-08	3.84e-06	4.64e-05	4.39e-04	3.38e-02	2.54e-01	5.11e-01	1.83e-01	1.63e-02	1.03e-03	2.72e-05	1.44e-06	0.00e+00	0.00e+00	0.00e+00
 1.64346e+22	3.55e-24	1.45e-13	3.16e-10	8.82e-08	4.58e-06	5.43e-05	5.06e-04	3.71e-02	2.66e-01	5.08e-01	1.73e-01	1.46e-02	8.92e-04	2.27e-05	1.18e-06	0.00e+00	0.00e+00	0.00e+00
 1.68149e+22	4.50e-24	1.77e-13	3.93e-10	1.08e-07	5.53e-06	6.41e-05	5.87e-04	4.07e-02	2.78e-01	5.04e-01	1.63e-01	1.31e-02	7.68e-04	1.89e-05	9.61e-07	0.00e+00	0.00e+00	0.00e+00
 1.71278e+22	5.44e-24	2.08e-13	4.68e-10	1.27e-07	6.40e-06	7.28e-05	6.57e-04	4.38e-02	2.87e-01	5.01e-01	1.55e-01	1.20e-02	6.81e-04	1.63e-05	8.16e-07	0.00e+00	0.00e+00	0.00e+00
 1.74474e+22	6.49e-24	2.41e-13	5.49e-10	1.47e-07	7.32e-06	8.19e-05	7.33e-04	4.71e-02	2.96e-01	4.96e-01	1.48e-01	1.09e-02	6.03e-04	1.40e-05	6.92e-07	0.00e+00	0.00e+00	0.00e+00
 1.78629e+22	8.16e-24	2.91e-13	6.77e-10	1.79e-07	8.76e-06	9.58e-05	8.46e-04	5.16e-02	3.09e-01	4.90e-01	1.38e-01	9.70e-03	5.16e-04	1.16e-05	5.61e-07	0.00e+00	0.00e+00	0.00e+00
 1.82923e+22	1.05e-23	3.61e-13	8.51e-10	2.20e-07	1.06e-05	1.13e-04	9.79e-04	5.64e-02	3.21e-01	4.84e-01	1.29e-01	8.60e-03	4.40e-04	9.55e-06	4.53e-07	0.00e+00	0.00e+00	0.00e+00
 1.86418e+22	1.29e-23	4.27e-13	1.02e-09	2.59e-07	1.23e-05	1.28e-04	1.09e-03	6.04e-02	3.30e-01	4.78e-01	1.22e-01	7.82e-03	3.88e-04	8.19e-06	3.83e-07	0.00e+00	0.00e+00	0.00e+00
 1.89984e+22	1.55e-23	4.96e-13	1.20e-09	3.01e-07	1.40e-05	1.44e-04	1.22e-03	6.48e-02	3.40e-01	4.71e-01	1.16e-01	7.09e-03	3.42e-04	7.01e-06	3.23e-07	0.00e+00	0.00e+00	0.00e+00
 1.94620e+22	1.98e-23	6.07e-13	1.49e-09	3.67e-07	1.68e-05	1.68e-04	1.40e-03	7.06e-02	3.51e-01	4.62e-01	1.07e-01	6.26e-03	2.90e-04	5.75e-06	2.60e-07	0.00e+00	0.00e+00	0.00e+00
 1.99465e+22	2.60e-23	7.60e-13	1.89e-09	4.56e-07	2.04e-05	1.99e-04	1.62e-03	7.70e-02	3.63e-01	4.53e-01	9.94e-02	5.49e-03	2.45e-04	4.70e-06	2.08e-07	0.00e+00	0.00e+00	0.00e+00
 2.03498e+22	3.23e-23	9.10e-13	2.28e-09	5.40e-07	2.37e-05	2.26e-04	1.81e-03	8.25e-02	3.73e-01	4.44e-01	9.33e-02	4.94e-03	2.14e-04	3.98e-06	1.73e-07	0.00e+00	0.00e+00	0.00e+00
 2.07661e+22	3.97e-23	1.08e-12	2.72e-09	6.33e-07	2.73e-05	2.55e-04	2.02e-03	8.83e-02	3.82e-01	4.36e-01	8.73e-02	4.43e-03	1.86e-04	3.37e-06	1.44e-07	0.00e+00	0.00e+00	0.00e+00
 2.12104e+22	5.02e-23	1.31e-12	3.33e-09	7.62e-07	3.21e-05	2.93e-04	2.27e-03	9.48e-02	3.91e-01	4.26e-01	8.13e-02	3.95e-03	1.61e-04	2.82e-06	1.19e-07	0.00e+00	0.00e+00	0.00e+00
 2.15886e+22	6.11e-23	1.54e-12	3.94e-09	8.85e-07	3.66e-05	3.27e-04	2.50e-03	1.00e-01	3.99e-01	4.18e-01	7.66e-02	3.58e-03	1.42e-04	2.44e-06	0.00e+00	0.00e+00	0.00e+00	0.00e+00
 2.19775e+22	7.36e-23	1.79e-12	4.61e-09	1.02e-06	4.14e-05	3.62e-04	2.75e-03	1.06e-01	4.06e-01	4.09e-01	7.20e-02	3.24e-03	1.25e-04	2.10e-06	0.00e+00	0.00e+00	0.00e+00	0.00e+00
 2.24831e+22	9.38e-23	2.19e-12	5.67e-09	1.23e-06	4.87e-05	4.16e-04	3.10e-03	1.14e-01	4.15e-01	3.98e-01	6.65e-02	2.86e-03	1.07e-04	1.73e-06	0.00e+00	0.00e+00	0.00e+00	0.00e+00
 2.29980e+22	1.22e-22	2.72e-12	7.08e-09	1.50e-06	5.80e-05	4.82e-04	3.50e-03	1.22e-01	4.24e-01	3.86e-01	6.13e-02	2.51e-03	9.11e-05	1.43e-06	0.00e+00	0.00e+00	0.00e+00	0.00e+00
 2.34111e+22	1.49e-22	3.22e-12	8.38e-09	1.74e-06	6.59e-05	5.36e-04	3.84e-03	1.29e-01	4.30e-01	3.77e-01	5.75e-02	2.27e-03	8.03e-05	1.23e-06	0.00e+00	0.00e+00	0.00e+00	0.00e+00
 2.38339e+22	1.80e-22	3.75e-12	9.81e-09	2.00e-06	7.43e-05	5.92e-04	4.19e-03	1.36e-01	4.36e-01	3.67e-01	5.38e-02	2.05e-03	7.07e-05	1.06e-06	0.00e+00	0.00e+00	0.00e+00	0.00e+00
 2.43835e+22	2.31e-22	4.61e-12	1.21e-08	2.41e-06	8.72e-05	6.76e-04	4.70e-03	1.45e-01	4.43e-01	3.55e-01	4.93e-02	1.79e-03	6.00e-05	8.70e-07	0.00e+00	0.00e+00	0.00e+00	0.00e+00
 2.49610e+22	3.04e-22	5.81e-12	1.52e-08	2.96e-06	1.04e-04	7.83e-04	5.30e-03	1.55e-01	4.50e-01	3.42e-01	4.51e-02	1.56e-03	5.07e-05	7.12e-07	0.00e+00	0.00e+00	0.00e+00	0.00e+00
 2.54409e+22	3.80e-22	6.99e-12	1.82e-08	3.47e-06	1.19e-04	8.75e-04	5.82e-03	1.64e-01	4.55e-01	3.32e-01	4.18e-02	1.39e-03	4.41e-05	6.04e-07	0.00e+00	0.00e+00	0.00e+00	0.00e+00
 2.59308e+22	4.67e-22	8.29e-12	2.15e-08	4.03e-06	1.35e-04	9.69e-04	6.36e-03	1.72e-01	4.59e-01	3.21e-01	3.88e-02	1.24e-03	3.84e-05	5.13e-07	0.00e+00	0.00e+00	0.00e+00	0.00e+00
 2.65677e+22	6.14e-22	1.04e-11	2.69e-08	4.91e-06	1.59e-04	1.11e-03	7.13e-03	1.83e-01	4.64e-01	3.08e-01	3.52e-02	1.07e-03	3.22e-05	4.16e-07	0.00e+00	0.00e+00	0.00e+00	0.00e+00
 2.72275e+22	8.26e-22	1.33e-11	3.42e-08	6.09e-06	1.91e-04	1.29e-03	8.04e-03	1.95e-01	4.68e-01	2.94e-01	3.18e-02	9.23e-04	2.68e-05	3.36e-07	0.00e+00	0.00e+00	0.00e+00	0.00e+00
 2.77636e+22	1.04e-21	1.62e-11	4.12e-08	7.17e-06	2.18e-04	1.44e-03	8.79e-03	2.05e-01	4.71e-01	2.84e-01	2.93e-02	8.19e-04	2.32e-05	2.83e-07	0.00e+00	0.00e+00	0.00e+00	0.00e+00
 2.83069e+22	1.29e-21	1.94e-11	4.89e-08	8.33e-06	2.47e-04	1.59e-03	9.56e-03	2.15e-01	4.73e-01	2.73e-01	2.70e-02	7.26e-04	2.01e-05	2.39e-07	0.00e+00	0.00e+00	0.00e+00	0.00e+00
 2.90133e+22	1.71e-21	2.45e-11	6.13e-08	1.02e-05	2.92e-04	1.82e-03	1.07e-02	2.28e-01	4.75e-01	2.60e-01	2.43e-02	6.22e-04	1.68e-05	1.93e-07	0.00e+00	0.00e+00	0.00e+00	0.00e+00
 2.97567e+22	2.33e-21	3.19e-11	7.84e-08	1.27e-05	3.50e-04	2.11e-03	1.20e-02	2.41e-01	4.76e-01	2.46e-01	2.17e-02	5.29e-04	1.38e-05	1.54e-07	0.00e+00	0.00e+00	0.00e+00	0.00e+00
 3.03807e+22	2.99e-21	3.94e-11	9.54e-08	1.51e-05	4.03e-04	2.36e-03	1.31e-02	2.52e-01	4.76e-01	2.35e-01	1.98e-02	4.64e-04	1.18e-05	1.28e-07	0.00e+00	0.00e+00	0.00e+00	0.00e+00
 3.10243e+22	3.79e-21	4.80e-11	1.15e-07	1.77e-05	4.60e-04	2.62e-03	1.43e-02	2.64e-01	4.76e-01	2.25e-01	1.80e-02	4.05e-04	1.01e-05	0.00e+00	0.00e+00	0.00e+00	0.00e+00	0.00e+00
 3.18611e+22	5.18e-21	6.24e-11	1.46e-07	2.20e-05	5.48e-04	3.01e-03	1.59e-02	2.79e-01	4.74e-01	2.11e-01	1.59e-02	3.41e-04	8.27e-06	0.00e+00	0.00e+00	0.00e+00	0.00e+00	0.00e+00
 3.27388e+22	7.24e-21	8.30e-11	1.90e-07	2.78e-05	6.63e-04	3.51e-03	1.79e-02	2.94e-01	4.72e-01	1.98e-01	1.40e-02	2.85e-04	6.71e-06	0.00e+00	0.00e+00	0.00e+00	0.00e+00	0.00e+00
 3.34761e+22	9.48e-21	1.04e-10	2.34e-07	3.34e-05	7.68e-04	3.94e-03	1.96e-02	3.07e-01	4.69e-01	1.88e-01	1.26e-02	2.46e-04	5.65e-06	0.00e+00	0.00e+00	0.00e+00	0.00e+00	0.00e+00
 3.42410e+22	1.23e-20	1.30e-10	2.86e-07	3.97e-05	8.82e-04	4.38e-03	2.13e-02	3.20e-01	4.65e-01	1.77e-01	1.13e-02	2.12e-04	4.76e-06	0.00e+00	0.00e+00	0.00e+00	0.00e+00	0.00e+00
 3.50519e+22	1.65e-20	1.67e-10	3.59e-07	4.85e-05	1.04e-03	4.97e-03	2.34e-02	3.33e-01	4.60e-01	1.67e-01	1.01e-02	1.81e-04	3.97e-06	0.00e+00	0.00e+00	0.00e+00	0.00e+00	0.00e+00
 3.57363e+22	2.09e-20	2.06e-10	4.31e-07	5.68e-05	1.17e-03	5.48e-03	2.52e-02	3.44e-01	4.56e-01	1.58e-01	9.19e-03	1.59e-04	3.41e-06	0.00e+00	0.00e+00	0.00e+00	0.00e+00	0.00e+00
 3.64398e+22	2.63e-20	2.49e-10	5.11e-07	6.59e-05	1.32e-03	5.99e-03	2.69e-02	3.55e-01	4.52e-01	1.50e-01	8.35e-03	1.39e-04	2.94e-06	0.00e+00	0.00e+00	0.00e+00	0.00e+00	0.00e+00
 3.73543e+22	3.54e-20	3.21e-10	6.40e-07	8.01e-05	1.54e-03	6.75e-03	2.94e-02	3.69e-01	4.45e-01	1.41e-01	7.38e-03	1.18e-04	2.43e-06	0.00e+00	0.00e+00	0.00e+00	0.00e+00	0.00e+00
 3.83108e+22	4.88e-20	4.23e-10	8.17e-07	9.92e-05	1.83e-03	7.71e-03	3.24e-02	3.83e-01	4.37e-01	1.31e-01	6.49e-03	9.91e-05	1.99e-06	0.00e+00	0.00e+00	0.00e+00	0.00e+00	0.00e+00
 3.91115e+22	6.29e-20	5.27e-10	9.90e-07	1.17e-04	2.08e-03	8.51e-03	3.48e-02	3.95e-01	4.31e-01	1.23e-01	5.83e-03	8.59e-05	1.69e-06	0.00e+00	0.00e+00	0.00e+00	0.00e+00	0.00e+00
 3.99420e+22	8.04e-20	6.50e-10	1.19e-06	1.37e-04	2.35e-03	9.32e-03	3.72e-02	4.06e-01	4.24e-01	1.16e-01	5.24e-03	7.45e-05	1.44e-06	0.00e+00	0.00e+00	0.00e+00	0.00e+00	0.00e+00
 4.10217e+22	1.10e-19	8.53e-10	1.51e-06	1.68e-04	2.76e-03	1.05e-02	4.06e-02	4.20e-01	4.14e-01	1.07e-01	4.57e-03	6.21e-05	1.17e-06	0.00e+00	0.00e+00	0.00e+00	0.00e+00	0.00e+00
 4.21756e+22	1.56e-19	1.15e-09	1.96e-06	2.12e-04	3.30e-03	1.21e-02	4.46e-02	4.34e-01	4.03e-01	9.83e-02	3.94e-03	5.11e-05	9.39e-07	0.00e+00	0.00e+00	0.00e+00	0.00e+00	0.00e+00
 4.31163e+22	2.05e-19	1.46e-09	2.41e-06	2.52e-04	3.78e-03	1.34e-02	4.79e-02	4.45e-01	3.94e-01	9.18e-02	3.50e-03	4.38e-05	7.88e-07	0.00e+00	0.00e+00	0.00e+00	0.00e+00	0.00e+00
 4.39094e+22	2.54e-19	1.75e-09	2.82e-06	2.89e-04	4.19e-03	1.44e-02	5.05e-02	4.54e-01	3.87e-01	8.66e-02	3.17e-03	3.85e-05	6.82e-07	0.00e+00	0.00e+00	0.00e+00	0.00e+00	0.00e+00
 4.48202e+22	3.23e-19	2.16e-09	3.37e-06	3.37e-04	4.71e-03	1.57e-02	5.36e-02	4.63e-01	3.78e-01	8.11e-02	2.84e-03	3.34e-05	5.80e-07	0.00e+00	0.00e+00	0.00e+00	0.00e+00	0.00e+00
 4.60043e+22	4.40e-19	2.81e-09	4.23e-06	4.10e-04	5.47e-03	1.76e-02	5.77e-02	4.75e-01	3.67e-01	7.46e-02	2.47e-03	2.79e-05	4.74e-07	0.00e+00	0.00e+00	0.00e+00	0.00e+00	0.00e+00
 4.72444e+22	6.11e-19	3.75e-09	5.41e-06	5.07e-04	6.46e-03	1.99e-02	6.26e-02	4.86e-01	3.55e-01	6.81e-02	2.13e-03	2.30e-05	3.83e-07	0.00e+00	0.00e+00	0.00e+00	0.00e+00	0.00e+00
 4.82902e+22	7.94e-19	4.71e-09	6.57e-06	5.99e-04	7.33e-03	2.18e-02	6.66e-02	4.94e-01	3.44e-01	6.32e-02	1.88e-03	1.97e-05	3.21e-07	0.00e+00	0.00e+00	0.00e+00	0.00e+00	0.00e+00
 4.93825e+22	1.02e-18	5.87e-09	7.92e-06	7.01e-04	8.24e-03	2.37e-02	7.03e-02	5.02e-01	3.34e-01	5.86e-02	1.67e-03	1.69e-05	2.70e-07	0.00e+00	0.00e+00	0.00e+00	0.00e+00	0.00e+00
 5.08026e+22	1.42e-18	7.77e-09	1.01e-05	8.62e-04	9.63e-03	2.65e-02	7.56e-02	5.12e-01	3.21e-01	5.31e-02	1.42e-03	1.38e-05	2.16e-07	0.00e+00	0.00e+00	0.00e+00	0.00e+00	0.00e+00
 5.22812e+22	2.01e-18	1.05e-08	1.30e-05	1.08e-03	1.14e-02	3.00e-02	8.17e-02	5.20e-01	3.07e-01	4.78e-02	1.20e-03	1.12e-05	1.71e-07	0.00e+00	0.00e+00	0.00e+00	0.00e+00	0.00e+00
 5.34975e+22	2.62e-18	1.33e-08	1.59e-05	1.27e-03	1.29e-02	3.27e-02	8.63e-02	5.26e-01	2.96e-01	4.40e-02	1.06e-03	9.53e-06	1.42e-07	0.00e+00	0.00e+00	0.00e+00	0.00e+00	0.00e+00
 5.47401e+22	3.38e-18	1.65e-08	1.91e-05	1.49e-03	1.45e-02	3.54e-02	9.08e-02	5.31e-01	2.85e-01	4.04e-02	9.25e-04	8.09e-06	0.00e+00	0.00e+00	0.00e+00	0.00e+00	0.00e+00	0.00e+00
 5.63554e+22	4.69e-18	2.20e-08	2.43e-05	1.83e-03	1.69e-02	3.94e-02	9.68e-02	5.36e-01	2.71e-01	3.63e-02	7.84e-04	6.60e-06	0.00e+00	0.00e+00	0.00e+00	0.00e+00	0.00e+00	0.00e+00
 5.80740e+22	6.66e-18	2.98e-08	3.16e-05	2.29e-03	1.99e-02	4.43e-02	1.04e-01	5.40e-01	2.57e-01	3.23e-02	6.56e-04	5.31e-06	0.00e+00	0.00e+00	0.00e+00	0.00e+00	0.00e+00	0.00e+00
 5.95249e+22	8.80e-18	3.81e-08	3.88e-05	2.72e-03	2.26e-02	4.84e-02	1.09e-01	5.42e-01	2.45e-01	2.93e-02	5.64e-04	4.42e-06	0.00e+00	0.00e+00	0.00e+00	0.00e+00	0.00e+00	0.00e+00
 6.10092e+22	1.15e-17	4.79e-08	4.70e-05	3.20e-03	2.54e-02	5.22e-02	1.14e-01	5.44e-01	2.34e-01	2.66e-02	4.88e-04	3.72e-06	0.00e+00	0.00e+00	0.00e+00	0.00e+00	0.00e+00	0.00e+00
 6.29389e+22	1.62e-17	6.44e-08	6.03e-05	3.95e-03	2.96e-02	5.78e-02	1.21e-01	5.44e-01	2.20e-01	2.35e-02	4.06e-04	2.98e-06	0.00e+00	0.00e+00	0.00e+00	0.00e+00	0.00e+00	0.00e+00
 6.49580e+22	2.31e-17	8.77e-08	7.84e-05	4.95e-03	3.48e-02	6.46e-02	1.28e-01	5.41e-01	2.05e-01	2.06e-02	3.33e-04	2.35e-06	0.00e+00	0.00e+00	0.00e+00	0.00e+00	0.00e+00	0.00e+00
 6.66235e+22	3.04e-17	1.11e-07	9.59e-05	5.86e-03	3.93e-02	6.99e-02	1.34e-01	5.39e-01	1.94e-01	1.85e-02	2.85e-04	1.95e-06	0.00e+00	0.00e+00	0.00e+00	0.00e+00	0.00e+00	0.00e+00
 6.83187e+22	3.96e-17	1.40e-07	1.16e-04	6.87e-03	4.38e-02	7.47e-02	1.39e-01	5.36e-01	1.83e-01	1.67e-02	2.44e-04	1.63e-06	0.00e+00	0.00e+00	0.00e+00	0.00e+00	0.00e+00	0.00e+00
 7.05224e+22	5.56e-17	1.87e-07	1.48e-04	8.43e-03	5.05e-02	8.18e-02	1.45e-01	5.29e-01	1.70e-01	1.45e-02	2.01e-04	1.30e-06	0.00e+00	0.00e+00	0.00e+00	0.00e+00	0.00e+00	0.00e+00
 7.28358e+22	7.92e-17	2.53e-07	1.91e-04	1.05e-02	5.89e-02	9.02e-02	1.52e-01	5.19e-01	1.56e-01	1.25e-02	1.62e-04	1.02e-06	0.00e+00	0.00e+00	0.00e+00	0.00e+00	0.00e+00	0.00e+00
 7.47776e+22	1.04e-16	3.21e-07	2.33e-04	1.24e-02	6.60e-02	9.66e-02	1.57e-01	5.11e-01	1.46e-01	1.11e-02	1.37e-04	8.34e-07	0.00e+00	0.00e+00	0.00e+00	0.00e+00	0.00e+00	0.00e+00
 7.67878e+22	1.37e-16	4.04e-07	2.83e-04	1.45e-02	7.33e-02	1.03e-01	1.61e-01	5.03e-01	1.36e-01	9.86e-03	1.16e-04	6.87e-07	0.00e+00	0.00e+00	0.00e+00	0.00e+00	0.00e+00	0.00e+00
 7.94010e+22	1.94e-16	5.41e-07	3.61e-04	1.79e-02	8.39e-02	1.11e-01	1.66e-01	4.89e-01	1.24e-01	8.44e-03	9.31e-05	5.37e-07	0.00e+00	0.00e+00	0.00e+00	0.00e+00	0.00e+00	0.00e+00
 8.20760e+22	2.77e-16	7.29e-07	4.65e-04	2.21e-02	9.66e-02	1.20e-01	1.71e-01	4.71e-01	1.12e-01	7.13e-03	7.38e-05	4.13e-07	0.00e+00	0.00e+00	0.00e+00	0.00e+00	0.00e+00	0.00e+00
 8.42797e+22	3.63e-16	9.16e-07	5.63e-04	2.59e-02	1.07e-01	1.27e-01	1.73e-01	4.57e-01	1.03e-01	6.25e-03	6.16e-05	3.37e-07	0.00e+00	0.00e+00	0.00e+00	0.00e+00	0.00e+00	0.00e+00
 8.65928e+22	4.79e-16	1.15e-06	6.80e-04	3.02e-02	1.17e-01	1.33e-01	1.76e-01	4.43e-01	9.48e-02	5.47e-03	5.14e-05	2.75e-07	0.00e+00	0.00e+00	0.00e+00	0.00e+00	0.00e+00	0.00e+00
 8.91573e+22	6.53e-16	1.48e-06	8.41e-04	3.61e-02	1.31e-01	1.40e-01	1.78e-01	4.24e-01	8.56e-02	4.67e-03	4.17e-05	2.18e-07	0.00e+00	0.00e+00	0.00e+00	0.00e+00	0.00e+00	0.00e+00
