#depth	Mg	Mg+	Mg+2	Mg+3	Mg+4	Mg+5	Mg+6	Mg+7	Mg+8	Mg+9	Mg+10	Mg+11	Mg+12
 6.17135e+19	0.00e+00	0.00e+00	1.61e-31	2.46e-26	1.19e-21	2.41e-17	3.40e-13	8.89e-10	1.40e-06	1.84e-03	2.53e-01	4.91e-01	2.54e-01
 1.87609e+20	0.00e+00	0.00e+00	9.52e-31	1.26e-25	5.22e-21	8.93e-17	1.07e-12	2.25e-09	2.79e-06	2.76e-03	2.85e-01	4.89e-01	2.23e-01
 2.83882e+20	0.00e+00	0.00e+00	3.69e-30	4.40e-25	1.62e-20	2.44e-16	2.57e-12	4.57e-09	4.66e-06	3.65e-03	3.11e-01	4.84e-01	2.01e-01
 3.32787e+20	0.00e+00	0.00e+00	7.18e-30	8.14e-25	2.84e-20	4.00e-16	3.96e-12	6.46e-09	5.98e-06	4.15e-03	3.25e-01	4.81e-01	1.90e-01
 3.57617e+20	0.00e+00	0.00e+00	1.01e-29	1.12e-24	3.79e-20	5.17e-16	4.96e-12	7.72e-09	6.80e-06	4.42e-03	3.31e-01	4.79e-01	1.85e-01
 3.76054e+20	0.00e+00	0.00e+00	1.26e-29	1.37e-24	4.55e-20	6.08e-16	5.70e-12	8.63e-09	7.37e-06	4.61e-03	3.36e-01	4.78e-01	1.82e-01
 4.00022e+20	0.00e+00	0.00e+00	1.81e-29	1.92e-24	6.18e-20	7.98e-16	7.23e-12	1.04e-08	8.42e-06	4.91e-03	3.43e-01	4.76e-01	1.77e-01
 4.31181e+20	0.00e+00	0.00e+00	2.68e-29	2.75e-24	8.60e-20	1.07e-15	9.34e-12	1.28e-08	9.75e-06	5.28e-03	3.51e-01	4.73e-01	1.71e-01
 4.64809e+20	0.00e+00	0.00e+00	4.49e-29	4.46e-24	1.34e-19	1.58e-15	1.32e-11	1.68e-08	1.18e-05	5.75e-03	3.60e-01	4.70e-01	1.64e-01
 4.93012e+20	0.00e+00	0.00e+00	6.40e-29	6.20e-24	1.80e-19	2.07e-15	1.66e-11	2.02e-08	1.34e-05	6.12e-03	3.68e-01	4.67e-01	1.59e-01
 5.21043e+20	0.00e+00	0.00e+00	9.78e-29	9.22e-24	2.59e-19	2.86e-15	2.21e-11	2.52e-08	1.57e-05	6.54e-03	3.75e-01	4.64e-01	1.54e-01
 5.57482e+20	0.00e+00	0.00e+00	1.63e-28	1.49e-23	4.02e-19	4.24e-15	3.12e-11	3.31e-08	1.90e-05	7.09e-03	3.85e-01	4.60e-01	1.47e-01
 5.94630e+20	0.00e+00	0.00e+00	2.78e-28	2.44e-23	6.35e-19	6.37e-15	4.47e-11	4.39e-08	2.31e-05	7.68e-03	3.95e-01	4.56e-01	1.41e-01
 6.23990e+20	0.00e+00	0.00e+00	4.13e-28	3.55e-23	8.93e-19	8.65e-15	5.85e-11	5.43e-08	2.67e-05	8.16e-03	4.03e-01	4.52e-01	1.36e-01
 6.48860e+20	0.00e+00	0.00e+00	5.74e-28	4.82e-23	1.18e-18	1.11e-14	7.29e-11	6.46e-08	3.02e-05	8.58e-03	4.10e-01	4.50e-01	1.32e-01
 6.76598e+20	0.00e+00	0.00e+00	8.97e-28	7.35e-23	1.75e-18	1.58e-14	9.97e-11	8.23e-08	3.55e-05	9.08e-03	4.17e-01	4.46e-01	1.28e-01
 7.07458e+20	0.00e+00	0.00e+00	1.35e-27	1.08e-22	2.50e-18	2.18e-14	1.32e-10	1.03e-07	4.14e-05	9.64e-03	4.25e-01	4.42e-01	1.23e-01
 7.37727e+20	0.00e+00	0.00e+00	2.14e-27	1.66e-22	3.72e-18	3.13e-14	1.82e-10	1.32e-07	4.91e-05	1.02e-02	4.33e-01	4.38e-01	1.19e-01
 7.67388e+20	0.00e+00	0.00e+00	3.22e-27	2.45e-22	5.33e-18	4.32e-14	2.42e-10	1.65e-07	5.72e-05	1.08e-02	4.40e-01	4.34e-01	1.15e-01
 8.00912e+20	0.00e+00	0.00e+00	5.33e-27	3.95e-22	8.30e-18	6.45e-14	3.46e-10	2.18e-07	6.91e-05	1.15e-02	4.48e-01	4.30e-01	1.11e-01
 8.37358e+20	0.00e+00	0.00e+00	9.15e-27	6.59e-22	1.34e-17	9.96e-14	5.10e-10	2.95e-07	8.47e-05	1.22e-02	4.57e-01	4.24e-01	1.06e-01
 8.69541e+20	0.00e+00	1.98e-32	1.43e-26	1.01e-21	1.98e-17	1.42e-13	7.02e-10	3.78e-07	1.00e-04	1.29e-02	4.65e-01	4.20e-01	1.02e-01
 9.03315e+20	0.00e+00	3.39e-32	2.41e-26	1.65e-21	3.15e-17	2.17e-13	1.03e-09	5.07e-07	1.22e-04	1.36e-02	4.73e-01	4.15e-01	9.80e-02
 9.41011e+20	0.00e+00	6.06e-32	4.25e-26	2.84e-21	5.23e-17	3.46e-13	1.56e-09	7.02e-07	1.52e-04	1.45e-02	4.82e-01	4.10e-01	9.38e-02
 9.76429e+20	0.00e+00	1.01e-31	6.94e-26	4.53e-21	8.10e-17	5.15e-13	2.23e-09	9.28e-07	1.84e-04	1.53e-02	4.90e-01	4.05e-01	9.00e-02
 1.01510e+21	0.00e+00	1.86e-31	1.27e-25	8.03e-21	1.39e-16	8.45e-13	3.48e-09	1.31e-06	2.32e-04	1.62e-02	4.98e-01	3.99e-01	8.61e-02
 1.05708e+21	0.00e+00	3.54e-31	2.37e-25	1.47e-20	2.44e-16	1.42e-12	5.58e-09	1.90e-06	2.98e-04	1.72e-02	5.07e-01	3.93e-01	8.21e-02
 1.09501e+21	0.00e+00	6.00e-31	3.96e-25	2.39e-20	3.87e-16	2.17e-12	8.16e-09	2.55e-06	3.64e-04	1.81e-02	5.15e-01	3.88e-01	7.86e-02
 1.13595e+21	0.00e+00	1.07e-30	7.00e-25	4.12e-20	6.47e-16	3.48e-12	1.25e-08	3.56e-06	4.55e-04	1.92e-02	5.23e-01	3.82e-01	7.51e-02
 1.17215e+21	0.00e+00	1.48e-30	1.11e-24	6.40e-20	9.77e-16	5.07e-12	1.76e-08	4.63e-06	5.45e-04	2.01e-02	5.30e-01	3.77e-01	7.22e-02
 1.19398e+21	0.00e+00	2.07e-30	1.54e-24	8.77e-20	1.32e-15	6.69e-12	2.27e-08	5.64e-06	6.19e-04	2.06e-02	5.35e-01	3.74e-01	7.04e-02
 1.21410e+21	0.00e+00	2.87e-30	2.12e-24	1.19e-19	1.76e-15	8.78e-12	2.90e-08	6.81e-06	7.00e-04	2.12e-02	5.38e-01	3.71e-01	6.88e-02
 1.24026e+21	0.00e+00	3.61e-30	2.66e-24	1.48e-19	2.15e-15	1.05e-11	3.39e-08	7.70e-06	7.64e-04	2.18e-02	5.43e-01	3.67e-01	6.70e-02
 1.27426e+21	0.00e+00	6.20e-30	4.54e-24	2.47e-19	3.50e-15	1.65e-11	5.12e-08	1.05e-05	9.35e-04	2.28e-02	5.49e-01	3.62e-01	6.45e-02
 1.30659e+21	0.00e+00	9.15e-30	6.63e-24	3.56e-19	4.93e-15	2.26e-11	6.79e-08	1.31e-05	1.08e-03	2.37e-02	5.55e-01	3.58e-01	6.21e-02
 1.33111e+21	0.00e+00	1.28e-29	9.17e-24	4.86e-19	6.62e-15	2.96e-11	8.68e-08	1.58e-05	1.21e-03	2.44e-02	5.60e-01	3.54e-01	6.05e-02
 1.35738e+21	0.00e+00	1.71e-29	1.22e-23	6.39e-19	8.54e-15	3.74e-11	1.07e-07	1.85e-05	1.34e-03	2.50e-02	5.64e-01	3.51e-01	5.89e-02
 1.39153e+21	0.00e+00	2.47e-29	1.76e-23	9.04e-19	1.18e-14	5.03e-11	1.39e-07	2.26e-05	1.53e-03	2.60e-02	5.69e-01	3.46e-01	5.68e-02
 1.42996e+21	0.00e+00	3.61e-29	2.55e-23	1.29e-18	1.64e-14	6.77e-11	1.81e-07	2.76e-05	1.74e-03	2.71e-02	5.75e-01	3.41e-01	5.46e-02
 1.46711e+21	0.00e+00	5.05e-29	3.53e-23	1.76e-18	2.20e-14	8.82e-11	2.29e-07	3.30e-05	1.95e-03	2.82e-02	5.81e-01	3.36e-01	5.24e-02
 1.50854e+21	0.00e+00	7.79e-29	5.41e-23	2.64e-18	3.22e-14	1.25e-10	3.11e-07	4.14e-05	2.24e-03	2.93e-02	5.87e-01	3.31e-01	5.03e-02
 1.55408e+21	0.00e+00	1.15e-28	7.89e-23	3.78e-18	4.49e-14	1.68e-10	4.05e-07	5.05e-05	2.54e-03	3.07e-02	5.94e-01	3.25e-01	4.80e-02
 1.59148e+21	0.00e+00	1.63e-28	1.11e-22	5.24e-18	6.09e-14	2.22e-10	5.17e-07	6.05e-05	2.83e-03	3.18e-02	5.99e-01	3.20e-01	4.61e-02
 1.61959e+21	0.00e+00	2.19e-28	1.48e-22	6.92e-18	7.91e-14	2.82e-10	6.39e-07	7.04e-05	3.07e-03	3.27e-02	6.03e-01	3.16e-01	4.48e-02
 1.64905e+21	0.00e+00	2.80e-28	1.88e-22	8.66e-18	9.74e-14	3.39e-10	7.51e-07	7.93e-05	3.29e-03	3.35e-02	6.07e-01	3.13e-01	4.35e-02
 1.68735e+21	0.00e+00	3.48e-28	2.33e-22	1.06e-17	1.17e-13	3.99e-10	8.61e-07	8.82e-05	3.55e-03	3.46e-02	6.12e-01	3.08e-01	4.20e-02
 1.73714e+21	0.00e+00	5.64e-28	3.76e-22	1.67e-17	1.79e-13	5.85e-10	1.20e-06	1.12e-04	4.04e-03	3.62e-02	6.18e-01	3.02e-01	3.99e-02
 1.78549e+21	0.00e+00	8.09e-28	5.34e-22	2.33e-17	2.44e-13	7.71e-10	1.53e-06	1.34e-04	4.48e-03	3.77e-02	6.24e-01	2.96e-01	3.80e-02
 1.82288e+21	0.00e+00	1.03e-27	6.76e-22	2.91e-17	2.99e-13	9.25e-10	1.79e-06	1.50e-04	4.81e-03	3.89e-02	6.28e-01	2.92e-01	3.66e-02
 1.86236e+21	0.00e+00	1.31e-27	8.49e-22	3.61e-17	3.64e-13	1.10e-09	2.07e-06	1.68e-04	5.15e-03	4.01e-02	6.32e-01	2.87e-01	3.53e-02
 1.91370e+21	0.00e+00	1.99e-27	1.29e-21	5.36e-17	5.25e-13	1.53e-09	2.74e-06	2.05e-04	5.72e-03	4.18e-02	6.38e-01	2.81e-01	3.35e-02
 1.96859e+21	0.00e+00	2.86e-27	1.84e-21	7.50e-17	7.15e-13	2.01e-09	3.45e-06	2.43e-04	6.31e-03	4.36e-02	6.43e-01	2.75e-01	3.18e-02
 2.01780e+21	0.00e+00	3.67e-27	2.33e-21	9.37e-17	8.77e-13	2.40e-09	4.00e-06	2.72e-04	6.79e-03	4.51e-02	6.48e-01	2.70e-01	3.04e-02
 2.07146e+21	0.00e+00	5.45e-27	3.45e-21	1.36e-16	1.23e-12	3.24e-09	5.16e-06	3.26e-04	7.45e-03	4.70e-02	6.53e-01	2.64e-01	2.89e-02
 2.13112e+21	0.00e+00	7.77e-27	4.88e-21	1.89e-16	1.67e-12	4.23e-09	6.44e-06	3.83e-04	8.18e-03	4.90e-02	6.58e-01	2.57e-01	2.73e-02
 2.18181e+21	0.00e+00	9.94e-27	6.17e-21	2.35e-16	2.03e-12	5.02e-09	7.42e-06	4.27e-04	8.76e-03	5.07e-02	6.62e-01	2.52e-01	2.61e-02
 2.23095e+21	0.00e+00	1.36e-26	8.43e-21	3.15e-16	2.66e-12	6.36e-09	9.01e-06	4.90e-04	9.42e-03	5.24e-02	6.66e-01	2.47e-01	2.49e-02
 2.28505e+21	0.00e+00	1.76e-26	1.08e-20	3.96e-16	3.28e-12	7.62e-09	1.05e-05	5.49e-04	1.01e-02	5.42e-02	6.69e-01	2.42e-01	2.37e-02
 2.34559e+21	0.00e+00	2.53e-26	1.55e-20	5.58e-16	4.48e-12	1.00e-08	1.30e-05	6.43e-04	1.10e-02	5.64e-02	6.73e-01	2.36e-01	2.24e-02
 2.40854e+21	0.00e+00	3.55e-26	2.15e-20	7.60e-16	5.93e-12	1.27e-08	1.58e-05	7.41e-04	1.19e-02	5.86e-02	6.77e-01	2.30e-01	2.12e-02
 2.45927e+21	0.00e+00	4.54e-26	2.72e-20	9.49e-16	7.25e-12	1.51e-08	1.82e-05	8.22e-04	1.26e-02	6.04e-02	6.80e-01	2.26e-01	2.03e-02
 2.50987e+21	0.00e+00	5.68e-26	3.38e-20	1.16e-15	8.71e-12	1.77e-08	2.06e-05	9.04e-04	1.34e-02	6.22e-02	6.83e-01	2.21e-01	1.94e-02
 2.57565e+21	1.52e-32	8.02e-26	4.76e-20	1.60e-15	1.16e-11	2.27e-08	2.51e-05	1.04e-03	1.44e-02	6.46e-02	6.86e-01	2.15e-01	1.83e-02
 2.64293e+21	2.15e-32	1.11e-25	6.55e-20	2.16e-15	1.52e-11	2.87e-08	3.01e-05	1.19e-03	1.56e-02	6.71e-02	6.89e-01	2.09e-01	1.73e-02
 2.69453e+21	2.76e-32	1.40e-25	8.16e-20	2.65e-15	1.84e-11	3.36e-08	3.41e-05	1.31e-03	1.65e-02	6.90e-02	6.92e-01	2.05e-01	1.65e-02
 2.74398e+21	3.50e-32	1.76e-25	1.02e-19	3.26e-15	2.21e-11	3.93e-08	3.84e-05	1.43e-03	1.73e-02	7.08e-02	6.93e-01	2.01e-01	1.58e-02
 2.80826e+21	4.55e-32	2.25e-25	1.30e-19	4.09e-15	2.71e-11	4.68e-08	4.41e-05	1.58e-03	1.84e-02	7.31e-02	6.96e-01	1.96e-01	1.50e-02
 2.87891e+21	6.59e-32	3.19e-25	1.83e-19	5.63e-15	3.61e-11	5.95e-08	5.27e-05	1.81e-03	1.98e-02	7.59e-02	6.98e-01	1.91e-01	1.41e-02
 2.93899e+21	7.54e-32	4.10e-25	2.32e-19	7.04e-15	4.41e-11	7.06e-08	6.00e-05	1.99e-03	2.10e-02	7.81e-02	6.99e-01	1.86e-01	1.35e-02
 2.99823e+21	9.58e-32	5.24e-25	2.95e-19	8.79e-15	5.37e-11	8.33e-08	6.78e-05	2.18e-03	2.21e-02	8.03e-02	7.01e-01	1.82e-01	1.28e-02
 3.07525e+21	1.34e-31	7.19e-25	4.03e-19	1.18e-14	6.97e-11	1.04e-07	7.96e-05	2.46e-03	2.38e-02	8.33e-02	7.02e-01	1.76e-01	1.20e-02
 3.15456e+21	1.82e-31	9.60e-25	5.30e-19	1.52e-14	8.76e-11	1.26e-07	9.24e-05	2.75e-03	2.54e-02	8.62e-02	7.03e-01	1.71e-01	1.13e-02
 3.21928e+21	2.41e-31	1.25e-24	6.84e-19	1.92e-14	1.08e-10	1.50e-07	1.05e-04	3.02e-03	2.69e-02	8.87e-02	7.04e-01	1.67e-01	1.07e-02
 3.28584e+21	3.26e-31	1.66e-24	9.04e-19	2.48e-14	1.35e-10	1.80e-07	1.19e-04	3.31e-03	2.84e-02	9.12e-02	7.04e-01	1.62e-01	1.02e-02
 3.35969e+21	4.40e-31	2.20e-24	1.19e-18	3.20e-14	1.70e-10	2.17e-07	1.35e-04	3.66e-03	3.02e-02	9.41e-02	7.05e-01	1.58e-01	9.60e-03
 3.42458e+21	5.79e-31	2.85e-24	1.52e-18	4.03e-14	2.08e-10	2.56e-07	1.51e-04	3.98e-03	3.18e-02	9.66e-02	7.05e-01	1.54e-01	9.12e-03
 3.48118e+21	7.25e-31	3.52e-24	1.87e-18	4.86e-14	2.45e-10	2.93e-07	1.66e-04	4.27e-03	3.31e-02	9.87e-02	7.05e-01	1.50e-01	8.74e-03
 3.54542e+21	9.23e-31	4.42e-24	2.32e-18	5.95e-14	2.93e-10	3.40e-07	1.84e-04	4.61e-03	3.47e-02	1.01e-01	7.04e-01	1.47e-01	8.33e-03
 3.62894e+21	1.28e-30	6.04e-24	3.15e-18	7.88e-14	3.75e-10	4.15e-07	2.10e-04	5.09e-03	3.69e-02	1.04e-01	7.04e-01	1.42e-01	7.82e-03
 3.71570e+21	1.80e-30	8.30e-24	4.28e-18	1.05e-13	4.81e-10	5.07e-07	2.39e-04	5.62e-03	3.93e-02	1.08e-01	7.02e-01	1.37e-01	7.32e-03
 3.78645e+21	2.37e-30	1.08e-23	5.48e-18	1.31e-13	5.87e-10	5.95e-07	2.65e-04	6.07e-03	4.13e-02	1.10e-01	7.01e-01	1.34e-01	6.95e-03
 3.85820e+21	3.09e-30	1.38e-23	6.98e-18	1.64e-13	7.13e-10	6.96e-07	2.93e-04	6.55e-03	4.33e-02	1.13e-01	7.00e-01	1.30e-01	6.60e-03
 3.95148e+21	4.36e-30	1.91e-23	9.56e-18	2.19e-13	9.18e-10	8.52e-07	3.32e-04	7.21e-03	4.60e-02	1.16e-01	6.98e-01	1.26e-01	6.16e-03
 4.05070e+21	6.22e-30	2.67e-23	1.32e-17	2.94e-13	1.19e-09	1.05e-06	3.79e-04	7.97e-03	4.91e-02	1.20e-01	6.96e-01	1.21e-01	5.74e-03
 4.13533e+21	8.64e-30	3.65e-23	1.77e-17	3.86e-13	1.51e-09	1.26e-06	4.22e-04	8.64e-03	5.17e-02	1.23e-01	6.93e-01	1.17e-01	5.40e-03
 4.22298e+21	1.18e-29	4.93e-23	2.36e-17	5.03e-13	1.89e-09	1.51e-06	4.69e-04	9.36e-03	5.44e-02	1.26e-01	6.91e-01	1.13e-01	5.08e-03
 4.33694e+21	1.75e-29	7.11e-23	3.37e-17	6.96e-13	2.51e-09	1.90e-06	5.37e-04	1.04e-02	5.82e-02	1.31e-01	6.87e-01	1.09e-01	4.69e-03
 4.45734e+21	2.75e-29	1.10e-22	5.11e-17	1.02e-12	3.50e-09	2.45e-06	6.18e-04	1.15e-02	6.23e-02	1.35e-01	6.82e-01	1.04e-01	4.31e-03
 4.55975e+21	3.97e-29	1.55e-22	7.10e-17	1.38e-12	4.55e-09	3.01e-06	6.93e-04	1.26e-02	6.59e-02	1.39e-01	6.78e-01	1.00e-01	4.02e-03
 4.66649e+21	5.72e-29	2.20e-22	9.93e-17	1.88e-12	5.94e-09	3.70e-06	7.76e-04	1.37e-02	6.97e-02	1.42e-01	6.74e-01	9.61e-02	3.74e-03
 4.77180e+21	7.81e-29	2.96e-22	1.32e-16	2.43e-12	7.45e-09	4.44e-06	8.69e-04	1.49e-02	7.36e-02	1.46e-01	6.69e-01	9.24e-02	3.48e-03
 4.85259e+21	1.04e-28	3.89e-22	1.71e-16	3.10e-12	9.18e-09	5.21e-06	9.44e-04	1.59e-02	7.67e-02	1.49e-01	6.65e-01	8.96e-02	3.29e-03
 4.92334e+21	1.39e-28	5.12e-22	2.23e-16	3.95e-12	1.13e-08	6.08e-06	1.01e-03	1.68e-02	7.95e-02	1.51e-01	6.61e-01	8.72e-02	3.14e-03
 5.00371e+21	1.78e-28	6.49e-22	2.80e-16	4.86e-12	1.35e-08	6.99e-06	1.10e-03	1.78e-02	8.26e-02	1.54e-01	6.57e-01	8.46e-02	2.97e-03
 5.10819e+21	2.49e-28	8.94e-22	3.82e-16	6.47e-12	1.74e-08	8.44e-06	1.21e-03	1.92e-02	8.68e-02	1.57e-01	6.52e-01	8.13e-02	2.77e-03
 5.21527e+21	3.48e-28	1.23e-21	5.18e-16	8.59e-12	2.22e-08	1.02e-05	1.34e-03	2.07e-02	9.14e-02	1.61e-01	6.45e-01	7.79e-02	2.57e-03
 5.30085e+21	4.55e-28	1.59e-21	6.62e-16	1.07e-11	2.69e-08	1.18e-05	1.45e-03	2.20e-02	9.49e-02	1.63e-01	6.40e-01	7.55e-02	2.43e-03
 5.38722e+21	5.83e-28	2.01e-21	8.32e-16	1.33e-11	3.23e-08	1.35e-05	1.57e-03	2.33e-02	9.85e-02	1.66e-01	6.35e-01	7.31e-02	2.30e-03
 5.49950e+21	7.85e-28	2.67e-21	1.09e-15	1.71e-11	4.03e-08	1.60e-05	1.73e-03	2.51e-02	1.03e-01	1.70e-01	6.28e-01	7.00e-02	2.13e-03
 5.62058e+21	1.09e-27	3.67e-21	1.48e-15	2.26e-11	5.14e-08	1.92e-05	1.92e-03	2.72e-02	1.09e-01	1.73e-01	6.20e-01	6.68e-02	1.97e-03
 5.72492e+21	1.45e-27	4.79e-21	1.92e-15	2.87e-11	6.30e-08	2.24e-05	2.10e-03	2.90e-02	1.13e-01	1.76e-01	6.13e-01	6.41e-02	1.83e-03
 5.81467e+21	1.83e-27	5.99e-21	2.38e-15	3.51e-11	7.50e-08	2.55e-05	2.26e-03	3.07e-02	1.18e-01	1.79e-01	6.07e-01	6.19e-02	1.73e-03
 5.91363e+21	2.26e-27	7.37e-21	2.90e-15	4.21e-11	8.79e-08	2.89e-05	2.45e-03	3.25e-02	1.22e-01	1.81e-01	6.00e-01	5.96e-02	1.62e-03
 6.04227e+21	3.10e-27	9.96e-21	3.90e-15	5.54e-11	1.12e-07	3.44e-05	2.71e-03	3.51e-02	1.28e-01	1.85e-01	5.91e-01	5.66e-02	1.48e-03
 6.17838e+21	4.20e-27	1.34e-20	5.18e-15	7.21e-11	1.40e-07	4.08e-05	3.02e-03	3.79e-02	1.35e-01	1.89e-01	5.81e-01	5.36e-02	1.35e-03
 6.28196e+21	5.27e-27	1.65e-20	6.33e-15	8.70e-11	1.65e-07	4.61e-05	3.26e-03	4.02e-02	1.40e-01	1.91e-01	5.73e-01	5.14e-02	1.26e-03
 6.35886e+21	6.18e-27	1.93e-20	7.37e-15	1.00e-10	1.87e-07	5.05e-05	3.45e-03	4.19e-02	1.44e-01	1.93e-01	5.67e-01	4.98e-02	1.20e-03
 6.44329e+21	7.28e-27	2.26e-20	8.60e-15	1.16e-10	2.12e-07	5.54e-05	3.67e-03	4.38e-02	1.48e-01	1.95e-01	5.60e-01	4.82e-02	1.14e-03
 6.55305e+21	8.93e-27	2.76e-20	1.04e-14	1.39e-10	2.48e-07	6.24e-05	3.96e-03	4.64e-02	1.53e-01	1.97e-01	5.52e-01	4.61e-02	1.05e-03
 6.69574e+21	1.15e-26	3.53e-20	1.33e-14	1.74e-10	3.02e-07	7.24e-05	4.38e-03	4.99e-02	1.60e-01	2.01e-01	5.40e-01	4.35e-02	9.59e-04
 6.84064e+21	1.48e-26	4.51e-20	1.69e-14	2.18e-10	3.68e-07	8.39e-05	4.83e-03	5.37e-02	1.68e-01	2.04e-01	5.28e-01	4.09e-02	8.69e-04
 6.95404e+21	1.78e-26	5.38e-20	2.00e-14	2.55e-10	4.23e-07	9.35e-05	5.20e-03	5.67e-02	1.73e-01	2.06e-01	5.19e-01	3.90e-02	8.07e-04
 7.06705e+21	2.14e-26	6.46e-20	2.39e-14	3.02e-10	4.90e-07	1.04e-04	5.59e-03	5.98e-02	1.79e-01	2.08e-01	5.10e-01	3.72e-02	7.47e-04
 7.21396e+21	2.67e-26	8.01e-20	2.95e-14	3.69e-10	5.85e-07	1.19e-04	6.14e-03	6.39e-02	1.87e-01	2.10e-01	4.97e-01	3.50e-02	6.77e-04
 7.37048e+21	3.34e-26	1.00e-19	3.66e-14	4.54e-10	7.02e-07	1.37e-04	6.75e-03	6.85e-02	1.95e-01	2.13e-01	4.84e-01	3.27e-02	6.08e-04
 7.50281e+21	4.02e-26	1.20e-19	4.37e-14	5.38e-10	8.14e-07	1.53e-04	7.31e-03	7.25e-02	2.01e-01	2.15e-01	4.73e-01	3.09e-02	5.56e-04
 7.63820e+21	4.78e-26	1.43e-19	5.19e-14	6.34e-10	9.42e-07	1.71e-04	7.90e-03	7.66e-02	2.08e-01	2.16e-01	4.61e-01	2.91e-02	5.07e-04
 7.81419e+21	5.93e-26	1.78e-19	6.42e-14	7.78e-10	1.13e-06	1.96e-04	8.71e-03	8.22e-02	2.17e-01	2.18e-01	4.46e-01	2.70e-02	4.50e-04
 7.99766e+21	7.37e-26	2.22e-19	7.95e-14	9.57e-10	1.36e-06	2.26e-04	9.63e-03	8.83e-02	2.26e-01	2.20e-01	4.30e-01	2.49e-02	3.97e-04
 8.14769e+21	8.73e-26	2.66e-19	9.43e-14	1.13e-09	1.57e-06	2.53e-04	1.04e-02	9.33e-02	2.33e-01	2.21e-01	4.18e-01	2.33e-02	3.58e-04
 8.29960e+21	1.02e-25	3.14e-19	1.11e-13	1.32e-09	1.81e-06	2.82e-04	1.13e-02	9.84e-02	2.41e-01	2.22e-01	4.05e-01	2.18e-02	3.23e-04
 8.49709e+21	1.24e-25	3.87e-19	1.35e-13	1.61e-09	2.16e-06	3.23e-04	1.24e-02	1.05e-01	2.50e-01	2.23e-01	3.88e-01	1.99e-02	2.82e-04
 8.70527e+21	1.52e-25	4.82e-19	1.66e-13	1.97e-09	2.58e-06	3.71e-04	1.37e-02	1.13e-01	2.60e-01	2.24e-01	3.71e-01	1.81e-02	2.44e-04
 8.86481e+21	1.78e-25	5.70e-19	1.94e-13	2.28e-09	2.95e-06	4.12e-04	1.48e-02	1.19e-01	2.66e-01	2.24e-01	3.59e-01	1.69e-02	2.19e-04
 8.98615e+21	1.99e-25	6.45e-19	2.17e-13	2.55e-09	3.26e-06	4.45e-04	1.56e-02	1.23e-01	2.71e-01	2.24e-01	3.49e-01	1.60e-02	2.02e-04
 9.12041e+21	2.24e-25	7.36e-19	2.46e-13	2.88e-09	3.63e-06	4.84e-04	1.65e-02	1.28e-01	2.77e-01	2.24e-01	3.39e-01	1.50e-02	1.84e-04
 9.29494e+21	2.59e-25	8.69e-19	2.86e-13	3.34e-09	4.15e-06	5.38e-04	1.78e-02	1.34e-01	2.84e-01	2.24e-01	3.25e-01	1.39e-02	1.63e-04
 9.48580e+21	3.06e-25	1.05e-18	3.38e-13	3.93e-09	4.80e-06	6.02e-04	1.93e-02	1.42e-01	2.91e-01	2.23e-01	3.11e-01	1.27e-02	1.43e-04
 9.65549e+21	3.55e-25	1.23e-18	3.91e-13	4.53e-09	5.45e-06	6.65e-04	2.07e-02	1.48e-01	2.98e-01	2.22e-01	2.99e-01	1.17e-02	1.28e-04
 9.81023e+21	4.04e-25	1.43e-18	4.45e-13	5.14e-09	6.10e-06	7.25e-04	2.20e-02	1.54e-01	3.03e-01	2.21e-01	2.88e-01	1.09e-02	1.15e-04
 9.98792e+21	4.67e-25	1.68e-18	5.15e-13	5.91e-09	6.91e-06	8.00e-04	2.35e-02	1.60e-01	3.09e-01	2.20e-01	2.76e-01	1.01e-02	1.02e-04
 1.02189e+22	5.64e-25	2.09e-18	6.21e-13	7.09e-09	8.12e-06	9.07e-04	2.57e-02	1.69e-01	3.16e-01	2.18e-01	2.61e-01	9.05e-03	8.73e-05
 1.04540e+22	6.91e-25	2.62e-18	7.52e-13	8.51e-09	9.53e-06	1.03e-03	2.80e-02	1.78e-01	3.23e-01	2.16e-01	2.46e-01	8.12e-03	7.45e-05
 1.06389e+22	8.14e-25	3.13e-18	8.74e-13	9.80e-09	1.08e-05	1.13e-03	2.99e-02	1.85e-01	3.27e-01	2.14e-01	2.35e-01	7.47e-03	6.60e-05
 1.08236e+22	9.52e-25	3.73e-18	1.01e-12	1.12e-08	1.22e-05	1.24e-03	3.18e-02	1.92e-01	3.32e-01	2.12e-01	2.24e-01	6.87e-03	5.84e-05
 1.10638e+22	1.17e-24	4.69e-18	1.23e-12	1.34e-08	1.42e-05	1.40e-03	3.45e-02	2.01e-01	3.37e-01	2.09e-01	2.11e-01	6.15e-03	4.99e-05
 1.13167e+22	1.47e-24	6.01e-18	1.50e-12	1.62e-08	1.67e-05	1.59e-03	3.75e-02	2.10e-01	3.42e-01	2.06e-01	1.98e-01	5.48e-03	4.23e-05
 1.15273e+22	1.79e-24	7.39e-18	1.78e-12	1.89e-08	1.90e-05	1.75e-03	4.01e-02	2.18e-01	3.45e-01	2.03e-01	1.87e-01	4.99e-03	3.70e-05
 1.17424e+22	2.18e-24	9.09e-18	2.11e-12	2.21e-08	2.16e-05	1.94e-03	4.28e-02	2.25e-01	3.48e-01	1.99e-01	1.77e-01	4.53e-03	3.23e-05
 1.20220e+22	2.83e-24	1.19e-17	2.64e-12	2.70e-08	2.56e-05	2.20e-03	4.65e-02	2.35e-01	3.52e-01	1.95e-01	1.65e-01	4.00e-03	2.70e-05
 1.23091e+22	3.75e-24	1.59e-17	3.33e-12	3.31e-08	3.04e-05	2.51e-03	5.06e-02	2.45e-01	3.55e-01	1.90e-01	1.53e-01	3.52e-03	2.26e-05
 1.25388e+22	4.71e-24	1.99e-17	4.01e-12	3.89e-08	3.46e-05	2.77e-03	5.40e-02	2.53e-01	3.56e-01	1.86e-01	1.44e-01	3.19e-03	1.96e-05
 1.27702e+22	5.90e-24	2.49e-17	4.82e-12	4.56e-08	3.95e-05	3.06e-03	5.75e-02	2.60e-01	3.58e-01	1.83e-01	1.36e-01	2.88e-03	1.71e-05
 1.30710e+22	7.97e-24	3.34e-17	6.12e-12	5.62e-08	4.67e-05	3.47e-03	6.23e-02	2.70e-01	3.59e-01	1.77e-01	1.26e-01	2.53e-03	1.42e-05
 1.33746e+22	1.09e-23	4.50e-17	7.80e-12	6.91e-08	5.52e-05	3.93e-03	6.74e-02	2.79e-01	3.59e-01	1.72e-01	1.16e-01	2.22e-03	1.19e-05
 1.35968e+22	1.36e-23	5.56e-17	9.27e-12	8.00e-08	6.20e-05	4.29e-03	7.12e-02	2.86e-01	3.59e-01	1.68e-01	1.10e-01	2.03e-03	1.05e-05
 1.38006e+22	1.68e-23	6.74e-17	1.09e-11	9.15e-08	6.91e-05	4.64e-03	7.48e-02	2.92e-01	3.58e-01	1.64e-01	1.04e-01	1.86e-03	9.29e-06
 1.40656e+22	2.20e-23	8.67e-17	1.33e-11	1.09e-07	7.93e-05	5.14e-03	7.97e-02	2.99e-01	3.57e-01	1.59e-01	9.72e-02	1.66e-03	7.97e-06
 1.43481e+22	2.95e-23	1.13e-16	1.66e-11	1.31e-07	9.15e-05	5.71e-03	8.50e-02	3.07e-01	3.56e-01	1.54e-01	9.03e-02	1.48e-03	6.78e-06
 1.45913e+22	3.77e-23	1.42e-16	1.99e-11	1.52e-07	1.03e-04	6.24e-03	8.97e-02	3.14e-01	3.54e-01	1.50e-01	8.48e-02	1.34e-03	5.92e-06
 1.48456e+22	4.88e-23	1.78e-16	2.41e-11	1.78e-07	1.17e-04	6.82e-03	9.48e-02	3.20e-01	3.53e-01	1.45e-01	7.94e-02	1.21e-03	5.14e-06
 1.51761e+22	6.82e-23	2.40e-16	3.07e-11	2.19e-07	1.37e-04	7.65e-03	1.02e-01	3.28e-01	3.50e-01	1.39e-01	7.29e-02	1.06e-03	4.29e-06
 1.55146e+22	9.61e-23	3.24e-16	3.92e-11	2.68e-07	1.60e-04	8.57e-03	1.09e-01	3.35e-01	3.46e-01	1.33e-01	6.68e-02	9.22e-04	3.57e-06
 1.57884e+22	1.26e-22	4.10e-16	4.76e-11	3.14e-07	1.81e-04	9.37e-03	1.15e-01	3.41e-01	3.43e-01	1.29e-01	6.23e-02	8.28e-04	3.09e-06
 1.60693e+22	1.65e-22	5.19e-16	5.79e-11	3.69e-07	2.04e-04	1.02e-02	1.21e-01	3.47e-01	3.39e-01	1.24e-01	5.80e-02	7.42e-04	2.67e-06
 1.64346e+22	2.34e-22	7.05e-16	7.44e-11	4.54e-07	2.39e-04	1.15e-02	1.29e-01	3.53e-01	3.34e-01	1.18e-01	5.28e-02	6.43e-04	2.20e-06
 1.68149e+22	3.36e-22	9.62e-16	9.61e-11	5.59e-07	2.80e-04	1.28e-02	1.38e-01	3.60e-01	3.29e-01	1.12e-01	4.79e-02	5.56e-04	1.81e-06
 1.71278e+22	4.48e-22	1.23e-15	1.18e-10	6.61e-07	3.18e-04	1.40e-02	1.45e-01	3.65e-01	3.24e-01	1.07e-01	4.43e-02	4.94e-04	1.55e-06
 1.74474e+22	5.97e-22	1.58e-15	1.44e-10	7.80e-07	3.60e-04	1.53e-02	1.53e-01	3.69e-01	3.18e-01	1.03e-01	4.09e-02	4.39e-04	1.32e-06
 1.78629e+22	8.65e-22	2.17e-15	1.88e-10	9.66e-07	4.23e-04	1.72e-02	1.63e-01	3.74e-01	3.11e-01	9.68e-02	3.68e-02	3.76e-04	1.08e-06
 1.82923e+22	1.26e-21	2.99e-15	2.44e-10	1.19e-06	4.96e-04	1.92e-02	1.73e-01	3.79e-01	3.04e-01	9.10e-02	3.31e-02	3.21e-04	8.74e-07
 1.86418e+22	1.68e-21	3.83e-15	3.00e-10	1.41e-06	5.62e-04	2.09e-02	1.82e-01	3.82e-01	2.98e-01	8.65e-02	3.04e-02	2.83e-04	7.41e-07
 1.89984e+22	2.26e-21	4.93e-15	3.69e-10	1.67e-06	6.37e-04	2.29e-02	1.90e-01	3.85e-01	2.91e-01	8.21e-02	2.78e-02	2.49e-04	6.26e-07
 1.94620e+22	3.28e-21	6.78e-15	4.80e-10	2.06e-06	7.45e-04	2.55e-02	2.02e-01	3.88e-01	2.82e-01	7.67e-02	2.48e-02	2.11e-04	5.05e-07
 1.99465e+22	4.81e-21	9.40e-15	6.26e-10	2.56e-06	8.73e-04	2.84e-02	2.14e-01	3.90e-01	2.73e-01	7.13e-02	2.20e-02	1.78e-04	4.04e-07
 2.03498e+22	6.51e-21	1.22e-14	7.75e-10	3.04e-06	9.92e-04	3.10e-02	2.24e-01	3.92e-01	2.65e-01	6.71e-02	2.00e-02	1.55e-04	3.37e-07
 2.07661e+22	8.84e-21	1.58e-14	9.62e-10	3.61e-06	1.13e-03	3.39e-02	2.34e-01	3.92e-01	2.58e-01	6.30e-02	1.81e-02	1.34e-04	2.80e-07
 2.12104e+22	1.22e-20	2.09e-14	1.21e-09	4.32e-06	1.29e-03	3.71e-02	2.45e-01	3.92e-01	2.49e-01	5.88e-02	1.63e-02	1.15e-04	2.30e-07
 2.15886e+22	1.59e-20	2.62e-14	1.45e-09	5.01e-06	1.43e-03	3.99e-02	2.54e-01	3.92e-01	2.42e-01	5.55e-02	1.49e-02	1.02e-04	1.96e-07
 2.19775e+22	2.08e-20	3.29e-14	1.75e-09	5.82e-06	1.60e-03	4.29e-02	2.63e-01	3.91e-01	2.35e-01	5.23e-02	1.36e-02	8.93e-05	1.66e-07
 2.24831e+22	2.92e-20	4.39e-14	2.22e-09	7.04e-06	1.84e-03	4.71e-02	2.75e-01	3.90e-01	2.25e-01	4.84e-02	1.21e-02	7.56e-05	1.34e-07
 2.29980e+22	4.08e-20	5.87e-14	2.81e-09	8.49e-06	2.10e-03	5.16e-02	2.87e-01	3.88e-01	2.16e-01	4.47e-02	1.07e-02	6.39e-05	0.00e+00
 2.34111e+22	5.28e-20	7.32e-14	3.37e-09	9.80e-06	2.33e-03	5.53e-02	2.96e-01	3.85e-01	2.09e-01	4.19e-02	9.73e-03	5.60e-05	0.00e+00
 2.38339e+22	6.85e-20	9.15e-14	4.05e-09	1.13e-05	2.59e-03	5.92e-02	3.06e-01	3.83e-01	2.02e-01	3.93e-02	8.84e-03	4.90e-05	0.00e+00
 2.43835e+22	9.53e-20	1.21e-13	5.10e-09	1.36e-05	2.96e-03	6.46e-02	3.18e-01	3.79e-01	1.92e-01	3.61e-02	7.80e-03	4.12e-05	0.00e+00
 2.49610e+22	1.34e-19	1.63e-13	6.46e-09	1.64e-05	3.38e-03	7.05e-02	3.30e-01	3.74e-01	1.83e-01	3.30e-02	6.84e-03	3.44e-05	0.00e+00
 2.54409e+22	1.75e-19	2.05e-13	7.80e-09	1.90e-05	3.76e-03	7.55e-02	3.39e-01	3.70e-01	1.75e-01	3.06e-02	6.15e-03	2.98e-05	0.00e+00
 2.59308e+22	2.29e-19	2.58e-13	9.41e-09	2.20e-05	4.18e-03	8.08e-02	3.49e-01	3.65e-01	1.68e-01	2.84e-02	5.52e-03	2.57e-05	0.00e+00
 2.65677e+22	3.21e-19	3.46e-13	1.20e-08	2.65e-05	4.77e-03	8.80e-02	3.60e-01	3.58e-01	1.58e-01	2.57e-02	4.81e-03	2.13e-05	0.00e+00
 2.72275e+22	4.53e-19	4.65e-13	1.52e-08	3.20e-05	5.44e-03	9.57e-02	3.72e-01	3.51e-01	1.49e-01	2.32e-02	4.16e-03	1.75e-05	0.00e+00
 2.77636e+22	5.91e-19	5.84e-13	1.83e-08	3.70e-05	6.03e-03	1.02e-01	3.81e-01	3.45e-01	1.42e-01	2.13e-02	3.71e-03	1.50e-05	0.00e+00
 2.83069e+22	7.69e-19	7.33e-13	2.20e-08	4.27e-05	6.68e-03	1.09e-01	3.89e-01	3.38e-01	1.34e-01	1.96e-02	3.31e-03	1.28e-05	0.00e+00
 2.90133e+22	1.07e-18	9.79e-13	2.78e-08	5.12e-05	7.58e-03	1.18e-01	3.99e-01	3.29e-01	1.26e-01	1.76e-02	2.85e-03	1.05e-05	0.00e+00
 2.97567e+22	1.51e-18	1.32e-12	3.53e-08	6.15e-05	8.62e-03	1.27e-01	4.09e-01	3.20e-01	1.17e-01	1.57e-02	2.44e-03	8.54e-06	0.00e+00
 3.03807e+22	1.99e-18	1.67e-12	4.27e-08	7.13e-05	9.55e-03	1.36e-01	4.17e-01	3.11e-01	1.10e-01	1.43e-02	2.15e-03	7.21e-06	0.00e+00
 3.10243e+22	2.62e-18	2.12e-12	5.19e-08	8.29e-05	1.06e-02	1.45e-01	4.24e-01	3.03e-01	1.04e-01	1.30e-02	1.89e-03	6.06e-06	0.00e+00
 3.18611e+22	3.71e-18	2.86e-12	6.61e-08	9.98e-05	1.21e-02	1.56e-01	4.32e-01	2.92e-01	9.55e-02	1.14e-02	1.60e-03	4.86e-06	0.00e+00
 3.27388e+22	5.28e-18	3.88e-12	8.44e-08	1.20e-04	1.37e-02	1.68e-01	4.39e-01	2.80e-01	8.76e-02	1.00e-02	1.34e-03	3.86e-06	0.00e+00
 3.34761e+22	6.99e-18	4.96e-12	1.03e-07	1.40e-04	1.52e-02	1.79e-01	4.44e-01	2.70e-01	8.15e-02	8.96e-03	1.16e-03	3.20e-06	0.00e+00
 3.42410e+22	9.27e-18	6.33e-12	1.25e-07	1.62e-04	1.68e-02	1.89e-01	4.49e-01	2.60e-01	7.57e-02	8.01e-03	1.01e-03	2.64e-06	0.00e+00
 3.50519e+22	1.24e-17	8.18e-12	1.53e-07	1.90e-04	1.87e-02	2.01e-01	4.53e-01	2.50e-01	6.98e-02	7.10e-03	8.62e-04	2.16e-06	0.00e+00
 3.57363e+22	1.57e-17	1.01e-11	1.81e-07	2.15e-04	2.03e-02	2.11e-01	4.55e-01	2.41e-01	6.53e-02	6.44e-03	7.60e-04	1.83e-06	0.00e+00
 3.64398e+22	2.00e-17	1.23e-11	2.14e-07	2.44e-04	2.21e-02	2.21e-01	4.57e-01	2.33e-01	6.10e-02	5.81e-03	6.68e-04	1.55e-06	0.00e+00
 3.73543e+22	2.69e-17	1.60e-11	2.63e-07	2.85e-04	2.45e-02	2.33e-01	4.59e-01	2.22e-01	5.58e-02	5.11e-03	5.67e-04	1.25e-06	0.00e+00
 3.83108e+22	3.66e-17	2.09e-11	3.25e-07	3.34e-04	2.72e-02	2.47e-01	4.59e-01	2.10e-01	5.08e-02	4.45e-03	4.77e-04	9.99e-07	0.00e+00
 3.91115e+22	4.67e-17	2.59e-11	3.85e-07	3.79e-04	2.96e-02	2.58e-01	4.59e-01	2.01e-01	4.69e-02	3.98e-03	4.14e-04	8.33e-07	0.00e+00
 3.99420e+22	5.95e-17	3.19e-11	4.56e-07	4.30e-04	3.22e-02	2.69e-01	4.58e-01	1.92e-01	4.33e-02	3.55e-03	3.60e-04	6.94e-07	0.00e+00
 4.10217e+22	8.07e-17	4.17e-11	5.63e-07	5.04e-04	3.57e-02	2.84e-01	4.56e-01	1.81e-01	3.91e-02	3.06e-03	3.00e-04	5.49e-07	0.00e+00
 4.21756e+22	1.12e-16	5.53e-11	7.03e-07	5.94e-04	3.97e-02	2.99e-01	4.53e-01	1.70e-01	3.49e-02	2.62e-03	2.47e-04	4.28e-07	0.00e+00
 4.31163e+22	1.43e-16	6.87e-11	8.34e-07	6.75e-04	4.31e-02	3.11e-01	4.49e-01	1.61e-01	3.19e-02	2.31e-03	2.12e-04	3.52e-07	0.00e+00
 4.39094e+22	1.75e-16	8.19e-11	9.61e-07	7.49e-04	4.60e-02	3.21e-01	4.46e-01	1.54e-01	2.96e-02	2.08e-03	1.86e-04	2.99e-07	0.00e+00
 4.48202e+22	2.19e-16	9.98e-11	1.12e-06	8.41e-04	4.95e-02	3.33e-01	4.42e-01	1.46e-01	2.72e-02	1.85e-03	1.62e-04	2.49e-07	0.00e+00
 4.60043e+22	2.91e-16	1.28e-10	1.37e-06	9.70e-04	5.42e-02	3.47e-01	4.36e-01	1.36e-01	2.43e-02	1.59e-03	1.35e-04	1.97e-07	0.00e+00
 4.72444e+22	3.89e-16	1.65e-10	1.67e-06	1.12e-03	5.94e-02	3.61e-01	4.28e-01	1.27e-01	2.16e-02	1.35e-03	1.11e-04	1.55e-07	0.00e+00
 4.82902e+22	4.93e-16	2.04e-10	1.97e-06	1.27e-03	6.40e-02	3.73e-01	4.22e-01	1.19e-01	1.96e-02	1.19e-03	9.48e-05	1.26e-07	0.00e+00
 4.93825e+22	6.21e-16	2.49e-10	2.31e-06	1.42e-03	6.88e-02	3.84e-01	4.15e-01	1.12e-01	1.78e-02	1.04e-03	8.10e-05	0.00e+00	0.00e+00
 5.08026e+22	8.34e-16	3.22e-10	2.83e-06	1.65e-03	7.53e-02	3.98e-01	4.05e-01	1.03e-01	1.57e-02	8.76e-04	6.62e-05	0.00e+00	0.00e+00
 5.22812e+22	1.13e-15	4.20e-10	3.48e-06	1.92e-03	8.24e-02	4.12e-01	3.94e-01	9.48e-02	1.37e-02	7.32e-04	5.36e-05	0.00e+00	0.00e+00
 5.34975e+22	1.42e-15	5.16e-10	4.09e-06	2.15e-03	8.83e-02	4.23e-01	3.85e-01	8.84e-02	1.23e-02	6.36e-04	4.53e-05	0.00e+00	0.00e+00
 5.47401e+22	1.79e-15	6.32e-10	4.81e-06	2.42e-03	9.46e-02	4.33e-01	3.76e-01	8.23e-02	1.10e-02	5.51e-04	3.83e-05	0.00e+00	0.00e+00
 5.63554e+22	2.39e-15	8.15e-10	5.86e-06	2.79e-03	1.03e-01	4.46e-01	3.64e-01	7.51e-02	9.61e-03	4.60e-04	3.11e-05	0.00e+00	0.00e+00
 5.80740e+22	3.24e-15	1.06e-09	7.20e-06	3.23e-03	1.12e-01	4.58e-01	3.50e-01	6.80e-02	8.29e-03	3.80e-04	2.48e-05	0.00e+00	0.00e+00
 5.95249e+22	4.14e-15	1.32e-09	8.52e-06	3.64e-03	1.20e-01	4.67e-01	3.39e-01	6.26e-02	7.33e-03	3.24e-04	2.06e-05	0.00e+00	0.00e+00
 6.10092e+22	5.25e-15	1.62e-09	1.00e-05	4.08e-03	1.28e-01	4.76e-01	3.28e-01	5.76e-02	6.49e-03	2.77e-04	1.72e-05	0.00e+00	0.00e+00
 6.29389e+22	7.08e-15	2.11e-09	1.23e-05	4.71e-03	1.39e-01	4.86e-01	3.13e-01	5.17e-02	5.55e-03	2.27e-04	1.37e-05	0.00e+00	0.00e+00
 6.49580e+22	9.61e-15	2.77e-09	1.52e-05	5.46e-03	1.50e-01	4.95e-01	2.98e-01	4.62e-02	4.71e-03	1.84e-04	1.08e-05	0.00e+00	0.00e+00
 6.66235e+22	1.23e-14	3.42e-09	1.79e-05	6.12e-03	1.60e-01	5.01e-01	2.86e-01	4.21e-02	4.12e-03	1.56e-04	8.88e-06	0.00e+00	0.00e+00
 6.83187e+22	1.55e-14	4.21e-09	2.11e-05	6.85e-03	1.70e-01	5.07e-01	2.74e-01	3.84e-02	3.62e-03	1.32e-04	7.37e-06	0.00e+00	0.00e+00
 7.05224e+22	2.09e-14	5.47e-09	2.58e-05	7.88e-03	1.83e-01	5.12e-01	2.60e-01	3.41e-02	3.06e-03	1.07e-04	5.81e-06	0.00e+00	0.00e+00
 7.28358e+22	2.85e-14	7.18e-09	3.18e-05	9.09e-03	1.97e-01	5.17e-01	2.44e-01	3.01e-02	2.57e-03	8.62e-05	4.53e-06	0.00e+00	0.00e+00
 7.47776e+22	3.66e-14	8.91e-09	3.76e-05	1.02e-02	2.09e-01	5.19e-01	2.32e-01	2.71e-02	2.22e-03	7.22e-05	3.70e-06	0.00e+00	0.00e+00
 7.67878e+22	4.68e-14	1.10e-08	4.45e-05	1.14e-02	2.21e-01	5.21e-01	2.20e-01	2.44e-02	1.92e-03	6.05e-05	3.02e-06	0.00e+00	0.00e+00
 7.94010e+22	6.41e-14	1.45e-08	5.50e-05	1.31e-02	2.36e-01	5.22e-01	2.06e-01	2.13e-02	1.60e-03	4.84e-05	2.35e-06	0.00e+00	0.00e+00
 8.20760e+22	8.85e-14	1.92e-08	6.80e-05	1.51e-02	2.53e-01	5.21e-01	1.91e-01	1.85e-02	1.32e-03	3.83e-05	1.81e-06	0.00e+00	0.00e+00
 8.42797e+22	1.14e-13	2.39e-08	8.04e-05	1.69e-02	2.66e-01	5.19e-01	1.80e-01	1.66e-02	1.14e-03	3.19e-05	1.47e-06	0.00e+00	0.00e+00
 8.65928e+22	1.48e-13	2.98e-08	9.54e-05	1.88e-02	2.80e-01	5.17e-01	1.69e-01	1.48e-02	9.77e-04	2.66e-05	1.20e-06	0.00e+00	0.00e+00
 8.91573e+22	1.98e-13	3.82e-08	1.15e-04	2.13e-02	2.95e-01	5.12e-01	1.57e-01	1.29e-02	8.22e-04	2.16e-05	9.48e-07	0.00e+00	0.00e+00
 9.14706e+22	2.56e-13	4.74e-08	1.36e-04	2.36e-02	3.09e-01	5.08e-01	1.48e-01	1.15e-02	7.07e-04	1.80e-05	7.74e-07	0.00e+00	0.00e+00
 9.38998e+22	3.33e-13	5.90e-08	1.61e-04	2.62e-02	3.22e-01	5.02e-01	1.38e-01	1.03e-02	6.07e-04	1.51e-05	6.33e-07	0.00e+00	0.00e+00
 9.70577e+22	4.65e-13	7.79e-08	1.99e-04	2.99e-02	3.40e-01	4.94e-01	1.27e-01	8.86e-03	5.02e-04	1.20e-05	4.93e-07	0.00e+00	0.00e+00
 1.00074e+23	6.51e-13	1.03e-07	2.45e-04	3.39e-02	3.57e-01	4.85e-01	1.16e-01	7.63e-03	4.14e-04	9.60e-06	3.82e-07	0.00e+00	0.00e+00
 1.02294e+23	8.37e-13	1.26e-07	2.85e-04	3.72e-02	3.69e-01	4.77e-01	1.09e-01	6.84e-03	3.60e-04	8.15e-06	3.18e-07	0.00e+00	0.00e+00
 1.04565e+23	1.07e-12	1.53e-07	3.30e-04	4.05e-02	3.81e-01	4.70e-01	1.02e-01	6.16e-03	3.16e-04	7.00e-06	2.69e-07	0.00e+00	0.00e+00
 1.07518e+23	1.48e-12	1.98e-07	3.99e-04	4.52e-02	3.96e-01	4.59e-01	9.41e-02	5.38e-03	2.67e-04	5.75e-06	2.16e-07	0.00e+00	0.00e+00
 1.10479e+23	2.07e-12	2.57e-07	4.85e-04	5.05e-02	4.11e-01	4.47e-01	8.64e-02	4.69e-03	2.25e-04	4.71e-06	1.73e-07	0.00e+00	0.00e+00
 1.12736e+23	2.70e-12	3.15e-07	5.63e-04	5.49e-02	4.22e-01	4.38e-01	8.08e-02	4.21e-03	1.97e-04	4.04e-06	1.46e-07	0.00e+00	0.00e+00
 1.14636e+23	3.38e-12	3.73e-07	6.38e-04	5.87e-02	4.30e-01	4.30e-01	7.65e-02	3.86e-03	1.77e-04	3.57e-06	1.27e-07	0.00e+00	0.00e+00
 1.16785e+23	4.35e-12	4.49e-07	7.32e-04	6.32e-02	4.40e-01	4.21e-01	7.20e-02	3.52e-03	1.58e-04	3.13e-06	0.00e+00	0.00e+00	0.00e+00
 1.19579e+23	6.08e-12	5.75e-07	8.75e-04	6.94e-02	4.51e-01	4.09e-01	6.65e-02	3.11e-03	1.36e-04	2.65e-06	0.00e+00	0.00e+00	0.00e+00
 1.22334e+23	8.67e-12	7.45e-07	1.06e-03	7.65e-02	4.63e-01	3.96e-01	6.12e-02	2.74e-03	1.17e-04	2.22e-06	0.00e+00	0.00e+00	0.00e+00
 1.24330e+23	1.15e-11	9.06e-07	1.22e-03	8.21e-02	4.71e-01	3.86e-01	5.75e-02	2.49e-03	1.04e-04	1.95e-06	0.00e+00	0.00e+00	0.00e+00
 1.25880e+23	1.44e-11	1.05e-06	1.36e-03	8.66e-02	4.76e-01	3.78e-01	5.48e-02	2.32e-03	9.56e-05	1.77e-06	0.00e+00	0.00e+00	0.00e+00
 1.27558e+23	1.82e-11	1.24e-06	1.53e-03	9.15e-02	4.82e-01	3.70e-01	5.21e-02	2.16e-03	8.78e-05	1.61e-06	0.00e+00	0.00e+00	0.00e+00
 1.29740e+23	2.50e-11	1.54e-06	1.79e-03	9.87e-02	4.89e-01	3.59e-01	4.87e-02	1.95e-03	7.80e-05	1.41e-06	0.00e+00	0.00e+00	0.00e+00
 1.31935e+23	3.58e-11	1.93e-06	2.10e-03	1.06e-01	4.96e-01	3.48e-01	4.55e-02	1.77e-03	6.95e-05	1.24e-06	0.00e+00	0.00e+00	0.00e+00
 1.33589e+23	4.68e-11	2.31e-06	2.40e-03	1.13e-01	5.01e-01	3.39e-01	4.31e-02	1.64e-03	6.35e-05	1.12e-06	0.00e+00	0.00e+00	0.00e+00
 1.34921e+23	6.02e-11	2.69e-06	2.68e-03	1.18e-01	5.04e-01	3.32e-01	4.11e-02	1.54e-03	5.89e-05	1.03e-06	0.00e+00	0.00e+00	0.00e+00
 1.36396e+23	7.81e-11	3.18e-06	3.02e-03	1.25e-01	5.08e-01	3.24e-01	3.91e-02	1.43e-03	5.44e-05	9.40e-07	0.00e+00	0.00e+00	0.00e+00
 1.38062e+23	1.09e-10	3.87e-06	3.49e-03	1.32e-01	5.12e-01	3.14e-01	3.69e-02	1.32e-03	4.97e-05	8.49e-07	0.00e+00	0.00e+00	0.00e+00
 1.39578e+23	1.50e-10	4.67e-06	4.02e-03	1.40e-01	5.15e-01	3.05e-01	3.49e-02	1.23e-03	4.56e-05	7.71e-07	0.00e+00	0.00e+00	0.00e+00
 1.40838e+23	1.96e-10	5.50e-06	4.54e-03	1.47e-01	5.17e-01	2.97e-01	3.33e-02	1.15e-03	4.24e-05	7.13e-07	0.00e+00	0.00e+00	0.00e+00
 1.41989e+23	2.56e-10	6.42e-06	5.10e-03	1.54e-01	5.18e-01	2.90e-01	3.18e-02	1.08e-03	3.96e-05	6.61e-07	0.00e+00	0.00e+00	0.00e+00
 1.43306e+23	3.51e-10	7.74e-06	5.88e-03	1.63e-01	5.19e-01	2.81e-01	3.01e-02	1.01e-03	3.65e-05	6.05e-07	0.00e+00	0.00e+00	0.00e+00
 1.44705e+23	5.17e-10	9.47e-06	6.87e-03	1.73e-01	5.20e-01	2.71e-01	2.83e-02	9.31e-04	3.35e-05	5.51e-07	0.00e+00	0.00e+00	0.00e+00
 1.45870e+23	7.02e-10	1.14e-05	7.94e-03	1.83e-01	5.20e-01	2.62e-01	2.68e-02	8.66e-04	3.09e-05	5.06e-07	0.00e+00	0.00e+00	0.00e+00
 1.46828e+23	9.37e-10	1.33e-05	8.97e-03	1.91e-01	5.19e-01	2.55e-01	2.55e-02	8.16e-04	2.90e-05	4.72e-07	0.00e+00	0.00e+00	0.00e+00
 1.47861e+23	1.32e-09	1.58e-05	1.03e-02	2.01e-01	5.18e-01	2.46e-01	2.42e-02	7.62e-04	2.69e-05	4.37e-07	0.00e+00	0.00e+00	0.00e+00
 1.49015e+23	1.94e-09	1.93e-05	1.22e-02	2.13e-01	5.15e-01	2.36e-01	2.26e-02	7.01e-04	2.47e-05	3.97e-07	0.00e+00	0.00e+00	0.00e+00
 1.50057e+23	2.81e-09	2.34e-05	1.43e-02	2.26e-01	5.12e-01	2.26e-01	2.11e-02	6.45e-04	2.26e-05	3.62e-07	0.00e+00	0.00e+00	0.00e+00
 1.50945e+23	3.76e-09	2.79e-05	1.65e-02	2.37e-01	5.08e-01	2.17e-01	1.98e-02	5.97e-04	2.08e-05	3.32e-07	0.00e+00	0.00e+00	0.00e+00
 1.51903e+23	5.72e-09	3.36e-05	1.93e-02	2.51e-01	5.03e-01	2.07e-01	1.85e-02	5.49e-04	1.91e-05	3.04e-07	0.00e+00	0.00e+00	0.00e+00
 1.52974e+23	8.89e-09	4.19e-05	2.33e-02	2.67e-01	4.96e-01	1.96e-01	1.69e-02	4.93e-04	1.71e-05	2.71e-07	0.00e+00	0.00e+00	0.00e+00
 1.53954e+23	1.37e-08	5.16e-05	2.78e-02	2.84e-01	4.88e-01	1.84e-01	1.55e-02	4.42e-04	1.53e-05	2.41e-07	0.00e+00	0.00e+00	0.00e+00
 1.54820e+23	2.03e-08	6.24e-05	3.27e-02	3.00e-01	4.79e-01	1.74e-01	1.42e-02	3.98e-04	1.37e-05	2.16e-07	0.00e+00	0.00e+00	0.00e+00
 1.55778e+23	3.20e-08	7.68e-05	3.92e-02	3.18e-01	4.67e-01	1.62e-01	1.28e-02	3.52e-04	1.21e-05	1.90e-07	0.00e+00	0.00e+00	0.00e+00
 1.57022e+23	5.86e-08	1.00e-04	4.94e-02	3.43e-01	4.50e-01	1.46e-01	1.10e-02	2.96e-04	1.01e-05	1.58e-07	0.00e+00	0.00e+00	0.00e+00
 1.58266e+23	1.12e-07	1.32e-04	6.22e-02	3.68e-01	4.30e-01	1.31e-01	9.38e-03	2.44e-04	8.30e-06	1.29e-07	0.00e+00	0.00e+00	0.00e+00
 1.59222e+23	1.85e-07	1.61e-04	7.39e-02	3.87e-01	4.12e-01	1.19e-01	8.18e-03	2.08e-04	7.05e-06	0.00e+00	0.00e+00	0.00e+00	0.00e+00
 1.60177e+23	3.12e-07	1.95e-04	8.71e-02	4.05e-01	3.93e-01	1.07e-01	7.09e-03	1.76e-04	5.94e-06	0.00e+00	0.00e+00	0.00e+00	0.00e+00
 1.61419e+23	5.74e-07	2.47e-04	1.06e-01	4.27e-01	3.67e-01	9.32e-02	5.83e-03	1.41e-04	4.71e-06	0.00e+00	0.00e+00	0.00e+00	0.00e+00
 1.62754e+23	1.02e-06	3.13e-04	1.30e-01	4.47e-01	3.38e-01	7.95e-02	4.68e-03	1.09e-04	3.63e-06	0.00e+00	0.00e+00	0.00e+00	0.00e+00
 1.63963e+23	1.55e-06	3.81e-04	1.53e-01	4.62e-01	3.12e-01	6.83e-02	3.81e-03	8.61e-05	2.84e-06	0.00e+00	0.00e+00	0.00e+00	0.00e+00
 1.65252e+23	2.17e-06	4.61e-04	1.79e-01	4.74e-01	2.85e-01	5.78e-02	3.05e-03	6.69e-05	2.19e-06	0.00e+00	0.00e+00	0.00e+00	0.00e+00
 1.66853e+23	3.00e-06	5.71e-04	2.13e-01	4.84e-01	2.54e-01	4.68e-02	2.30e-03	4.86e-05	1.58e-06	0.00e+00	0.00e+00	0.00e+00	0.00e+00
 1.68607e+23	3.91e-06	7.01e-04	2.51e-01	4.88e-01	2.22e-01	3.71e-02	1.69e-03	3.45e-05	1.10e-06	0.00e+00	0.00e+00	0.00e+00	0.00e+00
 1.70232e+23	4.73e-06	8.28e-04	2.86e-01	4.86e-01	1.96e-01	3.00e-02	1.28e-03	2.52e-05	7.95e-07	0.00e+00	0.00e+00	0.00e+00	0.00e+00
 1.71878e+23	5.51e-06	9.61e-04	3.21e-01	4.81e-01	1.72e-01	2.42e-02	9.67e-04	1.85e-05	5.76e-07	0.00e+00	0.00e+00	0.00e+00	0.00e+00
 1.73844e+23	6.34e-06	1.12e-03	3.61e-01	4.71e-01	1.48e-01	1.88e-02	6.99e-04	1.29e-05	3.96e-07	0.00e+00	0.00e+00	0.00e+00	0.00e+00
 1.76131e+23	7.21e-06	1.31e-03	4.05e-01	4.55e-01	1.24e-01	1.42e-02	4.87e-04	8.69e-06	2.62e-07	0.00e+00	0.00e+00	0.00e+00	0.00e+00
 1.78626e+23	8.03e-06	1.52e-03	4.49e-01	4.35e-01	1.03e-01	1.06e-02	3.35e-04	5.77e-06	1.71e-07	0.00e+00	0.00e+00	0.00e+00	0.00e+00
 1.81330e+23	8.79e-06	1.73e-03	4.92e-01	4.12e-01	8.53e-02	7.85e-03	2.28e-04	3.81e-06	0.00e+00	0.00e+00	0.00e+00	0.00e+00	0.00e+00
 1.84366e+23	9.48e-06	1.97e-03	5.36e-01	3.87e-01	6.96e-02	5.73e-03	1.53e-04	2.48e-06	0.00e+00	0.00e+00	0.00e+00	0.00e+00	0.00e+00
 1.87909e+23	1.02e-05	2.23e-03	5.80e-01	3.58e-01	5.56e-02	4.08e-03	1.00e-04	1.57e-06	0.00e+00	0.00e+00	0.00e+00	0.00e+00	0.00e+00
 1.92090e+23	1.09e-05	2.51e-03	6.25e-01	3.26e-01	4.35e-02	2.83e-03	6.34e-05	9.66e-07	0.00e+00	0.00e+00	0.00e+00	0.00e+00	0.00e+00
 1.97010e+23	1.16e-05	2.82e-03	6.68e-01	2.93e-01	3.35e-02	1.93e-03	3.95e-05	5.86e-07	0.00e+00	0.00e+00	0.00e+00	0.00e+00	0.00e+00
 2.03126e+23	1.22e-05	3.17e-03	7.12e-01	2.59e-01	2.50e-02	1.28e-03	2.38e-05	3.43e-07	0.00e+00	0.00e+00	0.00e+00	0.00e+00	0.00e+00
 2.10777e+23	1.30e-05	3.57e-03	7.53e-01	2.24e-01	1.82e-02	8.25e-04	1.40e-05	1.97e-07	0.00e+00	0.00e+00	0.00e+00	0.00e+00	0.00e+00
 2.19331e+23	1.39e-05	3.97e-03	7.89e-01	1.93e-01	1.34e-02	5.49e-04	8.53e-06	0.00e+00	0.00e+00	0.00e+00	0.00e+00	0.00e+00	0.00e+00
 2.27782e+23	1.49e-05	4.35e-03	8.16e-01	1.69e-01	1.03e-02	3.91e-04	5.66e-06	0.00e+00	0.00e+00	0.00e+00	0.00e+00	0.00e+00	0.00e+00
 2.35552e+23	1.59e-05	4.66e-03	8.36e-01	1.51e-01	8.40e-03	3.00e-04	4.13e-06	0.00e+00	0.00e+00	0.00e+00	0.00e+00	0.00e+00	0.00e+00
 2.42545e+23	1.69e-05	4.92e-03	8.50e-01	1.38e-01	7.13e-03	2.44e-04	3.23e-06	0.00e+00	0.00e+00	0.00e+00	0.00e+00	0.00e+00	0.00e+00
 2.48838e+23	1.77e-05	5.14e-03	8.61e-01	1.27e-01	6.24e-03	2.07e-04	2.65e-06	0.00e+00	0.00e+00	0.00e+00	0.00e+00	0.00e+00	0.00e+00
 2.54503e+23	1.86e-05	5.32e-03	8.70e-01	1.19e-01	5.61e-03	1.82e-04	2.27e-06	0.00e+00	0.00e+00	0.00e+00	0.00e+00	0.00e+00	0.00e+00
 2.59601e+23	1.95e-05	5.47e-03	8.76e-01	1.13e-01	5.15e-03	1.63e-04	2.01e-06	0.00e+00	0.00e+00	0.00e+00	0.00e+00	0.00e+00	0.00e+00
 2.64189e+23	2.03e-05	5.60e-03	8.82e-01	1.08e-01	4.79e-03	1.49e-04	1.81e-06	0.00e+00	0.00e+00	0.00e+00	0.00e+00	0.00e+00	0.00e+00
 2.68318e+23	2.10e-05	5.69e-03	8.86e-01	1.04e-01	4.53e-03	1.39e-04	1.67e-06	0.00e+00	0.00e+00	0.00e+00	0.00e+00	0.00e+00	0.00e+00
 2.72034e+23	2.18e-05	5.80e-03	8.90e-01	9.99e-02	4.29e-03	1.30e-04	1.55e-06	0.00e+00	0.00e+00	0.00e+00	0.00e+00	0.00e+00	0.00e+00
 2.75379e+23	2.24e-05	5.87e-03	8.93e-01	9.71e-02	4.12e-03	1.24e-04	1.47e-06	0.00e+00	0.00e+00	0.00e+00	0.00e+00	0.00e+00	0.00e+00
 2.78491e+23	2.30e-05	5.95e-03	8.96e-01	9.44e-02	3.97e-03	1.18e-04	1.39e-06	0.00e+00	0.00e+00	0.00e+00	0.00e+00	0.00e+00	0.00e+00
 2.81546e+23	2.37e-05	6.01e-03	8.98e-01	9.21e-02	3.84e-03	1.13e-04	1.32e-06	0.00e+00	0.00e+00	0.00e+00	0.00e+00	0.00e+00	0.00e+00
 2.84601e+23	2.43e-05	6.07e-03	9.00e-01	8.99e-02	3.72e-03	1.08e-04	1.27e-06	0.00e+00	0.00e+00	0.00e+00	0.00e+00	0.00e+00	0.00e+00
 2.87655e+23	2.50e-05	6.13e-03	9.02e-01	8.78e-02	3.61e-03	1.04e-04	1.22e-06	0.00e+00	0.00e+00	0.00e+00	0.00e+00	0.00e+00	0.00e+00
 2.90710e+23	2.57e-05	6.19e-03	9.04e-01	8.58e-02	3.51e-03	1.00e-04	1.17e-06	0.00e+00	0.00e+00	0.00e+00	0.00e+00	0.00e+00	0.00e+00
 2.93765e+23	2.64e-05	6.24e-03	9.06e-01	8.39e-02	3.41e-03	9.70e-05	1.13e-06	0.00e+00	0.00e+00	0.00e+00	0.00e+00	0.00e+00	0.00e+00
 2.96820e+23	2.72e-05	6.28e-03	9.08e-01	8.22e-02	3.33e-03	9.39e-05	1.10e-06	0.00e+00	0.00e+00	0.00e+00	0.00e+00	0.00e+00	0.00e+00
 2.99875e+23	2.81e-05	6.33e-03	9.10e-01	8.04e-02	3.25e-03	9.09e-05	1.07e-06	0.00e+00	0.00e+00	0.00e+00	0.00e+00	0.00e+00	0.00e+00
 3.02929e+23	2.90e-05	6.38e-03	9.12e-01	7.88e-02	3.18e-03	8.81e-05	1.04e-06	0.00e+00	0.00e+00	0.00e+00	0.00e+00	0.00e+00	0.00e+00
