#depth	Ne	Ne+	Ne+2	Ne+3	Ne+4	Ne+5	Ne+6	Ne+7	Ne+8	Ne+9	Ne+10
 6.17135e+19	0.00e+00	6.42e-32	2.58e-26	1.21e-21	2.27e-17	1.79e-13	8.76e-10	4.36e-06	3.77e-02	3.26e-01	6.36e-01
 1.87609e+20	0.00e+00	2.91e-31	1.01e-25	4.04e-21	6.41e-17	4.22e-13	1.69e-09	6.80e-06	4.62e-02	3.51e-01	6.03e-01
 2.83882e+20	0.00e+00	9.24e-31	2.87e-25	1.02e-20	1.43e-16	8.21e-13	2.82e-09	9.59e-06	5.37e-02	3.70e-01	5.76e-01
 3.32787e+20	0.00e+00	1.63e-30	4.80e-25	1.61e-20	2.12e-16	1.14e-12	3.64e-09	1.14e-05	5.77e-02	3.80e-01	5.63e-01
 3.57617e+20	0.00e+00	2.18e-30	6.26e-25	2.04e-20	2.60e-16	1.35e-12	4.15e-09	1.24e-05	5.99e-02	3.84e-01	5.56e-01
 3.76054e+20	0.00e+00	2.63e-30	7.42e-25	2.37e-20	2.97e-16	1.51e-12	4.51e-09	1.31e-05	6.14e-02	3.87e-01	5.51e-01
 4.00022e+20	0.00e+00	3.56e-30	9.76e-25	3.03e-20	3.67e-16	1.80e-12	5.17e-09	1.44e-05	6.36e-02	3.92e-01	5.44e-01
 4.31181e+20	0.00e+00	4.99e-30	1.33e-24	3.98e-20	4.65e-16	2.19e-12	6.02e-09	1.60e-05	6.64e-02	3.98e-01	5.36e-01
 4.64809e+20	0.00e+00	7.62e-30	1.95e-24	5.62e-20	6.29e-16	2.82e-12	7.32e-09	1.82e-05	6.98e-02	4.04e-01	5.26e-01
 4.93012e+20	0.00e+00	1.03e-29	2.57e-24	7.19e-20	7.78e-16	3.36e-12	8.40e-09	2.00e-05	7.25e-02	4.09e-01	5.19e-01
 5.21043e+20	0.00e+00	1.46e-29	3.52e-24	9.53e-20	9.96e-16	4.13e-12	9.86e-09	2.22e-05	7.54e-02	4.14e-01	5.11e-01
 5.57482e+20	0.00e+00	2.22e-29	5.17e-24	1.34e-19	1.35e-15	5.32e-12	1.20e-08	2.54e-05	7.93e-02	4.20e-01	5.01e-01
 5.94630e+20	0.00e+00	3.42e-29	7.67e-24	1.91e-19	1.83e-15	6.90e-12	1.47e-08	2.91e-05	8.33e-02	4.26e-01	4.91e-01
 6.23990e+20	0.00e+00	4.73e-29	1.03e-23	2.50e-19	2.31e-15	8.38e-12	1.71e-08	3.23e-05	8.66e-02	4.31e-01	4.83e-01
 6.48860e+20	0.00e+00	6.18e-29	1.32e-23	3.11e-19	2.80e-15	9.85e-12	1.94e-08	3.52e-05	8.93e-02	4.34e-01	4.76e-01
 6.76598e+20	0.00e+00	8.68e-29	1.81e-23	4.13e-19	3.60e-15	1.22e-11	2.29e-08	3.94e-05	9.25e-02	4.39e-01	4.69e-01
 7.07458e+20	0.00e+00	1.21e-28	2.44e-23	5.42e-19	4.57e-15	1.49e-11	2.68e-08	4.38e-05	9.62e-02	4.43e-01	4.60e-01
 7.37727e+20	0.00e+00	1.72e-28	3.37e-23	7.25e-19	5.91e-15	1.84e-11	3.18e-08	4.93e-05	9.98e-02	4.48e-01	4.52e-01
 7.67388e+20	0.00e+00	2.36e-28	4.52e-23	9.45e-19	7.46e-15	2.25e-11	3.71e-08	5.48e-05	1.03e-01	4.52e-01	4.45e-01
 8.00912e+20	0.00e+00	3.44e-28	6.40e-23	1.29e-18	9.84e-15	2.84e-11	4.47e-08	6.23e-05	1.08e-01	4.56e-01	4.36e-01
 8.37358e+20	0.00e+00	5.14e-28	9.27e-23	1.81e-18	1.32e-14	3.65e-11	5.46e-08	7.16e-05	1.12e-01	4.61e-01	4.27e-01
 8.69541e+20	0.00e+00	7.18e-28	1.26e-22	2.39e-18	1.70e-14	4.51e-11	6.44e-08	8.03e-05	1.16e-01	4.65e-01	4.19e-01
 9.03315e+20	0.00e+00	1.04e-27	1.78e-22	3.27e-18	2.23e-14	5.70e-11	7.77e-08	9.16e-05	1.21e-01	4.69e-01	4.10e-01
 9.41011e+20	0.00e+00	1.55e-27	2.58e-22	4.58e-18	3.02e-14	7.37e-11	9.55e-08	1.06e-04	1.26e-01	4.73e-01	4.01e-01
 9.76429e+20	0.00e+00	2.21e-27	3.58e-22	6.16e-18	3.93e-14	9.22e-11	1.14e-07	1.20e-04	1.30e-01	4.77e-01	3.93e-01
 1.01510e+21	0.00e+00	3.32e-27	5.23e-22	8.70e-18	5.34e-14	1.20e-10	1.41e-07	1.39e-04	1.36e-01	4.80e-01	3.84e-01
 1.05708e+21	0.00e+00	5.10e-27	7.77e-22	1.25e-17	7.38e-14	1.58e-10	1.76e-07	1.64e-04	1.41e-01	4.84e-01	3.74e-01
 1.09501e+21	4.16e-33	7.29e-27	1.08e-21	1.69e-17	9.65e-14	1.99e-10	2.12e-07	1.86e-04	1.47e-01	4.88e-01	3.66e-01
 1.13595e+21	6.28e-33	1.07e-26	1.55e-21	2.34e-17	1.29e-13	2.56e-10	2.60e-07	2.15e-04	1.52e-01	4.91e-01	3.57e-01
 1.17215e+21	8.86e-33	1.49e-26	2.10e-21	3.08e-17	1.65e-13	3.15e-10	3.07e-07	2.42e-04	1.57e-01	4.93e-01	3.49e-01
 1.19398e+21	1.10e-32	1.83e-26	2.54e-21	3.67e-17	1.93e-13	3.61e-10	3.44e-07	2.63e-04	1.60e-01	4.95e-01	3.45e-01
 1.21410e+21	1.38e-32	2.25e-26	3.09e-21	4.39e-17	2.27e-13	4.15e-10	3.85e-07	2.86e-04	1.63e-01	4.96e-01	3.40e-01
 1.24026e+21	1.67e-32	2.69e-26	3.64e-21	5.10e-17	2.59e-13	4.64e-10	4.21e-07	3.03e-04	1.67e-01	4.98e-01	3.35e-01
 1.27426e+21	2.41e-32	3.81e-26	5.04e-21	6.87e-17	3.38e-13	5.85e-10	5.09e-07	3.48e-04	1.72e-01	5.00e-01	3.28e-01
 1.30659e+21	3.23e-32	5.01e-26	6.50e-21	8.66e-17	4.16e-13	6.99e-10	5.87e-07	3.86e-04	1.76e-01	5.02e-01	3.22e-01
 1.33111e+21	4.07e-32	6.25e-26	7.99e-21	1.05e-16	4.92e-13	8.09e-10	6.62e-07	4.21e-04	1.80e-01	5.03e-01	3.17e-01
 1.35738e+21	5.07e-32	7.67e-26	9.67e-21	1.24e-16	5.75e-13	9.23e-10	7.37e-07	4.54e-04	1.84e-01	5.04e-01	3.12e-01
 1.39153e+21	6.75e-32	1.00e-25	1.24e-20	1.56e-16	7.04e-13	1.10e-09	8.48e-07	5.02e-04	1.88e-01	5.05e-01	3.06e-01
 1.42996e+21	9.17e-32	1.34e-25	1.62e-20	1.98e-16	8.71e-13	1.32e-09	9.80e-07	5.55e-04	1.94e-01	5.07e-01	2.99e-01
 1.46711e+21	1.21e-31	1.73e-25	2.06e-20	2.47e-16	1.06e-12	1.55e-09	1.12e-06	6.08e-04	1.99e-01	5.08e-01	2.92e-01
 1.50854e+21	1.70e-31	2.38e-25	2.76e-20	3.23e-16	1.34e-12	1.91e-09	1.32e-06	6.85e-04	2.05e-01	5.09e-01	2.85e-01
 1.55408e+21	2.36e-31	3.24e-25	3.67e-20	4.18e-16	1.69e-12	2.32e-09	1.54e-06	7.62e-04	2.12e-01	5.10e-01	2.77e-01
 1.59148e+21	3.14e-31	4.24e-25	4.71e-20	5.24e-16	2.07e-12	2.76e-09	1.78e-06	8.41e-04	2.17e-01	5.11e-01	2.71e-01
 1.61959e+21	3.96e-31	5.29e-25	5.80e-20	6.34e-16	2.45e-12	3.20e-09	2.01e-06	9.18e-04	2.21e-01	5.11e-01	2.66e-01
 1.64905e+21	4.86e-31	6.41e-25	6.92e-20	7.45e-16	2.83e-12	3.61e-09	2.21e-06	9.81e-04	2.26e-01	5.12e-01	2.62e-01
 1.68735e+21	6.01e-31	7.79e-25	8.28e-20	8.73e-16	3.25e-12	4.06e-09	2.42e-06	1.04e-03	2.31e-01	5.12e-01	2.56e-01
 1.73714e+21	8.98e-31	1.14e-24	1.18e-19	1.21e-15	4.35e-12	5.21e-09	2.96e-06	1.20e-03	2.38e-01	5.12e-01	2.48e-01
 1.78549e+21	1.24e-30	1.54e-24	1.56e-19	1.55e-15	5.43e-12	6.29e-09	3.44e-06	1.33e-03	2.45e-01	5.12e-01	2.41e-01
 1.82288e+21	1.54e-30	1.89e-24	1.88e-19	1.84e-15	6.32e-12	7.15e-09	3.81e-06	1.42e-03	2.50e-01	5.12e-01	2.36e-01
 1.86236e+21	1.93e-30	2.32e-24	2.28e-19	2.19e-15	7.34e-12	8.11e-09	4.21e-06	1.52e-03	2.56e-01	5.12e-01	2.31e-01
 1.91370e+21	2.79e-30	3.29e-24	3.15e-19	2.94e-15	9.57e-12	1.02e-08	5.04e-06	1.72e-03	2.64e-01	5.11e-01	2.24e-01
 1.96859e+21	3.90e-30	4.51e-24	4.22e-19	3.83e-15	1.21e-11	1.24e-08	5.90e-06	1.90e-03	2.72e-01	5.10e-01	2.16e-01
 2.01780e+21	4.97e-30	5.64e-24	5.18e-19	4.60e-15	1.42e-11	1.42e-08	6.54e-06	2.04e-03	2.78e-01	5.09e-01	2.11e-01
 2.07146e+21	7.14e-30	7.95e-24	7.13e-19	6.16e-15	1.84e-11	1.76e-08	7.78e-06	2.28e-03	2.86e-01	5.08e-01	2.04e-01
 2.13112e+21	1.00e-29	1.09e-23	9.58e-19	8.04e-15	2.33e-11	2.15e-08	9.10e-06	2.53e-03	2.95e-01	5.06e-01	1.97e-01
 2.18181e+21	1.27e-29	1.36e-23	1.17e-18	9.63e-15	2.72e-11	2.46e-08	1.01e-05	2.69e-03	3.01e-01	5.05e-01	1.91e-01
 2.23095e+21	1.73e-29	1.82e-23	1.53e-18	1.23e-14	3.37e-11	2.94e-08	1.16e-05	2.95e-03	3.08e-01	5.03e-01	1.85e-01
 2.28505e+21	2.22e-29	2.29e-23	1.90e-18	1.49e-14	3.99e-11	3.38e-08	1.29e-05	3.15e-03	3.16e-01	5.01e-01	1.80e-01
 2.34559e+21	3.17e-29	3.21e-23	2.59e-18	1.98e-14	5.13e-11	4.18e-08	1.52e-05	3.49e-03	3.24e-01	4.99e-01	1.73e-01
 2.40854e+21	4.42e-29	4.39e-23	3.46e-18	2.57e-14	6.46e-11	5.07e-08	1.76e-05	3.82e-03	3.33e-01	4.96e-01	1.67e-01
 2.45927e+21	5.64e-29	5.50e-23	4.27e-18	3.10e-14	7.62e-11	5.82e-08	1.96e-05	4.08e-03	3.40e-01	4.94e-01	1.62e-01
 2.50987e+21	7.07e-29	6.80e-23	5.19e-18	3.69e-14	8.87e-11	6.61e-08	2.16e-05	4.32e-03	3.46e-01	4.92e-01	1.58e-01
 2.57565e+21	1.01e-28	9.47e-23	7.06e-18	4.88e-14	1.13e-10	8.11e-08	2.53e-05	4.74e-03	3.55e-01	4.88e-01	1.52e-01
 2.64293e+21	1.40e-28	1.29e-22	9.41e-18	6.32e-14	1.42e-10	9.80e-08	2.92e-05	5.15e-03	3.64e-01	4.85e-01	1.46e-01
 2.69453e+21	1.76e-28	1.60e-22	1.15e-17	7.57e-14	1.67e-10	1.12e-07	3.22e-05	5.46e-03	3.71e-01	4.82e-01	1.42e-01
 2.74398e+21	2.23e-28	2.00e-22	1.41e-17	9.11e-14	1.96e-10	1.28e-07	3.57e-05	5.78e-03	3.77e-01	4.79e-01	1.38e-01
 2.80826e+21	2.88e-28	2.53e-22	1.75e-17	1.11e-13	2.32e-10	1.47e-07	3.97e-05	6.16e-03	3.85e-01	4.76e-01	1.33e-01
 2.87891e+21	4.14e-28	3.57e-22	2.41e-17	1.48e-13	3.00e-10	1.82e-07	4.65e-05	6.70e-03	3.95e-01	4.71e-01	1.27e-01
 2.93899e+21	5.35e-28	4.54e-22	3.01e-17	1.81e-13	3.57e-10	2.10e-07	5.18e-05	7.12e-03	4.02e-01	4.68e-01	1.23e-01
 2.99823e+21	6.92e-28	5.78e-22	3.77e-17	2.21e-13	4.26e-10	2.42e-07	5.77e-05	7.54e-03	4.09e-01	4.64e-01	1.19e-01
 3.07525e+21	9.72e-28	7.95e-22	5.07e-17	2.89e-13	5.39e-10	2.94e-07	6.66e-05	8.12e-03	4.19e-01	4.59e-01	1.14e-01
 3.15456e+21	1.30e-27	1.04e-21	6.51e-17	3.61e-13	6.54e-10	3.45e-07	7.51e-05	8.70e-03	4.28e-01	4.54e-01	1.09e-01
 3.21928e+21	1.72e-27	1.36e-21	8.31e-17	4.51e-13	7.94e-10	4.05e-07	8.44e-05	9.22e-03	4.35e-01	4.50e-01	1.05e-01
 3.28584e+21	2.34e-27	1.81e-21	1.09e-16	5.76e-13	9.82e-10	4.81e-07	9.55e-05	9.76e-03	4.43e-01	4.46e-01	1.02e-01
 3.35969e+21	3.16e-27	2.40e-21	1.41e-16	7.30e-13	1.21e-09	5.71e-07	1.08e-04	1.04e-02	4.51e-01	4.41e-01	9.75e-02
 3.42458e+21	4.16e-27	3.12e-21	1.80e-16	9.10e-13	1.47e-09	6.67e-07	1.21e-04	1.09e-02	4.58e-01	4.36e-01	9.41e-02
 3.48118e+21	5.23e-27	3.86e-21	2.20e-16	1.09e-12	1.71e-09	7.58e-07	1.33e-04	1.14e-02	4.65e-01	4.33e-01	9.13e-02
 3.54542e+21	6.67e-27	4.85e-21	2.71e-16	1.32e-12	2.02e-09	8.67e-07	1.47e-04	1.20e-02	4.71e-01	4.28e-01	8.83e-02
 3.62894e+21	9.38e-27	6.69e-21	3.66e-16	1.73e-12	2.56e-09	1.05e-06	1.68e-04	1.27e-02	4.80e-01	4.23e-01	8.44e-02
 3.71570e+21	1.32e-26	9.26e-21	4.95e-16	2.27e-12	3.25e-09	1.28e-06	1.93e-04	1.35e-02	4.89e-01	4.17e-01	8.06e-02
 3.78645e+21	1.75e-26	1.20e-20	6.32e-16	2.83e-12	3.95e-09	1.49e-06	2.16e-04	1.41e-02	4.96e-01	4.12e-01	7.77e-02
 3.85820e+21	2.30e-26	1.56e-20	8.04e-16	3.53e-12	4.77e-09	1.74e-06	2.41e-04	1.48e-02	5.03e-01	4.07e-01	7.48e-02
 3.95148e+21	3.30e-26	2.18e-20	1.10e-15	4.69e-12	6.12e-09	2.13e-06	2.78e-04	1.57e-02	5.12e-01	4.01e-01	7.13e-02
 4.05070e+21	4.75e-26	3.08e-20	1.52e-15	6.26e-12	7.88e-09	2.61e-06	3.21e-04	1.66e-02	5.21e-01	3.94e-01	6.78e-02
 4.13533e+21	6.68e-26	4.25e-20	2.05e-15	8.25e-12	1.00e-08	3.17e-06	3.68e-04	1.74e-02	5.29e-01	3.89e-01	6.49e-02
 4.22298e+21	9.31e-26	5.81e-20	2.74e-15	1.08e-11	1.26e-08	3.83e-06	4.19e-04	1.83e-02	5.36e-01	3.83e-01	6.21e-02
 4.33694e+21	1.40e-25	8.54e-20	3.93e-15	1.49e-11	1.68e-08	4.82e-06	4.93e-04	1.94e-02	5.46e-01	3.75e-01	5.87e-02
 4.45734e+21	2.27e-25	1.35e-19	6.05e-15	2.21e-11	2.38e-08	6.38e-06	5.98e-04	2.07e-02	5.56e-01	3.68e-01	5.52e-02
 4.55975e+21	3.34e-25	1.94e-19	8.49e-15	3.02e-11	3.12e-08	7.94e-06	6.95e-04	2.18e-02	5.64e-01	3.61e-01	5.25e-02
 4.66649e+21	4.94e-25	2.82e-19	1.20e-14	4.15e-11	4.12e-08	9.93e-06	8.12e-04	2.29e-02	5.72e-01	3.54e-01	4.98e-02
 4.77180e+21	6.83e-25	3.82e-19	1.60e-14	5.36e-11	5.15e-08	1.19e-05	9.22e-04	2.40e-02	5.80e-01	3.48e-01	4.74e-02
 4.85259e+21	9.33e-25	5.14e-19	2.11e-14	6.92e-11	6.46e-08	1.43e-05	1.04e-03	2.49e-02	5.86e-01	3.42e-01	4.55e-02
 4.92334e+21	1.28e-24	6.97e-19	2.82e-14	9.06e-11	8.19e-08	1.73e-05	1.18e-03	2.57e-02	5.91e-01	3.38e-01	4.39e-02
 5.00371e+21	1.67e-24	8.97e-19	3.56e-14	1.12e-10	9.89e-08	2.01e-05	1.31e-03	2.66e-02	5.97e-01	3.33e-01	4.23e-02
 5.10819e+21	2.43e-24	1.28e-18	4.96e-14	1.52e-10	1.29e-07	2.49e-05	1.52e-03	2.79e-02	6.04e-01	3.26e-01	4.02e-02
 5.21527e+21	3.50e-24	1.81e-18	6.90e-14	2.06e-10	1.69e-07	3.09e-05	1.76e-03	2.92e-02	6.11e-01	3.20e-01	3.81e-02
 5.30085e+21	4.69e-24	2.39e-18	8.94e-14	2.61e-10	2.08e-07	3.65e-05	1.96e-03	3.02e-02	6.17e-01	3.15e-01	3.66e-02
 5.38722e+21	6.17e-24	3.10e-18	1.14e-13	3.26e-10	2.53e-07	4.27e-05	2.18e-03	3.12e-02	6.22e-01	3.10e-01	3.51e-02
 5.49950e+21	8.56e-24	4.23e-18	1.53e-13	4.26e-10	3.20e-07	5.15e-05	2.47e-03	3.27e-02	6.29e-01	3.03e-01	3.33e-02
 5.62058e+21	1.24e-23	6.00e-18	2.12e-13	5.74e-10	4.16e-07	6.36e-05	2.84e-03	3.42e-02	6.36e-01	2.96e-01	3.14e-02
 5.72492e+21	1.69e-23	8.05e-18	2.79e-13	7.39e-10	5.19e-07	7.59e-05	3.19e-03	3.56e-02	6.41e-01	2.90e-01	2.99e-02
 5.81467e+21	2.20e-23	1.04e-17	3.54e-13	9.20e-10	6.29e-07	8.85e-05	3.52e-03	3.68e-02	6.46e-01	2.85e-01	2.86e-02
 5.91363e+21	2.78e-23	1.29e-17	4.35e-13	1.11e-09	7.39e-07	1.01e-04	3.84e-03	3.81e-02	6.51e-01	2.79e-01	2.73e-02
 6.04227e+21	4.01e-23	1.83e-17	6.05e-13	1.50e-09	9.65e-07	1.24e-04	4.40e-03	3.99e-02	6.58e-01	2.72e-01	2.57e-02
 6.17838e+21	5.68e-23	2.55e-17	8.25e-13	1.99e-09	1.24e-06	1.52e-04	5.00e-03	4.19e-02	6.64e-01	2.65e-01	2.41e-02
 6.28196e+21	7.26e-23	3.22e-17	1.03e-12	2.43e-09	1.47e-06	1.74e-04	5.47e-03	4.34e-02	6.69e-01	2.59e-01	2.29e-02
 6.35886e+21	8.75e-23	3.85e-17	1.21e-12	2.83e-09	1.69e-06	1.94e-04	5.85e-03	4.46e-02	6.72e-01	2.55e-01	2.21e-02
 6.44329e+21	1.06e-22	4.61e-17	1.44e-12	3.30e-09	1.93e-06	2.16e-04	6.26e-03	4.59e-02	6.76e-01	2.51e-01	2.12e-02
 6.55305e+21	1.34e-22	5.79e-17	1.78e-12	4.00e-09	2.28e-06	2.47e-04	6.83e-03	4.76e-02	6.80e-01	2.45e-01	2.01e-02
 6.69574e+21	1.80e-22	7.66e-17	2.31e-12	5.07e-09	2.81e-06	2.92e-04	7.60e-03	4.98e-02	6.86e-01	2.38e-01	1.88e-02
 6.84064e+21	2.42e-22	1.02e-16	3.01e-12	6.45e-09	3.48e-06	3.45e-04	8.46e-03	5.22e-02	6.91e-01	2.30e-01	1.76e-02
 6.95404e+21	2.97e-22	1.23e-16	3.61e-12	7.61e-09	4.02e-06	3.88e-04	9.13e-03	5.40e-02	6.95e-01	2.25e-01	1.67e-02
 7.06705e+21	3.71e-22	1.53e-16	4.42e-12	9.17e-09	4.73e-06	4.42e-04	9.90e-03	5.60e-02	6.98e-01	2.20e-01	1.58e-02
 7.21396e+21	4.80e-22	1.96e-16	5.58e-12	1.13e-08	5.70e-06	5.13e-04	1.09e-02	5.85e-02	7.03e-01	2.13e-01	1.47e-02
 7.37048e+21	6.27e-22	2.54e-16	7.12e-12	1.42e-08	6.93e-06	6.00e-04	1.20e-02	6.14e-02	7.07e-01	2.05e-01	1.37e-02
 7.50281e+21	7.77e-22	3.12e-16	8.66e-12	1.69e-08	8.11e-06	6.80e-04	1.30e-02	6.38e-02	7.10e-01	2.00e-01	1.29e-02
 7.63820e+21	9.56e-22	3.82e-16	1.05e-11	2.01e-08	9.45e-06	7.70e-04	1.41e-02	6.63e-02	7.13e-01	1.94e-01	1.21e-02
 7.81419e+21	1.24e-21	4.91e-16	1.33e-11	2.50e-08	1.15e-05	8.98e-04	1.56e-02	6.97e-02	7.16e-01	1.86e-01	1.11e-02
 7.99766e+21	1.60e-21	6.32e-16	1.69e-11	3.12e-08	1.39e-05	1.05e-03	1.72e-02	7.33e-02	7.20e-01	1.79e-01	1.02e-02
 8.14769e+21	1.95e-21	7.70e-16	2.04e-11	3.70e-08	1.62e-05	1.19e-03	1.87e-02	7.63e-02	7.22e-01	1.73e-01	9.50e-03
 8.29960e+21	2.35e-21	9.27e-16	2.44e-11	4.36e-08	1.87e-05	1.34e-03	2.01e-02	7.94e-02	7.23e-01	1.67e-01	8.84e-03
 8.49709e+21	2.96e-21	1.17e-15	3.06e-11	5.37e-08	2.25e-05	1.55e-03	2.22e-02	8.36e-02	7.25e-01	1.59e-01	8.06e-03
 8.70527e+21	3.73e-21	1.48e-15	3.84e-11	6.63e-08	2.72e-05	1.81e-03	2.45e-02	8.81e-02	7.26e-01	1.52e-01	7.30e-03
 8.86481e+21	4.42e-21	1.75e-15	4.54e-11	7.74e-08	3.12e-05	2.02e-03	2.63e-02	9.16e-02	7.27e-01	1.46e-01	6.78e-03
 8.98615e+21	5.00e-21	1.99e-15	5.12e-11	8.66e-08	3.45e-05	2.20e-03	2.78e-02	9.43e-02	7.27e-01	1.42e-01	6.41e-03
 9.12041e+21	5.69e-21	2.27e-15	5.84e-11	9.78e-08	3.85e-05	2.40e-03	2.94e-02	9.73e-02	7.27e-01	1.38e-01	6.03e-03
 9.29494e+21	6.62e-21	2.67e-15	6.87e-11	1.14e-07	4.42e-05	2.69e-03	3.17e-02	1.01e-01	7.26e-01	1.32e-01	5.56e-03
 9.48580e+21	7.79e-21	3.17e-15	8.17e-11	1.34e-07	5.11e-05	3.03e-03	3.42e-02	1.06e-01	7.25e-01	1.26e-01	5.08e-03
 9.65549e+21	8.95e-21	3.68e-15	9.49e-11	1.54e-07	5.80e-05	3.35e-03	3.66e-02	1.10e-01	7.24e-01	1.21e-01	4.70e-03
 9.81023e+21	1.01e-20	4.19e-15	1.08e-10	1.75e-07	6.48e-05	3.67e-03	3.88e-02	1.14e-01	7.22e-01	1.17e-01	4.38e-03
 9.98792e+21	1.14e-20	4.81e-15	1.25e-10	2.00e-07	7.33e-05	4.06e-03	4.14e-02	1.18e-01	7.20e-01	1.12e-01	4.04e-03
 1.02189e+22	1.33e-20	5.72e-15	1.49e-10	2.38e-07	8.57e-05	4.61e-03	4.50e-02	1.24e-01	7.17e-01	1.06e-01	3.64e-03
 1.04540e+22	1.54e-20	6.79e-15	1.79e-10	2.82e-07	1.00e-04	5.22e-03	4.88e-02	1.29e-01	7.13e-01	1.00e-01	3.27e-03
 1.06389e+22	1.73e-20	7.74e-15	2.05e-10	3.21e-07	1.12e-04	5.73e-03	5.18e-02	1.34e-01	7.09e-01	9.60e-02	3.01e-03
 1.08236e+22	1.92e-20	8.75e-15	2.33e-10	3.64e-07	1.26e-04	6.28e-03	5.49e-02	1.39e-01	7.05e-01	9.19e-02	2.78e-03
 1.10638e+22	2.17e-20	1.02e-14	2.74e-10	4.27e-07	1.45e-04	7.05e-03	5.91e-02	1.45e-01	7.00e-01	8.67e-02	2.50e-03
 1.13167e+22	2.47e-20	1.19e-14	3.25e-10	5.03e-07	1.68e-04	7.92e-03	6.37e-02	1.51e-01	6.93e-01	8.17e-02	2.23e-03
 1.15273e+22	2.76e-20	1.36e-14	3.74e-10	5.75e-07	1.89e-04	8.70e-03	6.76e-02	1.56e-01	6.88e-01	7.77e-02	2.04e-03
 1.17424e+22	3.04e-20	1.54e-14	4.28e-10	6.56e-07	2.13e-04	9.54e-03	7.16e-02	1.61e-01	6.82e-01	7.39e-02	1.86e-03
 1.20220e+22	3.42e-20	1.79e-14	5.08e-10	7.77e-07	2.47e-04	1.07e-02	7.70e-02	1.68e-01	6.73e-01	6.91e-02	1.65e-03
 1.23091e+22	3.89e-20	2.11e-14	6.07e-10	9.21e-07	2.87e-04	1.21e-02	8.28e-02	1.75e-01	6.64e-01	6.46e-02	1.47e-03
 1.25388e+22	4.33e-20	2.40e-14	6.98e-10	1.05e-06	3.22e-04	1.32e-02	8.74e-02	1.81e-01	6.56e-01	6.13e-02	1.34e-03
 1.27702e+22	4.75e-20	2.72e-14	7.99e-10	1.20e-06	3.61e-04	1.44e-02	9.21e-02	1.86e-01	6.48e-01	5.81e-02	1.22e-03
 1.30710e+22	5.34e-20	3.18e-14	9.50e-10	1.42e-06	4.17e-04	1.60e-02	9.84e-02	1.93e-01	6.37e-01	5.41e-02	1.08e-03
 1.33746e+22	6.07e-20	3.74e-14	1.13e-09	1.68e-06	4.81e-04	1.79e-02	1.05e-01	2.00e-01	6.26e-01	5.05e-02	9.54e-04
 1.35968e+22	6.74e-20	4.23e-14	1.29e-09	1.90e-06	5.33e-04	1.93e-02	1.10e-01	2.04e-01	6.17e-01	4.81e-02	8.76e-04
 1.38006e+22	7.28e-20	4.69e-14	1.44e-09	2.11e-06	5.83e-04	2.06e-02	1.14e-01	2.09e-01	6.09e-01	4.59e-02	8.09e-04
 1.40656e+22	8.06e-20	5.36e-14	1.67e-09	2.43e-06	6.56e-04	2.25e-02	1.20e-01	2.14e-01	5.99e-01	4.32e-02	7.30e-04
 1.43481e+22	9.06e-20	6.21e-14	1.96e-09	2.82e-06	7.41e-04	2.46e-02	1.26e-01	2.20e-01	5.88e-01	4.05e-02	6.56e-04
 1.45913e+22	1.01e-19	7.05e-14	2.24e-09	3.19e-06	8.21e-04	2.64e-02	1.32e-01	2.24e-01	5.78e-01	3.84e-02	5.99e-04
 1.48456e+22	1.11e-19	8.02e-14	2.57e-09	3.62e-06	9.11e-04	2.85e-02	1.37e-01	2.29e-01	5.67e-01	3.63e-02	5.45e-04
 1.51761e+22	1.27e-19	9.47e-14	3.07e-09	4.27e-06	1.04e-03	3.14e-02	1.45e-01	2.35e-01	5.54e-01	3.37e-02	4.82e-04
 1.55146e+22	1.47e-19	1.13e-13	3.68e-09	5.04e-06	1.19e-03	3.45e-02	1.52e-01	2.40e-01	5.40e-01	3.13e-02	4.27e-04
 1.57884e+22	1.67e-19	1.30e-13	4.25e-09	5.75e-06	1.32e-03	3.71e-02	1.58e-01	2.45e-01	5.29e-01	2.95e-02	3.87e-04
 1.60693e+22	1.88e-19	1.50e-13	4.92e-09	6.56e-06	1.47e-03	4.00e-02	1.65e-01	2.49e-01	5.17e-01	2.77e-02	3.51e-04
 1.64346e+22	2.19e-19	1.80e-13	5.94e-09	7.78e-06	1.68e-03	4.39e-02	1.73e-01	2.53e-01	5.02e-01	2.56e-02	3.09e-04
 1.68149e+22	2.60e-19	2.19e-13	7.22e-09	9.25e-06	1.92e-03	4.82e-02	1.82e-01	2.58e-01	4.86e-01	2.36e-02	2.71e-04
 1.71278e+22	3.01e-19	2.57e-13	8.45e-09	1.06e-05	2.14e-03	5.19e-02	1.89e-01	2.62e-01	4.74e-01	2.21e-02	2.43e-04
 1.74474e+22	3.47e-19	3.01e-13	9.90e-09	1.22e-05	2.38e-03	5.59e-02	1.96e-01	2.65e-01	4.61e-01	2.06e-02	2.19e-04
 1.78629e+22	4.19e-19	3.70e-13	1.22e-08	1.46e-05	2.74e-03	6.14e-02	2.05e-01	2.68e-01	4.44e-01	1.89e-02	1.90e-04
 1.82923e+22	5.12e-19	4.60e-13	1.50e-08	1.75e-05	3.14e-03	6.74e-02	2.15e-01	2.71e-01	4.26e-01	1.72e-02	1.65e-04
 1.86418e+22	6.06e-19	5.48e-13	1.77e-08	2.02e-05	3.50e-03	7.24e-02	2.22e-01	2.73e-01	4.13e-01	1.60e-02	1.47e-04
 1.89984e+22	7.14e-19	6.52e-13	2.09e-08	2.33e-05	3.90e-03	7.78e-02	2.30e-01	2.75e-01	3.99e-01	1.48e-02	1.31e-04
 1.94620e+22	8.86e-19	8.16e-13	2.59e-08	2.79e-05	4.47e-03	8.51e-02	2.39e-01	2.77e-01	3.81e-01	1.35e-02	1.13e-04
 1.99465e+22	1.12e-18	1.03e-12	3.22e-08	3.35e-05	5.13e-03	9.31e-02	2.49e-01	2.78e-01	3.63e-01	1.22e-02	9.68e-05
 2.03498e+22	1.36e-18	1.25e-12	3.84e-08	3.89e-05	5.72e-03	9.99e-02	2.57e-01	2.78e-01	3.48e-01	1.12e-02	8.53e-05
 2.07661e+22	1.65e-18	1.52e-12	4.59e-08	4.51e-05	6.39e-03	1.07e-01	2.64e-01	2.78e-01	3.34e-01	1.02e-02	7.50e-05
 2.12104e+22	2.04e-18	1.87e-12	5.55e-08	5.28e-05	7.17e-03	1.15e-01	2.72e-01	2.77e-01	3.19e-01	9.34e-03	6.54e-05
 2.15886e+22	2.45e-18	2.23e-12	6.49e-08	6.00e-05	7.87e-03	1.22e-01	2.79e-01	2.76e-01	3.06e-01	8.64e-03	5.83e-05
 2.19775e+22	2.93e-18	2.66e-12	7.60e-08	6.82e-05	8.65e-03	1.30e-01	2.85e-01	2.75e-01	2.94e-01	7.98e-03	5.18e-05
 2.24831e+22	3.72e-18	3.33e-12	9.29e-08	8.04e-05	9.74e-03	1.40e-01	2.93e-01	2.73e-01	2.78e-01	7.19e-03	4.45e-05
 2.29980e+22	4.74e-18	4.19e-12	1.14e-07	9.46e-05	1.10e-02	1.50e-01	3.00e-01	2.70e-01	2.62e-01	6.46e-03	3.81e-05
 2.34111e+22	5.76e-18	5.01e-12	1.33e-07	1.07e-04	1.20e-02	1.58e-01	3.06e-01	2.67e-01	2.50e-01	5.94e-03	3.38e-05
 2.38339e+22	6.99e-18	6.00e-12	1.55e-07	1.21e-04	1.31e-02	1.67e-01	3.11e-01	2.64e-01	2.39e-01	5.45e-03	2.98e-05
 2.43835e+22	8.99e-18	7.55e-12	1.90e-07	1.42e-04	1.47e-02	1.79e-01	3.17e-01	2.60e-01	2.24e-01	4.88e-03	2.54e-05
 2.49610e+22	1.17e-17	9.59e-12	2.32e-07	1.67e-04	1.64e-02	1.91e-01	3.23e-01	2.55e-01	2.10e-01	4.34e-03	2.15e-05
 2.54409e+22	1.45e-17	1.16e-11	2.74e-07	1.90e-04	1.80e-02	2.01e-01	3.27e-01	2.51e-01	1.98e-01	3.94e-03	1.88e-05
 2.59308e+22	1.80e-17	1.41e-11	3.22e-07	2.16e-04	1.97e-02	2.12e-01	3.31e-01	2.46e-01	1.87e-01	3.57e-03	1.64e-05
 2.65677e+22	2.38e-17	1.81e-11	3.97e-07	2.54e-04	2.20e-02	2.26e-01	3.35e-01	2.40e-01	1.74e-01	3.15e-03	1.37e-05
 2.72275e+22	3.16e-17	2.32e-11	4.89e-07	2.98e-04	2.46e-02	2.40e-01	3.39e-01	2.33e-01	1.60e-01	2.76e-03	1.14e-05
 2.77636e+22	3.96e-17	2.82e-11	5.76e-07	3.38e-04	2.68e-02	2.51e-01	3.41e-01	2.27e-01	1.50e-01	2.48e-03	9.89e-06
 2.83069e+22	4.95e-17	3.43e-11	6.77e-07	3.83e-04	2.91e-02	2.63e-01	3.43e-01	2.21e-01	1.41e-01	2.23e-03	8.54e-06
 2.90133e+22	6.60e-17	4.41e-11	8.31e-07	4.48e-04	3.24e-02	2.78e-01	3.45e-01	2.13e-01	1.29e-01	1.94e-03	7.06e-06
 2.97567e+22	8.87e-17	5.69e-11	1.02e-06	5.24e-04	3.60e-02	2.94e-01	3.45e-01	2.05e-01	1.18e-01	1.68e-03	5.80e-06
 3.03807e+22	1.13e-16	7.00e-11	1.21e-06	5.95e-04	3.92e-02	3.06e-01	3.45e-01	1.98e-01	1.09e-01	1.49e-03	4.93e-06
 3.10243e+22	1.44e-16	8.63e-11	1.43e-06	6.76e-04	4.27e-02	3.19e-01	3.44e-01	1.91e-01	1.01e-01	1.32e-03	4.18e-06
 3.18611e+22	1.96e-16	1.12e-10	1.77e-06	7.92e-04	4.74e-02	3.36e-01	3.42e-01	1.81e-01	9.12e-02	1.13e-03	3.38e-06
 3.27388e+22	2.69e-16	1.47e-10	2.20e-06	9.28e-04	5.25e-02	3.52e-01	3.39e-01	1.72e-01	8.19e-02	9.56e-04	2.71e-06
 3.34761e+22	3.48e-16	1.82e-10	2.61e-06	1.05e-03	5.71e-02	3.66e-01	3.36e-01	1.64e-01	7.49e-02	8.35e-04	2.26e-06
 3.42410e+22	4.50e-16	2.27e-10	3.11e-06	1.20e-03	6.19e-02	3.79e-01	3.33e-01	1.56e-01	6.83e-02	7.26e-04	1.88e-06
 3.50519e+22	5.90e-16	2.85e-10	3.72e-06	1.36e-03	6.73e-02	3.93e-01	3.28e-01	1.48e-01	6.18e-02	6.26e-04	1.54e-06
 3.57363e+22	7.37e-16	3.42e-10	4.30e-06	1.52e-03	7.19e-02	4.04e-01	3.24e-01	1.41e-01	5.69e-02	5.54e-04	1.31e-06
 3.64398e+22	9.18e-16	4.11e-10	4.97e-06	1.68e-03	7.69e-02	4.15e-01	3.19e-01	1.35e-01	5.23e-02	4.90e-04	1.11e-06
 3.73543e+22	1.21e-15	5.19e-10	5.96e-06	1.92e-03	8.35e-02	4.28e-01	3.13e-01	1.27e-01	4.69e-02	4.17e-04	9.04e-07
 3.83108e+22	1.62e-15	6.58e-10	7.17e-06	2.19e-03	9.06e-02	4.41e-01	3.06e-01	1.18e-01	4.18e-02	3.53e-04	7.27e-07
 3.91115e+22	2.03e-15	7.96e-10	8.32e-06	2.44e-03	9.67e-02	4.51e-01	2.99e-01	1.12e-01	3.81e-02	3.08e-04	6.09e-07
 3.99420e+22	2.56e-15	9.64e-10	9.65e-06	2.71e-03	1.03e-01	4.61e-01	2.93e-01	1.06e-01	3.46e-02	2.68e-04	5.08e-07
 4.10217e+22	3.42e-15	1.23e-09	1.16e-05	3.09e-03	1.12e-01	4.72e-01	2.84e-01	9.80e-02	3.05e-02	2.25e-04	4.04e-07
 4.21756e+22	4.64e-15	1.57e-09	1.41e-05	3.54e-03	1.21e-01	4.84e-01	2.74e-01	9.03e-02	2.67e-02	1.86e-04	3.16e-07
 4.31163e+22	5.89e-15	1.91e-09	1.64e-05	3.93e-03	1.29e-01	4.92e-01	2.67e-01	8.45e-02	2.40e-02	1.60e-04	2.60e-07
 4.39094e+22	7.13e-15	2.24e-09	1.85e-05	4.29e-03	1.35e-01	4.98e-01	2.60e-01	7.98e-02	2.20e-02	1.41e-04	2.22e-07
 4.48202e+22	8.88e-15	2.69e-09	2.12e-05	4.71e-03	1.43e-01	5.05e-01	2.52e-01	7.48e-02	1.99e-02	1.22e-04	1.85e-07
 4.60043e+22	1.16e-14	3.36e-09	2.52e-05	5.31e-03	1.53e-01	5.12e-01	2.43e-01	6.89e-02	1.75e-02	1.02e-04	1.47e-07
 4.72444e+22	1.54e-14	4.23e-09	3.00e-05	5.99e-03	1.64e-01	5.19e-01	2.33e-01	6.30e-02	1.52e-02	8.47e-05	0.00e+00
 4.82902e+22	1.93e-14	5.10e-09	3.46e-05	6.60e-03	1.73e-01	5.24e-01	2.24e-01	5.85e-02	1.36e-02	7.25e-05	0.00e+00
 4.93825e+22	2.42e-14	6.13e-09	3.98e-05	7.26e-03	1.82e-01	5.28e-01	2.16e-01	5.43e-02	1.22e-02	6.20e-05	0.00e+00
 5.08026e+22	3.22e-14	7.74e-09	4.75e-05	8.19e-03	1.95e-01	5.32e-01	2.05e-01	4.92e-02	1.05e-02	5.08e-05	0.00e+00
 5.22812e+22	4.30e-14	9.83e-09	5.69e-05	9.24e-03	2.08e-01	5.35e-01	1.94e-01	4.44e-02	9.03e-03	4.12e-05	0.00e+00
 5.34975e+22	5.40e-14	1.18e-08	6.54e-05	1.02e-02	2.19e-01	5.37e-01	1.86e-01	4.08e-02	8.00e-03	3.50e-05	0.00e+00
 5.47401e+22	6.77e-14	1.43e-08	7.53e-05	1.12e-02	2.30e-01	5.38e-01	1.77e-01	3.75e-02	7.08e-03	2.96e-05	0.00e+00
 5.63554e+22	8.96e-14	1.80e-08	8.95e-05	1.25e-02	2.44e-01	5.37e-01	1.67e-01	3.37e-02	6.07e-03	2.40e-05	0.00e+00
 5.80740e+22	1.20e-13	2.28e-08	1.07e-04	1.41e-02	2.59e-01	5.36e-01	1.56e-01	3.00e-02	5.15e-03	1.93e-05	0.00e+00
 5.95249e+22	1.52e-13	2.78e-08	1.24e-04	1.55e-02	2.71e-01	5.34e-01	1.47e-01	2.72e-02	4.49e-03	1.60e-05	0.00e+00
 6.10092e+22	1.92e-13	3.37e-08	1.43e-04	1.70e-02	2.84e-01	5.31e-01	1.39e-01	2.47e-02	3.93e-03	1.34e-05	0.00e+00
 6.29389e+22	2.57e-13	4.29e-08	1.71e-04	1.91e-02	3.00e-01	5.26e-01	1.29e-01	2.18e-02	3.31e-03	1.07e-05	0.00e+00
 6.49580e+22	3.45e-13	5.48e-08	2.05e-04	2.15e-02	3.17e-01	5.20e-01	1.19e-01	1.92e-02	2.77e-03	8.42e-06	0.00e+00
 6.66235e+22	4.36e-13	6.65e-08	2.37e-04	2.35e-02	3.31e-01	5.14e-01	1.12e-01	1.73e-02	2.40e-03	6.96e-06	0.00e+00
 6.83187e+22	5.51e-13	8.08e-08	2.73e-04	2.58e-02	3.45e-01	5.07e-01	1.05e-01	1.55e-02	2.08e-03	5.77e-06	0.00e+00
 7.05224e+22	7.36e-13	1.03e-07	3.27e-04	2.88e-02	3.62e-01	4.97e-01	9.62e-02	1.36e-02	1.74e-03	4.56e-06	0.00e+00
 7.28358e+22	9.89e-13	1.32e-07	3.92e-04	3.23e-02	3.80e-01	4.87e-01	8.77e-02	1.18e-02	1.44e-03	3.56e-06	0.00e+00
 7.47776e+22	1.25e-12	1.61e-07	4.54e-04	3.54e-02	3.94e-01	4.77e-01	8.13e-02	1.05e-02	1.23e-03	2.91e-06	0.00e+00
 7.67878e+22	1.60e-12	1.97e-07	5.26e-04	3.87e-02	4.09e-01	4.67e-01	7.52e-02	9.34e-03	1.06e-03	2.38e-06	0.00e+00
 7.94010e+22	2.16e-12	2.53e-07	6.33e-04	4.33e-02	4.26e-01	4.53e-01	6.79e-02	8.05e-03	8.70e-04	1.85e-06	0.00e+00
 8.20760e+22	2.92e-12	3.27e-07	7.64e-04	4.84e-02	4.44e-01	4.38e-01	6.11e-02	6.89e-03	7.11e-04	1.43e-06	0.00e+00
 8.42797e+22	3.71e-12	4.01e-07	8.86e-04	5.28e-02	4.58e-01	4.25e-01	5.60e-02	6.09e-03	6.06e-04	1.16e-06	0.00e+00
 8.65928e+22	4.75e-12	4.93e-07	1.03e-03	5.77e-02	4.72e-01	4.12e-01	5.12e-02	5.37e-03	5.15e-04	9.45e-07	0.00e+00
 8.91573e+22	6.23e-12	6.21e-07	1.22e-03	6.36e-02	4.87e-01	3.97e-01	4.62e-02	4.65e-03	4.29e-04	7.49e-07	0.00e+00
 9.14706e+22	7.89e-12	7.60e-07	1.42e-03	6.91e-02	4.99e-01	3.84e-01	4.22e-02	4.11e-03	3.66e-04	6.12e-07	0.00e+00
 9.38998e+22	1.01e-11	9.35e-07	1.65e-03	7.51e-02	5.11e-01	3.70e-01	3.84e-02	3.62e-03	3.12e-04	4.99e-07	0.00e+00
 9.70577e+22	1.37e-11	1.21e-06	2.00e-03	8.33e-02	5.26e-01	3.52e-01	3.41e-02	3.08e-03	2.55e-04	3.88e-07	0.00e+00
 1.00074e+23	1.84e-11	1.57e-06	2.41e-03	9.22e-02	5.38e-01	3.34e-01	3.02e-02	2.62e-03	2.08e-04	3.00e-07	0.00e+00
 1.02294e+23	2.30e-11	1.90e-06	2.77e-03	9.92e-02	5.47e-01	3.21e-01	2.76e-02	2.33e-03	1.80e-04	2.50e-07	0.00e+00
 1.04565e+23	2.86e-11	2.29e-06	3.18e-03	1.06e-01	5.55e-01	3.08e-01	2.52e-02	2.08e-03	1.56e-04	2.10e-07	0.00e+00
 1.07518e+23	3.78e-11	2.91e-06	3.80e-03	1.16e-01	5.63e-01	2.92e-01	2.25e-02	1.80e-03	1.31e-04	1.68e-07	0.00e+00
 1.10479e+23	5.02e-11	3.72e-06	4.56e-03	1.27e-01	5.71e-01	2.76e-01	2.00e-02	1.55e-03	1.09e-04	1.34e-07	0.00e+00
 1.12736e+23	6.25e-11	4.51e-06	5.26e-03	1.36e-01	5.76e-01	2.64e-01	1.82e-02	1.39e-03	9.45e-05	0.00e+00	0.00e+00
 1.14636e+23	7.52e-11	5.30e-06	5.93e-03	1.44e-01	5.79e-01	2.54e-01	1.69e-02	1.26e-03	8.43e-05	0.00e+00	0.00e+00
 1.16785e+23	9.24e-11	6.33e-06	6.78e-03	1.53e-01	5.81e-01	2.43e-01	1.55e-02	1.14e-03	7.45e-05	0.00e+00	0.00e+00
 1.19579e+23	1.21e-10	7.99e-06	8.09e-03	1.65e-01	5.84e-01	2.29e-01	1.38e-02	1.00e-03	6.34e-05	0.00e+00	0.00e+00
 1.22334e+23	1.60e-10	1.02e-05	9.75e-03	1.78e-01	5.84e-01	2.14e-01	1.23e-02	8.71e-04	5.36e-05	0.00e+00	0.00e+00
 1.24330e+23	1.98e-10	1.23e-05	1.12e-02	1.89e-01	5.84e-01	2.04e-01	1.13e-02	7.85e-04	4.73e-05	0.00e+00	0.00e+00
 1.25880e+23	2.33e-10	1.42e-05	1.26e-02	1.97e-01	5.82e-01	1.96e-01	1.05e-02	7.27e-04	4.31e-05	0.00e+00	0.00e+00
 1.27558e+23	2.78e-10	1.65e-05	1.42e-02	2.07e-01	5.80e-01	1.88e-01	9.80e-03	6.70e-04	3.91e-05	0.00e+00	0.00e+00
 1.29740e+23	3.52e-10	2.03e-05	1.67e-02	2.20e-01	5.77e-01	1.77e-01	8.87e-03	5.99e-04	3.42e-05	0.00e+00	0.00e+00
 1.31935e+23	4.48e-10	2.51e-05	1.98e-02	2.34e-01	5.71e-01	1.67e-01	8.04e-03	5.36e-04	3.01e-05	0.00e+00	0.00e+00
 1.33589e+23	5.43e-10	2.98e-05	2.27e-02	2.45e-01	5.66e-01	1.59e-01	7.42e-03	4.91e-04	2.71e-05	0.00e+00	0.00e+00
 1.34921e+23	6.40e-10	3.45e-05	2.56e-02	2.55e-01	5.60e-01	1.52e-01	6.93e-03	4.55e-04	2.48e-05	0.00e+00	0.00e+00
 1.36396e+23	7.67e-10	4.04e-05	2.92e-02	2.66e-01	5.53e-01	1.44e-01	6.43e-03	4.20e-04	2.25e-05	0.00e+00	0.00e+00
 1.38062e+23	9.48e-10	4.87e-05	3.41e-02	2.79e-01	5.44e-01	1.36e-01	5.88e-03	3.81e-04	2.02e-05	0.00e+00	0.00e+00
 1.39578e+23	1.16e-09	5.83e-05	3.97e-02	2.92e-01	5.34e-01	1.28e-01	5.39e-03	3.47e-04	1.81e-05	0.00e+00	0.00e+00
 1.40838e+23	1.38e-09	6.81e-05	4.53e-02	3.03e-01	5.25e-01	1.21e-01	4.99e-03	3.20e-04	1.65e-05	0.00e+00	0.00e+00
 1.41989e+23	1.62e-09	7.89e-05	5.15e-02	3.14e-01	5.14e-01	1.15e-01	4.63e-03	2.96e-04	1.51e-05	0.00e+00	0.00e+00
 1.43306e+23	1.97e-09	9.40e-05	5.99e-02	3.27e-01	5.01e-01	1.08e-01	4.22e-03	2.69e-04	1.36e-05	0.00e+00	0.00e+00
 1.44705e+23	2.44e-09	1.14e-04	7.09e-02	3.41e-01	4.85e-01	9.96e-02	3.81e-03	2.42e-04	1.21e-05	0.00e+00	0.00e+00
 1.45870e+23	2.95e-09	1.35e-04	8.25e-02	3.53e-01	4.68e-01	9.24e-02	3.45e-03	2.19e-04	1.08e-05	0.00e+00	0.00e+00
 1.46828e+23	3.45e-09	1.56e-04	9.38e-02	3.63e-01	4.54e-01	8.65e-02	3.17e-03	2.01e-04	9.79e-06	0.00e+00	0.00e+00
 1.47861e+23	4.11e-09	1.83e-04	1.08e-01	3.73e-01	4.36e-01	7.98e-02	2.86e-03	1.82e-04	8.75e-06	0.00e+00	0.00e+00
 1.49015e+23	5.02e-09	2.19e-04	1.27e-01	3.84e-01	4.13e-01	7.22e-02	2.52e-03	1.60e-04	7.62e-06	0.00e+00	0.00e+00
 1.50057e+23	6.06e-09	2.60e-04	1.49e-01	3.93e-01	3.90e-01	6.51e-02	2.22e-03	1.41e-04	6.62e-06	0.00e+00	0.00e+00
 1.50945e+23	7.15e-09	3.02e-04	1.70e-01	4.00e-01	3.68e-01	5.89e-02	1.96e-03	1.25e-04	5.79e-06	0.00e+00	0.00e+00
 1.51903e+23	8.47e-09	3.53e-04	1.96e-01	4.06e-01	3.44e-01	5.24e-02	1.71e-03	1.09e-04	4.98e-06	0.00e+00	0.00e+00
 1.52974e+23	1.03e-08	4.21e-04	2.30e-01	4.10e-01	3.14e-01	4.51e-02	1.42e-03	9.19e-05	4.11e-06	0.00e+00	0.00e+00
 1.53954e+23	1.23e-08	4.94e-04	2.65e-01	4.10e-01	2.85e-01	3.87e-02	1.18e-03	7.70e-05	3.38e-06	0.00e+00	0.00e+00
 1.54820e+23	1.44e-08	5.67e-04	2.99e-01	4.08e-01	2.58e-01	3.33e-02	9.91e-04	6.49e-05	2.79e-06	0.00e+00	0.00e+00
 1.55778e+23	1.69e-08	6.53e-04	3.39e-01	4.02e-01	2.29e-01	2.78e-02	8.01e-04	5.30e-05	2.23e-06	0.00e+00	0.00e+00
 1.57022e+23	2.06e-08	7.75e-04	3.94e-01	3.90e-01	1.94e-01	2.16e-02	5.95e-04	4.00e-05	1.63e-06	0.00e+00	0.00e+00
 1.58266e+23	2.49e-08	9.09e-04	4.51e-01	3.72e-01	1.60e-01	1.63e-02	4.31e-04	2.94e-05	1.16e-06	0.00e+00	0.00e+00
 1.59222e+23	2.84e-08	1.02e-03	4.94e-01	3.55e-01	1.37e-01	1.30e-02	3.32e-04	2.29e-05	8.77e-07	0.00e+00	0.00e+00
 1.60177e+23	3.21e-08	1.12e-03	5.34e-01	3.37e-01	1.17e-01	1.04e-02	2.54e-04	1.78e-05	6.63e-07	0.00e+00	0.00e+00
 1.61419e+23	3.69e-08	1.25e-03	5.83e-01	3.13e-01	9.45e-02	7.65e-03	1.80e-04	1.28e-05	4.59e-07	0.00e+00	0.00e+00
 1.62754e+23	4.24e-08	1.39e-03	6.31e-01	2.87e-01	7.52e-02	5.53e-03	1.24e-04	9.01e-06	3.09e-07	0.00e+00	0.00e+00
 1.63963e+23	4.75e-08	1.51e-03	6.69e-01	2.64e-01	6.13e-02	4.14e-03	8.93e-05	6.59e-06	2.18e-07	0.00e+00	0.00e+00
 1.65252e+23	5.27e-08	1.63e-03	7.04e-01	2.42e-01	4.98e-02	3.08e-03	6.40e-05	4.79e-06	1.52e-07	0.00e+00	0.00e+00
 1.66853e+23	5.93e-08	1.77e-03	7.41e-01	2.16e-01	3.88e-02	2.17e-03	4.31e-05	3.28e-06	0.00e+00	0.00e+00	0.00e+00
 1.68607e+23	6.64e-08	1.91e-03	7.74e-01	1.92e-01	3.01e-02	1.53e-03	2.89e-05	2.24e-06	0.00e+00	0.00e+00	0.00e+00
 1.70232e+23	7.30e-08	2.03e-03	8.00e-01	1.73e-01	2.43e-02	1.13e-03	2.07e-05	1.62e-06	0.00e+00	0.00e+00	0.00e+00
 1.71878e+23	7.95e-08	2.14e-03	8.21e-01	1.56e-01	1.98e-02	8.52e-04	1.51e-05	1.20e-06	0.00e+00	0.00e+00	0.00e+00
 1.73844e+23	8.70e-08	2.26e-03	8.42e-01	1.39e-01	1.59e-02	6.29e-04	1.08e-05	8.63e-07	0.00e+00	0.00e+00	0.00e+00
 1.76131e+23	9.55e-08	2.39e-03	8.62e-01	1.22e-01	1.27e-02	4.60e-04	7.63e-06	6.15e-07	0.00e+00	0.00e+00	0.00e+00
 1.78626e+23	1.05e-07	2.52e-03	8.80e-01	1.07e-01	1.02e-02	3.41e-04	5.48e-06	4.44e-07	0.00e+00	0.00e+00	0.00e+00
 1.81330e+23	1.14e-07	2.65e-03	8.95e-01	9.41e-02	8.37e-03	2.56e-04	4.02e-06	3.26e-07	0.00e+00	0.00e+00	0.00e+00
 1.84366e+23	1.25e-07	2.78e-03	9.08e-01	8.24e-02	6.90e-03	1.95e-04	2.99e-06	2.42e-07	0.00e+00	0.00e+00	0.00e+00
 1.87909e+23	1.37e-07	2.92e-03	9.20e-01	7.14e-02	5.72e-03	1.49e-04	2.24e-06	1.79e-07	0.00e+00	0.00e+00	0.00e+00
 1.92090e+23	1.50e-07	3.06e-03	9.31e-01	6.14e-02	4.78e-03	1.13e-04	1.69e-06	1.33e-07	0.00e+00	0.00e+00	0.00e+00
 1.97010e+23	1.65e-07	3.22e-03	9.40e-01	5.25e-02	4.05e-03	8.70e-05	1.30e-06	0.00e+00	0.00e+00	0.00e+00	0.00e+00
 2.03126e+23	1.82e-07	3.40e-03	9.49e-01	4.43e-02	3.46e-03	6.65e-05	1.01e-06	0.00e+00	0.00e+00	0.00e+00	0.00e+00
 2.10777e+23	2.03e-07	3.58e-03	9.56e-01	3.69e-02	3.00e-03	5.07e-05	7.95e-07	0.00e+00	0.00e+00	0.00e+00	0.00e+00
 2.19331e+23	2.26e-07	3.78e-03	9.62e-01	3.11e-02	2.67e-03	3.96e-05	6.50e-07	0.00e+00	0.00e+00	0.00e+00	0.00e+00
 2.27782e+23	2.49e-07	3.97e-03	9.67e-01	2.69e-02	2.44e-03	3.23e-05	5.56e-07	0.00e+00	0.00e+00	0.00e+00	0.00e+00
 2.35552e+23	2.70e-07	4.13e-03	9.70e-01	2.40e-02	2.29e-03	2.76e-05	4.97e-07	0.00e+00	0.00e+00	0.00e+00	0.00e+00
 2.42545e+23	2.88e-07	4.26e-03	9.72e-01	2.20e-02	2.19e-03	2.44e-05	4.58e-07	0.00e+00	0.00e+00	0.00e+00	0.00e+00
 2.48838e+23	3.04e-07	4.37e-03	9.73e-01	2.04e-02	2.11e-03	2.21e-05	4.29e-07	0.00e+00	0.00e+00	0.00e+00	0.00e+00
 2.54503e+23	3.17e-07	4.46e-03	9.74e-01	1.93e-02	2.05e-03	2.05e-05	4.10e-07	0.00e+00	0.00e+00	0.00e+00	0.00e+00
 2.59601e+23	3.27e-07	4.53e-03	9.75e-01	1.84e-02	2.01e-03	1.93e-05	3.97e-07	0.00e+00	0.00e+00	0.00e+00	0.00e+00
 2.64189e+23	3.37e-07	4.60e-03	9.76e-01	1.77e-02	1.98e-03	1.83e-05	3.86e-07	0.00e+00	0.00e+00	0.00e+00	0.00e+00
 2.68318e+23	3.43e-07	4.63e-03	9.76e-01	1.72e-02	1.96e-03	1.77e-05	3.80e-07	0.00e+00	0.00e+00	0.00e+00	0.00e+00
 2.72034e+23	3.51e-07	4.69e-03	9.77e-01	1.67e-02	1.93e-03	1.70e-05	3.71e-07	0.00e+00	0.00e+00	0.00e+00	0.00e+00
 2.75379e+23	3.55e-07	4.71e-03	9.77e-01	1.64e-02	1.92e-03	1.66e-05	3.68e-07	0.00e+00	0.00e+00	0.00e+00	0.00e+00
 2.78491e+23	3.61e-07	4.75e-03	9.77e-01	1.60e-02	1.90e-03	1.61e-05	3.63e-07	0.00e+00	0.00e+00	0.00e+00	0.00e+00
 2.81546e+23	3.65e-07	4.77e-03	9.78e-01	1.58e-02	1.89e-03	1.58e-05	3.61e-07	0.00e+00	0.00e+00	0.00e+00	0.00e+00
 2.84601e+23	3.68e-07	4.79e-03	9.78e-01	1.55e-02	1.89e-03	1.55e-05	3.59e-07	0.00e+00	0.00e+00	0.00e+00	0.00e+00
 2.87655e+23	3.71e-07	4.81e-03	9.78e-01	1.52e-02	1.88e-03	1.52e-05	3.57e-07	0.00e+00	0.00e+00	0.00e+00	0.00e+00
 2.90710e+23	3.74e-07	4.83e-03	9.78e-01	1.50e-02	1.87e-03	1.49e-05	3.56e-07	0.00e+00	0.00e+00	0.00e+00	0.00e+00
 2.93765e+23	3.76e-07	4.84e-03	9.78e-01	1.48e-02	1.87e-03	1.47e-05	3.55e-07	0.00e+00	0.00e+00	0.00e+00	0.00e+00
 2.96820e+23	3.78e-07	4.85e-03	9.79e-01	1.46e-02	1.86e-03	1.45e-05	3.55e-07	0.00e+00	0.00e+00	0.00e+00	0.00e+00
 2.99875e+23	3.80e-07	4.85e-03	9.79e-01	1.44e-02	1.86e-03	1.43e-05	3.56e-07	0.00e+00	0.00e+00	0.00e+00	0.00e+00
 3.02929e+23	3.81e-07	4.86e-03	9.79e-01	1.43e-02	1.86e-03	1.42e-05	3.57e-07	0.00e+00	0.00e+00	0.00e+00	0.00e+00
 3.04969e+23	3.84e-07	4.87e-03	9.79e-01	1.42e-02	1.85e-03	1.40e-05	3.56e-07	0.00e+00	0.00e+00	0.00e+00	0.00e+00
