#depth	N	N+	N+2	N+3	N+4	N+5	N+6	N+7
 6.17135e+19	7.21e-30	4.14e-23	8.41e-18	2.53e-13	2.19e-09	1.30e-04	2.66e-02	9.73e-01
 1.87609e+20	2.27e-29	1.12e-22	1.95e-17	4.94e-13	3.49e-09	1.73e-04	3.05e-02	9.69e-01
 2.83882e+20	5.46e-29	2.41e-22	3.73e-17	8.24e-13	4.98e-09	2.14e-04	3.38e-02	9.66e-01
 3.32787e+20	8.38e-29	3.49e-22	5.11e-17	1.06e-12	5.93e-09	2.37e-04	3.56e-02	9.64e-01
 3.57617e+20	1.04e-28	4.22e-22	6.01e-17	1.20e-12	6.48e-09	2.50e-04	3.65e-02	9.63e-01
 3.76054e+20	1.20e-28	4.78e-22	6.67e-17	1.31e-12	6.88e-09	2.59e-04	3.71e-02	9.63e-01
 4.00022e+20	1.50e-28	5.79e-22	7.86e-17	1.49e-12	7.53e-09	2.73e-04	3.81e-02	9.62e-01
 4.31181e+20	1.94e-28	7.25e-22	9.50e-17	1.74e-12	8.36e-09	2.91e-04	3.93e-02	9.60e-01
 4.64809e+20	2.64e-28	9.47e-22	1.19e-16	2.08e-12	9.48e-09	3.13e-04	4.07e-02	9.59e-01
 4.93012e+20	3.32e-28	1.16e-21	1.41e-16	2.38e-12	1.04e-08	3.31e-04	4.18e-02	9.58e-01
 5.21043e+20	4.25e-28	1.44e-21	1.70e-16	2.76e-12	1.15e-08	3.51e-04	4.30e-02	9.57e-01
 5.57482e+20	5.79e-28	1.88e-21	2.14e-16	3.31e-12	1.31e-08	3.78e-04	4.46e-02	9.55e-01
 5.94630e+20	7.92e-28	2.47e-21	2.70e-16	3.99e-12	1.49e-08	4.08e-04	4.62e-02	9.53e-01
 6.23990e+20	1.00e-27	3.04e-21	3.22e-16	4.60e-12	1.64e-08	4.32e-04	4.75e-02	9.52e-01
 6.48860e+20	1.22e-27	3.60e-21	3.73e-16	5.17e-12	1.78e-08	4.53e-04	4.86e-02	9.51e-01
 6.76598e+20	1.54e-27	4.42e-21	4.44e-16	5.94e-12	1.96e-08	4.78e-04	5.00e-02	9.50e-01
 7.07458e+20	1.96e-27	5.46e-21	5.31e-16	6.86e-12	2.17e-08	5.07e-04	5.14e-02	9.48e-01
 7.37727e+20	2.50e-27	6.74e-21	6.36e-16	7.93e-12	2.40e-08	5.37e-04	5.29e-02	9.47e-01
 7.67388e+20	3.15e-27	8.23e-21	7.55e-16	9.10e-12	2.64e-08	5.68e-04	5.43e-02	9.45e-01
 8.00912e+20	4.06e-27	1.03e-20	9.14e-16	1.06e-11	2.93e-08	6.04e-04	5.59e-02	9.43e-01
 8.37358e+20	5.36e-27	1.31e-20	1.13e-15	1.25e-11	3.29e-08	6.45e-04	5.77e-02	9.42e-01
 8.69541e+20	6.78e-27	1.61e-20	1.34e-15	1.44e-11	3.63e-08	6.83e-04	5.93e-02	9.40e-01
 9.03315e+20	8.66e-27	2.00e-20	1.61e-15	1.67e-11	4.03e-08	7.24e-04	6.10e-02	9.38e-01
 9.41011e+20	1.14e-26	2.53e-20	1.98e-15	1.97e-11	4.51e-08	7.73e-04	6.30e-02	9.36e-01
 9.76429e+20	1.45e-26	3.13e-20	2.37e-15	2.28e-11	5.00e-08	8.20e-04	6.48e-02	9.34e-01
 1.01510e+21	1.89e-26	3.94e-20	2.89e-15	2.68e-11	5.58e-08	8.73e-04	6.68e-02	9.32e-01
 1.05708e+21	2.50e-26	5.05e-20	3.57e-15	3.18e-11	6.29e-08	9.35e-04	6.90e-02	9.30e-01
 1.09501e+21	3.20e-26	6.25e-20	4.29e-15	3.68e-11	6.97e-08	9.93e-04	7.10e-02	9.28e-01
 1.13595e+21	4.14e-26	7.84e-20	5.20e-15	4.30e-11	7.78e-08	1.06e-03	7.32e-02	9.26e-01
 1.17215e+21	5.16e-26	9.51e-20	6.14e-15	4.91e-11	8.54e-08	1.12e-03	7.51e-02	9.24e-01
 1.19398e+21	5.88e-26	1.07e-19	6.77e-15	5.32e-11	9.03e-08	1.15e-03	7.63e-02	9.23e-01
 1.21410e+21	6.68e-26	1.19e-19	7.46e-15	5.75e-11	9.54e-08	1.19e-03	7.74e-02	9.21e-01
 1.24026e+21	7.69e-26	1.35e-19	8.28e-15	6.25e-11	1.01e-07	1.23e-03	7.87e-02	9.20e-01
 1.27426e+21	9.52e-26	1.63e-19	9.73e-15	7.12e-11	1.11e-07	1.30e-03	8.07e-02	9.18e-01
 1.30659e+21	1.15e-25	1.92e-19	1.12e-14	8.00e-11	1.20e-07	1.36e-03	8.26e-02	9.16e-01
 1.33111e+21	1.33e-25	2.17e-19	1.25e-14	8.71e-11	1.28e-07	1.41e-03	8.39e-02	9.15e-01
 1.35738e+21	1.52e-25	2.45e-19	1.38e-14	9.47e-11	1.35e-07	1.46e-03	8.53e-02	9.13e-01
 1.39153e+21	1.83e-25	2.88e-19	1.59e-14	1.06e-10	1.47e-07	1.53e-03	8.72e-02	9.11e-01
 1.42996e+21	2.25e-25	3.44e-19	1.85e-14	1.20e-10	1.60e-07	1.61e-03	8.93e-02	9.09e-01
 1.46711e+21	2.72e-25	4.08e-19	2.14e-14	1.35e-10	1.74e-07	1.69e-03	9.14e-02	9.07e-01
 1.50854e+21	3.36e-25	4.90e-19	2.51e-14	1.53e-10	1.90e-07	1.78e-03	9.37e-02	9.05e-01
 1.55408e+21	4.22e-25	5.97e-19	2.97e-14	1.75e-10	2.09e-07	1.88e-03	9.63e-02	9.02e-01
 1.59148e+21	5.09e-25	7.04e-19	3.42e-14	1.97e-10	2.27e-07	1.97e-03	9.85e-02	9.00e-01
 1.61959e+21	5.88e-25	7.99e-19	3.81e-14	2.15e-10	2.41e-07	2.04e-03	1.00e-01	8.98e-01
 1.64905e+21	6.72e-25	8.98e-19	4.21e-14	2.33e-10	2.56e-07	2.12e-03	1.02e-01	8.96e-01
 1.68735e+21	7.92e-25	1.03e-18	4.75e-14	2.57e-10	2.74e-07	2.21e-03	1.04e-01	8.94e-01
 1.73714e+21	1.01e-24	1.29e-18	5.74e-14	2.99e-10	3.05e-07	2.35e-03	1.07e-01	8.91e-01
 1.78549e+21	1.27e-24	1.56e-18	6.77e-14	3.42e-10	3.36e-07	2.48e-03	1.10e-01	8.88e-01
 1.82288e+21	1.48e-24	1.79e-18	7.61e-14	3.76e-10	3.59e-07	2.58e-03	1.12e-01	8.86e-01
 1.86236e+21	1.74e-24	2.06e-18	8.59e-14	4.15e-10	3.85e-07	2.70e-03	1.14e-01	8.83e-01
 1.91370e+21	2.21e-24	2.54e-18	1.03e-13	4.80e-10	4.27e-07	2.86e-03	1.17e-01	8.80e-01
 1.96859e+21	2.79e-24	3.12e-18	1.23e-13	5.53e-10	4.72e-07	3.03e-03	1.20e-01	8.77e-01
 2.01780e+21	3.36e-24	3.66e-18	1.41e-13	6.18e-10	5.11e-07	3.18e-03	1.23e-01	8.74e-01
 2.07146e+21	4.25e-24	4.50e-18	1.68e-13	7.14e-10	5.66e-07	3.37e-03	1.27e-01	8.70e-01
 2.13112e+21	5.42e-24	5.56e-18	2.01e-13	8.28e-10	6.29e-07	3.59e-03	1.30e-01	8.66e-01
 2.18181e+21	6.48e-24	6.50e-18	2.30e-13	9.22e-10	6.79e-07	3.76e-03	1.33e-01	8.63e-01
 2.23095e+21	7.94e-24	7.77e-18	2.68e-13	1.05e-09	7.42e-07	3.95e-03	1.36e-01	8.60e-01
 2.28505e+21	9.62e-24	9.18e-18	3.09e-13	1.17e-09	8.06e-07	4.15e-03	1.39e-01	8.57e-01
 2.34559e+21	1.22e-23	1.13e-17	3.71e-13	1.36e-09	8.95e-07	4.41e-03	1.43e-01	8.52e-01
 2.40854e+21	1.54e-23	1.39e-17	4.42e-13	1.57e-09	9.91e-07	4.67e-03	1.47e-01	8.48e-01
 2.45927e+21	1.84e-23	1.62e-17	5.05e-13	1.75e-09	1.07e-06	4.89e-03	1.50e-01	8.45e-01
 2.50987e+21	2.19e-23	1.88e-17	5.74e-13	1.94e-09	1.15e-06	5.11e-03	1.53e-01	8.42e-01
 2.57565e+21	2.78e-23	2.33e-17	6.88e-13	2.25e-09	1.28e-06	5.42e-03	1.57e-01	8.37e-01
 2.64293e+21	3.52e-23	2.86e-17	8.21e-13	2.60e-09	1.42e-06	5.75e-03	1.62e-01	8.33e-01
 2.69453e+21	4.16e-23	3.31e-17	9.32e-13	2.88e-09	1.53e-06	6.00e-03	1.65e-01	8.29e-01
 2.74398e+21	4.92e-23	3.83e-17	1.06e-12	3.19e-09	1.64e-06	6.26e-03	1.68e-01	8.26e-01
 2.80826e+21	5.98e-23	4.54e-17	1.22e-12	3.59e-09	1.79e-06	6.58e-03	1.72e-01	8.22e-01
 2.87891e+21	7.64e-23	5.64e-17	1.47e-12	4.19e-09	1.99e-06	6.99e-03	1.77e-01	8.16e-01
 2.93899e+21	9.19e-23	6.63e-17	1.69e-12	4.69e-09	2.16e-06	7.32e-03	1.80e-01	8.12e-01
 2.99823e+21	1.10e-22	7.79e-17	1.94e-12	5.25e-09	2.34e-06	7.66e-03	1.84e-01	8.08e-01
 3.07525e+21	1.41e-22	9.63e-17	2.33e-12	6.10e-09	2.60e-06	8.14e-03	1.89e-01	8.03e-01
 3.15456e+21	1.75e-22	1.17e-16	2.75e-12	6.97e-09	2.87e-06	8.62e-03	1.94e-01	7.98e-01
 3.21928e+21	2.13e-22	1.39e-16	3.19e-12	7.87e-09	3.12e-06	9.04e-03	1.98e-01	7.93e-01
 3.28584e+21	2.60e-22	1.65e-16	3.70e-12	8.90e-09	3.41e-06	9.48e-03	2.02e-01	7.88e-01
 3.35969e+21	3.22e-22	1.99e-16	4.36e-12	1.02e-08	3.75e-06	1.00e-02	2.07e-01	7.83e-01
 3.42458e+21	3.88e-22	2.35e-16	5.02e-12	1.14e-08	4.07e-06	1.05e-02	2.11e-01	7.78e-01
 3.48118e+21	4.54e-22	2.69e-16	5.65e-12	1.26e-08	4.36e-06	1.09e-02	2.15e-01	7.74e-01
 3.54542e+21	5.39e-22	3.13e-16	6.42e-12	1.40e-08	4.70e-06	1.13e-02	2.19e-01	7.70e-01
 3.62894e+21	6.77e-22	3.82e-16	7.64e-12	1.61e-08	5.20e-06	1.20e-02	2.24e-01	7.64e-01
 3.71570e+21	8.55e-22	4.69e-16	9.11e-12	1.86e-08	5.76e-06	1.27e-02	2.30e-01	7.58e-01
 3.78645e+21	1.03e-21	5.52e-16	1.05e-11	2.09e-08	6.25e-06	1.33e-02	2.34e-01	7.53e-01
 3.85820e+21	1.23e-21	6.48e-16	1.20e-11	2.34e-08	6.78e-06	1.39e-02	2.39e-01	7.48e-01
 3.95148e+21	1.56e-21	7.97e-16	1.44e-11	2.71e-08	7.52e-06	1.47e-02	2.44e-01	7.41e-01
 4.05070e+21	2.00e-21	9.89e-16	1.73e-11	3.16e-08	8.38e-06	1.56e-02	2.51e-01	7.34e-01
 4.13533e+21	2.47e-21	1.19e-15	2.03e-11	3.60e-08	9.20e-06	1.64e-02	2.56e-01	7.28e-01
 4.22298e+21	3.04e-21	1.43e-15	2.38e-11	4.10e-08	1.01e-05	1.72e-02	2.61e-01	7.22e-01
 4.33694e+21	3.97e-21	1.81e-15	2.91e-11	4.84e-08	1.13e-05	1.84e-02	2.68e-01	7.13e-01
 4.45734e+21	5.30e-21	2.33e-15	3.63e-11	5.80e-08	1.29e-05	1.96e-02	2.76e-01	7.05e-01
 4.55975e+21	6.70e-21	2.87e-15	4.33e-11	6.71e-08	1.43e-05	2.07e-02	2.82e-01	6.97e-01
 4.66649e+21	8.50e-21	3.53e-15	5.19e-11	7.79e-08	1.59e-05	2.19e-02	2.89e-01	6.90e-01
 4.77180e+21	1.06e-20	4.29e-15	6.12e-11	8.92e-08	1.75e-05	2.31e-02	2.95e-01	6.82e-01
 4.85259e+21	1.27e-20	5.03e-15	7.03e-11	1.00e-07	1.90e-05	2.41e-02	3.00e-01	6.76e-01
 4.92334e+21	1.50e-20	5.83e-15	7.99e-11	1.11e-07	2.04e-05	2.50e-02	3.04e-01	6.71e-01
 5.00371e+21	1.77e-20	6.75e-15	9.06e-11	1.23e-07	2.20e-05	2.60e-02	3.09e-01	6.65e-01
 5.10819e+21	2.21e-20	8.21e-15	1.07e-10	1.42e-07	2.43e-05	2.73e-02	3.15e-01	6.57e-01
 5.21527e+21	2.78e-20	1.00e-14	1.28e-10	1.63e-07	2.69e-05	2.88e-02	3.22e-01	6.49e-01
 5.30085e+21	3.30e-20	1.17e-14	1.45e-10	1.82e-07	2.90e-05	3.00e-02	3.27e-01	6.43e-01
 5.38722e+21	3.92e-20	1.36e-14	1.65e-10	2.02e-07	3.12e-05	3.12e-02	3.32e-01	6.37e-01
 5.49950e+21	4.88e-20	1.64e-14	1.95e-10	2.32e-07	3.44e-05	3.28e-02	3.38e-01	6.29e-01
 5.62058e+21	6.18e-20	2.02e-14	2.33e-10	2.68e-07	3.82e-05	3.47e-02	3.45e-01	6.20e-01
 5.72492e+21	7.53e-20	2.41e-14	2.71e-10	3.03e-07	4.17e-05	3.63e-02	3.51e-01	6.12e-01
 5.81467e+21	8.94e-20	2.80e-14	3.08e-10	3.38e-07	4.50e-05	3.78e-02	3.56e-01	6.06e-01
 5.91363e+21	1.06e-19	3.25e-14	3.51e-10	3.75e-07	4.85e-05	3.94e-02	3.62e-01	5.99e-01
 6.04227e+21	1.35e-19	4.02e-14	4.21e-10	4.37e-07	5.40e-05	4.16e-02	3.69e-01	5.89e-01
 6.17838e+21	1.73e-19	4.99e-14	5.07e-10	5.09e-07	6.02e-05	4.41e-02	3.77e-01	5.79e-01
 6.28196e+21	2.06e-19	5.83e-14	5.80e-10	5.68e-07	6.51e-05	4.60e-02	3.82e-01	5.72e-01
 6.35886e+21	2.36e-19	6.56e-14	6.42e-10	6.18e-07	6.91e-05	4.74e-02	3.87e-01	5.66e-01
 6.44329e+21	2.72e-19	7.43e-14	7.14e-10	6.74e-07	7.35e-05	4.90e-02	3.91e-01	5.60e-01
 6.55305e+21	3.27e-19	8.73e-14	8.21e-10	7.56e-07	7.98e-05	5.12e-02	3.97e-01	5.52e-01
 6.69574e+21	4.12e-19	1.07e-13	9.79e-10	8.74e-07	8.84e-05	5.42e-02	4.04e-01	5.41e-01
 6.84064e+21	5.22e-19	1.32e-13	1.17e-09	1.01e-06	9.83e-05	5.73e-02	4.12e-01	5.31e-01
 6.95404e+21	6.20e-19	1.53e-13	1.33e-09	1.13e-06	1.06e-04	5.97e-02	4.18e-01	5.23e-01
 7.06705e+21	7.42e-19	1.80e-13	1.53e-09	1.26e-06	1.15e-04	6.24e-02	4.23e-01	5.14e-01
 7.21396e+21	9.28e-19	2.19e-13	1.81e-09	1.45e-06	1.27e-04	6.58e-02	4.31e-01	5.04e-01
 7.37048e+21	1.18e-18	2.69e-13	2.17e-09	1.69e-06	1.42e-04	6.97e-02	4.38e-01	4.92e-01
 7.50281e+21	1.43e-18	3.19e-13	2.52e-09	1.91e-06	1.55e-04	7.31e-02	4.44e-01	4.83e-01
 7.63820e+21	1.73e-18	3.79e-13	2.92e-09	2.16e-06	1.69e-04	7.66e-02	4.50e-01	4.73e-01
 7.81419e+21	2.22e-18	4.71e-13	3.53e-09	2.53e-06	1.89e-04	8.14e-02	4.58e-01	4.60e-01
 7.99766e+21	2.86e-18	5.89e-13	4.29e-09	2.97e-06	2.13e-04	8.67e-02	4.66e-01	4.47e-01
 8.14769e+21	3.49e-18	7.03e-13	5.00e-09	3.38e-06	2.33e-04	9.10e-02	4.72e-01	4.37e-01
 8.29960e+21	4.25e-18	8.37e-13	5.82e-09	3.84e-06	2.56e-04	9.56e-02	4.78e-01	4.26e-01
 8.49709e+21	5.46e-18	1.05e-12	7.09e-09	4.53e-06	2.88e-04	1.02e-01	4.86e-01	4.12e-01
 8.70527e+21	7.08e-18	1.32e-12	8.68e-09	5.38e-06	3.27e-04	1.09e-01	4.93e-01	3.98e-01
 8.86481e+21	8.57e-18	1.57e-12	1.01e-08	6.10e-06	3.58e-04	1.14e-01	4.98e-01	3.87e-01
 8.98615e+21	9.87e-18	1.77e-12	1.13e-08	6.70e-06	3.83e-04	1.18e-01	5.02e-01	3.79e-01
 9.12041e+21	1.15e-17	2.04e-12	1.27e-08	7.42e-06	4.12e-04	1.23e-01	5.06e-01	3.71e-01
 9.29494e+21	1.40e-17	2.43e-12	1.49e-08	8.48e-06	4.55e-04	1.29e-01	5.11e-01	3.59e-01
 9.48580e+21	1.72e-17	2.93e-12	1.76e-08	9.78e-06	5.05e-04	1.36e-01	5.16e-01	3.47e-01
 9.65549e+21	2.06e-17	3.44e-12	2.03e-08	1.10e-05	5.52e-04	1.43e-01	5.20e-01	3.36e-01
 9.81023e+21	2.42e-17	3.97e-12	2.30e-08	1.23e-05	5.98e-04	1.49e-01	5.24e-01	3.27e-01
 9.98792e+21	2.88e-17	4.65e-12	2.66e-08	1.39e-05	6.55e-04	1.56e-01	5.27e-01	3.16e-01
 1.02189e+22	3.60e-17	5.69e-12	3.19e-08	1.63e-05	7.36e-04	1.65e-01	5.31e-01	3.03e-01
 1.04540e+22	4.48e-17	6.95e-12	3.81e-08	1.91e-05	8.26e-04	1.75e-01	5.35e-01	2.89e-01
 1.06389e+22	5.28e-17	8.07e-12	4.36e-08	2.14e-05	8.99e-04	1.83e-01	5.37e-01	2.79e-01
 1.08236e+22	6.18e-17	9.32e-12	4.97e-08	2.40e-05	9.79e-04	1.90e-01	5.39e-01	2.70e-01
 1.10638e+22	7.54e-17	1.12e-11	5.87e-08	2.78e-05	1.09e-03	2.01e-01	5.41e-01	2.57e-01
 1.13167e+22	9.23e-17	1.35e-11	6.95e-08	3.23e-05	1.22e-03	2.12e-01	5.42e-01	2.45e-01
 1.15273e+22	1.08e-16	1.56e-11	7.96e-08	3.63e-05	1.33e-03	2.21e-01	5.43e-01	2.35e-01
 1.17424e+22	1.27e-16	1.80e-11	9.09e-08	4.08e-05	1.45e-03	2.30e-01	5.43e-01	2.25e-01
 1.20220e+22	1.52e-16	2.16e-11	1.08e-07	4.74e-05	1.63e-03	2.43e-01	5.42e-01	2.13e-01
 1.23091e+22	1.84e-16	2.59e-11	1.27e-07	5.49e-05	1.82e-03	2.56e-01	5.41e-01	2.01e-01
 1.25388e+22	2.13e-16	2.98e-11	1.44e-07	6.14e-05	1.97e-03	2.66e-01	5.40e-01	1.92e-01
 1.27702e+22	2.46e-16	3.40e-11	1.63e-07	6.86e-05	2.14e-03	2.76e-01	5.38e-01	1.84e-01
 1.30710e+22	2.93e-16	4.02e-11	1.91e-07	7.88e-05	2.38e-03	2.89e-01	5.35e-01	1.73e-01
 1.33746e+22	3.50e-16	4.74e-11	2.22e-07	9.03e-05	2.64e-03	3.03e-01	5.31e-01	1.63e-01
 1.35968e+22	3.97e-16	5.33e-11	2.48e-07	9.91e-05	2.83e-03	3.12e-01	5.29e-01	1.56e-01
 1.38006e+22	4.41e-16	5.89e-11	2.72e-07	1.08e-04	3.01e-03	3.21e-01	5.26e-01	1.50e-01
 1.40656e+22	5.04e-16	6.69e-11	3.07e-07	1.20e-04	3.27e-03	3.33e-01	5.21e-01	1.43e-01
 1.43481e+22	5.81e-16	7.65e-11	3.48e-07	1.34e-04	3.56e-03	3.45e-01	5.17e-01	1.35e-01
 1.45913e+22	6.54e-16	8.55e-11	3.86e-07	1.47e-04	3.81e-03	3.55e-01	5.12e-01	1.29e-01
 1.48456e+22	7.35e-16	9.55e-11	4.28e-07	1.61e-04	4.09e-03	3.65e-01	5.08e-01	1.23e-01
 1.51761e+22	8.50e-16	1.10e-10	4.89e-07	1.81e-04	4.47e-03	3.79e-01	5.01e-01	1.15e-01
 1.55146e+22	9.87e-16	1.27e-10	5.58e-07	2.04e-04	4.88e-03	3.92e-01	4.94e-01	1.08e-01
 1.57884e+22	1.11e-15	1.41e-10	6.19e-07	2.23e-04	5.22e-03	4.03e-01	4.89e-01	1.03e-01
 1.60693e+22	1.24e-15	1.57e-10	6.85e-07	2.44e-04	5.58e-03	4.14e-01	4.83e-01	9.75e-02
 1.64346e+22	1.43e-15	1.80e-10	7.79e-07	2.73e-04	6.08e-03	4.28e-01	4.75e-01	9.11e-02
 1.68149e+22	1.66e-15	2.07e-10	8.89e-07	3.06e-04	6.62e-03	4.42e-01	4.66e-01	8.50e-02
 1.71278e+22	1.87e-15	2.32e-10	9.88e-07	3.34e-04	7.08e-03	4.53e-01	4.59e-01	8.03e-02
 1.74474e+22	2.09e-15	2.58e-10	1.09e-06	3.65e-04	7.56e-03	4.64e-01	4.52e-01	7.58e-02
 1.78629e+22	2.41e-15	2.96e-10	1.24e-06	4.08e-04	8.23e-03	4.78e-01	4.43e-01	7.04e-02
 1.82923e+22	2.79e-15	3.40e-10	1.42e-06	4.57e-04	8.95e-03	4.92e-01	4.33e-01	6.53e-02
 1.86418e+22	3.14e-15	3.80e-10	1.58e-06	4.99e-04	9.55e-03	5.03e-01	4.25e-01	6.15e-02
 1.89984e+22	3.50e-15	4.22e-10	1.74e-06	5.43e-04	1.02e-02	5.15e-01	4.17e-01	5.78e-02
 1.94620e+22	4.02e-15	4.83e-10	1.98e-06	6.05e-04	1.10e-02	5.29e-01	4.06e-01	5.34e-02
 1.99465e+22	4.66e-15	5.56e-10	2.27e-06	6.76e-04	1.20e-02	5.43e-01	3.96e-01	4.92e-02
 2.03498e+22	5.26e-15	6.23e-10	2.52e-06	7.39e-04	1.28e-02	5.54e-01	3.87e-01	4.60e-02
 2.07661e+22	5.89e-15	6.95e-10	2.80e-06	8.06e-04	1.37e-02	5.65e-01	3.78e-01	4.29e-02
 2.12104e+22	6.67e-15	7.83e-10	3.14e-06	8.84e-04	1.46e-02	5.76e-01	3.68e-01	3.99e-02
 2.15886e+22	7.41e-15	8.65e-10	3.45e-06	9.53e-04	1.55e-02	5.86e-01	3.60e-01	3.76e-02
 2.19775e+22	8.16e-15	9.50e-10	3.78e-06	1.03e-03	1.63e-02	5.95e-01	3.52e-01	3.53e-02
 2.24831e+22	9.25e-15	1.07e-09	4.25e-06	1.13e-03	1.75e-02	6.07e-01	3.42e-01	3.26e-02
 2.29980e+22	1.05e-14	1.22e-09	4.78e-06	1.24e-03	1.88e-02	6.18e-01	3.32e-01	3.01e-02
 2.34111e+22	1.17e-14	1.34e-09	5.25e-06	1.34e-03	1.98e-02	6.27e-01	3.24e-01	2.82e-02
 2.38339e+22	1.29e-14	1.47e-09	5.75e-06	1.43e-03	2.09e-02	6.35e-01	3.16e-01	2.65e-02
 2.43835e+22	1.46e-14	1.66e-09	6.46e-06	1.57e-03	2.24e-02	6.46e-01	3.06e-01	2.44e-02
 2.49610e+22	1.66e-14	1.88e-09	7.30e-06	1.73e-03	2.40e-02	6.56e-01	2.95e-01	2.23e-02
 2.54409e+22	1.85e-14	2.09e-09	8.05e-06	1.86e-03	2.53e-02	6.65e-01	2.87e-01	2.08e-02
 2.59308e+22	2.05e-14	2.30e-09	8.86e-06	2.00e-03	2.67e-02	6.73e-01	2.79e-01	1.94e-02
 2.65677e+22	2.34e-14	2.61e-09	1.00e-05	2.20e-03	2.86e-02	6.83e-01	2.69e-01	1.77e-02
 2.72275e+22	2.68e-14	2.98e-09	1.14e-05	2.42e-03	3.07e-02	6.92e-01	2.59e-01	1.62e-02
 2.77636e+22	2.99e-14	3.31e-09	1.26e-05	2.61e-03	3.23e-02	6.99e-01	2.51e-01	1.50e-02
 2.83069e+22	3.31e-14	3.66e-09	1.39e-05	2.80e-03	3.41e-02	7.06e-01	2.43e-01	1.39e-02
 2.90133e+22	3.78e-14	4.15e-09	1.57e-05	3.07e-03	3.64e-02	7.15e-01	2.33e-01	1.27e-02
 2.97567e+22	4.35e-14	4.74e-09	1.79e-05	3.38e-03	3.90e-02	7.23e-01	2.23e-01	1.15e-02
 3.03807e+22	4.89e-14	5.30e-09	1.99e-05	3.65e-03	4.11e-02	7.29e-01	2.15e-01	1.06e-02
 3.10243e+22	5.45e-14	5.89e-09	2.21e-05	3.93e-03	4.34e-02	7.35e-01	2.08e-01	9.74e-03
 3.18611e+22	6.28e-14	6.75e-09	2.53e-05	4.33e-03	4.64e-02	7.42e-01	1.98e-01	8.77e-03
 3.27388e+22	7.30e-14	7.78e-09	2.91e-05	4.77e-03	4.97e-02	7.49e-01	1.89e-01	7.87e-03
 3.34761e+22	8.28e-14	8.76e-09	3.26e-05	5.16e-03	5.24e-02	7.54e-01	1.81e-01	7.19e-03
 3.42410e+22	9.36e-14	9.85e-09	3.65e-05	5.58e-03	5.53e-02	7.59e-01	1.74e-01	6.57e-03
 3.50519e+22	1.07e-13	1.12e-08	4.12e-05	6.05e-03	5.85e-02	7.63e-01	1.66e-01	5.97e-03
 3.57363e+22	1.20e-13	1.24e-08	4.54e-05	6.47e-03	6.12e-02	7.67e-01	1.60e-01	5.52e-03
 3.64398e+22	1.34e-13	1.38e-08	5.01e-05	6.91e-03	6.40e-02	7.70e-01	1.54e-01	5.10e-03
 3.73543e+22	1.54e-13	1.57e-08	5.67e-05	7.51e-03	6.77e-02	7.73e-01	1.47e-01	4.61e-03
 3.83108e+22	1.79e-13	1.80e-08	6.45e-05	8.19e-03	7.17e-02	7.76e-01	1.40e-01	4.15e-03
 3.91115e+22	2.03e-13	2.02e-08	7.17e-05	8.77e-03	7.50e-02	7.78e-01	1.34e-01	3.81e-03
 3.99420e+22	2.29e-13	2.26e-08	7.96e-05	9.40e-03	7.84e-02	7.80e-01	1.29e-01	3.49e-03
 4.10217e+22	2.68e-13	2.61e-08	9.09e-05	1.03e-02	8.30e-02	7.81e-01	1.22e-01	3.13e-03
 4.21756e+22	3.17e-13	3.04e-08	1.05e-04	1.12e-02	8.80e-02	7.83e-01	1.15e-01	2.79e-03
 4.31163e+22	3.65e-13	3.45e-08	1.17e-04	1.21e-02	9.20e-02	7.83e-01	1.10e-01	2.54e-03
 4.39094e+22	4.07e-13	3.80e-08	1.28e-04	1.28e-02	9.55e-02	7.83e-01	1.06e-01	2.35e-03
 4.48202e+22	4.62e-13	4.26e-08	1.42e-04	1.37e-02	9.95e-02	7.83e-01	1.02e-01	2.16e-03
 4.60043e+22	5.41e-13	4.91e-08	1.62e-04	1.49e-02	1.05e-01	7.82e-01	9.63e-02	1.94e-03
 4.72444e+22	6.41e-13	5.71e-08	1.85e-04	1.62e-02	1.10e-01	7.81e-01	9.09e-02	1.73e-03
 4.82902e+22	7.36e-13	6.45e-08	2.07e-04	1.73e-02	1.15e-01	7.79e-01	8.66e-02	1.57e-03
 4.93825e+22	8.50e-13	7.32e-08	2.31e-04	1.86e-02	1.20e-01	7.77e-01	8.26e-02	1.43e-03
 5.08026e+22	1.01e-12	8.56e-08	2.66e-04	2.03e-02	1.26e-01	7.74e-01	7.77e-02	1.27e-03
 5.22812e+22	1.22e-12	1.01e-07	3.08e-04	2.22e-02	1.33e-01	7.70e-01	7.29e-02	1.12e-03
 5.34975e+22	1.43e-12	1.15e-07	3.45e-04	2.38e-02	1.39e-01	7.67e-01	6.92e-02	1.01e-03
 5.47401e+22	1.65e-12	1.31e-07	3.87e-04	2.56e-02	1.44e-01	7.63e-01	6.57e-02	9.19e-04
 5.63554e+22	1.99e-12	1.54e-07	4.48e-04	2.80e-02	1.52e-01	7.58e-01	6.16e-02	8.12e-04
 5.80740e+22	2.44e-12	1.83e-07	5.21e-04	3.07e-02	1.59e-01	7.51e-01	5.74e-02	7.12e-04
 5.95249e+22	2.86e-12	2.10e-07	5.88e-04	3.31e-02	1.66e-01	7.45e-01	5.42e-02	6.38e-04
 6.10092e+22	3.37e-12	2.42e-07	6.65e-04	3.56e-02	1.73e-01	7.39e-01	5.12e-02	5.74e-04
 6.29389e+22	4.16e-12	2.89e-07	7.77e-04	3.91e-02	1.82e-01	7.30e-01	4.76e-02	5.01e-04
 6.49580e+22	5.14e-12	3.46e-07	9.10e-04	4.31e-02	1.91e-01	7.21e-01	4.40e-02	4.35e-04
 6.66235e+22	6.09e-12	4.00e-07	1.03e-03	4.64e-02	1.98e-01	7.12e-01	4.14e-02	3.89e-04
 6.83187e+22	7.23e-12	4.63e-07	1.17e-03	5.01e-02	2.06e-01	7.03e-01	3.89e-02	3.48e-04
 7.05224e+22	8.97e-12	5.56e-07	1.37e-03	5.51e-02	2.16e-01	6.91e-01	3.60e-02	3.02e-04
 7.28358e+22	1.12e-11	6.70e-07	1.62e-03	6.07e-02	2.26e-01	6.78e-01	3.31e-02	2.61e-04
 7.47776e+22	1.34e-11	7.79e-07	1.85e-03	6.56e-02	2.35e-01	6.67e-01	3.09e-02	2.31e-04
 7.67878e+22	1.61e-11	9.11e-07	2.11e-03	7.10e-02	2.43e-01	6.55e-01	2.88e-02	2.05e-04
 7.94010e+22	2.03e-11	1.11e-06	2.51e-03	7.84e-02	2.54e-01	6.38e-01	2.64e-02	1.76e-04
 8.20760e+22	2.57e-11	1.35e-06	2.98e-03	8.67e-02	2.65e-01	6.21e-01	2.40e-02	1.50e-04
 8.42797e+22	3.09e-11	1.57e-06	3.42e-03	9.38e-02	2.74e-01	6.06e-01	2.23e-02	1.32e-04
 8.65928e+22	3.75e-11	1.85e-06	3.94e-03	1.02e-01	2.83e-01	5.91e-01	2.06e-02	1.16e-04
 8.91573e+22	4.64e-11	2.22e-06	4.60e-03	1.11e-01	2.93e-01	5.73e-01	1.89e-02	1.01e-04
 9.14706e+22	5.59e-11	2.59e-06	5.28e-03	1.20e-01	3.01e-01	5.56e-01	1.75e-02	8.88e-05
 9.38998e+22	6.80e-11	3.06e-06	6.09e-03	1.30e-01	3.09e-01	5.38e-01	1.61e-02	7.80e-05
 9.70577e+22	8.69e-11	3.76e-06	7.29e-03	1.44e-01	3.18e-01	5.15e-01	1.46e-02	6.64e-05
 1.00074e+23	1.10e-10	4.60e-06	8.70e-03	1.59e-01	3.27e-01	4.92e-01	1.31e-02	5.62e-05
 1.02294e+23	1.31e-10	5.33e-06	9.91e-03	1.71e-01	3.33e-01	4.74e-01	1.21e-02	4.98e-05
 1.04565e+23	1.56e-10	6.18e-06	1.13e-02	1.83e-01	3.39e-01	4.56e-01	1.12e-02	4.43e-05
 1.07518e+23	1.96e-10	7.51e-06	1.33e-02	2.00e-01	3.44e-01	4.33e-01	1.01e-02	3.81e-05
 1.10479e+23	2.46e-10	9.09e-06	1.57e-02	2.18e-01	3.49e-01	4.08e-01	9.07e-03	3.25e-05
 1.12736e+23	2.93e-10	1.05e-05	1.78e-02	2.34e-01	3.51e-01	3.89e-01	8.32e-03	2.88e-05
 1.14636e+23	3.39e-10	1.19e-05	1.98e-02	2.47e-01	3.52e-01	3.73e-01	7.74e-03	2.60e-05
 1.16785e+23	4.00e-10	1.38e-05	2.23e-02	2.62e-01	3.53e-01	3.55e-01	7.15e-03	2.33e-05
 1.19579e+23	4.95e-10	1.65e-05	2.60e-02	2.83e-01	3.52e-01	3.32e-01	6.42e-03	2.01e-05
 1.22334e+23	6.13e-10	1.98e-05	3.04e-02	3.07e-01	3.50e-01	3.08e-01	5.71e-03	1.72e-05
 1.24330e+23	7.24e-10	2.29e-05	3.42e-02	3.25e-01	3.46e-01	2.90e-01	5.21e-03	1.52e-05
 1.25880e+23	8.20e-10	2.54e-05	3.74e-02	3.39e-01	3.43e-01	2.76e-01	4.86e-03	1.39e-05
 1.27558e+23	9.36e-10	2.85e-05	4.10e-02	3.55e-01	3.38e-01	2.61e-01	4.51e-03	1.26e-05
 1.29740e+23	1.11e-09	3.31e-05	4.63e-02	3.77e-01	3.31e-01	2.42e-01	4.06e-03	1.11e-05
 1.31935e+23	1.33e-09	3.86e-05	5.24e-02	3.99e-01	3.22e-01	2.23e-01	3.64e-03	9.66e-06
 1.33589e+23	1.52e-09	4.33e-05	5.76e-02	4.18e-01	3.14e-01	2.08e-01	3.32e-03	8.66e-06
 1.34921e+23	1.70e-09	4.78e-05	6.22e-02	4.33e-01	3.06e-01	1.95e-01	3.07e-03	7.88e-06
 1.36396e+23	1.92e-09	5.30e-05	6.75e-02	4.50e-01	2.97e-01	1.82e-01	2.82e-03	7.12e-06
 1.38062e+23	2.21e-09	5.98e-05	7.40e-02	4.70e-01	2.85e-01	1.68e-01	2.55e-03	6.32e-06
 1.39578e+23	2.50e-09	6.67e-05	8.05e-02	4.89e-01	2.73e-01	1.54e-01	2.31e-03	5.63e-06
 1.40838e+23	2.76e-09	7.28e-05	8.63e-02	5.05e-01	2.63e-01	1.43e-01	2.11e-03	5.10e-06
 1.41989e+23	3.04e-09	7.90e-05	9.18e-02	5.21e-01	2.52e-01	1.34e-01	1.94e-03	4.64e-06
 1.43306e+23	3.39e-09	8.68e-05	9.84e-02	5.38e-01	2.39e-01	1.22e-01	1.76e-03	4.13e-06
 1.44705e+23	3.79e-09	9.57e-05	1.06e-01	5.57e-01	2.25e-01	1.11e-01	1.57e-03	3.66e-06
 1.45870e+23	4.15e-09	1.04e-04	1.12e-01	5.73e-01	2.12e-01	1.02e-01	1.42e-03	3.28e-06
 1.46828e+23	4.47e-09	1.11e-04	1.18e-01	5.86e-01	2.01e-01	9.46e-02	1.31e-03	2.99e-06
 1.47861e+23	4.84e-09	1.18e-04	1.23e-01	5.99e-01	1.89e-01	8.71e-02	1.19e-03	2.71e-06
 1.49015e+23	5.27e-09	1.27e-04	1.30e-01	6.14e-01	1.75e-01	7.92e-02	1.07e-03	2.41e-06
 1.50057e+23	5.68e-09	1.36e-04	1.36e-01	6.28e-01	1.62e-01	7.24e-02	9.70e-04	2.16e-06
 1.50945e+23	6.06e-09	1.44e-04	1.41e-01	6.39e-01	1.52e-01	6.69e-02	8.87e-04	1.96e-06
 1.51903e+23	6.45e-09	1.51e-04	1.47e-01	6.50e-01	1.41e-01	6.18e-02	8.11e-04	1.78e-06
 1.52974e+23	6.93e-09	1.61e-04	1.53e-01	6.62e-01	1.28e-01	5.64e-02	7.30e-04	1.59e-06
 1.53954e+23	7.38e-09	1.69e-04	1.58e-01	6.71e-01	1.18e-01	5.19e-02	6.64e-04	1.43e-06
 1.54820e+23	7.80e-09	1.77e-04	1.63e-01	6.79e-01	1.09e-01	4.84e-02	6.12e-04	1.30e-06
 1.55778e+23	8.28e-09	1.85e-04	1.68e-01	6.87e-01	9.97e-02	4.50e-02	5.61e-04	1.18e-06
 1.57022e+23	8.94e-09	1.97e-04	1.74e-01	6.95e-01	8.91e-02	4.13e-02	5.04e-04	1.04e-06
 1.58266e+23	9.67e-09	2.08e-04	1.80e-01	7.01e-01	7.97e-02	3.80e-02	4.55e-04	9.23e-07
 1.59222e+23	1.03e-08	2.17e-04	1.85e-01	7.05e-01	7.34e-02	3.59e-02	4.21e-04	8.42e-07
 1.60177e+23	1.09e-08	2.26e-04	1.89e-01	7.08e-01	6.78e-02	3.41e-02	3.93e-04	7.73e-07
 1.61419e+23	1.17e-08	2.38e-04	1.95e-01	7.11e-01	6.15e-02	3.21e-02	3.61e-04	6.93e-07
 1.62754e+23	1.28e-08	2.52e-04	2.01e-01	7.13e-01	5.59e-02	3.02e-02	3.30e-04	6.18e-07
 1.63963e+23	1.37e-08	2.64e-04	2.06e-01	7.13e-01	5.15e-02	2.87e-02	3.06e-04	5.59e-07
 1.65252e+23	1.48e-08	2.76e-04	2.11e-01	7.14e-01	4.76e-02	2.73e-02	2.84e-04	5.07e-07
 1.66853e+23	1.62e-08	2.92e-04	2.17e-01	7.13e-01	4.34e-02	2.59e-02	2.61e-04	4.51e-07
 1.68607e+23	1.78e-08	3.10e-04	2.23e-01	7.12e-01	3.97e-02	2.45e-02	2.38e-04	3.99e-07
 1.70232e+23	1.93e-08	3.26e-04	2.29e-01	7.10e-01	3.69e-02	2.33e-02	2.20e-04	3.58e-07
 1.71878e+23	2.10e-08	3.42e-04	2.35e-01	7.08e-01	3.44e-02	2.23e-02	2.05e-04	3.23e-07
 1.73844e+23	2.29e-08	3.61e-04	2.41e-01	7.05e-01	3.19e-02	2.13e-02	1.89e-04	2.89e-07
 1.76131e+23	2.52e-08	3.82e-04	2.48e-01	7.02e-01	2.95e-02	2.02e-02	1.73e-04	2.55e-07
 1.78626e+23	2.78e-08	4.05e-04	2.55e-01	6.98e-01	2.74e-02	1.91e-02	1.58e-04	2.25e-07
 1.81330e+23	3.06e-08	4.29e-04	2.61e-01	6.94e-01	2.54e-02	1.81e-02	1.44e-04	1.98e-07
 1.84366e+23	3.38e-08	4.54e-04	2.69e-01	6.90e-01	2.36e-02	1.72e-02	1.31e-04	1.74e-07
 1.87909e+23	3.75e-08	4.83e-04	2.76e-01	6.85e-01	2.19e-02	1.62e-02	1.19e-04	1.51e-07
 1.92090e+23	4.20e-08	5.16e-04	2.85e-01	6.79e-01	2.02e-02	1.52e-02	1.07e-04	1.30e-07
 1.97010e+23	4.72e-08	5.52e-04	2.94e-01	6.72e-01	1.87e-02	1.43e-02	9.51e-05	0.00e+00
 2.03126e+23	5.36e-08	5.93e-04	3.04e-01	6.65e-01	1.71e-02	1.33e-02	8.39e-05	0.00e+00
 2.10777e+23	6.17e-08	6.42e-04	3.16e-01	6.56e-01	1.56e-02	1.22e-02	7.30e-05	0.00e+00
 2.19331e+23	7.15e-08	6.99e-04	3.28e-01	6.45e-01	1.43e-02	1.13e-02	6.32e-05	0.00e+00
 2.27782e+23	8.24e-08	7.58e-04	3.40e-01	6.35e-01	1.33e-02	1.04e-02	5.52e-05	0.00e+00
 2.35552e+23	9.25e-08	8.10e-04	3.51e-01	6.26e-01	1.25e-02	9.74e-03	4.94e-05	0.00e+00
 2.42545e+23	1.02e-07	8.55e-04	3.59e-01	6.19e-01	1.20e-02	9.23e-03	4.52e-05	0.00e+00
 2.48838e+23	1.11e-07	8.96e-04	3.66e-01	6.12e-01	1.15e-02	8.81e-03	4.18e-05	0.00e+00
 2.54503e+23	1.18e-07	9.29e-04	3.72e-01	6.07e-01	1.11e-02	8.49e-03	3.92e-05	0.00e+00
 2.59601e+23	1.25e-07	9.57e-04	3.77e-01	6.03e-01	1.08e-02	8.24e-03	3.73e-05	0.00e+00
 2.64189e+23	1.31e-07	9.83e-04	3.81e-01	5.99e-01	1.06e-02	8.02e-03	3.57e-05	0.00e+00
 2.68318e+23	1.35e-07	1.00e-03	3.84e-01	5.96e-01	1.04e-02	7.87e-03	3.46e-05	0.00e+00
 2.72034e+23	1.41e-07	1.02e-03	3.88e-01	5.93e-01	1.02e-02	7.69e-03	3.33e-05	0.00e+00
 2.75379e+23	1.44e-07	1.04e-03	3.90e-01	5.91e-01	1.01e-02	7.59e-03	3.26e-05	0.00e+00
 2.78491e+23	1.48e-07	1.05e-03	3.93e-01	5.89e-01	9.96e-03	7.47e-03	3.18e-05	0.00e+00
 2.81546e+23	1.52e-07	1.06e-03	3.95e-01	5.87e-01	9.85e-03	7.38e-03	3.11e-05	0.00e+00
 2.84601e+23	1.55e-07	1.08e-03	3.97e-01	5.85e-01	9.74e-03	7.29e-03	3.06e-05	0.00e+00
 2.87655e+23	1.58e-07	1.09e-03	3.98e-01	5.84e-01	9.64e-03	7.21e-03	3.00e-05	0.00e+00
 2.90710e+23	1.61e-07	1.10e-03	4.00e-01	5.82e-01	9.55e-03	7.13e-03	2.95e-05	0.00e+00
 2.93765e+23	1.64e-07	1.11e-03	4.02e-01	5.81e-01	9.46e-03	7.07e-03	2.91e-05	0.00e+00
 2.96820e+23	1.67e-07	1.11e-03	4.03e-01	5.80e-01	9.38e-03	7.01e-03	2.87e-05	0.00e+00
 2.99875e+23	1.69e-07	1.12e-03	4.04e-01	5.78e-01	9.30e-03	6.95e-03	2.83e-05	0.00e+00
 3.02929e+23	1.72e-07	1.13e-03	4.05e-01	5.77e-01	9.23e-03	6.89e-03	2.79e-05	0.00e+00
 3.04969e+23	1.76e-07	1.14e-03	4.07e-01	5.76e-01	9.17e-03	6.82e-03	2.75e-05	0.00e+00
