#depth	C	C+	C+2	C+3	C+4	C+5	C+6	C[1]	C[2]	C[3]	C+[1]	C+[2]	CO
 6.17135e+19	4.21e-30	3.83e-21	6.88e-16	2.99e-11	3.83e-06	6.77e-03	9.93e-01	0.00e+00	0.00e+00	0.00e+00	0.00e+00	0.00e+00	1.77e-77
 1.87609e+20	1.24e-29	9.82e-21	1.50e-15	5.40e-11	6.03e-06	7.86e-03	9.92e-01	0.00e+00	0.00e+00	0.00e+00	0.00e+00	0.00e+00	1.20e-76
 2.83882e+20	2.94e-29	2.10e-20	2.81e-15	8.41e-11	8.35e-06	8.83e-03	9.91e-01	0.00e+00	0.00e+00	0.00e+00	0.00e+00	0.00e+00	8.15e-76
 3.32787e+20	4.57e-29	3.10e-20	3.86e-15	1.04e-10	9.74e-06	9.34e-03	9.91e-01	0.00e+00	0.00e+00	0.00e+00	0.00e+00	0.00e+00	2.11e-75
 3.57617e+20	5.71e-29	3.76e-20	4.54e-15	1.16e-10	1.05e-05	9.62e-03	9.90e-01	0.00e+00	0.00e+00	0.00e+00	0.00e+00	0.00e+00	3.43e-75
 3.76054e+20	6.56e-29	4.25e-20	5.02e-15	1.24e-10	1.10e-05	9.80e-03	9.90e-01	0.00e+00	0.00e+00	0.00e+00	0.00e+00	0.00e+00	4.69e-75
 4.00022e+20	8.07e-29	5.09e-20	5.82e-15	1.39e-10	1.19e-05	1.01e-02	9.90e-01	0.00e+00	0.00e+00	0.00e+00	0.00e+00	0.00e+00	7.49e-75
 4.31181e+20	1.02e-28	6.27e-20	6.90e-15	1.56e-10	1.30e-05	1.04e-02	9.90e-01	0.00e+00	0.00e+00	0.00e+00	0.00e+00	0.00e+00	1.29e-74
 4.64809e+20	1.37e-28	8.07e-20	8.49e-15	1.82e-10	1.45e-05	1.09e-02	9.89e-01	0.00e+00	0.00e+00	0.00e+00	0.00e+00	0.00e+00	2.49e-74
 4.93012e+20	1.70e-28	9.79e-20	9.95e-15	2.03e-10	1.56e-05	1.12e-02	9.89e-01	0.00e+00	0.00e+00	0.00e+00	0.00e+00	0.00e+00	4.09e-74
 5.21043e+20	2.15e-28	1.20e-19	1.18e-14	2.28e-10	1.70e-05	1.16e-02	9.88e-01	0.00e+00	0.00e+00	0.00e+00	0.00e+00	0.00e+00	6.93e-74
 5.57482e+20	2.86e-28	1.54e-19	1.44e-14	2.64e-10	1.88e-05	1.21e-02	9.88e-01	0.00e+00	0.00e+00	0.00e+00	0.00e+00	0.00e+00	1.33e-73
 5.94630e+20	3.84e-28	1.99e-19	1.78e-14	3.06e-10	2.09e-05	1.26e-02	9.87e-01	0.00e+00	0.00e+00	0.00e+00	0.00e+00	0.00e+00	2.58e-73
 6.23990e+20	4.81e-28	2.43e-19	2.10e-14	3.43e-10	2.25e-05	1.30e-02	9.87e-01	0.00e+00	0.00e+00	0.00e+00	0.00e+00	0.00e+00	4.34e-73
 6.48860e+20	5.78e-28	2.85e-19	2.40e-14	3.76e-10	2.40e-05	1.33e-02	9.87e-01	0.00e+00	0.00e+00	0.00e+00	0.00e+00	0.00e+00	6.61e-73
 6.76598e+20	7.16e-28	3.44e-19	2.80e-14	4.19e-10	2.59e-05	1.38e-02	9.86e-01	0.00e+00	0.00e+00	0.00e+00	0.00e+00	0.00e+00	1.08e-72
 7.07458e+20	8.95e-28	4.19e-19	3.29e-14	4.69e-10	2.79e-05	1.42e-02	9.86e-01	0.00e+00	0.00e+00	0.00e+00	0.00e+00	0.00e+00	1.82e-72
 7.37727e+20	1.12e-27	5.10e-19	3.86e-14	5.25e-10	3.01e-05	1.47e-02	9.85e-01	0.00e+00	0.00e+00	0.00e+00	0.00e+00	0.00e+00	3.04e-72
 7.67388e+20	1.38e-27	6.15e-19	4.50e-14	5.83e-10	3.24e-05	1.51e-02	9.85e-01	0.00e+00	0.00e+00	0.00e+00	0.00e+00	0.00e+00	4.95e-72
 8.00912e+20	1.74e-27	7.54e-19	5.32e-14	6.56e-10	3.51e-05	1.57e-02	9.84e-01	0.00e+00	0.00e+00	0.00e+00	0.00e+00	0.00e+00	8.52e-72
 8.37358e+20	2.23e-27	9.43e-19	6.39e-14	7.45e-10	3.82e-05	1.63e-02	9.84e-01	0.00e+00	0.00e+00	0.00e+00	0.00e+00	0.00e+00	1.53e-71
 8.69541e+20	2.77e-27	1.14e-18	7.47e-14	8.30e-10	4.11e-05	1.68e-02	9.83e-01	0.00e+00	0.00e+00	0.00e+00	0.00e+00	0.00e+00	2.54e-71
 9.03315e+20	3.45e-27	1.39e-18	8.77e-14	9.29e-10	4.43e-05	1.74e-02	9.83e-01	0.00e+00	0.00e+00	0.00e+00	0.00e+00	0.00e+00	4.26e-71
 9.41011e+20	4.40e-27	1.72e-18	1.05e-13	1.05e-09	4.81e-05	1.80e-02	9.82e-01	0.00e+00	0.00e+00	0.00e+00	0.00e+00	0.00e+00	7.57e-71
 9.76429e+20	5.48e-27	2.10e-18	1.23e-13	1.17e-09	5.18e-05	1.86e-02	9.81e-01	0.00e+00	0.00e+00	0.00e+00	0.00e+00	0.00e+00	1.27e-70
 1.01510e+21	6.91e-27	2.58e-18	1.46e-13	1.32e-09	5.61e-05	1.93e-02	9.81e-01	0.00e+00	0.00e+00	0.00e+00	0.00e+00	0.00e+00	2.22e-70
 1.05708e+21	8.89e-27	3.23e-18	1.75e-13	1.51e-09	6.12e-05	2.01e-02	9.80e-01	0.00e+00	0.00e+00	0.00e+00	0.00e+00	0.00e+00	4.04e-70
 1.09501e+21	1.10e-26	3.93e-18	2.05e-13	1.68e-09	6.58e-05	2.07e-02	9.79e-01	0.00e+00	0.00e+00	0.00e+00	0.00e+00	0.00e+00	6.77e-70
 1.13595e+21	1.38e-26	4.80e-18	2.42e-13	1.89e-09	7.11e-05	2.15e-02	9.78e-01	0.00e+00	0.00e+00	0.00e+00	0.00e+00	0.00e+00	1.17e-69
 1.17215e+21	1.68e-26	5.72e-18	2.80e-13	2.09e-09	7.60e-05	2.21e-02	9.78e-01	0.00e+00	0.00e+00	0.00e+00	0.00e+00	0.00e+00	1.86e-69
 1.19398e+21	1.89e-26	6.35e-18	3.04e-13	2.22e-09	7.91e-05	2.26e-02	9.77e-01	0.00e+00	0.00e+00	0.00e+00	0.00e+00	0.00e+00	2.46e-69
 1.21410e+21	2.11e-26	7.02e-18	3.31e-13	2.35e-09	8.22e-05	2.30e-02	9.77e-01	0.00e+00	0.00e+00	0.00e+00	0.00e+00	0.00e+00	3.22e-69
 1.24026e+21	2.37e-26	7.82e-18	3.61e-13	2.51e-09	8.58e-05	2.34e-02	9.76e-01	0.00e+00	0.00e+00	0.00e+00	0.00e+00	0.00e+00	4.31e-69
 1.27426e+21	2.85e-26	9.21e-18	4.13e-13	2.76e-09	9.14e-05	2.41e-02	9.76e-01	0.00e+00	0.00e+00	0.00e+00	0.00e+00	0.00e+00	6.74e-69
 1.30659e+21	3.37e-26	1.07e-17	4.67e-13	3.02e-09	9.68e-05	2.48e-02	9.75e-01	0.00e+00	0.00e+00	0.00e+00	0.00e+00	0.00e+00	1.01e-68
 1.33111e+21	3.80e-26	1.19e-17	5.10e-13	3.22e-09	1.01e-04	2.53e-02	9.75e-01	0.00e+00	0.00e+00	0.00e+00	0.00e+00	0.00e+00	1.35e-68
 1.35738e+21	4.27e-26	1.33e-17	5.56e-13	3.42e-09	1.05e-04	2.58e-02	9.74e-01	0.00e+00	0.00e+00	0.00e+00	0.00e+00	0.00e+00	1.81e-68
 1.39153e+21	5.01e-26	1.53e-17	6.25e-13	3.72e-09	1.11e-04	2.65e-02	9.73e-01	0.00e+00	0.00e+00	0.00e+00	0.00e+00	0.00e+00	2.66e-68
 1.42996e+21	5.94e-26	1.78e-17	7.09e-13	4.08e-09	1.18e-04	2.73e-02	9.73e-01	0.00e+00	0.00e+00	0.00e+00	0.00e+00	0.00e+00	4.07e-68
 1.46711e+21	7.01e-26	2.07e-17	8.00e-13	4.45e-09	1.25e-04	2.80e-02	9.72e-01	0.00e+00	0.00e+00	0.00e+00	0.00e+00	0.00e+00	6.09e-68
 1.50854e+21	8.36e-26	2.43e-17	9.11e-13	4.89e-09	1.33e-04	2.89e-02	9.71e-01	0.00e+00	0.00e+00	0.00e+00	0.00e+00	0.00e+00	9.46e-68
 1.55408e+21	1.01e-25	2.89e-17	1.05e-12	5.42e-09	1.42e-04	2.98e-02	9.70e-01	0.00e+00	0.00e+00	0.00e+00	0.00e+00	0.00e+00	1.51e-67
 1.59148e+21	1.19e-25	3.34e-17	1.18e-12	5.90e-09	1.51e-04	3.06e-02	9.69e-01	0.00e+00	0.00e+00	0.00e+00	0.00e+00	0.00e+00	2.25e-67
 1.61959e+21	1.34e-25	3.73e-17	1.29e-12	6.30e-09	1.57e-04	3.13e-02	9.69e-01	0.00e+00	0.00e+00	0.00e+00	0.00e+00	0.00e+00	3.03e-67
 1.64905e+21	1.50e-25	4.12e-17	1.40e-12	6.70e-09	1.64e-04	3.19e-02	9.68e-01	0.00e+00	0.00e+00	0.00e+00	0.00e+00	0.00e+00	4.02e-67
 1.68735e+21	1.72e-25	4.67e-17	1.55e-12	7.21e-09	1.72e-04	3.26e-02	9.67e-01	0.00e+00	0.00e+00	0.00e+00	4.67e-17	3.65e-20	5.64e-67
 1.73714e+21	2.11e-25	5.63e-17	1.81e-12	8.05e-09	1.85e-04	3.38e-02	9.66e-01	0.00e+00	0.00e+00	0.00e+00	5.29e-17	3.43e-18	9.46e-67
 1.78549e+21	2.54e-25	6.66e-17	2.07e-12	8.90e-09	1.97e-04	3.48e-02	9.65e-01	0.00e+00	0.00e+00	0.00e+00	6.26e-17	3.96e-18	1.50e-66
 1.82288e+21	2.90e-25	7.50e-17	2.28e-12	9.55e-09	2.06e-04	3.56e-02	9.64e-01	0.00e+00	0.00e+00	0.00e+00	7.06e-17	4.41e-18	2.09e-66
 1.86236e+21	3.31e-25	8.49e-17	2.52e-12	1.03e-08	2.16e-04	3.64e-02	9.63e-01	0.00e+00	0.00e+00	0.00e+00	8.00e-17	4.93e-18	2.93e-66
 1.91370e+21	4.03e-25	1.01e-16	2.92e-12	1.14e-08	2.32e-04	3.77e-02	9.62e-01	0.00e+00	0.00e+00	0.00e+00	9.57e-17	5.79e-18	4.80e-66
 1.96859e+21	4.88e-25	1.21e-16	3.37e-12	1.27e-08	2.48e-04	3.90e-02	9.61e-01	0.00e+00	0.00e+00	0.00e+00	1.14e-16	6.75e-18	7.81e-66
 2.01780e+21	5.67e-25	1.39e-16	3.78e-12	1.38e-08	2.62e-04	4.00e-02	9.60e-01	0.00e+00	0.00e+00	0.00e+00	1.32e-16	7.64e-18	1.15e-65
 2.07146e+21	6.86e-25	1.66e-16	4.36e-12	1.53e-08	2.80e-04	4.13e-02	9.58e-01	0.00e+00	0.00e+00	0.00e+00	1.57e-16	8.96e-18	1.88e-65
 2.13112e+21	8.38e-25	1.99e-16	5.06e-12	1.71e-08	3.00e-04	4.28e-02	9.57e-01	0.00e+00	0.00e+00	0.00e+00	1.89e-16	1.05e-17	3.11e-65
 2.18181e+21	9.67e-25	2.28e-16	5.65e-12	1.85e-08	3.17e-04	4.39e-02	9.56e-01	0.00e+00	0.00e+00	0.00e+00	2.17e-16	1.18e-17	4.52e-65
 2.23095e+21	1.14e-24	2.66e-16	6.40e-12	2.02e-08	3.35e-04	4.51e-02	9.55e-01	0.00e+00	0.00e+00	0.00e+00	2.52e-16	1.36e-17	6.91e-65
 2.28505e+21	1.33e-24	3.07e-16	7.19e-12	2.20e-08	3.55e-04	4.63e-02	9.53e-01	0.00e+00	0.00e+00	0.00e+00	2.92e-16	1.53e-17	1.03e-64
 2.34559e+21	1.62e-24	3.67e-16	8.33e-12	2.45e-08	3.80e-04	4.79e-02	9.52e-01	0.00e+00	0.00e+00	0.00e+00	3.49e-16	1.80e-17	1.70e-64
 2.40854e+21	1.95e-24	4.38e-16	9.60e-12	2.72e-08	4.06e-04	4.95e-02	9.50e-01	0.00e+00	0.00e+00	0.00e+00	4.17e-16	2.10e-17	2.78e-64
 2.45927e+21	2.26e-24	5.00e-16	1.07e-11	2.94e-08	4.27e-04	5.07e-02	9.49e-01	0.00e+00	0.00e+00	0.00e+00	4.76e-16	2.35e-17	4.02e-64
 2.50987e+21	2.58e-24	5.69e-16	1.19e-11	3.18e-08	4.49e-04	5.20e-02	9.48e-01	0.00e+00	0.00e+00	0.00e+00	5.42e-16	2.64e-17	5.74e-64
 2.57565e+21	3.14e-24	6.80e-16	1.37e-11	3.53e-08	4.80e-04	5.37e-02	9.46e-01	0.00e+00	0.00e+00	0.00e+00	6.49e-16	3.10e-17	9.52e-64
 2.64293e+21	3.78e-24	8.10e-16	1.59e-11	3.92e-08	5.13e-04	5.55e-02	9.44e-01	0.00e+00	0.00e+00	0.00e+00	7.74e-16	3.59e-17	1.55e-63
 2.69453e+21	4.34e-24	9.20e-16	1.76e-11	4.23e-08	5.39e-04	5.68e-02	9.43e-01	0.00e+00	0.00e+00	0.00e+00	8.79e-16	4.01e-17	2.21e-63
 2.74398e+21	4.95e-24	1.04e-15	1.94e-11	4.56e-08	5.65e-04	5.81e-02	9.41e-01	0.00e+00	0.00e+00	0.00e+00	9.96e-16	4.49e-17	3.14e-63
 2.80826e+21	5.78e-24	1.21e-15	2.19e-11	4.97e-08	5.98e-04	5.98e-02	9.40e-01	0.00e+00	0.00e+00	0.00e+00	1.16e-15	5.10e-17	4.73e-63
 2.87891e+21	7.02e-24	1.45e-15	2.54e-11	5.54e-08	6.40e-04	6.18e-02	9.38e-01	0.00e+00	0.00e+00	0.00e+00	1.39e-15	5.96e-17	7.91e-63
 2.93899e+21	8.15e-24	1.66e-15	2.84e-11	6.02e-08	6.75e-04	6.34e-02	9.36e-01	0.00e+00	0.00e+00	0.00e+00	1.59e-15	6.71e-17	1.17e-62
 2.99823e+21	9.24e-24	1.90e-15	3.18e-11	6.53e-08	7.11e-04	6.50e-02	9.34e-01	0.00e+00	0.00e+00	0.00e+00	1.83e-15	7.58e-17	1.71e-62
 3.07525e+21	1.12e-23	2.28e-15	3.68e-11	7.27e-08	7.61e-04	6.72e-02	9.32e-01	0.00e+00	0.00e+00	0.00e+00	2.19e-15	8.88e-17	2.85e-62
 3.15456e+21	1.33e-23	2.69e-15	4.21e-11	8.02e-08	8.11e-04	6.93e-02	9.30e-01	0.00e+00	0.00e+00	0.00e+00	2.58e-15	1.02e-16	4.52e-62
 3.21928e+21	1.55e-23	3.11e-15	4.74e-11	8.75e-08	8.57e-04	7.11e-02	9.28e-01	0.00e+00	0.00e+00	0.00e+00	2.99e-15	1.15e-16	6.84e-62
 3.28584e+21	1.81e-23	3.59e-15	5.33e-11	9.53e-08	9.05e-04	7.30e-02	9.26e-01	0.00e+00	0.00e+00	0.00e+00	3.45e-15	1.31e-16	1.04e-61
 3.35969e+21	2.16e-23	4.21e-15	6.08e-11	1.05e-07	9.62e-04	7.52e-02	9.24e-01	0.00e+00	0.00e+00	0.00e+00	4.06e-15	1.51e-16	1.64e-61
 3.42458e+21	2.50e-23	4.83e-15	6.80e-11	1.14e-07	1.01e-03	7.72e-02	9.22e-01	0.00e+00	0.00e+00	0.00e+00	4.66e-15	1.69e-16	2.44e-61
 3.48118e+21	2.82e-23	5.42e-15	7.47e-11	1.22e-07	1.06e-03	7.88e-02	9.20e-01	0.00e+00	0.00e+00	0.00e+00	5.24e-15	1.87e-16	3.40e-61
 3.54542e+21	3.23e-23	6.15e-15	8.27e-11	1.32e-07	1.11e-03	8.06e-02	9.18e-01	0.00e+00	0.00e+00	0.00e+00	5.94e-15	2.09e-16	4.89e-61
 3.62894e+21	3.85e-23	7.27e-15	9.48e-11	1.46e-07	1.18e-03	8.31e-02	9.16e-01	0.00e+00	0.00e+00	0.00e+00	7.03e-15	2.41e-16	7.94e-61
 3.71570e+21	4.64e-23	8.63e-15	1.09e-10	1.61e-07	1.26e-03	8.58e-02	9.13e-01	0.00e+00	0.00e+00	0.00e+00	8.35e-15	2.79e-16	1.30e-60
 3.78645e+21	5.36e-23	9.88e-15	1.22e-10	1.75e-07	1.33e-03	8.79e-02	9.11e-01	0.00e+00	0.00e+00	0.00e+00	9.56e-15	3.13e-16	1.93e-60
 3.85820e+21	6.18e-23	1.13e-14	1.36e-10	1.89e-07	1.40e-03	9.01e-02	9.09e-01	0.00e+00	0.00e+00	0.00e+00	1.09e-14	3.52e-16	2.85e-60
 3.95148e+21	7.44e-23	1.34e-14	1.56e-10	2.10e-07	1.49e-03	9.29e-02	9.06e-01	0.00e+00	0.00e+00	0.00e+00	1.30e-14	4.08e-16	4.73e-60
 4.05070e+21	9.02e-23	1.61e-14	1.81e-10	2.34e-07	1.60e-03	9.60e-02	9.02e-01	0.00e+00	0.00e+00	0.00e+00	1.56e-14	4.74e-16	7.99e-60
 4.13533e+21	1.06e-22	1.87e-14	2.05e-10	2.56e-07	1.69e-03	9.86e-02	9.00e-01	0.00e+00	0.00e+00	0.00e+00	1.81e-14	5.39e-16	1.25e-59
 4.22298e+21	1.25e-22	2.17e-14	2.32e-10	2.81e-07	1.79e-03	1.01e-01	8.97e-01	0.00e+00	0.00e+00	0.00e+00	2.11e-14	6.16e-16	1.97e-59
 4.33694e+21	1.54e-22	2.64e-14	2.71e-10	3.15e-07	1.92e-03	1.05e-01	8.93e-01	0.00e+00	0.00e+00	0.00e+00	2.57e-14	7.28e-16	3.49e-59
 4.45734e+21	1.92e-22	3.25e-14	3.22e-10	3.57e-07	2.08e-03	1.09e-01	8.89e-01	0.00e+00	0.00e+00	0.00e+00	3.16e-14	8.64e-16	6.52e-59
 4.55975e+21	2.30e-22	3.84e-14	3.69e-10	3.95e-07	2.21e-03	1.12e-01	8.86e-01	0.00e+00	0.00e+00	0.00e+00	3.74e-14	9.97e-16	1.08e-58
 4.66649e+21	2.76e-22	4.56e-14	4.24e-10	4.38e-07	2.36e-03	1.15e-01	8.82e-01	0.00e+00	0.00e+00	0.00e+00	4.44e-14	1.16e-15	1.81e-58
 4.77180e+21	3.26e-22	5.37e-14	4.85e-10	4.83e-07	2.51e-03	1.19e-01	8.79e-01	0.00e+00	0.00e+00	0.00e+00	5.24e-14	1.32e-15	2.90e-58
 4.85259e+21	3.75e-22	6.12e-14	5.39e-10	5.22e-07	2.63e-03	1.21e-01	8.76e-01	0.00e+00	0.00e+00	0.00e+00	5.97e-14	1.48e-15	4.31e-58
 4.92334e+21	4.26e-22	6.87e-14	5.92e-10	5.59e-07	2.74e-03	1.24e-01	8.73e-01	0.00e+00	0.00e+00	0.00e+00	6.70e-14	1.64e-15	6.23e-58
 5.00371e+21	4.85e-22	7.76e-14	6.54e-10	6.01e-07	2.87e-03	1.27e-01	8.71e-01	0.00e+00	0.00e+00	0.00e+00	7.57e-14	1.82e-15	8.93e-58
 5.10819e+21	5.75e-22	9.11e-14	7.46e-10	6.62e-07	3.05e-03	1.30e-01	8.67e-01	0.00e+00	0.00e+00	0.00e+00	8.90e-14	2.09e-15	1.45e-57
 5.21527e+21	6.85e-22	1.08e-13	8.55e-10	7.32e-07	3.24e-03	1.34e-01	8.63e-01	0.00e+00	0.00e+00	0.00e+00	1.05e-13	2.40e-15	2.38e-57
 5.30085e+21	7.81e-22	1.22e-13	9.46e-10	7.88e-07	3.39e-03	1.37e-01	8.60e-01	0.00e+00	0.00e+00	0.00e+00	1.19e-13	2.66e-15	3.47e-57
 5.38722e+21	8.91e-22	1.38e-13	1.05e-09	8.49e-07	3.55e-03	1.40e-01	8.57e-01	0.00e+00	0.00e+00	0.00e+00	1.35e-13	2.97e-15	5.03e-57
 5.49950e+21	1.06e-21	1.63e-13	1.20e-09	9.36e-07	3.77e-03	1.44e-01	8.53e-01	0.00e+00	0.00e+00	0.00e+00	1.59e-13	3.42e-15	8.09e-57
 5.62058e+21	1.26e-21	1.94e-13	1.38e-09	1.04e-06	4.02e-03	1.48e-01	8.48e-01	0.00e+00	0.00e+00	0.00e+00	1.90e-13	3.95e-15	1.35e-56
 5.72492e+21	1.48e-21	2.24e-13	1.55e-09	1.13e-06	4.24e-03	1.51e-01	8.44e-01	0.00e+00	0.00e+00	0.00e+00	2.20e-13	4.46e-15	2.08e-56
 5.81467e+21	1.68e-21	2.55e-13	1.72e-09	1.22e-06	4.44e-03	1.55e-01	8.41e-01	0.00e+00	0.00e+00	0.00e+00	2.50e-13	4.98e-15	3.02e-56
 5.91363e+21	1.91e-21	2.90e-13	1.92e-09	1.32e-06	4.66e-03	1.58e-01	8.37e-01	0.00e+00	0.00e+00	0.00e+00	2.84e-13	5.58e-15	4.38e-56
 6.04227e+21	2.31e-21	3.48e-13	2.22e-09	1.47e-06	4.98e-03	1.63e-01	8.32e-01	0.00e+00	0.00e+00	0.00e+00	3.41e-13	6.52e-15	7.43e-56
 6.17838e+21	2.77e-21	4.19e-13	2.59e-09	1.64e-06	5.33e-03	1.68e-01	8.27e-01	0.00e+00	0.00e+00	0.00e+00	4.11e-13	7.60e-15	1.26e-55
 6.28196e+21	3.20e-21	4.80e-13	2.89e-09	1.78e-06	5.61e-03	1.72e-01	8.23e-01	0.00e+00	0.00e+00	0.00e+00	4.71e-13	8.51e-15	1.86e-55
 6.35886e+21	3.54e-21	5.31e-13	3.14e-09	1.89e-06	5.82e-03	1.75e-01	8.20e-01	0.00e+00	0.00e+00	0.00e+00	5.22e-13	9.31e-15	2.49e-55
 6.44329e+21	3.95e-21	5.92e-13	3.43e-09	2.02e-06	6.06e-03	1.78e-01	8.16e-01	0.00e+00	0.00e+00	0.00e+00	5.82e-13	1.02e-14	3.38e-55
 6.55305e+21	4.54e-21	6.83e-13	3.86e-09	2.20e-06	6.38e-03	1.82e-01	8.12e-01	0.00e+00	0.00e+00	0.00e+00	6.72e-13	1.16e-14	5.03e-55
 6.69574e+21	5.43e-21	8.19e-13	4.47e-09	2.45e-06	6.82e-03	1.87e-01	8.06e-01	0.00e+00	0.00e+00	0.00e+00	8.06e-13	1.35e-14	8.31e-55
 6.84064e+21	6.48e-21	9.86e-13	5.21e-09	2.74e-06	7.30e-03	1.93e-01	8.00e-01	0.00e+00	0.00e+00	0.00e+00	9.71e-13	1.57e-14	1.38e-54
 6.95404e+21	7.43e-21	1.13e-12	5.83e-09	2.97e-06	7.69e-03	1.97e-01	7.95e-01	0.00e+00	0.00e+00	0.00e+00	1.11e-12	1.77e-14	2.01e-54
 7.06705e+21	8.52e-21	1.30e-12	6.55e-09	3.24e-06	8.10e-03	2.02e-01	7.90e-01	0.00e+00	0.00e+00	0.00e+00	1.28e-12	2.00e-14	2.97e-54
 7.21396e+21	1.01e-20	1.56e-12	7.58e-09	3.60e-06	8.65e-03	2.08e-01	7.83e-01	0.00e+00	0.00e+00	0.00e+00	1.54e-12	2.34e-14	4.80e-54
 7.37048e+21	1.21e-20	1.89e-12	8.88e-09	4.05e-06	9.28e-03	2.14e-01	7.76e-01	0.00e+00	0.00e+00	0.00e+00	1.86e-12	2.74e-14	8.00e-54
 7.50281e+21	1.40e-20	2.21e-12	1.01e-08	4.45e-06	9.84e-03	2.20e-01	7.70e-01	0.00e+00	0.00e+00	0.00e+00	2.18e-12	3.13e-14	1.21e-53
 7.63820e+21	1.62e-20	2.59e-12	1.15e-08	4.89e-06	1.04e-02	2.25e-01	7.64e-01	0.00e+00	0.00e+00	0.00e+00	2.56e-12	3.60e-14	1.84e-53
 7.81419e+21	1.95e-20	3.18e-12	1.36e-08	5.54e-06	1.13e-02	2.33e-01	7.56e-01	0.00e+00	0.00e+00	0.00e+00	3.14e-12	4.29e-14	3.14e-53
 7.99766e+21	2.35e-20	3.94e-12	1.63e-08	6.30e-06	1.22e-02	2.41e-01	7.47e-01	0.00e+00	0.00e+00	0.00e+00	3.89e-12	5.12e-14	5.43e-53
 8.14769e+21	2.71e-20	4.66e-12	1.87e-08	6.97e-06	1.30e-02	2.47e-01	7.40e-01	0.00e+00	0.00e+00	0.00e+00	4.60e-12	5.90e-14	8.36e-53
 8.29960e+21	3.14e-20	5.51e-12	2.15e-08	7.72e-06	1.38e-02	2.53e-01	7.33e-01	0.00e+00	0.00e+00	0.00e+00	5.44e-12	6.86e-14	1.28e-52
 8.49709e+21	3.76e-20	6.85e-12	2.57e-08	8.82e-06	1.50e-02	2.62e-01	7.23e-01	0.00e+00	0.00e+00	0.00e+00	6.76e-12	8.27e-14	2.21e-52
 8.70527e+21	4.52e-20	8.59e-12	3.11e-08	1.01e-05	1.63e-02	2.71e-01	7.12e-01	0.00e+00	0.00e+00	0.00e+00	8.49e-12	9.97e-14	3.88e-52
 8.86481e+21	5.20e-20	1.02e-11	3.58e-08	1.12e-05	1.73e-02	2.78e-01	7.04e-01	0.00e+00	0.00e+00	0.00e+00	1.00e-11	1.15e-13	5.88e-52
 8.98615e+21	5.75e-20	1.15e-11	3.97e-08	1.21e-05	1.81e-02	2.84e-01	6.98e-01	0.00e+00	0.00e+00	0.00e+00	1.14e-11	1.28e-13	8.00e-52
 9.12041e+21	6.42e-20	1.32e-11	4.45e-08	1.32e-05	1.91e-02	2.89e-01	6.91e-01	0.00e+00	0.00e+00	0.00e+00	1.30e-11	1.45e-13	1.12e-51
 9.29494e+21	7.36e-20	1.58e-11	5.18e-08	1.48e-05	2.04e-02	2.97e-01	6.82e-01	0.00e+00	0.00e+00	0.00e+00	1.56e-11	1.68e-13	1.72e-51
 9.48580e+21	8.53e-20	1.91e-11	6.09e-08	1.66e-05	2.19e-02	3.06e-01	6.72e-01	0.00e+00	0.00e+00	0.00e+00	1.89e-11	1.98e-13	2.72e-51
 9.65549e+21	9.71e-20	2.25e-11	7.00e-08	1.84e-05	2.33e-02	3.13e-01	6.63e-01	0.00e+00	0.00e+00	0.00e+00	2.23e-11	2.27e-13	4.03e-51
 9.81023e+21	1.09e-19	2.61e-11	7.93e-08	2.02e-05	2.47e-02	3.20e-01	6.55e-01	0.00e+00	0.00e+00	0.00e+00	2.58e-11	2.58e-13	5.72e-51
 9.98792e+21	1.23e-19	3.08e-11	9.14e-08	2.25e-05	2.63e-02	3.28e-01	6.46e-01	0.00e+00	0.00e+00	0.00e+00	3.05e-11	2.98e-13	8.47e-51
 1.02189e+22	1.43e-19	3.81e-11	1.10e-07	2.58e-05	2.85e-02	3.38e-01	6.33e-01	0.00e+00	0.00e+00	0.00e+00	3.78e-11	3.58e-13	1.39e-50
 1.04540e+22	1.68e-19	4.71e-11	1.31e-07	2.95e-05	3.09e-02	3.48e-01	6.21e-01	0.00e+00	0.00e+00	0.00e+00	4.67e-11	4.25e-13	2.27e-50
 1.06389e+22	1.90e-19	5.52e-11	1.51e-07	3.26e-05	3.28e-02	3.56e-01	6.11e-01	0.00e+00	0.00e+00	0.00e+00	5.47e-11	4.87e-13	3.28e-50
 1.08236e+22	2.13e-19	6.44e-11	1.72e-07	3.61e-05	3.48e-02	3.64e-01	6.01e-01	0.00e+00	0.00e+00	0.00e+00	6.39e-11	5.59e-13	4.69e-50
 1.10638e+22	2.46e-19	7.87e-11	2.05e-07	4.11e-05	3.76e-02	3.74e-01	5.88e-01	0.00e+00	0.00e+00	0.00e+00	7.80e-11	6.62e-13	7.37e-50
 1.13167e+22	2.86e-19	9.64e-11	2.44e-07	4.69e-05	4.06e-02	3.84e-01	5.75e-01	0.00e+00	0.00e+00	0.00e+00	9.56e-11	7.81e-13	1.17e-49
 1.15273e+22	3.25e-19	1.13e-10	2.81e-07	5.21e-05	4.32e-02	3.93e-01	5.64e-01	0.00e+00	0.00e+00	0.00e+00	1.12e-10	8.95e-13	1.70e-49
 1.17424e+22	3.67e-19	1.33e-10	3.24e-07	5.80e-05	4.60e-02	4.01e-01	5.53e-01	0.00e+00	0.00e+00	0.00e+00	1.32e-10	1.03e-12	2.43e-49
 1.20220e+22	4.30e-19	1.63e-10	3.88e-07	6.65e-05	4.98e-02	4.12e-01	5.38e-01	0.00e+00	0.00e+00	0.00e+00	1.62e-10	1.23e-12	3.84e-49
 1.23091e+22	5.06e-19	2.00e-10	4.64e-07	7.61e-05	5.38e-02	4.23e-01	5.24e-01	0.00e+00	0.00e+00	0.00e+00	1.99e-10	1.44e-12	6.06e-49
 1.25388e+22	5.77e-19	2.34e-10	5.32e-07	8.44e-05	5.71e-02	4.31e-01	5.12e-01	0.00e+00	0.00e+00	0.00e+00	2.32e-10	1.64e-12	8.62e-49
 1.27702e+22	6.54e-19	2.72e-10	6.08e-07	9.35e-05	6.06e-02	4.39e-01	5.01e-01	0.00e+00	0.00e+00	0.00e+00	2.70e-10	1.88e-12	1.21e-48
 1.30710e+22	7.67e-19	3.30e-10	7.22e-07	1.07e-04	6.53e-02	4.49e-01	4.86e-01	0.00e+00	0.00e+00	0.00e+00	3.28e-10	2.21e-12	1.85e-48
 1.33746e+22	9.04e-19	3.98e-10	8.54e-07	1.21e-04	7.02e-02	4.58e-01	4.71e-01	0.00e+00	0.00e+00	0.00e+00	3.96e-10	2.56e-12	2.81e-48
 1.35968e+22	1.02e-18	4.54e-10	9.58e-07	1.32e-04	7.38e-02	4.65e-01	4.61e-01	0.00e+00	0.00e+00	0.00e+00	4.51e-10	2.85e-12	3.81e-48
 1.38006e+22	1.14e-18	5.11e-10	1.06e-06	1.43e-04	7.72e-02	4.71e-01	4.52e-01	0.00e+00	0.00e+00	0.00e+00	5.07e-10	3.16e-12	4.93e-48
 1.40656e+22	1.30e-18	5.93e-10	1.22e-06	1.59e-04	8.19e-02	4.78e-01	4.40e-01	0.00e+00	0.00e+00	0.00e+00	5.89e-10	3.58e-12	6.85e-48
 1.43481e+22	1.50e-18	6.92e-10	1.40e-06	1.77e-04	8.69e-02	4.86e-01	4.27e-01	0.00e+00	0.00e+00	0.00e+00	6.88e-10	4.05e-12	9.69e-48
 1.45913e+22	1.70e-18	7.87e-10	1.57e-06	1.93e-04	9.12e-02	4.92e-01	4.17e-01	0.00e+00	0.00e+00	0.00e+00	7.83e-10	4.50e-12	1.30e-47
 1.48456e+22	1.93e-18	8.96e-10	1.77e-06	2.11e-04	9.59e-02	4.98e-01	4.06e-01	0.00e+00	0.00e+00	0.00e+00	8.91e-10	5.03e-12	1.73e-47
 1.51761e+22	2.27e-18	1.06e-09	2.05e-06	2.37e-04	1.02e-01	5.05e-01	3.92e-01	0.00e+00	0.00e+00	0.00e+00	1.05e-09	5.76e-12	2.49e-47
 1.55146e+22	2.67e-18	1.24e-09	2.38e-06	2.65e-04	1.09e-01	5.12e-01	3.79e-01	0.00e+00	0.00e+00	0.00e+00	1.24e-09	6.53e-12	3.62e-47
 1.57884e+22	3.04e-18	1.41e-09	2.67e-06	2.89e-04	1.14e-01	5.17e-01	3.68e-01	0.00e+00	0.00e+00	0.00e+00	1.40e-09	7.25e-12	4.85e-47
 1.60693e+22	3.46e-18	1.60e-09	2.99e-06	3.16e-04	1.20e-01	5.22e-01	3.58e-01	0.00e+00	0.00e+00	0.00e+00	1.59e-09	8.07e-12	6.44e-47
 1.64346e+22	4.07e-18	1.88e-09	3.46e-06	3.54e-04	1.27e-01	5.28e-01	3.44e-01	0.00e+00	0.00e+00	0.00e+00	1.87e-09	9.19e-12	9.22e-47
 1.68149e+22	4.82e-18	2.20e-09	4.00e-06	3.96e-04	1.35e-01	5.34e-01	3.31e-01	0.00e+00	0.00e+00	0.00e+00	2.19e-09	1.04e-11	1.34e-46
 1.71278e+22	5.52e-18	2.50e-09	4.49e-06	4.32e-04	1.41e-01	5.38e-01	3.20e-01	0.00e+00	0.00e+00	0.00e+00	2.49e-09	1.15e-11	1.81e-46
 1.74474e+22	6.30e-18	2.83e-09	5.04e-06	4.72e-04	1.48e-01	5.42e-01	3.10e-01	0.00e+00	0.00e+00	0.00e+00	2.82e-09	1.28e-11	2.41e-46
 1.78629e+22	7.44e-18	3.32e-09	5.82e-06	5.28e-04	1.57e-01	5.46e-01	2.96e-01	0.00e+00	0.00e+00	0.00e+00	3.30e-09	1.46e-11	3.47e-46
 1.82923e+22	8.83e-18	3.89e-09	6.74e-06	5.91e-04	1.66e-01	5.50e-01	2.83e-01	0.00e+00	0.00e+00	0.00e+00	3.87e-09	1.65e-11	5.05e-46
 1.86418e+22	1.01e-17	4.41e-09	7.54e-06	6.44e-04	1.74e-01	5.52e-01	2.73e-01	0.00e+00	0.00e+00	0.00e+00	4.39e-09	1.82e-11	6.82e-46
 1.89984e+22	1.15e-17	4.97e-09	8.44e-06	7.02e-04	1.82e-01	5.55e-01	2.63e-01	0.00e+00	0.00e+00	0.00e+00	4.95e-09	2.02e-11	9.07e-46
 1.94620e+22	1.36e-17	5.79e-09	9.72e-06	7.83e-04	1.92e-01	5.57e-01	2.50e-01	0.00e+00	0.00e+00	0.00e+00	5.76e-09	2.28e-11	1.31e-45
 1.99465e+22	1.61e-17	6.76e-09	1.12e-05	8.75e-04	2.03e-01	5.58e-01	2.38e-01	0.00e+00	0.00e+00	0.00e+00	6.74e-09	2.57e-11	1.91e-45
 2.03498e+22	1.84e-17	7.66e-09	1.26e-05	9.55e-04	2.12e-01	5.59e-01	2.28e-01	0.00e+00	0.00e+00	0.00e+00	7.63e-09	2.84e-11	2.60e-45
 2.07661e+22	2.10e-17	8.66e-09	1.41e-05	1.04e-03	2.22e-01	5.59e-01	2.18e-01	0.00e+00	0.00e+00	0.00e+00	8.63e-09	3.16e-11	3.51e-45
 2.12104e+22	2.42e-17	9.85e-09	1.59e-05	1.14e-03	2.32e-01	5.59e-01	2.08e-01	0.00e+00	0.00e+00	0.00e+00	9.82e-09	3.49e-11	4.84e-45
 2.15886e+22	2.72e-17	1.10e-08	1.75e-05	1.23e-03	2.41e-01	5.58e-01	2.00e-01	0.00e+00	0.00e+00	0.00e+00	1.09e-08	3.80e-11	6.35e-45
 2.19775e+22	3.04e-17	1.22e-08	1.93e-05	1.33e-03	2.49e-01	5.57e-01	1.92e-01	0.00e+00	0.00e+00	0.00e+00	1.21e-08	4.15e-11	8.24e-45
 2.24831e+22	3.51e-17	1.39e-08	2.19e-05	1.46e-03	2.61e-01	5.55e-01	1.82e-01	0.00e+00	0.00e+00	0.00e+00	1.38e-08	4.62e-11	1.15e-44
 2.29980e+22	4.05e-17	1.58e-08	2.47e-05	1.61e-03	2.73e-01	5.53e-01	1.72e-01	0.00e+00	0.00e+00	0.00e+00	1.58e-08	5.10e-11	1.62e-44
 2.34111e+22	4.52e-17	1.75e-08	2.72e-05	1.73e-03	2.82e-01	5.51e-01	1.65e-01	4.08e-17	3.58e-18	8.65e-19	1.75e-08	5.55e-11	2.12e-44
 2.38339e+22	5.03e-17	1.94e-08	2.98e-05	1.86e-03	2.92e-01	5.48e-01	1.58e-01	4.29e-17	6.08e-18	1.31e-18	1.93e-08	6.04e-11	2.74e-44
 2.43835e+22	5.76e-17	2.19e-08	3.36e-05	2.03e-03	3.04e-01	5.44e-01	1.49e-01	4.92e-17	6.86e-18	1.48e-18	2.19e-08	6.69e-11	3.82e-44
 2.49610e+22	6.62e-17	2.50e-08	3.79e-05	2.23e-03	3.17e-01	5.40e-01	1.41e-01	5.68e-17	7.75e-18	1.68e-18	2.49e-08	7.40e-11	5.41e-44
 2.54409e+22	7.41e-17	2.78e-08	4.18e-05	2.40e-03	3.28e-01	5.36e-01	1.34e-01	6.37e-17	8.58e-18	1.86e-18	2.77e-08	8.06e-11	7.20e-44
 2.59308e+22	8.25e-17	3.07e-08	4.60e-05	2.59e-03	3.38e-01	5.32e-01	1.27e-01	7.10e-17	9.47e-18	2.06e-18	3.06e-08	8.78e-11	9.47e-44
 2.65677e+22	9.45e-17	3.48e-08	5.19e-05	2.84e-03	3.52e-01	5.25e-01	1.19e-01	8.15e-17	1.07e-17	2.32e-18	3.47e-08	9.74e-11	1.35e-43
 2.72275e+22	1.09e-16	3.97e-08	5.86e-05	3.12e-03	3.67e-01	5.19e-01	1.12e-01	9.39e-17	1.21e-17	2.63e-18	3.95e-08	1.08e-10	1.94e-43
 2.77636e+22	1.21e-16	4.39e-08	6.45e-05	3.35e-03	3.78e-01	5.13e-01	1.06e-01	1.05e-16	1.33e-17	2.91e-18	4.38e-08	1.17e-10	2.59e-43
 2.83069e+22	1.34e-16	4.84e-08	7.07e-05	3.60e-03	3.89e-01	5.07e-01	1.00e-01	1.16e-16	1.46e-17	3.19e-18	4.83e-08	1.27e-10	3.42e-43
 2.90133e+22	1.53e-16	5.47e-08	7.95e-05	3.94e-03	4.04e-01	4.99e-01	9.35e-02	1.33e-16	1.64e-17	3.59e-18	5.46e-08	1.41e-10	4.89e-43
 2.97567e+22	1.75e-16	6.23e-08	8.98e-05	4.32e-03	4.19e-01	4.90e-01	8.68e-02	1.52e-16	1.85e-17	4.05e-18	6.21e-08	1.56e-10	7.11e-43
 3.03807e+22	1.96e-16	6.92e-08	9.90e-05	4.66e-03	4.31e-01	4.83e-01	8.17e-02	1.71e-16	2.04e-17	4.49e-18	6.90e-08	1.70e-10	9.71e-43
 3.10243e+22	2.17e-16	7.65e-08	1.09e-04	5.02e-03	4.43e-01	4.75e-01	7.68e-02	1.90e-16	2.25e-17	4.94e-18	7.63e-08	1.85e-10	1.31e-42
 3.18611e+22	2.48e-16	8.69e-08	1.23e-04	5.51e-03	4.59e-01	4.64e-01	7.09e-02	2.17e-16	2.53e-17	5.57e-18	8.67e-08	2.06e-10	1.94e-42
 3.27388e+22	2.85e-16	9.92e-08	1.40e-04	6.06e-03	4.75e-01	4.53e-01	6.52e-02	2.50e-16	2.86e-17	6.30e-18	9.90e-08	2.28e-10	2.90e-42
 3.34761e+22	3.19e-16	1.11e-07	1.55e-04	6.54e-03	4.88e-01	4.44e-01	6.09e-02	2.80e-16	3.16e-17	6.99e-18	1.10e-07	2.50e-10	4.07e-42
 3.42410e+22	3.56e-16	1.23e-07	1.71e-04	7.05e-03	5.01e-01	4.35e-01	5.67e-02	3.13e-16	3.49e-17	7.72e-18	1.23e-07	2.74e-10	5.69e-42
 3.50519e+22	4.00e-16	1.38e-07	1.89e-04	7.63e-03	5.15e-01	4.25e-01	5.26e-02	3.53e-16	3.87e-17	8.58e-18	1.37e-07	2.99e-10	8.16e-42
 3.57363e+22	4.39e-16	1.51e-07	2.06e-04	8.14e-03	5.26e-01	4.16e-01	4.95e-02	3.87e-16	4.21e-17	9.33e-18	1.51e-07	3.23e-10	1.10e-41
 3.64398e+22	4.84e-16	1.66e-07	2.24e-04	8.67e-03	5.37e-01	4.08e-01	4.65e-02	4.28e-16	4.60e-17	1.02e-17	1.65e-07	3.49e-10	1.48e-41
 3.73543e+22	5.44e-16	1.86e-07	2.49e-04	9.38e-03	5.50e-01	3.97e-01	4.29e-02	4.82e-16	5.11e-17	1.14e-17	1.86e-07	3.84e-10	2.16e-41
 3.83108e+22	6.16e-16	2.10e-07	2.78e-04	1.02e-02	5.65e-01	3.86e-01	3.94e-02	5.47e-16	5.70e-17	1.27e-17	2.09e-07	4.21e-10	3.20e-41
 3.91115e+22	6.83e-16	2.32e-07	3.03e-04	1.09e-02	5.76e-01	3.76e-01	3.68e-02	6.06e-16	6.25e-17	1.39e-17	2.31e-07	4.57e-10	4.45e-41
 3.99420e+22	7.54e-16	2.55e-07	3.31e-04	1.16e-02	5.87e-01	3.67e-01	3.43e-02	6.70e-16	6.84e-17	1.53e-17	2.54e-07	4.97e-10	6.14e-41
 4.10217e+22	8.53e-16	2.88e-07	3.69e-04	1.25e-02	6.00e-01	3.55e-01	3.14e-02	7.59e-16	7.64e-17	1.71e-17	2.87e-07	5.48e-10	9.25e-41
 4.21756e+22	9.74e-16	3.28e-07	4.13e-04	1.36e-02	6.15e-01	3.43e-01	2.85e-02	8.69e-16	8.60e-17	1.92e-17	3.27e-07	6.06e-10	1.43e-40
 4.31163e+22	1.08e-15	3.64e-07	4.52e-04	1.45e-02	6.26e-01	3.33e-01	2.64e-02	9.64e-16	9.42e-17	2.11e-17	3.63e-07	6.60e-10	2.05e-40
 4.39094e+22	1.18e-15	3.95e-07	4.86e-04	1.53e-02	6.34e-01	3.25e-01	2.48e-02	1.06e-15	1.02e-16	2.29e-17	3.94e-07	7.09e-10	2.72e-40
 4.48202e+22	1.30e-15	4.34e-07	5.27e-04	1.63e-02	6.44e-01	3.16e-01	2.31e-02	1.16e-15	1.11e-16	2.49e-17	4.33e-07	7.66e-10	3.75e-40
 4.60043e+22	1.47e-15	4.88e-07	5.84e-04	1.75e-02	6.56e-01	3.05e-01	2.11e-02	1.32e-15	1.24e-16	2.79e-17	4.87e-07	8.42e-10	5.62e-40
 4.72444e+22	1.67e-15	5.52e-07	6.49e-04	1.88e-02	6.68e-01	2.93e-01	1.92e-02	1.50e-15	1.39e-16	3.13e-17	5.51e-07	9.28e-10	8.61e-40
 4.82902e+22	1.84e-15	6.10e-07	7.06e-04	2.00e-02	6.77e-01	2.84e-01	1.78e-02	1.66e-15	1.53e-16	3.43e-17	6.09e-07	1.01e-09	1.22e-39
 4.93825e+22	2.04e-15	6.75e-07	7.69e-04	2.12e-02	6.87e-01	2.75e-01	1.64e-02	1.84e-15	1.67e-16	3.77e-17	6.74e-07	1.10e-09	1.74e-39
 5.08026e+22	2.34e-15	7.66e-07	8.56e-04	2.28e-02	6.98e-01	2.64e-01	1.49e-02	2.11e-15	1.89e-16	4.26e-17	7.65e-07	1.22e-09	2.70e-39
 5.22812e+22	2.68e-15	8.74e-07	9.56e-04	2.46e-02	7.09e-01	2.52e-01	1.34e-02	2.42e-15	2.13e-16	4.82e-17	8.73e-07	1.35e-09	4.28e-39
 5.34975e+22	2.99e-15	9.74e-07	1.04e-03	2.61e-02	7.17e-01	2.43e-01	1.23e-02	2.70e-15	2.35e-16	5.32e-17	9.72e-07	1.48e-09	6.24e-39
 5.47401e+22	3.34e-15	1.08e-06	1.14e-03	2.77e-02	7.25e-01	2.35e-01	1.13e-02	3.02e-15	2.60e-16	5.88e-17	1.08e-06	1.61e-09	8.89e-39
 5.63554e+22	3.84e-15	1.23e-06	1.27e-03	2.97e-02	7.35e-01	2.24e-01	1.02e-02	3.48e-15	2.94e-16	6.65e-17	1.23e-06	1.79e-09	1.40e-38
 5.80740e+22	4.45e-15	1.41e-06	1.42e-03	3.20e-02	7.44e-01	2.13e-01	9.13e-03	4.04e-15	3.36e-16	7.61e-17	1.41e-06	2.00e-09	2.27e-38
 5.95249e+22	4.99e-15	1.58e-06	1.56e-03	3.40e-02	7.51e-01	2.05e-01	8.32e-03	4.53e-15	3.73e-16	8.44e-17	1.58e-06	2.20e-09	3.36e-38
 6.10092e+22	5.63e-15	1.77e-06	1.70e-03	3.61e-02	7.58e-01	1.97e-01	7.61e-03	5.12e-15	4.16e-16	9.42e-17	1.76e-06	2.42e-09	4.96e-38
 6.29389e+22	6.57e-15	2.03e-06	1.91e-03	3.89e-02	7.66e-01	1.87e-01	6.79e-03	5.98e-15	4.77e-16	1.08e-16	2.03e-06	2.72e-09	8.09e-38
 6.49580e+22	7.67e-15	2.35e-06	2.15e-03	4.19e-02	7.73e-01	1.77e-01	6.03e-03	7.00e-15	5.48e-16	1.24e-16	2.35e-06	3.06e-09	1.33e-37
 6.66235e+22	8.70e-15	2.64e-06	2.37e-03	4.45e-02	7.79e-01	1.69e-01	5.48e-03	7.94e-15	6.14e-16	1.39e-16	2.64e-06	3.37e-09	1.99e-37
 6.83187e+22	9.89e-15	2.97e-06	2.60e-03	4.72e-02	7.84e-01	1.62e-01	4.99e-03	9.04e-15	6.90e-16	1.56e-16	2.96e-06	3.72e-09	2.95e-37
 7.05224e+22	1.16e-14	3.44e-06	2.92e-03	5.08e-02	7.89e-01	1.53e-01	4.44e-03	1.06e-14	7.96e-16	1.81e-16	3.43e-06	4.20e-09	4.85e-37
 7.28358e+22	1.37e-14	4.00e-06	3.31e-03	5.48e-02	7.94e-01	1.44e-01	3.92e-03	1.26e-14	9.25e-16	2.10e-16	3.99e-06	4.75e-09	8.08e-37
 7.47776e+22	1.58e-14	4.52e-06	3.65e-03	5.82e-02	7.97e-01	1.37e-01	3.55e-03	1.45e-14	1.05e-15	2.37e-16	4.52e-06	5.26e-09	1.22e-36
 7.67878e+22	1.82e-14	5.13e-06	4.05e-03	6.19e-02	8.00e-01	1.31e-01	3.21e-03	1.67e-14	1.19e-15	2.70e-16	5.12e-06	5.86e-09	1.86e-36
 7.94010e+22	2.18e-14	6.01e-06	4.60e-03	6.68e-02	8.03e-01	1.23e-01	2.83e-03	2.01e-14	1.40e-15	3.17e-16	6.00e-06	6.67e-09	3.14e-36
 8.20760e+22	2.63e-14	7.05e-06	5.25e-03	7.23e-02	8.05e-01	1.15e-01	2.48e-03	2.43e-14	1.65e-15	3.74e-16	7.04e-06	7.61e-09	5.31e-36
 8.42797e+22	3.05e-14	8.02e-06	5.83e-03	7.69e-02	8.06e-01	1.09e-01	2.24e-03	2.82e-14	1.89e-15	4.28e-16	8.02e-06	8.48e-09	8.11e-36
 8.65928e+22	3.58e-14	9.18e-06	6.51e-03	8.20e-02	8.06e-01	1.04e-01	2.02e-03	3.32e-14	2.18e-15	4.94e-16	9.17e-06	9.51e-09	1.25e-35
 8.91573e+22	4.28e-14	1.06e-05	7.35e-03	8.80e-02	8.05e-01	9.78e-02	1.80e-03	3.97e-14	2.55e-15	5.80e-16	1.06e-05	1.08e-08	2.01e-35
 9.14706e+22	5.04e-14	1.21e-05	8.19e-03	9.36e-02	8.04e-01	9.28e-02	1.63e-03	4.68e-14	2.96e-15	6.71e-16	1.21e-05	1.20e-08	3.05e-35
 9.38998e+22	5.99e-14	1.39e-05	9.17e-03	9.99e-02	8.01e-01	8.80e-02	1.47e-03	5.57e-14	3.45e-15	7.83e-16	1.39e-05	1.35e-08	4.69e-35
 9.70577e+22	7.49e-14	1.66e-05	1.06e-02	1.08e-01	7.97e-01	8.24e-02	1.30e-03	6.97e-14	4.22e-15	9.56e-16	1.65e-05	1.56e-08	8.06e-35
 1.00074e+23	9.30e-14	1.96e-05	1.22e-02	1.17e-01	7.92e-01	7.69e-02	1.14e-03	8.67e-14	5.14e-15	1.16e-15	1.96e-05	1.80e-08	1.37e-34
 1.02294e+23	1.11e-13	2.23e-05	1.36e-02	1.25e-01	7.88e-01	7.31e-02	1.04e-03	1.03e-13	6.04e-15	1.37e-15	2.23e-05	2.02e-08	2.02e-34
 1.04565e+23	1.31e-13	2.53e-05	1.51e-02	1.32e-01	7.82e-01	6.97e-02	9.54e-04	1.23e-13	7.05e-15	1.60e-15	2.53e-05	2.25e-08	2.97e-34
 1.07518e+23	1.67e-13	3.00e-05	1.73e-02	1.43e-01	7.74e-01	6.55e-02	8.54e-04	1.56e-13	8.74e-15	1.98e-15	2.99e-05	2.60e-08	4.93e-34
 1.10479e+23	2.12e-13	3.55e-05	2.00e-02	1.54e-01	7.64e-01	6.13e-02	7.61e-04	1.99e-13	1.09e-14	2.47e-15	3.54e-05	3.00e-08	8.19e-34
 1.12736e+23	2.58e-13	4.05e-05	2.23e-02	1.64e-01	7.55e-01	5.82e-02	6.96e-04	2.42e-13	1.31e-14	2.97e-15	4.04e-05	3.36e-08	1.21e-33
 1.14636e+23	3.05e-13	4.52e-05	2.45e-02	1.73e-01	7.46e-01	5.58e-02	6.47e-04	2.87e-13	1.53e-14	3.47e-15	4.52e-05	3.71e-08	1.69e-33
 1.16785e+23	3.71e-13	5.13e-05	2.73e-02	1.83e-01	7.36e-01	5.32e-02	5.98e-04	3.48e-13	1.83e-14	4.14e-15	5.13e-05	4.13e-08	2.46e-33
 1.19579e+23	4.81e-13	6.06e-05	3.13e-02	1.97e-01	7.21e-01	5.00e-02	5.41e-04	4.53e-13	2.33e-14	5.27e-15	6.06e-05	4.76e-08	4.01e-33
 1.22334e+23	6.30e-13	7.17e-05	3.61e-02	2.13e-01	7.04e-01	4.67e-02	4.85e-04	5.93e-13	3.00e-14	6.78e-15	7.17e-05	5.51e-08	6.63e-33
 1.24330e+23	7.93e-13	8.18e-05	4.03e-02	2.26e-01	6.89e-01	4.43e-02	4.46e-04	7.48e-13	3.74e-14	8.45e-15	8.17e-05	6.19e-08	9.80e-33
 1.25880e+23	9.45e-13	9.04e-05	4.38e-02	2.36e-01	6.77e-01	4.25e-02	4.19e-04	8.91e-13	4.41e-14	9.97e-15	9.03e-05	6.76e-08	1.32e-32
 1.27558e+23	1.14e-12	1.01e-04	4.79e-02	2.48e-01	6.63e-01	4.07e-02	3.93e-04	1.08e-12	5.27e-14	1.19e-14	1.00e-04	7.41e-08	1.82e-32
 1.29740e+23	1.47e-12	1.16e-04	5.39e-02	2.64e-01	6.43e-01	3.82e-02	3.59e-04	1.39e-12	6.67e-14	1.51e-14	1.16e-04	8.38e-08	2.78e-32
 1.31935e+23	1.97e-12	1.34e-04	6.09e-02	2.82e-01	6.21e-01	3.58e-02	3.28e-04	1.86e-12	8.83e-14	1.99e-14	1.34e-04	9.50e-08	4.35e-32
 1.33589e+23	2.44e-12	1.50e-04	6.69e-02	2.97e-01	6.02e-01	3.39e-02	3.04e-04	2.30e-12	1.08e-13	2.44e-14	1.49e-04	1.04e-07	6.11e-32
 1.34921e+23	3.00e-12	1.64e-04	7.23e-02	3.10e-01	5.85e-01	3.24e-02	2.85e-04	2.84e-12	1.32e-13	2.98e-14	1.64e-04	1.13e-07	8.24e-32
 1.36396e+23	3.68e-12	1.82e-04	7.86e-02	3.24e-01	5.66e-01	3.07e-02	2.66e-04	3.48e-12	1.60e-13	3.61e-14	1.81e-04	1.23e-07	1.13e-31
 1.38062e+23	4.82e-12	2.04e-04	8.64e-02	3.42e-01	5.43e-01	2.88e-02	2.45e-04	4.57e-12	2.08e-13	4.69e-14	2.04e-04	1.36e-07	1.65e-31
 1.39578e+23	6.21e-12	2.27e-04	9.44e-02	3.59e-01	5.20e-01	2.70e-02	2.26e-04	5.88e-12	2.65e-13	5.98e-14	2.26e-04	1.49e-07	2.34e-31
 1.40838e+23	7.63e-12	2.47e-04	1.01e-01	3.73e-01	4.99e-01	2.55e-02	2.11e-04	7.23e-12	3.23e-13	7.29e-14	2.46e-04	1.60e-07	3.13e-31
 1.41989e+23	9.40e-12	2.67e-04	1.08e-01	3.87e-01	4.80e-01	2.42e-02	1.97e-04	8.92e-12	3.95e-13	8.91e-14	2.67e-04	1.71e-07	4.14e-31
 1.43306e+23	1.20e-11	2.92e-04	1.17e-01	4.04e-01	4.56e-01	2.26e-02	1.82e-04	1.14e-11	4.99e-13	1.13e-13	2.92e-04	1.84e-07	5.73e-31
 1.44705e+23	1.62e-11	3.20e-04	1.26e-01	4.22e-01	4.31e-01	2.09e-02	1.66e-04	1.54e-11	6.68e-13	1.51e-13	3.20e-04	1.99e-07	8.16e-31
 1.45870e+23	2.02e-11	3.45e-04	1.34e-01	4.38e-01	4.08e-01	1.95e-02	1.53e-04	1.92e-11	8.28e-13	1.87e-13	3.45e-04	2.12e-07	1.10e-30
 1.46828e+23	2.50e-11	3.66e-04	1.41e-01	4.51e-01	3.89e-01	1.84e-02	1.43e-04	2.38e-11	1.02e-12	2.30e-13	3.66e-04	2.22e-07	1.41e-30
 1.47861e+23	3.23e-11	3.89e-04	1.48e-01	4.65e-01	3.69e-01	1.72e-02	1.33e-04	3.07e-11	1.31e-12	2.94e-13	3.89e-04	2.33e-07	1.86e-30
 1.49015e+23	4.25e-11	4.15e-04	1.57e-01	4.80e-01	3.47e-01	1.59e-02	1.21e-04	4.04e-11	1.70e-12	3.84e-13	4.15e-04	2.45e-07	2.53e-30
 1.50057e+23	5.54e-11	4.39e-04	1.64e-01	4.94e-01	3.26e-01	1.47e-02	1.11e-04	5.27e-11	2.21e-12	4.97e-13	4.39e-04	2.57e-07	3.37e-30
 1.50945e+23	6.72e-11	4.60e-04	1.70e-01	5.06e-01	3.09e-01	1.38e-02	1.03e-04	6.39e-11	2.66e-12	5.99e-13	4.60e-04	2.66e-07	4.27e-30
 1.51903e+23	9.12e-11	4.80e-04	1.77e-01	5.18e-01	2.92e-01	1.29e-02	9.50e-05	8.68e-11	3.58e-12	8.08e-13	4.80e-04	2.75e-07	5.60e-30
 1.52974e+23	1.24e-10	5.04e-04	1.83e-01	5.31e-01	2.73e-01	1.18e-02	8.62e-05	1.18e-10	4.83e-12	1.09e-12	5.03e-04	2.84e-07	7.59e-30
 1.53954e+23	1.70e-10	5.24e-04	1.89e-01	5.43e-01	2.56e-01	1.09e-02	7.87e-05	1.62e-10	6.58e-12	1.48e-12	5.24e-04	2.93e-07	1.01e-29
 1.54820e+23	2.26e-10	5.42e-04	1.94e-01	5.52e-01	2.43e-01	1.02e-02	7.26e-05	2.15e-10	8.68e-12	1.95e-12	5.42e-04	3.01e-07	1.30e-29
 1.55778e+23	3.25e-10	5.61e-04	2.00e-01	5.61e-01	2.29e-01	9.46e-03	6.64e-05	3.10e-10	1.24e-11	2.79e-12	5.61e-04	3.08e-07	1.72e-29
 1.57022e+23	5.35e-10	5.86e-04	2.06e-01	5.72e-01	2.13e-01	8.59e-03	5.91e-05	5.10e-10	2.02e-11	4.55e-12	5.86e-04	3.19e-07	2.48e-29
 1.58266e+23	9.70e-10	6.13e-04	2.12e-01	5.81e-01	1.98e-01	7.78e-03	5.24e-05	9.26e-10	3.64e-11	8.18e-12	6.12e-04	3.30e-07	3.60e-29
 1.59222e+23	1.56e-09	6.33e-04	2.17e-01	5.88e-01	1.88e-01	7.23e-03	4.78e-05	1.49e-09	5.82e-11	1.31e-11	6.33e-04	3.39e-07	4.70e-29
 1.60177e+23	2.67e-09	6.53e-04	2.21e-01	5.93e-01	1.79e-01	6.74e-03	4.38e-05	2.55e-09	9.87e-11	2.21e-11	6.53e-04	3.48e-07	6.05e-29
 1.61419e+23	4.55e-09	6.81e-04	2.27e-01	5.98e-01	1.68e-01	6.17e-03	3.91e-05	4.34e-09	1.67e-10	3.74e-11	6.81e-04	3.60e-07	8.00e-29
 1.62754e+23	7.07e-09	7.14e-04	2.33e-01	6.03e-01	1.58e-01	5.62e-03	3.47e-05	6.75e-09	2.57e-10	5.75e-11	7.13e-04	3.75e-07	1.04e-28
 1.63963e+23	9.45e-09	7.44e-04	2.39e-01	6.05e-01	1.50e-01	5.19e-03	3.12e-05	9.03e-09	3.41e-10	7.62e-11	7.44e-04	3.90e-07	1.28e-28
 1.65252e+23	1.18e-08	7.77e-04	2.44e-01	6.07e-01	1.43e-01	4.79e-03	2.81e-05	1.13e-08	4.22e-10	9.41e-11	7.76e-04	4.05e-07	1.55e-28
 1.66853e+23	1.47e-08	8.19e-04	2.52e-01	6.08e-01	1.34e-01	4.36e-03	2.47e-05	1.40e-08	5.19e-10	1.16e-10	8.19e-04	4.24e-07	1.91e-28
 1.68607e+23	1.77e-08	8.68e-04	2.60e-01	6.08e-01	1.27e-01	3.95e-03	2.17e-05	1.70e-08	6.21e-10	1.38e-10	8.67e-04	4.47e-07	2.38e-28
 1.70232e+23	2.05e-08	9.14e-04	2.68e-01	6.07e-01	1.20e-01	3.63e-03	1.93e-05	1.97e-08	7.12e-10	1.58e-10	9.14e-04	4.69e-07	2.87e-28
 1.71878e+23	2.33e-08	9.61e-04	2.75e-01	6.06e-01	1.15e-01	3.34e-03	1.72e-05	2.23e-08	7.99e-10	1.77e-10	9.61e-04	4.90e-07	3.41e-28
 1.73844e+23	2.65e-08	1.02e-03	2.84e-01	6.03e-01	1.09e-01	3.05e-03	1.52e-05	2.54e-08	8.98e-10	1.99e-10	1.02e-03	5.14e-07	4.12e-28
 1.76131e+23	3.02e-08	1.08e-03	2.94e-01	6.00e-01	1.03e-01	2.77e-03	1.33e-05	2.90e-08	1.01e-09	2.23e-10	1.08e-03	5.42e-07	5.06e-28
 1.78626e+23	3.42e-08	1.15e-03	3.04e-01	5.96e-01	9.70e-02	2.50e-03	1.16e-05	3.28e-08	1.12e-09	2.48e-10	1.15e-03	5.72e-07	6.24e-28
 1.81330e+23	3.85e-08	1.22e-03	3.14e-01	5.91e-01	9.16e-02	2.26e-03	1.00e-05	3.69e-08	1.24e-09	2.74e-10	1.22e-03	6.02e-07	7.71e-28
 1.84366e+23	4.31e-08	1.30e-03	3.24e-01	5.86e-01	8.64e-02	2.04e-03	8.70e-06	4.14e-08	1.36e-09	3.00e-10	1.30e-03	6.29e-07	9.51e-28
 1.87909e+23	4.85e-08	1.39e-03	3.36e-01	5.80e-01	8.12e-02	1.82e-03	7.44e-06	4.67e-08	1.49e-09	3.28e-10	1.39e-03	6.58e-07	1.19e-27
 1.92090e+23	5.48e-08	1.50e-03	3.48e-01	5.73e-01	7.59e-02	1.61e-03	6.28e-06	5.28e-08	1.63e-09	3.59e-10	1.50e-03	6.89e-07	1.52e-27
 1.97010e+23	6.21e-08	1.62e-03	3.61e-01	5.65e-01	7.07e-02	1.42e-03	5.26e-06	5.99e-08	1.79e-09	3.93e-10	1.61e-03	7.19e-07	1.96e-27
 2.03126e+23	7.08e-08	1.75e-03	3.76e-01	5.56e-01	6.53e-02	1.23e-03	4.31e-06	6.85e-08	1.95e-09	4.28e-10	1.75e-03	7.48e-07	2.59e-27
 2.10777e+23	8.18e-08	1.91e-03	3.92e-01	5.45e-01	5.98e-02	1.04e-03	3.45e-06	7.92e-08	2.13e-09	4.67e-10	1.91e-03	7.76e-07	3.53e-27
 2.19331e+23	9.47e-08	2.09e-03	4.09e-01	5.33e-01	5.48e-02	8.88e-04	2.76e-06	9.19e-08	2.33e-09	5.11e-10	2.09e-03	8.05e-07	4.93e-27
 2.27782e+23	1.09e-07	2.28e-03	4.24e-01	5.22e-01	5.06e-02	7.66e-04	2.24e-06	1.06e-07	2.53e-09	5.56e-10	2.28e-03	8.33e-07	6.84e-27
 2.35552e+23	1.22e-07	2.44e-03	4.37e-01	5.13e-01	4.75e-02	6.78e-04	1.90e-06	1.18e-07	2.71e-09	5.93e-10	2.44e-03	8.51e-07	8.98e-27
 2.42545e+23	1.33e-07	2.58e-03	4.47e-01	5.05e-01	4.50e-02	6.13e-04	1.65e-06	1.30e-07	2.84e-09	6.23e-10	2.58e-03	8.62e-07	1.13e-26
 2.48838e+23	1.45e-07	2.71e-03	4.55e-01	4.98e-01	4.30e-02	5.63e-04	1.47e-06	1.41e-07	2.96e-09	6.50e-10	2.71e-03	8.71e-07	1.37e-26
 2.54503e+23	1.54e-07	2.81e-03	4.62e-01	4.93e-01	4.15e-02	5.25e-04	1.33e-06	1.50e-07	3.05e-09	6.69e-10	2.81e-03	8.73e-07	1.62e-26
 2.59601e+23	1.62e-07	2.90e-03	4.67e-01	4.89e-01	4.03e-02	4.97e-04	1.23e-06	1.58e-07	3.12e-09	6.83e-10	2.90e-03	8.71e-07	1.85e-26
 2.64189e+23	1.70e-07	2.98e-03	4.72e-01	4.85e-01	3.92e-02	4.73e-04	1.15e-06	1.66e-07	3.18e-09	6.96e-10	2.98e-03	8.70e-07	2.09e-26
 2.68318e+23	1.75e-07	3.03e-03	4.75e-01	4.83e-01	3.85e-02	4.56e-04	1.10e-06	1.72e-07	3.20e-09	7.01e-10	3.03e-03	8.61e-07	2.28e-26
 2.72034e+23	1.83e-07	3.10e-03	4.79e-01	4.79e-01	3.77e-02	4.37e-04	1.04e-06	1.79e-07	3.26e-09	7.13e-10	3.10e-03	8.62e-07	2.53e-26
 2.75379e+23	1.87e-07	3.15e-03	4.82e-01	4.78e-01	3.71e-02	4.26e-04	1.00e-06	1.83e-07	3.27e-09	7.16e-10	3.14e-03	8.54e-07	2.71e-26
 2.78491e+23	1.92e-07	3.20e-03	4.84e-01	4.76e-01	3.66e-02	4.14e-04	9.61e-07	1.88e-07	3.30e-09	7.22e-10	3.19e-03	8.51e-07	2.92e-26
 2.81546e+23	1.97e-07	3.23e-03	4.86e-01	4.74e-01	3.61e-02	4.04e-04	9.31e-07	1.92e-07	3.31e-09	7.24e-10	3.23e-03	8.43e-07	3.10e-26
 2.84601e+23	2.00e-07	3.27e-03	4.88e-01	4.73e-01	3.57e-02	3.95e-04	9.04e-07	1.96e-07	3.31e-09	7.24e-10	3.27e-03	8.34e-07	3.28e-26
 2.87655e+23	2.05e-07	3.30e-03	4.90e-01	4.71e-01	3.53e-02	3.87e-04	8.78e-07	2.01e-07	3.32e-09	7.26e-10	3.30e-03	8.26e-07	3.48e-26
 2.90710e+23	2.09e-07	3.34e-03	4.91e-01	4.70e-01	3.49e-02	3.79e-04	8.54e-07	2.05e-07	3.32e-09	7.26e-10	3.34e-03	8.18e-07	3.69e-26
 2.93765e+23	2.12e-07	3.37e-03	4.92e-01	4.69e-01	3.46e-02	3.72e-04	8.33e-07	2.08e-07	3.31e-09	7.25e-10	3.36e-03	8.08e-07	3.90e-26
 2.96820e+23	2.16e-07	3.39e-03	4.93e-01	4.69e-01	3.43e-02	3.65e-04	8.14e-07	2.12e-07	3.31e-09	7.23e-10	3.39e-03	7.97e-07	4.11e-26
 2.99875e+23	2.20e-07	3.42e-03	4.94e-01	4.68e-01	3.40e-02	3.59e-04	7.96e-07	2.16e-07	3.30e-09	7.21e-10	3.42e-03	7.86e-07	4.35e-26
 3.02929e+23	2.23e-07	3.44e-03	4.95e-01	4.67e-01	3.37e-02	3.53e-04	7.79e-07	2.19e-07	3.29e-09	7.20e-10	3.44e-03	7.75e-07	4.61e-26
