#depth	O	O+	O+2	O+3	O+4	O+5	O+6	O+7	O+8	O[1]	O[2]	O[3]
 6.17135e+19	1.28e-32	7.70e-26	2.43e-20	5.56e-16	4.41e-12	2.75e-08	1.11e-03	7.13e-02	9.28e-01	0.00e+00	0.00e+00	0.00e+00
 1.87609e+20	4.78e-32	2.47e-25	6.70e-20	1.31e-15	8.58e-12	4.34e-08	1.43e-03	8.06e-02	9.18e-01	0.00e+00	0.00e+00	0.00e+00
 2.83882e+20	1.31e-31	6.04e-25	1.46e-19	2.52e-15	1.43e-11	6.15e-08	1.74e-03	8.84e-02	9.10e-01	0.00e+00	0.00e+00	0.00e+00
 3.32787e+20	2.14e-31	9.33e-25	2.13e-19	3.48e-15	1.84e-11	7.30e-08	1.92e-03	9.25e-02	9.06e-01	0.00e+00	0.00e+00	0.00e+00
 3.57617e+20	2.75e-31	1.17e-24	2.58e-19	4.10e-15	2.09e-11	7.97e-08	2.01e-03	9.46e-02	9.03e-01	0.00e+00	0.00e+00	0.00e+00
 3.76054e+20	3.24e-31	1.35e-24	2.93e-19	4.56e-15	2.27e-11	8.44e-08	2.08e-03	9.61e-02	9.02e-01	0.00e+00	0.00e+00	0.00e+00
 4.00022e+20	4.18e-31	1.69e-24	3.57e-19	5.40e-15	2.59e-11	9.23e-08	2.18e-03	9.83e-02	9.00e-01	0.00e+00	0.00e+00	0.00e+00
 4.31181e+20	5.62e-31	2.20e-24	4.49e-19	6.55e-15	3.02e-11	1.02e-07	2.31e-03	1.01e-01	8.97e-01	0.00e+00	0.00e+00	0.00e+00
 4.64809e+20	8.00e-31	3.01e-24	5.91e-19	8.28e-15	3.62e-11	1.16e-07	2.47e-03	1.04e-01	8.93e-01	0.00e+00	0.00e+00	0.00e+00
 4.93012e+20	1.04e-30	3.80e-24	7.24e-19	9.85e-15	4.15e-11	1.27e-07	2.60e-03	1.07e-01	8.91e-01	0.00e+00	0.00e+00	0.00e+00
 5.21043e+20	1.39e-30	4.90e-24	9.05e-19	1.19e-14	4.81e-11	1.41e-07	2.74e-03	1.10e-01	8.88e-01	0.00e+00	0.00e+00	0.00e+00
 5.57482e+20	1.98e-30	6.71e-24	1.19e-18	1.51e-14	5.79e-11	1.59e-07	2.93e-03	1.13e-01	8.84e-01	0.00e+00	0.00e+00	0.00e+00
 5.94630e+20	2.84e-30	9.26e-24	1.58e-18	1.92e-14	6.99e-11	1.81e-07	3.14e-03	1.17e-01	8.80e-01	0.00e+00	0.00e+00	0.00e+00
 6.23990e+20	3.73e-30	1.18e-23	1.96e-18	2.30e-14	8.06e-11	1.99e-07	3.31e-03	1.20e-01	8.77e-01	0.00e+00	0.00e+00	0.00e+00
 6.48860e+20	4.67e-30	1.44e-23	2.33e-18	2.67e-14	9.07e-11	2.16e-07	3.46e-03	1.22e-01	8.74e-01	0.00e+00	0.00e+00	0.00e+00
 6.76598e+20	6.12e-30	1.84e-23	2.88e-18	3.20e-14	1.05e-10	2.38e-07	3.64e-03	1.25e-01	8.71e-01	0.00e+00	0.00e+00	0.00e+00
 7.07458e+20	8.09e-30	2.35e-23	3.58e-18	3.85e-14	1.21e-10	2.63e-07	3.84e-03	1.28e-01	8.68e-01	0.00e+00	0.00e+00	0.00e+00
 7.37727e+20	1.07e-29	3.02e-23	4.46e-18	4.65e-14	1.40e-10	2.91e-07	4.05e-03	1.31e-01	8.65e-01	0.00e+00	0.00e+00	0.00e+00
 7.67388e+20	1.39e-29	3.81e-23	5.47e-18	5.55e-14	1.61e-10	3.19e-07	4.26e-03	1.35e-01	8.61e-01	0.00e+00	0.00e+00	0.00e+00
 8.00912e+20	1.88e-29	4.97e-23	6.91e-18	6.78e-14	1.89e-10	3.56e-07	4.50e-03	1.38e-01	8.57e-01	0.00e+00	0.00e+00	0.00e+00
 8.37358e+20	2.58e-29	6.61e-23	8.88e-18	8.41e-14	2.24e-10	3.99e-07	4.79e-03	1.42e-01	8.53e-01	0.00e+00	0.00e+00	0.00e+00
 8.69541e+20	3.39e-29	8.41e-23	1.10e-17	1.01e-13	2.59e-10	4.40e-07	5.04e-03	1.46e-01	8.49e-01	0.00e+00	0.00e+00	0.00e+00
 9.03315e+20	4.50e-29	1.08e-22	1.37e-17	1.22e-13	3.01e-10	4.88e-07	5.32e-03	1.49e-01	8.46e-01	0.00e+00	0.00e+00	0.00e+00
 9.41011e+20	6.16e-29	1.43e-22	1.76e-17	1.51e-13	3.57e-10	5.47e-07	5.65e-03	1.53e-01	8.41e-01	0.00e+00	0.00e+00	0.00e+00
 9.76429e+20	8.15e-29	1.84e-22	2.19e-17	1.83e-13	4.14e-10	6.06e-07	5.97e-03	1.57e-01	8.37e-01	0.00e+00	0.00e+00	0.00e+00
 1.01510e+21	1.11e-28	2.42e-22	2.79e-17	2.25e-13	4.88e-10	6.78e-07	6.32e-03	1.61e-01	8.32e-01	0.00e+00	0.00e+00	0.00e+00
 1.05708e+21	1.53e-28	3.23e-22	3.60e-17	2.81e-13	5.82e-10	7.64e-07	6.73e-03	1.66e-01	8.27e-01	0.00e+00	0.00e+00	0.00e+00
 1.09501e+21	2.03e-28	4.15e-22	4.49e-17	3.39e-13	6.77e-10	8.47e-07	7.11e-03	1.70e-01	8.23e-01	0.00e+00	0.00e+00	0.00e+00
 1.13595e+21	2.73e-28	5.41e-22	5.67e-17	4.15e-13	7.95e-10	9.45e-07	7.53e-03	1.75e-01	8.18e-01	0.00e+00	0.00e+00	0.00e+00
 1.17215e+21	3.53e-28	6.78e-22	6.92e-17	4.92e-13	9.11e-10	1.04e-06	7.92e-03	1.79e-01	8.13e-01	0.00e+00	0.00e+00	0.00e+00
 1.19398e+21	4.10e-28	7.75e-22	7.78e-17	5.45e-13	9.88e-10	1.10e-06	8.16e-03	1.81e-01	8.11e-01	0.00e+00	0.00e+00	0.00e+00
 1.21410e+21	4.76e-28	8.86e-22	8.76e-17	6.04e-13	1.07e-09	1.16e-06	8.39e-03	1.83e-01	8.08e-01	0.00e+00	0.00e+00	0.00e+00
 1.24026e+21	5.57e-28	1.02e-21	9.90e-17	6.71e-13	1.17e-09	1.23e-06	8.67e-03	1.86e-01	8.05e-01	0.00e+00	0.00e+00	0.00e+00
 1.27426e+21	7.13e-28	1.27e-21	1.20e-16	7.95e-13	1.33e-09	1.35e-06	9.09e-03	1.90e-01	8.01e-01	0.00e+00	0.00e+00	0.00e+00
 1.30659e+21	8.87e-28	1.54e-21	1.43e-16	9.21e-13	1.50e-09	1.46e-06	9.49e-03	1.94e-01	7.97e-01	0.00e+00	0.00e+00	0.00e+00
 1.33111e+21	1.04e-27	1.78e-21	1.62e-16	1.03e-12	1.64e-09	1.55e-06	9.80e-03	1.97e-01	7.94e-01	0.00e+00	0.00e+00	0.00e+00
 1.35738e+21	1.22e-27	2.05e-21	1.84e-16	1.14e-12	1.78e-09	1.65e-06	1.01e-02	1.99e-01	7.91e-01	0.00e+00	0.00e+00	0.00e+00
 1.39153e+21	1.51e-27	2.47e-21	2.17e-16	1.32e-12	2.00e-09	1.78e-06	1.05e-02	2.03e-01	7.86e-01	0.00e+00	0.00e+00	0.00e+00
 1.42996e+21	1.90e-27	3.04e-21	2.60e-16	1.54e-12	2.27e-09	1.94e-06	1.10e-02	2.07e-01	7.82e-01	0.00e+00	0.00e+00	0.00e+00
 1.46711e+21	2.37e-27	3.69e-21	3.08e-16	1.79e-12	2.55e-09	2.11e-06	1.16e-02	2.11e-01	7.77e-01	0.00e+00	0.00e+00	0.00e+00
 1.50854e+21	3.01e-27	4.58e-21	3.73e-16	2.11e-12	2.91e-09	2.31e-06	1.21e-02	2.16e-01	7.72e-01	0.00e+00	0.00e+00	0.00e+00
 1.55408e+21	3.89e-27	5.74e-21	4.55e-16	2.50e-12	3.34e-09	2.54e-06	1.28e-02	2.21e-01	7.66e-01	0.00e+00	0.00e+00	0.00e+00
 1.59148e+21	4.82e-27	6.94e-21	5.39e-16	2.89e-12	3.75e-09	2.75e-06	1.33e-02	2.25e-01	7.62e-01	0.00e+00	0.00e+00	0.00e+00
 1.61959e+21	5.68e-27	8.04e-21	6.13e-16	3.24e-12	4.10e-09	2.92e-06	1.38e-02	2.28e-01	7.58e-01	0.00e+00	0.00e+00	0.00e+00
 1.64905e+21	6.62e-27	9.21e-21	6.91e-16	3.59e-12	4.45e-09	3.10e-06	1.42e-02	2.31e-01	7.54e-01	0.00e+00	0.00e+00	0.00e+00
 1.68735e+21	7.94e-27	1.08e-20	7.96e-16	4.05e-12	4.90e-09	3.32e-06	1.48e-02	2.35e-01	7.50e-01	0.00e+00	0.00e+00	0.00e+00
 1.73714e+21	1.06e-26	1.40e-20	9.98e-16	4.93e-12	5.74e-09	3.69e-06	1.56e-02	2.41e-01	7.43e-01	0.00e+00	0.00e+00	0.00e+00
 1.78549e+21	1.36e-26	1.74e-20	1.21e-15	5.83e-12	6.57e-09	4.06e-06	1.64e-02	2.46e-01	7.37e-01	0.00e+00	0.00e+00	0.00e+00
 1.82288e+21	1.62e-26	2.04e-20	1.39e-15	6.57e-12	7.23e-09	4.34e-06	1.71e-02	2.50e-01	7.33e-01	0.00e+00	0.00e+00	0.00e+00
 1.86236e+21	1.95e-26	2.40e-20	1.61e-15	7.43e-12	7.98e-09	4.65e-06	1.77e-02	2.54e-01	7.28e-01	0.00e+00	0.00e+00	0.00e+00
 1.91370e+21	2.55e-26	3.05e-20	1.99e-15	8.94e-12	9.26e-09	5.15e-06	1.87e-02	2.60e-01	7.21e-01	0.00e+00	0.00e+00	0.00e+00
 1.96859e+21	3.32e-26	3.86e-20	2.45e-15	1.07e-11	1.07e-08	5.69e-06	1.97e-02	2.66e-01	7.15e-01	0.00e+00	0.00e+00	0.00e+00
 2.01780e+21	4.09e-26	4.64e-20	2.88e-15	1.23e-11	1.19e-08	6.15e-06	2.06e-02	2.71e-01	7.09e-01	0.00e+00	0.00e+00	0.00e+00
 2.07146e+21	5.35e-26	5.90e-20	3.56e-15	1.48e-11	1.39e-08	6.81e-06	2.17e-02	2.77e-01	7.02e-01	0.00e+00	0.00e+00	0.00e+00
 2.13112e+21	7.03e-26	7.52e-20	4.42e-15	1.78e-11	1.61e-08	7.55e-06	2.29e-02	2.83e-01	6.94e-01	0.00e+00	0.00e+00	0.00e+00
 2.18181e+21	8.60e-26	8.99e-20	5.16e-15	2.03e-11	1.79e-08	8.14e-06	2.39e-02	2.88e-01	6.88e-01	0.00e+00	0.00e+00	0.00e+00
 2.23095e+21	1.09e-25	1.11e-19	6.21e-15	2.39e-11	2.04e-08	8.90e-06	2.50e-02	2.93e-01	6.82e-01	0.00e+00	0.00e+00	0.00e+00
 2.28505e+21	1.34e-25	1.34e-19	7.33e-15	2.75e-11	2.28e-08	9.64e-06	2.62e-02	2.98e-01	6.75e-01	0.00e+00	0.00e+00	0.00e+00
 2.34559e+21	1.77e-25	1.71e-19	9.11e-15	3.33e-11	2.66e-08	1.07e-05	2.76e-02	3.05e-01	6.68e-01	0.00e+00	0.00e+00	0.00e+00
 2.40854e+21	2.31e-25	2.17e-19	1.13e-14	3.99e-11	3.08e-08	1.19e-05	2.91e-02	3.11e-01	6.60e-01	0.00e+00	0.00e+00	0.00e+00
 2.45927e+21	2.82e-25	2.59e-19	1.32e-14	4.57e-11	3.44e-08	1.28e-05	3.03e-02	3.16e-01	6.54e-01	0.00e+00	0.00e+00	0.00e+00
 2.50987e+21	3.42e-25	3.07e-19	1.53e-14	5.20e-11	3.81e-08	1.37e-05	3.15e-02	3.21e-01	6.48e-01	0.00e+00	0.00e+00	0.00e+00
 2.57565e+21	4.51e-25	3.93e-19	1.90e-14	6.30e-11	4.45e-08	1.53e-05	3.32e-02	3.28e-01	6.39e-01	0.00e+00	0.00e+00	0.00e+00
 2.64293e+21	5.88e-25	4.98e-19	2.35e-14	7.56e-11	5.15e-08	1.69e-05	3.49e-02	3.34e-01	6.31e-01	0.00e+00	0.00e+00	0.00e+00
 2.69453e+21	7.12e-25	5.90e-19	2.73e-14	8.60e-11	5.72e-08	1.82e-05	3.63e-02	3.39e-01	6.25e-01	0.00e+00	0.00e+00	0.00e+00
 2.74398e+21	8.62e-25	7.00e-19	3.18e-14	9.81e-11	6.36e-08	1.96e-05	3.76e-02	3.44e-01	6.19e-01	0.00e+00	0.00e+00	0.00e+00
 2.80826e+21	1.07e-24	8.48e-19	3.76e-14	1.13e-10	7.14e-08	2.12e-05	3.94e-02	3.49e-01	6.11e-01	0.00e+00	0.00e+00	0.00e+00
 2.87891e+21	1.42e-24	1.10e-18	4.73e-14	1.38e-10	8.39e-08	2.37e-05	4.15e-02	3.56e-01	6.02e-01	0.00e+00	0.00e+00	0.00e+00
 2.93899e+21	1.76e-24	1.32e-18	5.58e-14	1.60e-10	9.42e-08	2.56e-05	4.32e-02	3.62e-01	5.95e-01	0.00e+00	0.00e+00	0.00e+00
 2.99823e+21	2.17e-24	1.59e-18	6.59e-14	1.85e-10	1.06e-07	2.78e-05	4.49e-02	3.67e-01	5.88e-01	0.00e+00	0.00e+00	0.00e+00
 3.07525e+21	2.86e-24	2.04e-18	8.21e-14	2.23e-10	1.23e-07	3.09e-05	4.73e-02	3.74e-01	5.79e-01	0.00e+00	0.00e+00	0.00e+00
 3.15456e+21	3.66e-24	2.54e-18	9.95e-14	2.63e-10	1.41e-07	3.39e-05	4.97e-02	3.80e-01	5.70e-01	0.00e+00	0.00e+00	0.00e+00
 3.21928e+21	4.59e-24	3.11e-18	1.19e-13	3.08e-10	1.60e-07	3.69e-05	5.18e-02	3.86e-01	5.62e-01	0.00e+00	0.00e+00	0.00e+00
 3.28584e+21	5.81e-24	3.84e-18	1.44e-13	3.63e-10	1.83e-07	4.04e-05	5.40e-02	3.91e-01	5.55e-01	0.00e+00	0.00e+00	0.00e+00
 3.35969e+21	7.44e-24	4.79e-18	1.75e-13	4.31e-10	2.10e-07	4.44e-05	5.65e-02	3.97e-01	5.46e-01	0.00e+00	0.00e+00	0.00e+00
 3.42458e+21	9.25e-24	5.82e-18	2.08e-13	5.01e-10	2.37e-07	4.83e-05	5.87e-02	4.03e-01	5.39e-01	0.00e+00	0.00e+00	0.00e+00
 3.48118e+21	1.11e-23	6.85e-18	2.41e-13	5.69e-10	2.62e-07	5.18e-05	6.07e-02	4.07e-01	5.32e-01	0.00e+00	0.00e+00	0.00e+00
 3.54542e+21	1.35e-23	8.16e-18	2.82e-13	6.50e-10	2.92e-07	5.57e-05	6.29e-02	4.12e-01	5.25e-01	0.00e+00	0.00e+00	0.00e+00
 3.62894e+21	1.77e-23	1.04e-17	3.49e-13	7.84e-10	3.40e-07	6.18e-05	6.59e-02	4.18e-01	5.16e-01	0.00e+00	0.00e+00	0.00e+00
 3.71570e+21	2.32e-23	1.33e-17	4.34e-13	9.48e-10	3.96e-07	6.86e-05	6.91e-02	4.24e-01	5.07e-01	0.00e+00	0.00e+00	0.00e+00
 3.78645e+21	2.88e-23	1.61e-17	5.16e-13	1.10e-09	4.48e-07	7.45e-05	7.17e-02	4.29e-01	4.99e-01	0.00e+00	0.00e+00	0.00e+00
 3.85820e+21	3.57e-23	1.95e-17	6.13e-13	1.28e-09	5.05e-07	8.08e-05	7.44e-02	4.34e-01	4.91e-01	0.00e+00	0.00e+00	0.00e+00
 3.95148e+21	4.72e-23	2.51e-17	7.66e-13	1.55e-09	5.91e-07	8.99e-05	7.80e-02	4.40e-01	4.82e-01	0.00e+00	0.00e+00	0.00e+00
 4.05070e+21	6.30e-23	3.24e-17	9.64e-13	1.90e-09	6.94e-07	1.00e-04	8.19e-02	4.47e-01	4.71e-01	0.00e+00	0.00e+00	0.00e+00
 4.13533e+21	8.12e-23	4.08e-17	1.18e-12	2.27e-09	8.02e-07	1.11e-04	8.53e-02	4.52e-01	4.63e-01	0.00e+00	0.00e+00	0.00e+00
 4.22298e+21	1.04e-22	5.11e-17	1.45e-12	2.70e-09	9.25e-07	1.22e-04	8.88e-02	4.57e-01	4.54e-01	0.00e+00	0.00e+00	0.00e+00
 4.33694e+21	1.43e-22	6.78e-17	1.86e-12	3.37e-09	1.10e-06	1.37e-04	9.36e-02	4.63e-01	4.43e-01	0.00e+00	0.00e+00	0.00e+00
 4.45734e+21	2.04e-22	9.33e-17	2.48e-12	4.33e-09	1.36e-06	1.57e-04	9.88e-02	4.70e-01	4.31e-01	0.00e+00	0.00e+00	0.00e+00
 4.55975e+21	2.70e-22	1.20e-16	3.12e-12	5.28e-09	1.59e-06	1.75e-04	1.03e-01	4.75e-01	4.21e-01	0.00e+00	0.00e+00	0.00e+00
 4.66649e+21	3.61e-22	1.56e-16	3.94e-12	6.48e-09	1.88e-06	1.96e-04	1.08e-01	4.80e-01	4.11e-01	0.00e+00	0.00e+00	0.00e+00
 4.77180e+21	4.67e-22	1.96e-16	4.82e-12	7.72e-09	2.17e-06	2.16e-04	1.13e-01	4.85e-01	4.02e-01	0.00e+00	0.00e+00	0.00e+00
 4.85259e+21	5.84e-22	2.41e-16	5.79e-12	9.07e-09	2.47e-06	2.36e-04	1.16e-01	4.89e-01	3.95e-01	0.00e+00	0.00e+00	0.00e+00
 4.92334e+21	7.24e-22	2.93e-16	6.92e-12	1.06e-08	2.81e-06	2.57e-04	1.20e-01	4.92e-01	3.88e-01	0.00e+00	0.00e+00	0.00e+00
 5.00371e+21	8.84e-22	3.50e-16	8.12e-12	1.22e-08	3.15e-06	2.77e-04	1.23e-01	4.95e-01	3.81e-01	0.00e+00	0.00e+00	0.00e+00
 5.10819e+21	1.16e-21	4.47e-16	1.01e-11	1.48e-08	3.69e-06	3.08e-04	1.29e-01	5.00e-01	3.72e-01	0.00e+00	0.00e+00	0.00e+00
 5.21527e+21	1.53e-21	5.74e-16	1.27e-11	1.80e-08	4.33e-06	3.43e-04	1.34e-01	5.04e-01	3.62e-01	0.00e+00	0.00e+00	0.00e+00
 5.30085e+21	1.89e-21	6.94e-16	1.50e-11	2.09e-08	4.89e-06	3.72e-04	1.38e-01	5.07e-01	3.55e-01	0.00e+00	0.00e+00	0.00e+00
 5.38722e+21	2.32e-21	8.36e-16	1.77e-11	2.42e-08	5.51e-06	4.03e-04	1.42e-01	5.09e-01	3.48e-01	0.00e+00	0.00e+00	0.00e+00
 5.49950e+21	3.01e-21	1.05e-15	2.18e-11	2.90e-08	6.38e-06	4.45e-04	1.48e-01	5.13e-01	3.39e-01	0.00e+00	0.00e+00	0.00e+00
 5.62058e+21	3.99e-21	1.36e-15	2.74e-11	3.54e-08	7.51e-06	4.97e-04	1.54e-01	5.16e-01	3.29e-01	0.00e+00	0.00e+00	0.00e+00
 5.72492e+21	5.07e-21	1.68e-15	3.32e-11	4.19e-08	8.61e-06	5.45e-04	1.60e-01	5.19e-01	3.21e-01	0.00e+00	0.00e+00	0.00e+00
 5.81467e+21	6.23e-21	2.03e-15	3.92e-11	4.85e-08	9.71e-06	5.91e-04	1.65e-01	5.21e-01	3.14e-01	0.00e+00	0.00e+00	0.00e+00
 5.91363e+21	7.58e-21	2.42e-15	4.58e-11	5.54e-08	1.08e-05	6.36e-04	1.70e-01	5.23e-01	3.06e-01	0.00e+00	0.00e+00	0.00e+00
 6.04227e+21	1.01e-20	3.14e-15	5.79e-11	6.81e-08	1.28e-05	7.13e-04	1.77e-01	5.26e-01	2.96e-01	0.00e+00	0.00e+00	0.00e+00
 6.17838e+21	1.35e-20	4.06e-15	7.29e-11	8.33e-08	1.51e-05	7.97e-04	1.85e-01	5.28e-01	2.86e-01	0.00e+00	0.00e+00	0.00e+00
 6.28196e+21	1.66e-20	4.88e-15	8.59e-11	9.62e-08	1.70e-05	8.62e-04	1.90e-01	5.30e-01	2.79e-01	0.00e+00	0.00e+00	0.00e+00
 6.35886e+21	1.94e-20	5.61e-15	9.73e-11	1.07e-07	1.86e-05	9.16e-04	1.95e-01	5.31e-01	2.73e-01	0.00e+00	0.00e+00	0.00e+00
 6.44329e+21	2.28e-20	6.48e-15	1.11e-10	1.20e-07	2.04e-05	9.75e-04	2.00e-01	5.32e-01	2.68e-01	0.00e+00	0.00e+00	0.00e+00
 6.55305e+21	2.80e-20	7.81e-15	1.31e-10	1.39e-07	2.30e-05	1.06e-03	2.06e-01	5.33e-01	2.60e-01	0.00e+00	0.00e+00	0.00e+00
 6.69574e+21	3.64e-20	9.86e-15	1.61e-10	1.66e-07	2.66e-05	1.17e-03	2.14e-01	5.34e-01	2.51e-01	0.00e+00	0.00e+00	0.00e+00
 6.84064e+21	4.75e-20	1.25e-14	1.99e-10	2.00e-07	3.10e-05	1.29e-03	2.23e-01	5.34e-01	2.41e-01	0.00e+00	0.00e+00	0.00e+00
 6.95404e+21	5.74e-20	1.48e-14	2.31e-10	2.28e-07	3.45e-05	1.39e-03	2.30e-01	5.35e-01	2.34e-01	0.00e+00	0.00e+00	0.00e+00
 7.06705e+21	7.03e-20	1.77e-14	2.72e-10	2.63e-07	3.88e-05	1.51e-03	2.37e-01	5.35e-01	2.27e-01	0.00e+00	0.00e+00	0.00e+00
 7.21396e+21	8.97e-20	2.21e-14	3.30e-10	3.12e-07	4.46e-05	1.65e-03	2.46e-01	5.34e-01	2.18e-01	0.00e+00	0.00e+00	0.00e+00
 7.37048e+21	1.16e-19	2.78e-14	4.05e-10	3.74e-07	5.18e-05	1.83e-03	2.56e-01	5.34e-01	2.09e-01	0.00e+00	0.00e+00	0.00e+00
 7.50281e+21	1.43e-19	3.34e-14	4.78e-10	4.32e-07	5.83e-05	1.98e-03	2.64e-01	5.33e-01	2.01e-01	0.00e+00	0.00e+00	0.00e+00
 7.63820e+21	1.76e-19	4.02e-14	5.64e-10	4.99e-07	6.57e-05	2.15e-03	2.73e-01	5.31e-01	1.94e-01	0.00e+00	0.00e+00	0.00e+00
 7.81419e+21	2.28e-19	5.08e-14	6.95e-10	6.00e-07	7.64e-05	2.38e-03	2.84e-01	5.29e-01	1.84e-01	0.00e+00	0.00e+00	0.00e+00
 7.99766e+21	2.98e-19	6.44e-14	8.60e-10	7.25e-07	8.93e-05	2.65e-03	2.96e-01	5.27e-01	1.75e-01	0.00e+00	0.00e+00	0.00e+00
 8.14769e+21	3.68e-19	7.77e-14	1.02e-09	8.39e-07	1.01e-04	2.87e-03	3.05e-01	5.24e-01	1.68e-01	0.00e+00	0.00e+00	0.00e+00
 8.29960e+21	4.50e-19	9.31e-14	1.20e-09	9.69e-07	1.14e-04	3.11e-03	3.15e-01	5.21e-01	1.60e-01	0.00e+00	0.00e+00	0.00e+00
 8.49709e+21	5.82e-19	1.17e-13	1.47e-09	1.17e-06	1.32e-04	3.45e-03	3.28e-01	5.17e-01	1.51e-01	0.00e+00	0.00e+00	0.00e+00
 8.70527e+21	7.57e-19	1.48e-13	1.82e-09	1.41e-06	1.55e-04	3.84e-03	3.42e-01	5.12e-01	1.42e-01	0.00e+00	0.00e+00	0.00e+00
 8.86481e+21	9.18e-19	1.76e-13	2.13e-09	1.62e-06	1.74e-04	4.15e-03	3.52e-01	5.08e-01	1.36e-01	0.00e+00	0.00e+00	0.00e+00
 8.98615e+21	1.06e-18	2.00e-13	2.39e-09	1.79e-06	1.89e-04	4.40e-03	3.60e-01	5.04e-01	1.31e-01	0.00e+00	0.00e+00	0.00e+00
 9.12041e+21	1.23e-18	2.29e-13	2.70e-09	2.00e-06	2.08e-04	4.68e-03	3.69e-01	5.00e-01	1.26e-01	0.00e+00	0.00e+00	0.00e+00
 9.29494e+21	1.49e-18	2.73e-13	3.17e-09	2.31e-06	2.34e-04	5.08e-03	3.80e-01	4.95e-01	1.19e-01	0.00e+00	0.00e+00	0.00e+00
 9.48580e+21	1.83e-18	3.28e-13	3.75e-09	2.69e-06	2.66e-04	5.55e-03	3.93e-01	4.89e-01	1.13e-01	0.00e+00	0.00e+00	0.00e+00
 9.65549e+21	2.18e-18	3.84e-13	4.33e-09	3.06e-06	2.97e-04	5.97e-03	4.04e-01	4.83e-01	1.07e-01	0.00e+00	0.00e+00	0.00e+00
 9.81023e+21	2.53e-18	4.40e-13	4.91e-09	3.43e-06	3.26e-04	6.38e-03	4.13e-01	4.78e-01	1.02e-01	0.00e+00	0.00e+00	0.00e+00
 9.98792e+21	3.00e-18	5.13e-13	5.65e-09	3.90e-06	3.64e-04	6.87e-03	4.25e-01	4.71e-01	9.66e-02	0.00e+00	0.00e+00	0.00e+00
 1.02189e+22	3.69e-18	6.20e-13	6.75e-09	4.59e-06	4.18e-04	7.56e-03	4.39e-01	4.63e-01	9.00e-02	0.00e+00	0.00e+00	0.00e+00
 1.04540e+22	4.53e-18	7.48e-13	8.04e-09	5.39e-06	4.78e-04	8.30e-03	4.54e-01	4.54e-01	8.37e-02	0.00e+00	0.00e+00	0.00e+00
 1.06389e+22	5.28e-18	8.61e-13	9.16e-09	6.08e-06	5.29e-04	8.90e-03	4.64e-01	4.47e-01	7.92e-02	0.00e+00	0.00e+00	0.00e+00
 1.08236e+22	6.11e-18	9.84e-13	1.04e-08	6.82e-06	5.84e-04	9.52e-03	4.75e-01	4.40e-01	7.49e-02	0.00e+00	0.00e+00	0.00e+00
 1.10638e+22	7.31e-18	1.16e-12	1.22e-08	7.91e-06	6.62e-04	1.04e-02	4.89e-01	4.30e-01	6.96e-02	0.00e+00	0.00e+00	0.00e+00
 1.13167e+22	8.77e-18	1.38e-12	1.43e-08	9.20e-06	7.52e-04	1.14e-02	5.03e-01	4.20e-01	6.45e-02	0.00e+00	0.00e+00	0.00e+00
 1.15273e+22	1.02e-17	1.58e-12	1.63e-08	1.04e-05	8.32e-04	1.22e-02	5.15e-01	4.12e-01	6.06e-02	0.00e+00	0.00e+00	0.00e+00
 1.17424e+22	1.17e-17	1.80e-12	1.84e-08	1.17e-05	9.19e-04	1.31e-02	5.26e-01	4.03e-01	5.68e-02	0.00e+00	0.00e+00	0.00e+00
 1.20220e+22	1.39e-17	2.11e-12	2.16e-08	1.35e-05	1.04e-03	1.43e-02	5.40e-01	3.92e-01	5.23e-02	0.00e+00	0.00e+00	0.00e+00
 1.23091e+22	1.65e-17	2.49e-12	2.53e-08	1.57e-05	1.18e-03	1.56e-02	5.54e-01	3.81e-01	4.81e-02	0.00e+00	0.00e+00	0.00e+00
 1.25388e+22	1.88e-17	2.82e-12	2.85e-08	1.76e-05	1.30e-03	1.67e-02	5.65e-01	3.72e-01	4.50e-02	0.00e+00	0.00e+00	0.00e+00
 1.27702e+22	2.13e-17	3.17e-12	3.20e-08	1.97e-05	1.42e-03	1.78e-02	5.75e-01	3.63e-01	4.21e-02	0.00e+00	0.00e+00	0.00e+00
 1.30710e+22	2.48e-17	3.68e-12	3.70e-08	2.26e-05	1.60e-03	1.93e-02	5.88e-01	3.52e-01	3.86e-02	2.48e-17	7.36e-23	7.62e-23
 1.33746e+22	2.89e-17	4.26e-12	4.28e-08	2.59e-05	1.79e-03	2.09e-02	6.01e-01	3.41e-01	3.55e-02	2.89e-17	6.39e-22	7.58e-22
 1.35968e+22	3.24e-17	4.75e-12	4.75e-08	2.86e-05	1.94e-03	2.21e-02	6.09e-01	3.33e-01	3.34e-02	3.24e-17	6.99e-22	8.29e-22
 1.38006e+22	3.55e-17	5.19e-12	5.18e-08	3.11e-05	2.08e-03	2.33e-02	6.17e-01	3.26e-01	3.16e-02	3.55e-17	7.54e-22	8.94e-22
 1.40656e+22	3.98e-17	5.80e-12	5.80e-08	3.47e-05	2.27e-03	2.48e-02	6.27e-01	3.17e-01	2.94e-02	3.98e-17	8.22e-22	9.75e-22
 1.43481e+22	4.50e-17	6.54e-12	6.54e-08	3.89e-05	2.49e-03	2.65e-02	6.36e-01	3.07e-01	2.72e-02	4.50e-17	8.98e-22	1.06e-21
 1.45913e+22	5.00e-17	7.24e-12	7.23e-08	4.27e-05	2.68e-03	2.79e-02	6.44e-01	2.99e-01	2.55e-02	5.00e-17	9.73e-22	1.15e-21
 1.48456e+22	5.52e-17	7.99e-12	7.98e-08	4.70e-05	2.90e-03	2.95e-02	6.52e-01	2.91e-01	2.39e-02	5.52e-17	1.05e-21	1.25e-21
 1.51761e+22	6.26e-17	9.06e-12	9.06e-08	5.30e-05	3.19e-03	3.16e-02	6.62e-01	2.81e-01	2.19e-02	6.25e-17	1.16e-21	1.37e-21
 1.55146e+22	7.13e-17	1.03e-11	1.03e-07	5.99e-05	3.51e-03	3.39e-02	6.71e-01	2.71e-01	2.01e-02	7.13e-17	1.27e-21	1.50e-21
 1.57884e+22	7.92e-17	1.14e-11	1.14e-07	6.59e-05	3.78e-03	3.57e-02	6.78e-01	2.64e-01	1.88e-02	7.92e-17	1.37e-21	1.63e-21
 1.60693e+22	8.74e-17	1.26e-11	1.26e-07	7.23e-05	4.06e-03	3.76e-02	6.85e-01	2.56e-01	1.75e-02	8.74e-17	1.48e-21	1.76e-21
 1.64346e+22	9.87e-17	1.43e-11	1.43e-07	8.15e-05	4.46e-03	4.01e-02	6.93e-01	2.46e-01	1.60e-02	9.87e-17	1.62e-21	1.92e-21
 1.68149e+22	1.13e-16	1.63e-11	1.63e-07	9.21e-05	4.89e-03	4.29e-02	7.01e-01	2.36e-01	1.46e-02	1.13e-16	1.77e-21	2.10e-21
 1.71278e+22	1.25e-16	1.81e-11	1.81e-07	1.01e-04	5.26e-03	4.51e-02	7.07e-01	2.29e-01	1.36e-02	1.25e-16	1.92e-21	2.28e-21
 1.74474e+22	1.39e-16	2.00e-11	2.00e-07	1.12e-04	5.65e-03	4.75e-02	7.13e-01	2.21e-01	1.26e-02	1.39e-16	2.08e-21	2.46e-21
 1.78629e+22	1.57e-16	2.28e-11	2.28e-07	1.26e-04	6.18e-03	5.06e-02	7.20e-01	2.12e-01	1.15e-02	1.57e-16	2.27e-21	2.70e-21
 1.82923e+22	1.79e-16	2.61e-11	2.60e-07	1.42e-04	6.77e-03	5.39e-02	7.26e-01	2.03e-01	1.04e-02	1.79e-16	2.49e-21	2.95e-21
 1.86418e+22	2.00e-16	2.91e-11	2.90e-07	1.57e-04	7.26e-03	5.66e-02	7.31e-01	1.96e-01	9.63e-03	2.00e-16	2.70e-21	3.20e-21
 1.89984e+22	2.21e-16	3.22e-11	3.22e-07	1.73e-04	7.78e-03	5.95e-02	7.35e-01	1.89e-01	8.90e-03	2.21e-16	2.92e-21	3.46e-21
 1.94620e+22	2.51e-16	3.68e-11	3.67e-07	1.95e-04	8.49e-03	6.32e-02	7.40e-01	1.80e-01	8.06e-03	2.51e-16	3.20e-21	3.80e-21
 1.99465e+22	2.88e-16	4.23e-11	4.22e-07	2.21e-04	9.27e-03	6.73e-02	7.45e-01	1.71e-01	7.27e-03	2.88e-16	3.51e-21	4.17e-21
 2.03498e+22	3.23e-16	4.75e-11	4.72e-07	2.44e-04	9.94e-03	7.06e-02	7.48e-01	1.65e-01	6.69e-03	3.23e-16	3.82e-21	4.53e-21
 2.07661e+22	3.60e-16	5.32e-11	5.28e-07	2.69e-04	1.07e-02	7.41e-02	7.51e-01	1.58e-01	6.14e-03	3.59e-16	4.15e-21	4.94e-21
 2.12104e+22	4.04e-16	6.01e-11	5.95e-07	2.99e-04	1.15e-02	7.80e-02	7.53e-01	1.51e-01	5.61e-03	4.04e-16	4.50e-21	5.35e-21
 2.15886e+22	4.48e-16	6.66e-11	6.58e-07	3.26e-04	1.22e-02	8.13e-02	7.55e-01	1.46e-01	5.21e-03	4.48e-16	4.85e-21	5.77e-21
 2.19775e+22	4.92e-16	7.36e-11	7.26e-07	3.56e-04	1.29e-02	8.47e-02	7.57e-01	1.41e-01	4.82e-03	4.92e-16	5.22e-21	6.21e-21
 2.24831e+22	5.56e-16	8.38e-11	8.24e-07	3.98e-04	1.39e-02	8.93e-02	7.58e-01	1.34e-01	4.37e-03	5.56e-16	5.71e-21	6.80e-21
 2.29980e+22	6.33e-16	9.58e-11	9.38e-07	4.44e-04	1.50e-02	9.40e-02	7.59e-01	1.28e-01	3.96e-03	6.33e-16	6.24e-21	7.43e-21
 2.34111e+22	7.02e-16	1.07e-10	1.04e-06	4.84e-04	1.59e-02	9.77e-02	7.59e-01	1.23e-01	3.67e-03	7.02e-16	6.75e-21	8.04e-21
 2.38339e+22	7.74e-16	1.18e-10	1.15e-06	5.28e-04	1.69e-02	1.02e-01	7.60e-01	1.18e-01	3.39e-03	7.74e-16	7.29e-21	8.68e-21
 2.43835e+22	8.77e-16	1.35e-10	1.31e-06	5.89e-04	1.81e-02	1.07e-01	7.59e-01	1.12e-01	3.07e-03	8.77e-16	8.01e-21	9.54e-21
 2.49610e+22	1.01e-15	1.56e-10	1.50e-06	6.59e-04	1.95e-02	1.12e-01	7.58e-01	1.06e-01	2.77e-03	1.00e-15	8.81e-21	1.05e-20
 2.54409e+22	1.13e-15	1.75e-10	1.67e-06	7.21e-04	2.07e-02	1.17e-01	7.57e-01	1.02e-01	2.54e-03	1.13e-15	9.60e-21	1.14e-20
 2.59308e+22	1.25e-15	1.96e-10	1.87e-06	7.89e-04	2.20e-02	1.22e-01	7.56e-01	9.75e-02	2.34e-03	1.25e-15	1.05e-20	1.25e-20
 2.65677e+22	1.44e-15	2.27e-10	2.15e-06	8.85e-04	2.37e-02	1.28e-01	7.53e-01	9.21e-02	2.09e-03	1.44e-15	1.16e-20	1.39e-20
 2.72275e+22	1.67e-15	2.65e-10	2.48e-06	9.94e-04	2.55e-02	1.34e-01	7.50e-01	8.69e-02	1.87e-03	1.67e-15	1.29e-20	1.54e-20
 2.77636e+22	1.88e-15	3.00e-10	2.79e-06	1.09e-03	2.70e-02	1.39e-01	7.48e-01	8.30e-02	1.72e-03	1.88e-15	1.42e-20	1.69e-20
 2.83069e+22	2.11e-15	3.39e-10	3.12e-06	1.19e-03	2.87e-02	1.45e-01	7.45e-01	7.92e-02	1.57e-03	2.11e-15	1.56e-20	1.86e-20
 2.90133e+22	2.44e-15	3.96e-10	3.61e-06	1.34e-03	3.08e-02	1.52e-01	7.40e-01	7.46e-02	1.40e-03	2.44e-15	1.75e-20	2.08e-20
 2.97567e+22	2.86e-15	4.66e-10	4.20e-06	1.50e-03	3.32e-02	1.59e-01	7.35e-01	7.01e-02	1.25e-03	2.86e-15	1.97e-20	2.34e-20
 3.03807e+22	3.27e-15	5.35e-10	4.76e-06	1.66e-03	3.52e-02	1.65e-01	7.30e-01	6.65e-02	1.13e-03	3.27e-15	2.18e-20	2.60e-20
 3.10243e+22	3.72e-15	6.13e-10	5.40e-06	1.82e-03	3.75e-02	1.72e-01	7.25e-01	6.31e-02	1.03e-03	3.72e-15	2.43e-20	2.90e-20
 3.18611e+22	4.39e-15	7.31e-10	6.35e-06	2.06e-03	4.05e-02	1.80e-01	7.18e-01	5.89e-02	9.07e-04	4.39e-15	2.78e-20	3.31e-20
 3.27388e+22	5.24e-15	8.77e-10	7.50e-06	2.34e-03	4.37e-02	1.89e-01	7.10e-01	5.49e-02	7.98e-04	5.24e-15	3.19e-20	3.79e-20
 3.34761e+22	6.10e-15	1.02e-09	8.60e-06	2.59e-03	4.66e-02	1.96e-01	7.03e-01	5.18e-02	7.18e-04	6.10e-15	3.60e-20	4.28e-20
 3.42410e+22	7.09e-15	1.19e-09	9.87e-06	2.87e-03	4.96e-02	2.03e-01	6.95e-01	4.88e-02	6.45e-04	7.09e-15	4.10e-20	4.87e-20
 3.50519e+22	8.36e-15	1.41e-09	1.14e-05	3.19e-03	5.30e-02	2.11e-01	6.87e-01	4.58e-02	5.76e-04	8.36e-15	4.67e-20	5.55e-20
 3.57363e+22	9.63e-15	1.62e-09	1.28e-05	3.48e-03	5.58e-02	2.17e-01	6.79e-01	4.34e-02	5.25e-04	9.63e-15	5.25e-20	6.24e-20
 3.64398e+22	1.10e-14	1.86e-09	1.45e-05	3.80e-03	5.89e-02	2.24e-01	6.72e-01	4.12e-02	4.77e-04	1.10e-14	5.91e-20	7.02e-20
 3.73543e+22	1.32e-14	2.22e-09	1.69e-05	4.24e-03	6.30e-02	2.32e-01	6.62e-01	3.85e-02	4.23e-04	1.32e-14	6.84e-20	8.12e-20
 3.83108e+22	1.59e-14	2.67e-09	1.97e-05	4.75e-03	6.74e-02	2.41e-01	6.51e-01	3.58e-02	3.74e-04	1.59e-14	7.96e-20	9.43e-20
 3.91115e+22	1.85e-14	3.11e-09	2.24e-05	5.21e-03	7.12e-02	2.48e-01	6.41e-01	3.38e-02	3.37e-04	1.85e-14	9.08e-20	1.08e-19
 3.99420e+22	2.17e-14	3.63e-09	2.55e-05	5.71e-03	7.52e-02	2.55e-01	6.32e-01	3.18e-02	3.04e-04	2.17e-14	1.04e-19	1.23e-19
 4.10217e+22	2.64e-14	4.40e-09	3.01e-05	6.41e-03	8.06e-02	2.64e-01	6.19e-01	2.94e-02	2.67e-04	2.64e-14	1.23e-19	1.46e-19
 4.21756e+22	3.26e-14	5.40e-09	3.57e-05	7.23e-03	8.66e-02	2.74e-01	6.05e-01	2.71e-02	2.32e-04	3.26e-14	1.47e-19	1.74e-19
 4.31163e+22	3.89e-14	6.39e-09	4.09e-05	7.94e-03	9.15e-02	2.81e-01	5.94e-01	2.54e-02	2.07e-04	3.89e-14	1.71e-19	2.02e-19
 4.39094e+22	4.46e-14	7.26e-09	4.57e-05	8.59e-03	9.58e-02	2.87e-01	5.84e-01	2.40e-02	1.89e-04	4.46e-14	1.92e-19	2.27e-19
 4.48202e+22	5.25e-14	8.48e-09	5.19e-05	9.37e-03	1.01e-01	2.94e-01	5.73e-01	2.25e-02	1.70e-04	5.25e-14	2.22e-19	2.62e-19
 4.60043e+22	6.41e-14	1.02e-08	6.08e-05	1.04e-02	1.07e-01	3.03e-01	5.59e-01	2.08e-02	1.49e-04	6.41e-14	2.63e-19	3.10e-19
 4.72444e+22	7.92e-14	1.25e-08	7.16e-05	1.17e-02	1.15e-01	3.11e-01	5.43e-01	1.91e-02	1.30e-04	7.92e-14	3.15e-19	3.71e-19
 4.82902e+22	9.44e-14	1.47e-08	8.19e-05	1.28e-02	1.21e-01	3.18e-01	5.30e-01	1.78e-02	1.16e-04	9.44e-14	3.66e-19	4.31e-19
 4.93825e+22	1.13e-13	1.73e-08	9.36e-05	1.40e-02	1.27e-01	3.25e-01	5.17e-01	1.66e-02	1.03e-04	1.13e-13	4.30e-19	5.06e-19
 5.08026e+22	1.41e-13	2.12e-08	1.11e-04	1.57e-02	1.36e-01	3.33e-01	5.00e-01	1.52e-02	8.90e-05	1.41e-13	5.21e-19	6.12e-19
 5.22812e+22	1.77e-13	2.61e-08	1.32e-04	1.77e-02	1.45e-01	3.40e-01	4.83e-01	1.38e-02	7.63e-05	1.77e-13	6.33e-19	7.44e-19
 5.34975e+22	2.15e-13	3.10e-08	1.51e-04	1.93e-02	1.53e-01	3.46e-01	4.69e-01	1.27e-02	6.75e-05	2.15e-13	7.50e-19	8.80e-19
 5.47401e+22	2.57e-13	3.64e-08	1.74e-04	2.12e-02	1.61e-01	3.52e-01	4.54e-01	1.18e-02	5.96e-05	2.57e-13	8.78e-19	1.03e-18
 5.63554e+22	3.24e-13	4.48e-08	2.06e-04	2.37e-02	1.71e-01	3.58e-01	4.36e-01	1.07e-02	5.10e-05	3.24e-13	1.08e-18	1.26e-18
 5.80740e+22	4.13e-13	5.55e-08	2.46e-04	2.67e-02	1.82e-01	3.64e-01	4.17e-01	9.58e-03	4.32e-05	4.13e-13	1.33e-18	1.55e-18
 5.95249e+22	5.03e-13	6.61e-08	2.85e-04	2.93e-02	1.92e-01	3.69e-01	4.01e-01	8.76e-03	3.76e-05	5.03e-13	1.58e-18	1.84e-18
 6.10092e+22	6.14e-13	7.87e-08	3.29e-04	3.21e-02	2.01e-01	3.73e-01	3.86e-01	8.01e-03	3.28e-05	6.14e-13	1.89e-18	2.20e-18
 6.29389e+22	7.89e-13	9.79e-08	3.94e-04	3.61e-02	2.14e-01	3.77e-01	3.66e-01	7.14e-03	2.76e-05	7.89e-13	2.35e-18	2.74e-18
 6.49580e+22	1.01e-12	1.22e-07	4.73e-04	4.05e-02	2.27e-01	3.80e-01	3.46e-01	6.32e-03	2.30e-05	1.01e-12	2.91e-18	3.40e-18
 6.66235e+22	1.24e-12	1.45e-07	5.47e-04	4.44e-02	2.38e-01	3.82e-01	3.30e-01	5.73e-03	1.99e-05	1.24e-12	3.48e-18	4.06e-18
 6.83187e+22	1.52e-12	1.72e-07	6.33e-04	4.86e-02	2.49e-01	3.83e-01	3.14e-01	5.19e-03	1.72e-05	1.52e-12	4.17e-18	4.87e-18
 7.05224e+22	1.96e-12	2.14e-07	7.59e-04	5.44e-02	2.63e-01	3.83e-01	2.95e-01	4.58e-03	1.43e-05	1.96e-12	5.22e-18	6.08e-18
 7.28358e+22	2.53e-12	2.66e-07	9.14e-04	6.09e-02	2.77e-01	3.82e-01	2.75e-01	4.00e-03	1.17e-05	2.53e-12	6.51e-18	7.58e-18
 7.47776e+22	3.12e-12	3.18e-07	1.06e-03	6.67e-02	2.89e-01	3.80e-01	2.59e-01	3.58e-03	1.00e-05	3.12e-12	7.83e-18	9.11e-18
 7.67878e+22	3.86e-12	3.81e-07	1.24e-03	7.30e-02	3.01e-01	3.78e-01	2.44e-01	3.20e-03	8.52e-06	3.86e-12	9.48e-18	1.10e-17
 7.94010e+22	5.04e-12	4.78e-07	1.50e-03	8.17e-02	3.16e-01	3.73e-01	2.25e-01	2.77e-03	6.94e-06	5.04e-12	1.20e-17	1.39e-17
 8.20760e+22	6.56e-12	5.97e-07	1.81e-03	9.14e-02	3.31e-01	3.67e-01	2.07e-01	2.38e-03	5.61e-06	6.56e-12	1.51e-17	1.75e-17
 8.42797e+22	8.10e-12	7.13e-07	2.11e-03	9.97e-02	3.42e-01	3.62e-01	1.92e-01	2.11e-03	4.73e-06	8.10e-12	1.82e-17	2.11e-17
 8.65928e+22	1.01e-11	8.60e-07	2.47e-03	1.09e-01	3.53e-01	3.55e-01	1.79e-01	1.86e-03	3.98e-06	1.01e-11	2.21e-17	2.57e-17
 8.91573e+22	1.28e-11	1.05e-06	2.94e-03	1.20e-01	3.65e-01	3.46e-01	1.64e-01	1.61e-03	3.27e-06	1.28e-11	2.73e-17	3.17e-17
 9.14706e+22	1.58e-11	1.25e-06	3.43e-03	1.30e-01	3.75e-01	3.38e-01	1.52e-01	1.42e-03	2.75e-06	1.58e-11	3.28e-17	3.81e-17
 9.38998e+22	1.97e-11	1.51e-06	4.01e-03	1.41e-01	3.85e-01	3.29e-01	1.40e-01	1.24e-03	2.31e-06	1.97e-11	4.00e-17	4.65e-17
 9.70577e+22	2.60e-11	1.91e-06	4.90e-03	1.57e-01	3.95e-01	3.16e-01	1.26e-01	1.05e-03	1.85e-06	2.60e-11	5.10e-17	5.92e-17
 1.00074e+23	3.39e-11	2.39e-06	5.95e-03	1.73e-01	4.05e-01	3.03e-01	1.12e-01	8.90e-04	1.48e-06	3.39e-11	6.44e-17	7.48e-17
 1.02294e+23	4.13e-11	2.82e-06	6.88e-03	1.86e-01	4.10e-01	2.93e-01	1.03e-01	7.84e-04	1.25e-06	4.13e-11	7.69e-17	8.93e-17
 1.04565e+23	5.04e-11	3.34e-06	7.95e-03	1.99e-01	4.15e-01	2.82e-01	9.53e-02	6.94e-04	1.07e-06	5.04e-11	9.21e-17	1.07e-16
 1.07518e+23	6.56e-11	4.18e-06	9.59e-03	2.17e-01	4.19e-01	2.68e-01	8.54e-02	5.93e-04	8.71e-07	6.56e-11	1.16e-16	1.35e-16
 1.10479e+23	8.50e-11	5.21e-06	1.16e-02	2.37e-01	4.22e-01	2.53e-01	7.61e-02	5.03e-04	7.07e-07	8.50e-11	1.47e-16	1.70e-16
 1.12736e+23	1.04e-10	6.19e-06	1.35e-02	2.53e-01	4.23e-01	2.41e-01	6.94e-02	4.41e-04	5.99e-07	1.04e-10	1.76e-16	2.04e-16
 1.14636e+23	1.24e-10	7.18e-06	1.53e-02	2.67e-01	4.22e-01	2.31e-01	6.43e-02	3.97e-04	5.24e-07	1.24e-10	2.06e-16	2.39e-16
 1.16785e+23	1.51e-10	8.53e-06	1.77e-02	2.82e-01	4.20e-01	2.20e-01	5.89e-02	3.53e-04	4.53e-07	1.51e-10	2.47e-16	2.86e-16
 1.19579e+23	1.96e-10	1.07e-05	2.14e-02	3.04e-01	4.16e-01	2.06e-01	5.24e-02	3.02e-04	3.74e-07	1.96e-10	3.12e-16	3.63e-16
 1.22334e+23	2.55e-10	1.35e-05	2.61e-02	3.27e-01	4.10e-01	1.91e-01	4.62e-02	2.56e-04	3.05e-07	2.55e-10	3.97e-16	4.61e-16
 1.24330e+23	3.15e-10	1.61e-05	3.04e-02	3.45e-01	4.03e-01	1.79e-01	4.19e-02	2.25e-04	2.62e-07	3.15e-10	4.83e-16	5.60e-16
 1.25880e+23	3.70e-10	1.86e-05	3.42e-02	3.59e-01	3.97e-01	1.71e-01	3.88e-02	2.04e-04	2.33e-07	3.70e-10	5.60e-16	6.50e-16
 1.27558e+23	4.41e-10	2.17e-05	3.89e-02	3.74e-01	3.90e-01	1.61e-01	3.57e-02	1.84e-04	2.06e-07	4.41e-10	6.59e-16	7.65e-16
 1.29740e+23	5.58e-10	2.68e-05	4.63e-02	3.95e-01	3.78e-01	1.49e-01	3.18e-02	1.60e-04	1.74e-07	5.58e-10	8.19e-16	9.51e-16
 1.31935e+23	7.15e-10	3.33e-05	5.56e-02	4.16e-01	3.64e-01	1.36e-01	2.81e-02	1.38e-04	1.47e-07	7.15e-10	1.03e-15	1.20e-15
 1.33589e+23	8.65e-10	3.95e-05	6.43e-02	4.32e-01	3.52e-01	1.27e-01	2.55e-02	1.22e-04	1.28e-07	8.65e-10	1.23e-15	1.43e-15
 1.34921e+23	1.02e-09	4.59e-05	7.27e-02	4.45e-01	3.41e-01	1.18e-01	2.33e-02	1.10e-04	0.00e+00	1.02e-09	1.44e-15	1.68e-15
 1.36396e+23	1.23e-09	5.40e-05	8.33e-02	4.59e-01	3.27e-01	1.10e-01	2.11e-02	9.81e-05	0.00e+00	1.23e-09	1.71e-15	1.99e-15
 1.38062e+23	1.53e-09	6.57e-05	9.76e-02	4.73e-01	3.10e-01	9.98e-02	1.87e-02	8.54e-05	0.00e+00	1.53e-09	2.10e-15	2.44e-15
 1.39578e+23	1.87e-09	7.89e-05	1.14e-01	4.86e-01	2.93e-01	9.05e-02	1.66e-02	7.45e-05	0.00e+00	1.87e-09	2.54e-15	2.95e-15
 1.40838e+23	2.21e-09	9.20e-05	1.29e-01	4.96e-01	2.77e-01	8.28e-02	1.49e-02	6.61e-05	0.00e+00	2.21e-09	2.98e-15	3.46e-15
 1.41989e+23	2.61e-09	1.07e-04	1.46e-01	5.03e-01	2.62e-01	7.57e-02	1.34e-02	5.87e-05	0.00e+00	2.61e-09	3.48e-15	4.03e-15
 1.43306e+23	3.15e-09	1.27e-04	1.68e-01	5.10e-01	2.43e-01	6.77e-02	1.17e-02	5.07e-05	0.00e+00	3.15e-09	4.16e-15	4.83e-15
 1.44705e+23	3.87e-09	1.52e-04	1.96e-01	5.13e-01	2.21e-01	5.93e-02	1.01e-02	4.31e-05	0.00e+00	3.87e-09	5.05e-15	5.86e-15
 1.45870e+23	4.60e-09	1.78e-04	2.23e-01	5.13e-01	2.02e-01	5.23e-02	8.71e-03	3.68e-05	0.00e+00	4.60e-09	5.95e-15	6.90e-15
 1.46828e+23	5.30e-09	2.03e-04	2.49e-01	5.11e-01	1.86e-01	4.68e-02	7.67e-03	3.22e-05	0.00e+00	5.30e-09	6.81e-15	7.91e-15
 1.47861e+23	6.19e-09	2.34e-04	2.78e-01	5.06e-01	1.68e-01	4.11e-02	6.63e-03	2.76e-05	0.00e+00	6.19e-09	7.89e-15	9.15e-15
 1.49015e+23	7.33e-09	2.73e-04	3.15e-01	4.96e-01	1.48e-01	3.51e-02	5.54e-03	2.28e-05	0.00e+00	7.33e-09	9.26e-15	1.07e-14
 1.50057e+23	8.54e-09	3.13e-04	3.52e-01	4.83e-01	1.30e-01	2.99e-02	4.63e-03	1.89e-05	0.00e+00	8.54e-09	1.07e-14	1.24e-14
 1.50945e+23	9.71e-09	3.51e-04	3.86e-01	4.68e-01	1.15e-01	2.58e-02	3.92e-03	1.59e-05	0.00e+00	9.71e-09	1.21e-14	1.40e-14
 1.51903e+23	1.11e-08	3.94e-04	4.23e-01	4.51e-01	1.00e-01	2.20e-02	3.27e-03	1.31e-05	0.00e+00	1.11e-08	1.36e-14	1.58e-14
 1.52974e+23	1.27e-08	4.47e-04	4.67e-01	4.27e-01	8.47e-02	1.81e-02	2.62e-03	1.04e-05	0.00e+00	1.27e-08	1.56e-14	1.81e-14
 1.53954e+23	1.44e-08	4.98e-04	5.08e-01	4.03e-01	7.17e-02	1.50e-02	2.11e-03	8.30e-06	0.00e+00	1.44e-08	1.75e-14	2.04e-14
 1.54820e+23	1.60e-08	5.44e-04	5.43e-01	3.81e-01	6.14e-02	1.27e-02	1.74e-03	6.76e-06	0.00e+00	1.60e-08	1.93e-14	2.25e-14
 1.55778e+23	1.78e-08	5.96e-04	5.80e-01	3.55e-01	5.17e-02	1.05e-02	1.40e-03	5.37e-06	0.00e+00	1.78e-08	2.13e-14	2.48e-14
 1.57022e+23	2.03e-08	6.62e-04	6.26e-01	3.23e-01	4.13e-02	8.29e-03	1.06e-03	3.98e-06	0.00e+00	2.03e-08	2.40e-14	2.80e-14
 1.58266e+23	2.29e-08	7.28e-04	6.68e-01	2.91e-01	3.30e-02	6.57e-03	7.95e-04	2.94e-06	0.00e+00	2.29e-08	2.68e-14	3.13e-14
 1.59222e+23	2.50e-08	7.77e-04	6.97e-01	2.68e-01	2.79e-02	5.54e-03	6.45e-04	2.35e-06	0.00e+00	2.50e-08	2.90e-14	3.38e-14
 1.60177e+23	2.70e-08	8.24e-04	7.23e-01	2.47e-01	2.39e-02	4.72e-03	5.27e-04	1.89e-06	0.00e+00	2.70e-08	3.11e-14	3.64e-14
 1.61419e+23	2.97e-08	8.83e-04	7.53e-01	2.22e-01	1.98e-02	3.89e-03	4.13e-04	1.45e-06	0.00e+00	2.97e-08	3.38e-14	3.96e-14
 1.62754e+23	3.26e-08	9.42e-04	7.80e-01	1.99e-01	1.65e-02	3.22e-03	3.23e-04	1.10e-06	0.00e+00	3.26e-08	3.67e-14	4.31e-14
 1.63963e+23	3.53e-08	9.91e-04	8.00e-01	1.81e-01	1.42e-02	2.75e-03	2.64e-04	8.79e-07	0.00e+00	3.53e-08	3.93e-14	4.61e-14
 1.65252e+23	3.81e-08	1.04e-03	8.19e-01	1.65e-01	1.24e-02	2.37e-03	2.17e-04	7.05e-07	0.00e+00	3.81e-08	4.20e-14	4.93e-14
 1.66853e+23	4.15e-08	1.10e-03	8.39e-01	1.47e-01	1.07e-02	2.00e-03	1.74e-04	5.49e-07	0.00e+00	4.15e-08	4.52e-14	5.31e-14
 1.68607e+23	4.53e-08	1.16e-03	8.56e-01	1.31e-01	9.33e-03	1.70e-03	1.40e-04	4.30e-07	0.00e+00	4.53e-08	4.86e-14	5.72e-14
 1.70232e+23	4.88e-08	1.21e-03	8.69e-01	1.20e-01	8.40e-03	1.49e-03	1.18e-04	3.51e-07	0.00e+00	4.88e-08	5.17e-14	6.10e-14
 1.71878e+23	5.23e-08	1.26e-03	8.80e-01	1.09e-01	7.67e-03	1.31e-03	1.01e-04	2.92e-07	0.00e+00	5.23e-08	5.47e-14	6.45e-14
 1.73844e+23	5.64e-08	1.31e-03	8.92e-01	9.89e-02	7.00e-03	1.15e-03	8.53e-05	2.40e-07	0.00e+00	5.64e-08	5.80e-14	6.85e-14
 1.76131e+23	6.11e-08	1.37e-03	9.02e-01	8.91e-02	6.40e-03	1.00e-03	7.22e-05	1.96e-07	0.00e+00	6.11e-08	6.17e-14	7.29e-14
 1.78626e+23	6.63e-08	1.43e-03	9.11e-01	8.04e-02	5.91e-03	8.73e-04	6.15e-05	1.62e-07	0.00e+00	6.63e-08	6.57e-14	7.77e-14
 1.81330e+23	7.19e-08	1.49e-03	9.20e-01	7.26e-02	5.49e-03	7.64e-04	5.30e-05	1.34e-07	0.00e+00	7.19e-08	6.97e-14	8.24e-14
 1.84366e+23	7.80e-08	1.55e-03	9.27e-01	6.56e-02	5.13e-03	6.69e-04	4.59e-05	0.00e+00	0.00e+00	7.80e-08	7.32e-14	8.68e-14
 1.87909e+23	8.50e-08	1.62e-03	9.34e-01	5.89e-02	4.80e-03	5.82e-04	3.98e-05	0.00e+00	0.00e+00	8.50e-08	7.70e-14	9.15e-14
 1.92090e+23	9.32e-08	1.69e-03	9.41e-01	5.27e-02	4.50e-03	5.02e-04	3.44e-05	0.00e+00	0.00e+00	9.32e-08	8.12e-14	9.65e-14
 1.97010e+23	1.03e-07	1.76e-03	9.47e-01	4.70e-02	4.22e-03	4.31e-04	2.99e-05	0.00e+00	0.00e+00	1.03e-07	8.57e-14	1.02e-13
 2.03126e+23	1.14e-07	1.84e-03	9.52e-01	4.15e-02	3.96e-03	3.66e-04	2.59e-05	0.00e+00	0.00e+00	1.14e-07	9.01e-14	1.07e-13
 2.10777e+23	1.29e-07	1.93e-03	9.58e-01	3.64e-02	3.70e-03	3.07e-04	2.23e-05	0.00e+00	0.00e+00	1.29e-07	9.52e-14	1.14e-13
 2.19331e+23	1.46e-07	2.03e-03	9.62e-01	3.23e-02	3.47e-03	2.59e-04	1.93e-05	0.00e+00	0.00e+00	1.46e-07	1.01e-13	1.21e-13
 2.27782e+23	1.66e-07	2.13e-03	9.65e-01	2.93e-02	3.28e-03	2.23e-04	1.71e-05	0.00e+00	0.00e+00	1.66e-07	1.08e-13	1.29e-13
 2.35552e+23	1.84e-07	2.22e-03	9.67e-01	2.71e-02	3.14e-03	1.99e-04	1.55e-05	0.00e+00	0.00e+00	1.84e-07	1.14e-13	1.36e-13
 2.42545e+23	2.01e-07	2.29e-03	9.69e-01	2.55e-02	3.03e-03	1.81e-04	1.44e-05	0.00e+00	0.00e+00	2.01e-07	1.19e-13	1.43e-13
 2.48838e+23	2.18e-07	2.35e-03	9.70e-01	2.43e-02	2.94e-03	1.67e-04	1.35e-05	0.00e+00	0.00e+00	2.18e-07	1.24e-13	1.48e-13
 2.54503e+23	2.33e-07	2.40e-03	9.71e-01	2.33e-02	2.87e-03	1.56e-04	1.28e-05	0.00e+00	0.00e+00	2.33e-07	1.28e-13	1.53e-13
 2.59601e+23	2.46e-07	2.44e-03	9.72e-01	2.26e-02	2.82e-03	1.48e-04	1.23e-05	0.00e+00	0.00e+00	2.46e-07	1.31e-13	1.56e-13
 2.64189e+23	2.58e-07	2.47e-03	9.73e-01	2.20e-02	2.78e-03	1.42e-04	1.19e-05	0.00e+00	0.00e+00	2.58e-07	1.34e-13	1.60e-13
 2.68318e+23	2.68e-07	2.50e-03	9.73e-01	2.15e-02	2.75e-03	1.37e-04	1.16e-05	0.00e+00	0.00e+00	2.68e-07	1.35e-13	1.61e-13
 2.72034e+23	2.80e-07	2.53e-03	9.74e-01	2.11e-02	2.71e-03	1.32e-04	1.13e-05	0.00e+00	0.00e+00	2.80e-07	1.38e-13	1.65e-13
 2.75379e+23	2.89e-07	2.55e-03	9.74e-01	2.07e-02	2.69e-03	1.29e-04	1.11e-05	0.00e+00	0.00e+00	2.89e-07	1.39e-13	1.66e-13
 2.78491e+23	2.98e-07	2.57e-03	9.74e-01	2.04e-02	2.67e-03	1.25e-04	1.09e-05	0.00e+00	0.00e+00	2.98e-07	1.41e-13	1.69e-13
 2.81546e+23	3.06e-07	2.58e-03	9.75e-01	2.01e-02	2.65e-03	1.22e-04	1.07e-05	0.00e+00	0.00e+00	3.06e-07	1.42e-13	1.70e-13
 2.84601e+23	3.14e-07	2.59e-03	9.75e-01	1.98e-02	2.64e-03	1.20e-04	1.06e-05	0.00e+00	0.00e+00	3.14e-07	1.43e-13	1.71e-13
 2.87655e+23	3.22e-07	2.61e-03	9.75e-01	1.95e-02	2.63e-03	1.17e-04	1.05e-05	0.00e+00	0.00e+00	3.22e-07	1.45e-13	1.72e-13
 2.90710e+23	3.31e-07	2.62e-03	9.75e-01	1.93e-02	2.61e-03	1.15e-04	1.04e-05	0.00e+00	0.00e+00	3.31e-07	1.46e-13	1.74e-13
 2.93765e+23	3.39e-07	2.63e-03	9.76e-01	1.90e-02	2.60e-03	1.12e-04	1.03e-05	0.00e+00	0.00e+00	3.39e-07	1.47e-13	1.75e-13
 2.96820e+23	3.48e-07	2.64e-03	9.76e-01	1.88e-02	2.59e-03	1.10e-04	1.02e-05	0.00e+00	0.00e+00	3.48e-07	1.48e-13	1.76e-13
 2.99875e+23	3.57e-07	2.65e-03	9.76e-01	1.86e-02	2.59e-03	1.08e-04	1.01e-05	0.00e+00	0.00e+00	3.57e-07	1.49e-13	1.77e-13
 3.02929e+23	3.67e-07	2.65e-03	9.76e-01	1.84e-02	2.58e-03	1.06e-04	1.00e-05	0.00e+00	0.00e+00	3.67e-07	1.51e-13	1.79e-13
 3.04969e+23	3.81e-07	2.68e-03	9.76e-01	1.84e-02	2.57e-03	1.05e-04	9.91e-06	0.00e+00	0.00e+00	3.81e-07	1.55e-13	1.84e-13
