#depth	N	N+	N+2	N+3	N+4	N+5	N+6	N+7
 6.17135e+19	3.38e-28	1.67e-21	2.32e-16	3.65e-12	1.19e-08	2.09e-04	3.46e-02	9.65e-01
 1.87609e+20	9.57e-28	4.07e-21	4.86e-16	6.55e-12	1.80e-08	2.72e-04	3.93e-02	9.60e-01
 2.83882e+20	2.08e-27	7.90e-21	8.46e-16	1.02e-11	2.45e-08	3.31e-04	4.32e-02	9.56e-01
 3.32478e+20	3.03e-27	1.09e-20	1.10e-15	1.25e-11	2.85e-08	3.65e-04	4.53e-02	9.54e-01
 3.58327e+20	3.68e-27	1.28e-20	1.27e-15	1.40e-11	3.08e-08	3.83e-04	4.64e-02	9.53e-01
 3.79820e+20	4.32e-27	1.47e-20	1.42e-15	1.53e-11	3.29e-08	3.99e-04	4.73e-02	9.52e-01
 4.07760e+20	5.34e-27	1.77e-20	1.66e-15	1.73e-11	3.58e-08	4.22e-04	4.86e-02	9.51e-01
 4.44081e+20	7.01e-27	2.23e-20	2.01e-15	2.02e-11	4.00e-08	4.52e-04	5.02e-02	9.49e-01
 4.81873e+20	9.30e-27	2.84e-20	2.46e-15	2.37e-11	4.48e-08	4.86e-04	5.20e-02	9.48e-01
 5.13082e+20	1.17e-26	3.45e-20	2.90e-15	2.70e-11	4.91e-08	5.15e-04	5.35e-02	9.46e-01
 5.45163e+20	1.47e-26	4.20e-20	3.41e-15	3.07e-11	5.39e-08	5.46e-04	5.50e-02	9.44e-01
 5.86867e+20	1.97e-26	5.41e-20	4.22e-15	3.64e-11	6.07e-08	5.89e-04	5.71e-02	9.42e-01
 6.28503e+20	2.64e-26	6.95e-20	5.20e-15	4.30e-11	6.84e-08	6.36e-04	5.92e-02	9.40e-01
 6.60217e+20	3.28e-26	8.36e-20	6.08e-15	4.87e-11	7.47e-08	6.72e-04	6.08e-02	9.39e-01
 6.91614e+20	4.03e-26	9.99e-20	7.06e-15	5.49e-11	8.13e-08	7.09e-04	6.24e-02	9.37e-01
 7.32430e+20	5.28e-26	1.26e-19	8.56e-15	6.40e-11	9.08e-08	7.61e-04	6.45e-02	9.35e-01
 7.73172e+20	6.89e-26	1.58e-19	1.04e-14	7.47e-11	1.01e-07	8.15e-04	6.67e-02	9.33e-01
 8.04276e+20	8.38e-26	1.87e-19	1.20e-14	8.36e-11	1.10e-07	8.58e-04	6.83e-02	9.31e-01
 8.35169e+20	1.01e-25	2.20e-19	1.37e-14	9.33e-11	1.19e-07	9.02e-04	7.00e-02	9.29e-01
 8.75330e+20	1.29e-25	2.72e-19	1.64e-14	1.08e-10	1.31e-07	9.61e-04	7.21e-02	9.27e-01
 9.18372e+20	1.68e-25	3.40e-19	1.98e-14	1.25e-10	1.46e-07	1.03e-03	7.45e-02	9.24e-01
 9.55619e+20	2.09e-25	4.10e-19	2.31e-14	1.42e-10	1.60e-07	1.09e-03	7.66e-02	9.22e-01
 9.94502e+20	2.60e-25	4.96e-19	2.71e-14	1.61e-10	1.76e-07	1.16e-03	7.87e-02	9.20e-01
 1.04505e+21	3.45e-25	6.32e-19	3.33e-14	1.90e-10	1.98e-07	1.24e-03	8.16e-02	9.17e-01
 1.09667e+21	4.59e-25	8.09e-19	4.10e-14	2.25e-10	2.23e-07	1.34e-03	8.45e-02	9.14e-01
 1.13778e+21	5.72e-25	9.76e-19	4.81e-14	2.55e-10	2.44e-07	1.42e-03	8.69e-02	9.12e-01
 1.17932e+21	7.08e-25	1.17e-18	5.62e-14	2.89e-10	2.67e-07	1.51e-03	8.93e-02	9.09e-01
 1.23332e+21	9.32e-25	1.49e-18	6.86e-14	3.40e-10	3.00e-07	1.62e-03	9.24e-02	9.06e-01
 1.28635e+21	1.22e-24	1.87e-18	8.34e-14	3.98e-10	3.36e-07	1.74e-03	9.55e-02	9.03e-01
 1.32563e+21	1.47e-24	2.21e-18	9.58e-14	4.45e-10	3.64e-07	1.83e-03	9.78e-02	9.00e-01
 1.36418e+21	1.77e-24	2.58e-18	1.09e-13	4.95e-10	3.93e-07	1.92e-03	1.00e-01	8.98e-01
 1.41430e+21	2.24e-24	3.16e-18	1.30e-13	5.69e-10	4.35e-07	2.05e-03	1.03e-01	8.95e-01
 1.46899e+21	2.88e-24	3.93e-18	1.56e-13	6.61e-10	4.84e-07	2.19e-03	1.06e-01	8.91e-01
 1.51782e+21	3.58e-24	4.75e-18	1.83e-13	7.52e-10	5.32e-07	2.32e-03	1.09e-01	8.88e-01
 1.56952e+21	4.49e-24	5.77e-18	2.16e-13	8.59e-10	5.85e-07	2.46e-03	1.13e-01	8.85e-01
 1.63673e+21	5.98e-24	7.40e-18	2.67e-13	1.02e-09	6.62e-07	2.66e-03	1.17e-01	8.81e-01
 1.70501e+21	7.99e-24	9.50e-18	3.30e-13	1.21e-09	7.49e-07	2.88e-03	1.21e-01	8.76e-01
 1.75916e+21	9.96e-24	1.15e-17	3.88e-13	1.38e-09	8.24e-07	3.05e-03	1.24e-01	8.73e-01
 1.81403e+21	1.24e-23	1.39e-17	4.55e-13	1.57e-09	9.05e-07	3.24e-03	1.28e-01	8.69e-01
 1.87548e+21	1.58e-23	1.71e-17	5.44e-13	1.82e-09	1.00e-06	3.46e-03	1.32e-01	8.65e-01
 1.93200e+21	1.96e-23	2.07e-17	6.38e-13	2.07e-09	1.10e-06	3.66e-03	1.35e-01	8.61e-01
 1.98365e+21	2.39e-23	2.45e-17	7.37e-13	2.32e-09	1.20e-06	3.86e-03	1.38e-01	8.58e-01
 2.04244e+21	2.97e-23	2.95e-17	8.64e-13	2.64e-09	1.32e-06	4.09e-03	1.42e-01	8.54e-01
 2.11887e+21	3.91e-23	3.76e-17	1.06e-12	3.12e-09	1.49e-06	4.41e-03	1.47e-01	8.48e-01
 2.19616e+21	5.17e-23	4.78e-17	1.30e-12	3.69e-09	1.68e-06	4.75e-03	1.52e-01	8.43e-01
 2.25464e+21	6.33e-23	5.70e-17	1.51e-12	4.16e-09	1.83e-06	5.02e-03	1.56e-01	8.39e-01
 2.31074e+21	7.65e-23	6.71e-17	1.74e-12	4.66e-09	1.99e-06	5.28e-03	1.60e-01	8.35e-01
 2.38367e+21	9.76e-23	8.29e-17	2.08e-12	5.39e-09	2.21e-06	5.64e-03	1.64e-01	8.30e-01
 2.46123e+21	1.26e-22	1.04e-16	2.51e-12	6.30e-09	2.48e-06	6.04e-03	1.70e-01	8.24e-01
 2.52241e+21	1.54e-22	1.23e-16	2.92e-12	7.11e-09	2.70e-06	6.37e-03	1.74e-01	8.20e-01
 2.57047e+21	1.79e-22	1.40e-16	3.25e-12	7.77e-09	2.88e-06	6.63e-03	1.77e-01	8.17e-01
 2.62388e+21	2.11e-22	1.62e-16	3.67e-12	8.57e-09	3.10e-06	6.93e-03	1.80e-01	8.13e-01
 2.69331e+21	2.61e-22	1.94e-16	4.29e-12	9.74e-09	3.40e-06	7.33e-03	1.85e-01	8.08e-01
 2.76876e+21	3.28e-22	2.37e-16	5.09e-12	1.12e-08	3.76e-06	7.80e-03	1.90e-01	8.02e-01
 2.83416e+21	3.96e-22	2.79e-16	5.85e-12	1.25e-08	4.08e-06	8.20e-03	1.94e-01	7.98e-01
 2.90131e+21	4.81e-22	3.30e-16	6.74e-12	1.41e-08	4.44e-06	8.64e-03	1.99e-01	7.93e-01
 2.98859e+21	6.17e-22	4.10e-16	8.11e-12	1.64e-08	4.95e-06	9.23e-03	2.05e-01	7.86e-01
 3.07759e+21	7.92e-22	5.09e-16	9.75e-12	1.90e-08	5.52e-06	9.86e-03	2.11e-01	7.80e-01
 3.14654e+21	9.55e-22	5.99e-16	1.12e-11	2.13e-08	5.99e-06	1.04e-02	2.15e-01	7.75e-01
 3.20391e+21	1.11e-21	6.84e-16	1.25e-11	2.33e-08	6.41e-06	1.08e-02	2.19e-01	7.70e-01
 3.26848e+21	1.32e-21	7.92e-16	1.42e-11	2.58e-08	6.90e-06	1.13e-02	2.23e-01	7.66e-01
 3.35242e+21	1.64e-21	9.54e-16	1.66e-11	2.94e-08	7.58e-06	1.20e-02	2.29e-01	7.59e-01
 3.44000e+21	2.05e-21	1.16e-15	1.96e-11	3.36e-08	8.36e-06	1.27e-02	2.34e-01	7.53e-01
 3.51103e+21	2.44e-21	1.35e-15	2.24e-11	3.74e-08	9.02e-06	1.33e-02	2.39e-01	7.48e-01
 3.58209e+21	2.90e-21	1.57e-15	2.54e-11	4.14e-08	9.73e-06	1.39e-02	2.44e-01	7.42e-01
 3.67447e+21	3.63e-21	1.90e-15	2.99e-11	4.74e-08	1.07e-05	1.47e-02	2.50e-01	7.35e-01
 3.77186e+21	4.55e-21	2.32e-15	3.54e-11	5.44e-08	1.18e-05	1.56e-02	2.56e-01	7.28e-01
 3.85329e+21	5.49e-21	2.73e-15	4.06e-11	6.08e-08	1.28e-05	1.64e-02	2.61e-01	7.22e-01
 3.93671e+21	6.62e-21	3.21e-15	4.66e-11	6.80e-08	1.39e-05	1.73e-02	2.67e-01	7.16e-01
 4.04515e+21	8.41e-21	3.94e-15	5.55e-11	7.84e-08	1.54e-05	1.84e-02	2.74e-01	7.08e-01
 4.15952e+21	1.08e-20	4.90e-15	6.69e-11	9.12e-08	1.72e-05	1.96e-02	2.81e-01	6.99e-01
 4.25074e+21	1.32e-20	5.81e-15	7.73e-11	1.03e-07	1.88e-05	2.06e-02	2.87e-01	6.93e-01
 4.32684e+21	1.54e-20	6.67e-15	8.69e-11	1.13e-07	2.01e-05	2.15e-02	2.91e-01	6.87e-01
 4.41419e+21	1.84e-20	7.79e-15	9.90e-11	1.25e-07	2.17e-05	2.25e-02	2.97e-01	6.81e-01
 4.52773e+21	2.32e-20	9.51e-15	1.17e-10	1.44e-07	2.40e-05	2.39e-02	3.04e-01	6.72e-01
 4.64778e+21	2.96e-20	1.17e-14	1.40e-10	1.67e-07	2.67e-05	2.54e-02	3.11e-01	6.63e-01
 4.74613e+21	3.59e-20	1.39e-14	1.62e-10	1.87e-07	2.90e-05	2.67e-02	3.17e-01	6.56e-01
 4.84382e+21	4.33e-20	1.63e-14	1.86e-10	2.09e-07	3.14e-05	2.80e-02	3.23e-01	6.49e-01
 4.97082e+21	5.51e-20	2.01e-14	2.21e-10	2.41e-07	3.49e-05	2.98e-02	3.31e-01	6.39e-01
 5.10585e+21	7.11e-20	2.50e-14	2.67e-10	2.81e-07	3.89e-05	3.18e-02	3.39e-01	6.29e-01
 5.21922e+21	8.74e-20	2.99e-14	3.11e-10	3.18e-07	4.26e-05	3.35e-02	3.46e-01	6.21e-01
 5.33446e+21	1.07e-19	3.58e-14	3.62e-10	3.60e-07	4.65e-05	3.53e-02	3.53e-01	6.12e-01
 5.48428e+21	1.40e-19	4.51e-14	4.40e-10	4.22e-07	5.22e-05	3.78e-02	3.61e-01	6.01e-01
 5.63888e+21	1.84e-19	5.71e-14	5.39e-10	4.98e-07	5.88e-05	4.05e-02	3.70e-01	5.89e-01
 5.75310e+21	2.23e-19	6.76e-14	6.22e-10	5.60e-07	6.40e-05	4.25e-02	3.77e-01	5.81e-01
 5.83926e+21	2.58e-19	7.66e-14	6.92e-10	6.11e-07	6.82e-05	4.41e-02	3.82e-01	5.74e-01
 5.93555e+21	3.03e-19	8.79e-14	7.79e-10	6.72e-07	7.30e-05	4.59e-02	3.87e-01	5.67e-01
 6.06072e+21	3.71e-19	1.05e-13	9.06e-10	7.61e-07	7.99e-05	4.83e-02	3.94e-01	5.58e-01
 6.19924e+21	4.65e-19	1.28e-13	1.07e-09	8.73e-07	8.82e-05	5.12e-02	4.01e-01	5.47e-01
 6.32501e+21	5.68e-19	1.52e-13	1.24e-09	9.86e-07	9.63e-05	5.39e-02	4.08e-01	5.38e-01
 6.44087e+21	6.79e-19	1.78e-13	1.42e-09	1.10e-06	1.04e-04	5.63e-02	4.14e-01	5.30e-01
 6.57393e+21	8.33e-19	2.12e-13	1.65e-09	1.24e-06	1.14e-04	5.93e-02	4.21e-01	5.20e-01
 6.74692e+21	1.08e-18	2.66e-13	2.01e-09	1.46e-06	1.28e-04	6.34e-02	4.30e-01	5.07e-01
 6.92205e+21	1.40e-18	3.34e-13	2.44e-09	1.72e-06	1.44e-04	6.77e-02	4.38e-01	4.94e-01
 7.05772e+21	1.71e-18	3.96e-13	2.83e-09	1.94e-06	1.57e-04	7.12e-02	4.45e-01	4.84e-01
 7.19183e+21	2.06e-18	4.66e-13	3.26e-09	2.17e-06	1.70e-04	7.46e-02	4.51e-01	4.74e-01
 7.36616e+21	2.62e-18	5.75e-13	3.91e-09	2.53e-06	1.90e-04	7.93e-02	4.59e-01	4.62e-01
 7.55215e+21	3.37e-18	7.19e-13	4.74e-09	2.97e-06	2.14e-04	8.47e-02	4.67e-01	4.48e-01
 7.71071e+21	4.16e-18	8.65e-13	5.56e-09	3.39e-06	2.35e-04	8.93e-02	4.73e-01	4.37e-01
 7.87425e+21	5.13e-18	1.04e-12	6.52e-09	3.87e-06	2.59e-04	9.42e-02	4.80e-01	4.26e-01
 8.08687e+21	6.69e-18	1.31e-12	7.99e-09	4.59e-06	2.93e-04	1.01e-01	4.88e-01	4.11e-01
 8.30598e+21	8.77e-18	1.67e-12	9.86e-09	5.47e-06	3.33e-04	1.08e-01	4.95e-01	3.96e-01
 8.46831e+21	1.07e-17	1.98e-12	1.15e-08	6.22e-06	3.65e-04	1.14e-01	5.01e-01	3.85e-01
 8.59121e+21	1.23e-17	2.24e-12	1.28e-08	6.81e-06	3.90e-04	1.18e-01	5.05e-01	3.77e-01
 8.72812e+21	1.43e-17	2.57e-12	1.44e-08	7.52e-06	4.19e-04	1.23e-01	5.09e-01	3.68e-01
 8.90610e+21	1.74e-17	3.06e-12	1.68e-08	8.57e-06	4.61e-04	1.29e-01	5.14e-01	3.57e-01
 9.10502e+21	2.16e-17	3.70e-12	1.99e-08	9.91e-06	5.13e-04	1.37e-01	5.19e-01	3.44e-01
 9.28829e+21	2.61e-17	4.39e-12	2.32e-08	1.13e-05	5.64e-04	1.44e-01	5.23e-01	3.33e-01
 9.45674e+21	3.10e-17	5.11e-12	2.65e-08	1.27e-05	6.13e-04	1.50e-01	5.27e-01	3.23e-01
 9.64880e+21	3.74e-17	6.04e-12	3.08e-08	1.44e-05	6.73e-04	1.58e-01	5.30e-01	3.12e-01
 9.89847e+21	4.73e-17	7.46e-12	3.72e-08	1.69e-05	7.59e-04	1.68e-01	5.34e-01	2.97e-01
 1.01502e+22	5.95e-17	9.18e-12	4.49e-08	1.99e-05	8.56e-04	1.78e-01	5.38e-01	2.83e-01
 1.03437e+22	7.06e-17	1.07e-11	5.15e-08	2.25e-05	9.35e-04	1.86e-01	5.40e-01	2.73e-01
 1.05343e+22	8.27e-17	1.23e-11	5.87e-08	2.51e-05	1.01e-03	1.94e-01	5.41e-01	2.63e-01
 1.07820e+22	1.01e-16	1.48e-11	6.92e-08	2.90e-05	1.13e-03	2.05e-01	5.43e-01	2.51e-01
 1.10456e+22	1.24e-16	1.79e-11	8.22e-08	3.38e-05	1.26e-03	2.17e-01	5.44e-01	2.39e-01
 1.12683e+22	1.46e-16	2.08e-11	9.45e-08	3.81e-05	1.38e-03	2.26e-01	5.44e-01	2.28e-01
 1.14961e+22	1.71e-16	2.42e-11	1.08e-07	4.29e-05	1.51e-03	2.36e-01	5.43e-01	2.19e-01
 1.17922e+22	2.09e-16	2.91e-11	1.28e-07	4.99e-05	1.69e-03	2.49e-01	5.42e-01	2.07e-01
 1.20952e+22	2.56e-16	3.51e-11	1.52e-07	5.81e-05	1.89e-03	2.63e-01	5.41e-01	1.95e-01
 1.23344e+22	2.98e-16	4.04e-11	1.74e-07	6.51e-05	2.06e-03	2.73e-01	5.39e-01	1.86e-01
 1.25388e+22	3.38e-16	4.53e-11	1.93e-07	7.15e-05	2.20e-03	2.82e-01	5.37e-01	1.79e-01
 1.27704e+22	3.88e-16	5.14e-11	2.17e-07	7.92e-05	2.38e-03	2.92e-01	5.34e-01	1.71e-01
 1.30716e+22	4.60e-16	6.02e-11	2.51e-07	9.02e-05	2.62e-03	3.05e-01	5.31e-01	1.61e-01
 1.33669e+22	5.42e-16	7.01e-11	2.89e-07	1.02e-04	2.88e-03	3.18e-01	5.26e-01	1.52e-01
 1.35831e+22	6.09e-16	7.81e-11	3.20e-07	1.12e-04	3.07e-03	3.28e-01	5.23e-01	1.46e-01
 1.37925e+22	6.79e-16	8.63e-11	3.51e-07	1.21e-04	3.26e-03	3.36e-01	5.20e-01	1.41e-01
 1.40648e+22	7.77e-16	9.79e-11	3.94e-07	1.34e-04	3.53e-03	3.48e-01	5.15e-01	1.34e-01
 1.43622e+22	8.98e-16	1.12e-10	4.47e-07	1.50e-04	3.83e-03	3.60e-01	5.10e-01	1.26e-01
 1.46269e+22	1.02e-15	1.26e-10	4.99e-07	1.65e-04	4.11e-03	3.71e-01	5.05e-01	1.20e-01
 1.49059e+22	1.16e-15	1.42e-10	5.56e-07	1.82e-04	4.42e-03	3.82e-01	4.99e-01	1.14e-01
 1.52685e+22	1.35e-15	1.64e-10	6.39e-07	2.05e-04	4.84e-03	3.96e-01	4.92e-01	1.07e-01
 1.56367e+22	1.58e-15	1.90e-10	7.34e-07	2.32e-04	5.29e-03	4.11e-01	4.84e-01	9.98e-02
 1.59260e+22	1.78e-15	2.13e-10	8.15e-07	2.54e-04	5.67e-03	4.22e-01	4.77e-01	9.46e-02
 1.62162e+22	2.01e-15	2.37e-10	9.01e-07	2.77e-04	6.04e-03	4.32e-01	4.71e-01	9.00e-02
 1.65935e+22	2.32e-15	2.71e-10	1.02e-06	3.09e-04	6.55e-03	4.46e-01	4.63e-01	8.41e-02
 1.69936e+22	2.69e-15	3.12e-10	1.17e-06	3.47e-04	7.14e-03	4.60e-01	4.54e-01	7.83e-02
 1.73298e+22	3.04e-15	3.51e-10	1.30e-06	3.80e-04	7.64e-03	4.72e-01	4.46e-01	7.38e-02
 1.76734e+22	3.43e-15	3.92e-10	1.44e-06	4.16e-04	8.16e-03	4.83e-01	4.38e-01	6.96e-02
 1.81199e+22	3.98e-15	4.51e-10	1.65e-06	4.66e-04	8.88e-03	4.98e-01	4.28e-01	6.45e-02
 1.85808e+22	4.63e-15	5.21e-10	1.89e-06	5.23e-04	9.67e-03	5.13e-01	4.18e-01	5.96e-02
 1.89516e+22	5.20e-15	5.82e-10	2.09e-06	5.72e-04	1.03e-02	5.24e-01	4.09e-01	5.59e-02
 1.93249e+22	5.86e-15	6.49e-10	2.32e-06	6.22e-04	1.10e-02	5.35e-01	4.01e-01	5.27e-02
 1.98102e+22	6.76e-15	7.43e-10	2.63e-06	6.92e-04	1.19e-02	5.49e-01	3.90e-01	4.87e-02
 2.03241e+22	7.84e-15	8.55e-10	3.01e-06	7.74e-04	1.29e-02	5.63e-01	3.79e-01	4.47e-02
 2.07565e+22	8.83e-15	9.58e-10	3.36e-06	8.48e-04	1.38e-02	5.74e-01	3.69e-01	4.17e-02
 2.11102e+22	9.76e-15	1.05e-09	3.66e-06	9.10e-04	1.45e-02	5.83e-01	3.62e-01	3.95e-02
 2.14798e+22	1.08e-14	1.16e-09	3.99e-06	9.77e-04	1.53e-02	5.92e-01	3.55e-01	3.73e-02
 2.19603e+22	1.22e-14	1.30e-09	4.46e-06	1.07e-03	1.64e-02	6.03e-01	3.45e-01	3.46e-02
 2.24612e+22	1.38e-14	1.46e-09	5.01e-06	1.18e-03	1.75e-02	6.14e-01	3.35e-01	3.20e-02
 2.28738e+22	1.53e-14	1.61e-09	5.49e-06	1.27e-03	1.85e-02	6.23e-01	3.27e-01	3.01e-02
 2.32955e+22	1.69e-14	1.78e-09	6.00e-06	1.36e-03	1.95e-02	6.32e-01	3.19e-01	2.82e-02
 2.38436e+22	1.92e-14	2.00e-09	6.73e-06	1.49e-03	2.08e-02	6.43e-01	3.09e-01	2.61e-02
 2.44200e+22	2.19e-14	2.27e-09	7.59e-06	1.64e-03	2.23e-02	6.53e-01	2.99e-01	2.39e-02
 2.48986e+22	2.44e-14	2.52e-09	8.37e-06	1.77e-03	2.36e-02	6.62e-01	2.90e-01	2.23e-02
 2.53862e+22	2.71e-14	2.78e-09	9.19e-06	1.90e-03	2.48e-02	6.70e-01	2.82e-01	2.09e-02
 2.60201e+22	3.10e-14	3.15e-09	1.04e-05	2.09e-03	2.66e-02	6.80e-01	2.72e-01	1.91e-02
 2.66791e+22	3.56e-14	3.60e-09	1.17e-05	2.30e-03	2.85e-02	6.90e-01	2.62e-01	1.75e-02
 2.72153e+22	3.98e-14	4.00e-09	1.30e-05	2.48e-03	3.00e-02	6.97e-01	2.54e-01	1.62e-02
 2.77569e+22	4.42e-14	4.42e-09	1.43e-05	2.66e-03	3.16e-02	7.04e-01	2.47e-01	1.51e-02
 2.84609e+22	5.06e-14	5.02e-09	1.61e-05	2.92e-03	3.37e-02	7.13e-01	2.37e-01	1.38e-02
 2.92057e+22	5.84e-14	5.75e-09	1.83e-05	3.21e-03	3.60e-02	7.21e-01	2.27e-01	1.26e-02
 2.98304e+22	6.58e-14	6.43e-09	2.03e-05	3.47e-03	3.80e-02	7.28e-01	2.19e-01	1.16e-02
 3.04693e+22	7.38e-14	7.17e-09	2.25e-05	3.73e-03	4.00e-02	7.34e-01	2.12e-01	1.07e-02
 3.13000e+22	8.54e-14	8.23e-09	2.56e-05	4.10e-03	4.27e-02	7.41e-01	2.03e-01	9.72e-03
 3.21771e+22	9.99e-14	9.53e-09	2.94e-05	4.53e-03	4.57e-02	7.48e-01	1.93e-01	8.75e-03
 3.29137e+22	1.14e-13	1.08e-08	3.29e-05	4.90e-03	4.83e-02	7.53e-01	1.86e-01	8.04e-03
 3.36702e+22	1.29e-13	1.21e-08	3.67e-05	5.30e-03	5.09e-02	7.58e-01	1.79e-01	7.38e-03
 3.46538e+22	1.52e-13	1.41e-08	4.21e-05	5.84e-03	5.43e-02	7.63e-01	1.70e-01	6.64e-03
 3.55920e+22	1.77e-13	1.63e-08	4.82e-05	6.41e-03	5.78e-02	7.68e-01	1.62e-01	5.97e-03
 3.62374e+22	1.98e-13	1.80e-08	5.27e-05	6.81e-03	6.02e-02	7.71e-01	1.57e-01	5.58e-03
 3.68426e+22	2.17e-13	1.96e-08	5.70e-05	7.19e-03	6.24e-02	7.73e-01	1.52e-01	5.25e-03
 3.76293e+22	2.46e-13	2.19e-08	6.32e-05	7.72e-03	6.54e-02	7.76e-01	1.46e-01	4.84e-03
 3.86521e+22	2.87e-13	2.53e-08	7.19e-05	8.43e-03	6.92e-02	7.79e-01	1.39e-01	4.37e-03
 3.97141e+22	3.38e-13	2.93e-08	8.23e-05	9.24e-03	7.35e-02	7.81e-01	1.32e-01	3.94e-03
 4.05900e+22	3.86e-13	3.31e-08	9.16e-05	9.93e-03	7.70e-02	7.82e-01	1.27e-01	3.62e-03
 4.14916e+22	4.39e-13	3.72e-08	1.02e-04	1.06e-02	8.05e-02	7.84e-01	1.22e-01	3.33e-03
 4.26637e+22	5.19e-13	4.32e-08	1.16e-04	1.16e-02	8.52e-02	7.84e-01	1.16e-01	2.99e-03
 4.38639e+22	6.18e-13	5.05e-08	1.34e-04	1.28e-02	9.03e-02	7.85e-01	1.10e-01	2.68e-03
 4.48135e+22	7.08e-13	5.69e-08	1.48e-04	1.37e-02	9.42e-02	7.84e-01	1.05e-01	2.47e-03
 4.57607e+22	8.04e-13	6.38e-08	1.64e-04	1.46e-02	9.82e-02	7.84e-01	1.01e-01	2.28e-03
 4.69921e+22	9.47e-13	7.38e-08	1.87e-04	1.59e-02	1.03e-01	7.83e-01	9.58e-02	2.06e-03
 4.83168e+22	1.13e-12	8.63e-08	2.14e-04	1.74e-02	1.09e-01	7.81e-01	9.07e-02	1.85e-03
 4.94804e+22	1.31e-12	9.84e-08	2.40e-04	1.87e-02	1.14e-01	7.79e-01	8.63e-02	1.68e-03
 5.07106e+22	1.53e-12	1.12e-07	2.69e-04	2.02e-02	1.19e-01	7.76e-01	8.22e-02	1.53e-03
 5.23099e+22	1.85e-12	1.33e-07	3.11e-04	2.22e-02	1.26e-01	7.73e-01	7.73e-02	1.36e-03
 5.39828e+22	2.27e-12	1.59e-07	3.62e-04	2.44e-02	1.33e-01	7.68e-01	7.24e-02	1.20e-03
 5.53647e+22	2.67e-12	1.82e-07	4.08e-04	2.64e-02	1.39e-01	7.64e-01	6.87e-02	1.09e-03
 5.67744e+22	3.12e-12	2.09e-07	4.57e-04	2.83e-02	1.45e-01	7.60e-01	6.53e-02	9.87e-04
 5.86070e+22	3.80e-12	2.47e-07	5.28e-04	3.10e-02	1.53e-01	7.54e-01	6.12e-02	8.74e-04
 6.05864e+22	4.71e-12	2.97e-07	6.16e-04	3.42e-02	1.61e-01	7.46e-01	5.70e-02	7.65e-04
 6.22935e+22	5.62e-12	3.45e-07	7.00e-04	3.71e-02	1.69e-01	7.39e-01	5.37e-02	6.85e-04
 6.40495e+22	6.68e-12	3.99e-07	7.91e-04	4.00e-02	1.76e-01	7.32e-01	5.06e-02	6.16e-04
 6.63323e+22	8.31e-12	4.80e-07	9.22e-04	4.40e-02	1.85e-01	7.23e-01	4.70e-02	5.38e-04
 6.87642e+22	1.05e-11	5.84e-07	1.08e-03	4.86e-02	1.95e-01	7.12e-01	4.34e-02	4.66e-04
 7.08143e+22	1.27e-11	6.84e-07	1.23e-03	5.26e-02	2.03e-01	7.02e-01	4.06e-02	4.14e-04
 7.29036e+22	1.52e-11	7.95e-07	1.39e-03	5.66e-02	2.10e-01	6.93e-01	3.82e-02	3.70e-04
 7.56198e+22	1.90e-11	9.60e-07	1.62e-03	6.22e-02	2.20e-01	6.80e-01	3.53e-02	3.22e-04
 7.84151e+22	2.40e-11	1.17e-06	1.90e-03	6.83e-02	2.31e-01	6.67e-01	3.24e-02	2.78e-04
 8.06877e+22	2.87e-11	1.35e-06	2.13e-03	7.33e-02	2.38e-01	6.56e-01	3.04e-02	2.48e-04
 8.30165e+22	3.41e-11	1.56e-06	2.39e-03	7.84e-02	2.46e-01	6.45e-01	2.85e-02	2.22e-04
 8.60439e+22	4.22e-11	1.85e-06	2.74e-03	8.50e-02	2.55e-01	6.31e-01	2.63e-02	1.94e-04
 8.95719e+22	5.37e-11	2.26e-06	3.20e-03	9.32e-02	2.65e-01	6.14e-01	2.40e-02	1.66e-04
 9.29990e+22	6.77e-11	2.72e-06	3.71e-03	1.02e-01	2.75e-01	5.97e-01	2.19e-02	1.42e-04
 9.58606e+22	8.12e-11	3.15e-06	4.16e-03	1.08e-01	2.83e-01	5.84e-01	2.04e-02	1.26e-04
 9.87385e+22	9.61e-11	3.61e-06	4.63e-03	1.15e-01	2.90e-01	5.71e-01	1.91e-02	1.13e-04
 1.02434e+23	1.18e-10	4.27e-06	5.27e-03	1.24e-01	2.98e-01	5.55e-01	1.75e-02	9.83e-05
 1.06477e+23	1.48e-10	5.11e-06	6.05e-03	1.34e-01	3.07e-01	5.37e-01	1.60e-02	8.43e-05
 1.10160e+23	1.80e-10	5.98e-06	6.82e-03	1.43e-01	3.14e-01	5.21e-01	1.47e-02	7.36e-05
 1.13568e+23	2.13e-10	6.84e-06	7.56e-03	1.52e-01	3.20e-01	5.07e-01	1.37e-02	6.55e-05
 1.17479e+23	2.55e-10	7.88e-06	8.42e-03	1.61e-01	3.26e-01	4.92e-01	1.27e-02	5.78e-05
 1.22145e+23	3.12e-10	9.27e-06	9.52e-03	1.72e-01	3.33e-01	4.74e-01	1.15e-02	5.00e-05
 1.26921e+23	3.83e-10	1.09e-05	1.07e-02	1.83e-01	3.39e-01	4.57e-01	1.05e-02	4.33e-05
 1.31514e+23	4.58e-10	1.25e-05	1.19e-02	1.94e-01	3.44e-01	4.41e-01	9.72e-03	3.81e-05
 1.36524e+23	5.49e-10	1.44e-05	1.33e-02	2.05e-01	3.48e-01	4.25e-01	8.92e-03	3.33e-05
 1.42108e+23	6.67e-10	1.68e-05	1.49e-02	2.17e-01	3.53e-01	4.07e-01	8.12e-03	2.88e-05
 1.47916e+23	8.03e-10	1.94e-05	1.65e-02	2.29e-01	3.56e-01	3.91e-01	7.43e-03	2.51e-05
 1.53956e+23	9.61e-10	2.23e-05	1.83e-02	2.41e-01	3.59e-01	3.75e-01	6.79e-03	2.19e-05
 1.60238e+23	1.14e-09	2.56e-05	2.02e-02	2.53e-01	3.61e-01	3.59e-01	6.23e-03	1.92e-05
 1.66771e+23	1.35e-09	2.91e-05	2.22e-02	2.64e-01	3.63e-01	3.45e-01	5.72e-03	1.69e-05
 1.73565e+23	1.58e-09	3.30e-05	2.43e-02	2.76e-01	3.64e-01	3.31e-01	5.26e-03	1.49e-05
 1.80631e+23	1.85e-09	3.71e-05	2.65e-02	2.87e-01	3.65e-01	3.17e-01	4.85e-03	1.33e-05
 1.87980e+23	2.14e-09	4.16e-05	2.87e-02	2.98e-01	3.65e-01	3.05e-01	4.49e-03	1.18e-05
 1.95622e+23	2.46e-09	4.63e-05	3.10e-02	3.08e-01	3.64e-01	2.93e-01	4.17e-03	1.06e-05
 2.03571e+23	2.81e-09	5.13e-05	3.33e-02	3.18e-01	3.63e-01	2.82e-01	3.88e-03	9.57e-06
 2.11837e+23	3.18e-09	5.65e-05	3.57e-02	3.27e-01	3.62e-01	2.72e-01	3.63e-03	8.68e-06
 2.20434e+23	3.57e-09	6.19e-05	3.80e-02	3.36e-01	3.61e-01	2.62e-01	3.41e-03	7.93e-06
 2.28850e+23	3.98e-09	6.74e-05	4.03e-02	3.44e-01	3.59e-01	2.54e-01	3.22e-03	7.30e-06
 2.36513e+23	4.38e-09	7.26e-05	4.23e-02	3.51e-01	3.58e-01	2.46e-01	3.06e-03	6.80e-06
 2.43410e+23	4.73e-09	7.70e-05	4.40e-02	3.56e-01	3.56e-01	2.41e-01	2.94e-03	6.43e-06
 2.49617e+23	5.05e-09	8.11e-05	4.56e-02	3.61e-01	3.55e-01	2.36e-01	2.84e-03	6.13e-06
 2.55203e+23	5.33e-09	8.46e-05	4.69e-02	3.64e-01	3.54e-01	2.32e-01	2.76e-03	5.90e-06
 2.60231e+23	5.58e-09	8.78e-05	4.80e-02	3.68e-01	3.53e-01	2.29e-01	2.70e-03	5.71e-06
 2.64756e+23	5.79e-09	9.04e-05	4.89e-02	3.70e-01	3.52e-01	2.27e-01	2.65e-03	5.58e-06
 2.68829e+23	5.94e-09	9.24e-05	4.96e-02	3.72e-01	3.51e-01	2.25e-01	2.62e-03	5.49e-06
 2.72494e+23	6.11e-09	9.45e-05	5.03e-02	3.74e-01	3.50e-01	2.23e-01	2.59e-03	5.40e-06
 2.75793e+23	6.34e-09	9.73e-05	5.13e-02	3.76e-01	3.50e-01	2.20e-01	2.54e-03	5.25e-06
 2.78883e+23	6.44e-09	9.86e-05	5.17e-02	3.77e-01	3.49e-01	2.20e-01	2.53e-03	5.22e-06
 2.81938e+23	6.54e-09	9.99e-05	5.21e-02	3.78e-01	3.49e-01	2.19e-01	2.51e-03	5.18e-06
 2.84992e+23	6.65e-09	1.01e-04	5.26e-02	3.79e-01	3.48e-01	2.18e-01	2.50e-03	5.14e-06
 2.88047e+23	6.76e-09	1.03e-04	5.30e-02	3.80e-01	3.48e-01	2.17e-01	2.48e-03	5.10e-06
 2.91102e+23	6.85e-09	1.04e-04	5.34e-02	3.81e-01	3.47e-01	2.16e-01	2.47e-03	5.08e-06
 2.94157e+23	6.95e-09	1.05e-04	5.37e-02	3.81e-01	3.47e-01	2.16e-01	2.46e-03	5.06e-06
 2.97212e+23	7.03e-09	1.06e-04	5.40e-02	3.82e-01	3.46e-01	2.15e-01	2.46e-03	5.05e-06
 3.00267e+23	7.14e-09	1.08e-04	5.43e-02	3.82e-01	3.46e-01	2.15e-01	2.46e-03	5.04e-06
 3.03321e+23	7.29e-09	1.09e-04	5.47e-02	3.83e-01	3.46e-01	2.14e-01	2.45e-03	5.02e-06
 3.05165e+23	7.63e-09	1.14e-04	5.58e-02	3.85e-01	3.45e-01	2.12e-01	2.41e-03	4.92e-06
