#depth	C	C+	C+2	C+3	C+4	C+5	C+6	C[1]	C[2]	C[3]	C+[1]	C+[2]	CO
 6.17135e+19	4.20e-29	9.29e-20	1.18e-14	2.02e-10	1.43e-05	1.04e-02	9.90e-01	0.00e+00	0.00e+00	0.00e+00	0.00e+00	0.00e+00	1.16e-73
 1.87609e+20	1.01e-28	1.97e-19	2.14e-14	3.06e-10	1.91e-05	1.19e-02	9.88e-01	0.00e+00	0.00e+00	0.00e+00	0.00e+00	0.00e+00	9.74e-73
 2.83882e+20	1.96e-28	3.51e-19	3.37e-14	4.21e-10	2.38e-05	1.32e-02	9.87e-01	0.00e+00	0.00e+00	0.00e+00	0.00e+00	0.00e+00	4.82e-72
 3.32478e+20	2.72e-28	4.65e-19	4.20e-14	4.91e-10	2.64e-05	1.38e-02	9.86e-01	0.00e+00	0.00e+00	0.00e+00	0.00e+00	0.00e+00	1.05e-71
 3.58327e+20	3.22e-28	5.38e-19	4.71e-14	5.32e-10	2.79e-05	1.42e-02	9.86e-01	0.00e+00	0.00e+00	0.00e+00	0.00e+00	0.00e+00	1.56e-71
 3.79820e+20	3.70e-28	6.06e-19	5.18e-14	5.68e-10	2.92e-05	1.45e-02	9.85e-01	0.00e+00	0.00e+00	0.00e+00	0.00e+00	0.00e+00	2.18e-71
 4.07760e+20	4.43e-28	7.09e-19	5.86e-14	6.20e-10	3.10e-05	1.49e-02	9.85e-01	0.00e+00	0.00e+00	0.00e+00	0.00e+00	0.00e+00	3.37e-71
 4.44081e+20	5.59e-28	8.67e-19	6.87e-14	6.94e-10	3.35e-05	1.54e-02	9.85e-01	0.00e+00	0.00e+00	0.00e+00	0.00e+00	0.00e+00	5.88e-71
 4.81873e+20	7.10e-28	1.07e-18	8.11e-14	7.81e-10	3.62e-05	1.60e-02	9.84e-01	0.00e+00	0.00e+00	0.00e+00	0.00e+00	0.00e+00	1.05e-70
 5.13082e+20	8.63e-28	1.27e-18	9.27e-14	8.59e-10	3.86e-05	1.65e-02	9.83e-01	0.00e+00	0.00e+00	0.00e+00	0.00e+00	0.00e+00	1.67e-70
 5.45163e+20	1.05e-27	1.50e-18	1.06e-13	9.45e-10	4.11e-05	1.70e-02	9.83e-01	0.00e+00	0.00e+00	0.00e+00	0.00e+00	0.00e+00	2.67e-70
 5.86867e+20	1.34e-27	1.87e-18	1.26e-13	1.07e-09	4.47e-05	1.77e-02	9.82e-01	0.00e+00	0.00e+00	0.00e+00	0.00e+00	0.00e+00	4.89e-70
 6.28503e+20	1.72e-27	2.33e-18	1.50e-13	1.21e-09	4.85e-05	1.84e-02	9.82e-01	0.00e+00	0.00e+00	0.00e+00	0.00e+00	0.00e+00	8.91e-70
 6.60217e+20	2.06e-27	2.74e-18	1.70e-13	1.33e-09	5.15e-05	1.89e-02	9.81e-01	0.00e+00	0.00e+00	0.00e+00	0.00e+00	0.00e+00	1.39e-69
 6.91614e+20	2.46e-27	3.20e-18	1.93e-13	1.45e-09	5.46e-05	1.94e-02	9.81e-01	0.00e+00	0.00e+00	0.00e+00	0.00e+00	0.00e+00	2.13e-69
 7.32430e+20	3.08e-27	3.91e-18	2.26e-13	1.62e-09	5.89e-05	2.02e-02	9.80e-01	0.00e+00	0.00e+00	0.00e+00	0.00e+00	0.00e+00	3.69e-69
 7.73172e+20	3.86e-27	4.77e-18	2.65e-13	1.82e-09	6.35e-05	2.09e-02	9.79e-01	0.00e+00	0.00e+00	0.00e+00	0.00e+00	0.00e+00	6.38e-69
 8.04276e+20	4.55e-27	5.53e-18	2.98e-13	1.98e-09	6.71e-05	2.14e-02	9.78e-01	0.00e+00	0.00e+00	0.00e+00	0.00e+00	0.00e+00	9.56e-69
 8.35169e+20	5.34e-27	6.37e-18	3.33e-13	2.14e-09	7.08e-05	2.20e-02	9.78e-01	0.00e+00	0.00e+00	0.00e+00	0.00e+00	0.00e+00	1.41e-68
 8.75330e+20	6.55e-27	7.66e-18	3.86e-13	2.38e-09	7.59e-05	2.27e-02	9.77e-01	0.00e+00	0.00e+00	0.00e+00	0.00e+00	0.00e+00	2.34e-68
 9.18372e+20	8.14e-27	9.31e-18	4.50e-13	2.66e-09	8.17e-05	2.36e-02	9.76e-01	0.00e+00	0.00e+00	0.00e+00	0.00e+00	0.00e+00	3.99e-68
 9.55619e+20	9.77e-27	1.10e-17	5.13e-13	2.92e-09	8.69e-05	2.43e-02	9.76e-01	0.00e+00	0.00e+00	0.00e+00	0.00e+00	0.00e+00	6.26e-68
 9.94502e+20	1.17e-26	1.29e-17	5.86e-13	3.21e-09	9.25e-05	2.50e-02	9.75e-01	0.00e+00	0.00e+00	0.00e+00	0.00e+00	0.00e+00	9.86e-68
 1.04505e+21	1.49e-26	1.60e-17	6.93e-13	3.63e-09	1.00e-04	2.60e-02	9.74e-01	0.00e+00	0.00e+00	0.00e+00	0.00e+00	0.00e+00	1.77e-67
 1.09667e+21	1.88e-26	1.98e-17	8.23e-13	4.11e-09	1.09e-04	2.70e-02	9.73e-01	0.00e+00	0.00e+00	0.00e+00	0.00e+00	0.00e+00	3.18e-67
 1.13778e+21	2.26e-26	2.34e-17	9.39e-13	4.51e-09	1.16e-04	2.79e-02	9.72e-01	0.00e+00	0.00e+00	0.00e+00	0.00e+00	0.00e+00	5.00e-67
 1.17932e+21	2.70e-26	2.75e-17	1.07e-12	4.95e-09	1.23e-04	2.87e-02	9.71e-01	0.00e+00	0.00e+00	0.00e+00	0.00e+00	0.00e+00	7.79e-67
 1.23332e+21	3.39e-26	3.38e-17	1.26e-12	5.58e-09	1.33e-04	2.98e-02	9.70e-01	0.00e+00	0.00e+00	0.00e+00	0.00e+00	0.00e+00	1.38e-66
 1.28635e+21	4.23e-26	4.14e-17	1.48e-12	6.27e-09	1.44e-04	3.09e-02	9.69e-01	0.00e+00	0.00e+00	0.00e+00	0.00e+00	0.00e+00	2.39e-66
 1.32563e+21	4.94e-26	4.78e-17	1.66e-12	6.82e-09	1.52e-04	3.18e-02	9.68e-01	0.00e+00	0.00e+00	0.00e+00	4.78e-17	3.74e-21	3.55e-66
 1.36418e+21	5.74e-26	5.48e-17	1.85e-12	7.38e-09	1.60e-04	3.26e-02	9.67e-01	0.00e+00	0.00e+00	0.00e+00	5.44e-17	4.25e-19	5.18e-66
 1.41430e+21	6.98e-26	6.54e-17	2.13e-12	8.18e-09	1.71e-04	3.36e-02	9.66e-01	0.00e+00	0.00e+00	0.00e+00	6.49e-17	4.97e-19	8.44e-66
 1.46899e+21	8.59e-26	7.92e-17	2.49e-12	9.14e-09	1.84e-04	3.49e-02	9.65e-01	0.00e+00	0.00e+00	0.00e+00	7.86e-17	5.85e-19	1.43e-65
 1.51782e+21	1.03e-25	9.35e-17	2.84e-12	1.01e-08	1.96e-04	3.59e-02	9.64e-01	0.00e+00	0.00e+00	0.00e+00	9.28e-17	6.76e-19	2.25e-65
 1.56952e+21	1.24e-25	1.11e-16	3.25e-12	1.11e-08	2.09e-04	3.71e-02	9.63e-01	0.00e+00	0.00e+00	0.00e+00	1.10e-16	7.88e-19	3.59e-65
 1.63673e+21	1.57e-25	1.38e-16	3.87e-12	1.26e-08	2.27e-04	3.86e-02	9.61e-01	0.00e+00	0.00e+00	0.00e+00	1.37e-16	9.52e-19	6.54e-65
 1.70501e+21	1.99e-25	1.71e-16	4.62e-12	1.43e-08	2.47e-04	4.02e-02	9.60e-01	0.00e+00	0.00e+00	0.00e+00	1.70e-16	1.14e-18	1.20e-64
 1.75916e+21	2.37e-25	2.02e-16	5.28e-12	1.58e-08	2.63e-04	4.15e-02	9.58e-01	0.00e+00	0.00e+00	0.00e+00	2.01e-16	1.32e-18	1.89e-64
 1.81403e+21	2.83e-25	2.39e-16	6.02e-12	1.74e-08	2.80e-04	4.27e-02	9.57e-01	0.00e+00	0.00e+00	0.00e+00	2.37e-16	1.53e-18	2.98e-64
 1.87548e+21	3.46e-25	2.87e-16	6.98e-12	1.94e-08	3.00e-04	4.42e-02	9.55e-01	0.00e+00	0.00e+00	0.00e+00	2.85e-16	1.80e-18	4.96e-64
 1.93200e+21	4.12e-25	3.38e-16	7.97e-12	2.13e-08	3.20e-04	4.56e-02	9.54e-01	0.00e+00	0.00e+00	0.00e+00	3.36e-16	2.07e-18	7.83e-64
 1.98365e+21	4.83e-25	3.92e-16	8.98e-12	2.33e-08	3.38e-04	4.68e-02	9.53e-01	0.00e+00	0.00e+00	0.00e+00	3.90e-16	2.35e-18	1.18e-63
 2.04244e+21	5.76e-25	4.62e-16	1.02e-11	2.56e-08	3.61e-04	4.83e-02	9.51e-01	0.00e+00	0.00e+00	0.00e+00	4.59e-16	2.72e-18	1.86e-63
 2.11887e+21	7.21e-25	5.70e-16	1.21e-11	2.90e-08	3.91e-04	5.02e-02	9.49e-01	0.00e+00	0.00e+00	0.00e+00	5.67e-16	3.26e-18	3.32e-63
 2.19616e+21	9.01e-25	7.04e-16	1.44e-11	3.28e-08	4.23e-04	5.22e-02	9.47e-01	0.00e+00	0.00e+00	0.00e+00	7.00e-16	3.88e-18	5.94e-63
 2.25464e+21	1.06e-24	8.21e-16	1.63e-11	3.60e-08	4.49e-04	5.37e-02	9.46e-01	0.00e+00	0.00e+00	0.00e+00	8.17e-16	4.43e-18	9.11e-63
 2.31074e+21	1.24e-24	9.47e-16	1.83e-11	3.91e-08	4.75e-04	5.52e-02	9.44e-01	0.00e+00	0.00e+00	0.00e+00	9.42e-16	5.05e-18	1.36e-62
 2.38367e+21	1.50e-24	1.14e-15	2.12e-11	4.36e-08	5.09e-04	5.71e-02	9.42e-01	0.00e+00	0.00e+00	0.00e+00	1.13e-15	5.91e-18	2.26e-62
 2.46123e+21	1.85e-24	1.39e-15	2.48e-11	4.90e-08	5.49e-04	5.92e-02	9.40e-01	0.00e+00	0.00e+00	0.00e+00	1.38e-15	6.96e-18	3.89e-62
 2.52241e+21	2.17e-24	1.61e-15	2.81e-11	5.36e-08	5.82e-04	6.09e-02	9.39e-01	0.00e+00	0.00e+00	0.00e+00	1.61e-15	7.92e-18	5.93e-62
 2.57047e+21	2.45e-24	1.81e-15	3.07e-11	5.73e-08	6.08e-04	6.22e-02	9.37e-01	0.00e+00	0.00e+00	0.00e+00	1.80e-15	8.74e-18	8.12e-62
 2.62388e+21	2.80e-24	2.05e-15	3.40e-11	6.16e-08	6.38e-04	6.36e-02	9.36e-01	0.00e+00	0.00e+00	0.00e+00	2.04e-15	9.75e-18	1.15e-61
 2.69331e+21	3.31e-24	2.40e-15	3.87e-11	6.78e-08	6.79e-04	6.55e-02	9.34e-01	0.00e+00	0.00e+00	0.00e+00	2.39e-15	1.12e-17	1.80e-61
 2.76876e+21	3.98e-24	2.86e-15	4.45e-11	7.52e-08	7.26e-04	6.77e-02	9.32e-01	0.00e+00	0.00e+00	0.00e+00	2.85e-15	1.29e-17	2.92e-61
 2.83416e+21	4.63e-24	3.31e-15	5.00e-11	8.20e-08	7.67e-04	6.95e-02	9.30e-01	0.00e+00	0.00e+00	0.00e+00	3.29e-15	1.46e-17	4.36e-61
 2.90131e+21	5.41e-24	3.83e-15	5.63e-11	8.94e-08	8.12e-04	7.14e-02	9.28e-01	0.00e+00	0.00e+00	0.00e+00	3.81e-15	1.67e-17	6.56e-61
 2.98859e+21	6.61e-24	4.63e-15	6.57e-11	1.00e-07	8.73e-04	7.40e-02	9.25e-01	0.00e+00	0.00e+00	0.00e+00	4.61e-15	1.96e-17	1.11e-60
 3.07759e+21	8.06e-24	5.60e-15	7.65e-11	1.12e-07	9.39e-04	7.66e-02	9.22e-01	0.00e+00	0.00e+00	0.00e+00	5.57e-15	2.29e-17	1.89e-60
 3.14654e+21	9.39e-24	6.45e-15	8.59e-11	1.22e-07	9.92e-04	7.86e-02	9.20e-01	0.00e+00	0.00e+00	0.00e+00	6.43e-15	2.58e-17	2.81e-60
 3.20391e+21	1.06e-23	7.25e-15	9.44e-11	1.31e-07	1.04e-03	8.03e-02	9.19e-01	0.00e+00	0.00e+00	0.00e+00	7.22e-15	2.85e-17	3.89e-60
 3.26848e+21	1.22e-23	8.24e-15	1.05e-10	1.41e-07	1.09e-03	8.22e-02	9.17e-01	0.00e+00	0.00e+00	0.00e+00	8.21e-15	3.19e-17	5.57e-60
 3.35242e+21	1.45e-23	9.71e-15	1.20e-10	1.55e-07	1.16e-03	8.48e-02	9.14e-01	0.00e+00	0.00e+00	0.00e+00	9.68e-15	3.67e-17	8.81e-60
 3.44000e+21	1.73e-23	1.15e-14	1.37e-10	1.72e-07	1.24e-03	8.74e-02	9.11e-01	0.00e+00	0.00e+00	0.00e+00	1.15e-14	4.21e-17	1.42e-59
 3.51103e+21	2.00e-23	1.32e-14	1.53e-10	1.86e-07	1.31e-03	8.96e-02	9.09e-01	0.00e+00	0.00e+00	0.00e+00	1.31e-14	4.72e-17	2.06e-59
 3.58209e+21	2.29e-23	1.50e-14	1.70e-10	2.02e-07	1.37e-03	9.18e-02	9.07e-01	0.00e+00	0.00e+00	0.00e+00	1.50e-14	5.29e-17	2.98e-59
 3.67447e+21	2.75e-23	1.78e-14	1.95e-10	2.23e-07	1.47e-03	9.47e-02	9.04e-01	0.00e+00	0.00e+00	0.00e+00	1.78e-14	6.12e-17	4.80e-59
 3.77186e+21	3.30e-23	2.12e-14	2.25e-10	2.48e-07	1.57e-03	9.77e-02	9.01e-01	0.00e+00	0.00e+00	0.00e+00	2.11e-14	7.04e-17	7.81e-59
 3.85329e+21	3.84e-23	2.44e-14	2.52e-10	2.70e-07	1.66e-03	1.00e-01	8.98e-01	0.00e+00	0.00e+00	0.00e+00	2.44e-14	7.93e-17	1.16e-58
 3.93671e+21	4.47e-23	2.82e-14	2.83e-10	2.93e-07	1.75e-03	1.03e-01	8.95e-01	0.00e+00	0.00e+00	0.00e+00	2.81e-14	8.99e-17	1.74e-58
 4.04515e+21	5.44e-23	3.38e-14	3.28e-10	3.27e-07	1.88e-03	1.06e-01	8.92e-01	0.00e+00	0.00e+00	0.00e+00	3.37e-14	1.05e-16	2.88e-58
 4.15952e+21	6.63e-23	4.10e-14	3.83e-10	3.67e-07	2.02e-03	1.10e-01	8.88e-01	0.00e+00	0.00e+00	0.00e+00	4.09e-14	1.22e-16	4.95e-58
 4.25074e+21	7.79e-23	4.76e-14	4.32e-10	4.01e-07	2.14e-03	1.13e-01	8.85e-01	0.00e+00	0.00e+00	0.00e+00	4.74e-14	1.38e-16	7.52e-58
 4.32684e+21	8.85e-23	5.38e-14	4.77e-10	4.31e-07	2.24e-03	1.16e-01	8.82e-01	0.00e+00	0.00e+00	0.00e+00	5.36e-14	1.54e-16	1.06e-57
 4.41419e+21	1.02e-22	6.16e-14	5.32e-10	4.68e-07	2.36e-03	1.18e-01	8.79e-01	0.00e+00	0.00e+00	0.00e+00	6.14e-14	1.73e-16	1.55e-57
 4.52773e+21	1.23e-22	7.35e-14	6.14e-10	5.20e-07	2.53e-03	1.22e-01	8.75e-01	0.00e+00	0.00e+00	0.00e+00	7.33e-14	2.01e-16	2.54e-57
 4.64778e+21	1.50e-22	8.86e-14	7.14e-10	5.81e-07	2.72e-03	1.26e-01	8.71e-01	0.00e+00	0.00e+00	0.00e+00	8.84e-14	2.33e-16	4.27e-57
 4.74613e+21	1.76e-22	1.03e-13	8.06e-10	6.35e-07	2.88e-03	1.30e-01	8.67e-01	0.00e+00	0.00e+00	0.00e+00	1.03e-13	2.64e-16	6.46e-57
 4.84382e+21	2.04e-22	1.19e-13	9.05e-10	6.92e-07	3.04e-03	1.33e-01	8.64e-01	0.00e+00	0.00e+00	0.00e+00	1.18e-13	2.99e-16	9.64e-57
 4.97082e+21	2.49e-22	1.43e-13	1.05e-09	7.73e-07	3.26e-03	1.38e-01	8.59e-01	0.00e+00	0.00e+00	0.00e+00	1.43e-13	3.50e-16	1.61e-56
 5.10585e+21	3.04e-22	1.74e-13	1.23e-09	8.70e-07	3.52e-03	1.42e-01	8.54e-01	0.00e+00	0.00e+00	0.00e+00	1.74e-13	4.10e-16	2.78e-56
 5.21922e+21	3.59e-22	2.04e-13	1.41e-09	9.57e-07	3.74e-03	1.46e-01	8.50e-01	0.00e+00	0.00e+00	0.00e+00	2.04e-13	4.68e-16	4.33e-56
 5.33446e+21	4.25e-22	2.40e-13	1.60e-09	1.05e-06	3.98e-03	1.51e-01	8.45e-01	0.00e+00	0.00e+00	0.00e+00	2.39e-13	5.39e-16	6.72e-56
 5.48428e+21	5.27e-22	2.95e-13	1.89e-09	1.19e-06	4.30e-03	1.56e-01	8.40e-01	0.00e+00	0.00e+00	0.00e+00	2.95e-13	6.42e-16	1.19e-55
 5.63888e+21	6.54e-22	3.66e-13	2.26e-09	1.36e-06	4.67e-03	1.62e-01	8.33e-01	0.00e+00	0.00e+00	0.00e+00	3.66e-13	7.63e-16	2.13e-55
 5.75310e+21	7.66e-22	4.27e-13	2.56e-09	1.49e-06	4.95e-03	1.66e-01	8.29e-01	0.00e+00	0.00e+00	0.00e+00	4.26e-13	8.66e-16	3.23e-55
 5.83926e+21	8.68e-22	4.79e-13	2.81e-09	1.59e-06	5.17e-03	1.70e-01	8.25e-01	0.00e+00	0.00e+00	0.00e+00	4.78e-13	9.58e-16	4.39e-55
 5.93555e+21	9.80e-22	5.43e-13	3.11e-09	1.72e-06	5.43e-03	1.73e-01	8.21e-01	0.00e+00	0.00e+00	0.00e+00	5.42e-13	1.07e-15	6.17e-55
 6.06072e+21	1.16e-21	6.40e-13	3.55e-09	1.89e-06	5.77e-03	1.78e-01	8.16e-01	0.00e+00	0.00e+00	0.00e+00	6.39e-13	1.23e-15	9.57e-55
 6.19924e+21	1.38e-21	7.67e-13	4.12e-09	2.11e-06	6.19e-03	1.84e-01	8.10e-01	0.00e+00	0.00e+00	0.00e+00	7.66e-13	1.42e-15	1.55e-54
 6.32501e+21	1.63e-21	9.03e-13	4.70e-09	2.33e-06	6.58e-03	1.89e-01	8.05e-01	0.00e+00	0.00e+00	0.00e+00	9.01e-13	1.63e-15	2.38e-54
 6.44087e+21	1.87e-21	1.04e-12	5.29e-09	2.54e-06	6.95e-03	1.93e-01	8.00e-01	0.00e+00	0.00e+00	0.00e+00	1.04e-12	1.84e-15	3.48e-54
 6.57393e+21	2.21e-21	1.23e-12	6.06e-09	2.81e-06	7.40e-03	1.99e-01	7.94e-01	0.00e+00	0.00e+00	0.00e+00	1.23e-12	2.13e-15	5.39e-54
 6.74692e+21	2.71e-21	1.52e-12	7.21e-09	3.19e-06	8.02e-03	2.06e-01	7.86e-01	0.00e+00	0.00e+00	0.00e+00	1.52e-12	2.55e-15	9.39e-54
 6.92205e+21	3.34e-21	1.89e-12	8.62e-09	3.64e-06	8.71e-03	2.13e-01	7.78e-01	0.00e+00	0.00e+00	0.00e+00	1.89e-12	3.04e-15	1.65e-53
 7.05772e+21	3.89e-21	2.23e-12	9.86e-09	4.02e-06	9.27e-03	2.19e-01	7.72e-01	0.00e+00	0.00e+00	0.00e+00	2.23e-12	3.49e-15	2.51e-53
 7.19183e+21	4.52e-21	2.61e-12	1.12e-08	4.41e-06	9.83e-03	2.25e-01	7.65e-01	0.00e+00	0.00e+00	0.00e+00	2.60e-12	4.00e-15	3.74e-53
 7.36616e+21	5.47e-21	3.20e-12	1.32e-08	4.99e-06	1.06e-02	2.32e-01	7.57e-01	0.00e+00	0.00e+00	0.00e+00	3.19e-12	4.75e-15	6.28e-53
 7.55215e+21	6.68e-21	3.97e-12	1.59e-08	5.70e-06	1.15e-02	2.41e-01	7.48e-01	0.00e+00	0.00e+00	0.00e+00	3.97e-12	5.68e-15	1.09e-52
 7.71071e+21	7.88e-21	4.76e-12	1.84e-08	6.37e-06	1.23e-02	2.48e-01	7.40e-01	0.00e+00	0.00e+00	0.00e+00	4.75e-12	6.62e-15	1.71e-52
 7.87425e+21	9.27e-21	5.70e-12	2.14e-08	7.10e-06	1.32e-02	2.55e-01	7.32e-01	0.00e+00	0.00e+00	0.00e+00	5.69e-12	7.75e-15	2.68e-52
 8.08687e+21	1.13e-20	7.19e-12	2.59e-08	8.20e-06	1.44e-02	2.64e-01	7.21e-01	0.00e+00	0.00e+00	0.00e+00	7.18e-12	9.45e-15	4.77e-52
 8.30598e+21	1.39e-20	9.15e-12	3.17e-08	9.51e-06	1.58e-02	2.74e-01	7.10e-01	0.00e+00	0.00e+00	0.00e+00	9.14e-12	1.15e-14	8.57e-52
 8.46831e+21	1.61e-20	1.09e-11	3.68e-08	1.06e-05	1.69e-02	2.82e-01	7.01e-01	0.00e+00	0.00e+00	0.00e+00	1.09e-11	1.33e-14	1.31e-51
 8.59121e+21	1.79e-20	1.24e-11	4.07e-08	1.15e-05	1.77e-02	2.87e-01	6.95e-01	0.00e+00	0.00e+00	0.00e+00	1.23e-11	1.49e-14	1.78e-51
 8.72812e+21	2.01e-20	1.42e-11	4.57e-08	1.25e-05	1.87e-02	2.93e-01	6.88e-01	0.00e+00	0.00e+00	0.00e+00	1.42e-11	1.68e-14	2.49e-51
 8.90610e+21	2.33e-20	1.70e-11	5.32e-08	1.40e-05	2.00e-02	3.02e-01	6.78e-01	0.00e+00	0.00e+00	0.00e+00	1.70e-11	1.95e-14	3.83e-51
 9.10502e+21	2.73e-20	2.07e-11	6.29e-08	1.58e-05	2.16e-02	3.11e-01	6.68e-01	0.00e+00	0.00e+00	0.00e+00	2.07e-11	2.30e-14	6.14e-51
 9.28829e+21	3.16e-20	2.48e-11	7.32e-08	1.77e-05	2.31e-02	3.19e-01	6.58e-01	0.00e+00	0.00e+00	0.00e+00	2.48e-11	2.68e-14	9.36e-51
 9.45674e+21	3.59e-20	2.91e-11	8.38e-08	1.96e-05	2.46e-02	3.27e-01	6.49e-01	0.00e+00	0.00e+00	0.00e+00	2.91e-11	3.07e-14	1.36e-50
 9.64880e+21	4.13e-20	3.47e-11	9.74e-08	2.19e-05	2.63e-02	3.35e-01	6.38e-01	0.00e+00	0.00e+00	0.00e+00	3.47e-11	3.58e-14	2.07e-50
 9.89847e+21	4.92e-20	4.35e-11	1.18e-07	2.53e-05	2.87e-02	3.46e-01	6.25e-01	0.00e+00	0.00e+00	0.00e+00	4.35e-11	4.33e-14	3.49e-50
 1.01502e+22	5.85e-20	5.46e-11	1.43e-07	2.93e-05	3.14e-02	3.58e-01	6.11e-01	0.00e+00	0.00e+00	0.00e+00	5.46e-11	5.20e-14	5.86e-50
 1.03437e+22	6.67e-20	6.45e-11	1.65e-07	3.26e-05	3.34e-02	3.66e-01	6.01e-01	0.00e+00	0.00e+00	0.00e+00	6.44e-11	5.99e-14	8.58e-50
 1.05343e+22	7.55e-20	7.54e-11	1.89e-07	3.60e-05	3.55e-02	3.74e-01	5.91e-01	0.00e+00	0.00e+00	0.00e+00	7.54e-11	6.87e-14	1.23e-49
 1.07820e+22	8.81e-20	9.22e-11	2.25e-07	4.11e-05	3.84e-02	3.84e-01	5.77e-01	0.00e+00	0.00e+00	0.00e+00	9.22e-11	8.14e-14	1.94e-49
 1.10456e+22	1.04e-19	1.14e-10	2.70e-07	4.72e-05	4.16e-02	3.95e-01	5.63e-01	0.00e+00	0.00e+00	0.00e+00	1.14e-10	9.66e-14	3.11e-49
 1.12683e+22	1.18e-19	1.35e-10	3.14e-07	5.27e-05	4.45e-02	4.04e-01	5.51e-01	0.00e+00	0.00e+00	0.00e+00	1.35e-10	1.11e-13	4.57e-49
 1.14961e+22	1.35e-19	1.60e-10	3.62e-07	5.88e-05	4.74e-02	4.13e-01	5.40e-01	0.00e+00	0.00e+00	0.00e+00	1.59e-10	1.29e-13	6.66e-49
 1.17922e+22	1.60e-19	1.97e-10	4.36e-07	6.77e-05	5.15e-02	4.24e-01	5.24e-01	0.00e+00	0.00e+00	0.00e+00	1.97e-10	1.54e-13	1.07e-48
 1.20952e+22	1.90e-19	2.44e-10	5.26e-07	7.80e-05	5.59e-02	4.35e-01	5.09e-01	0.00e+00	0.00e+00	0.00e+00	2.44e-10	1.82e-13	1.71e-48
 1.23344e+22	2.17e-19	2.87e-10	6.06e-07	8.68e-05	5.95e-02	4.43e-01	4.97e-01	0.00e+00	0.00e+00	0.00e+00	2.86e-10	2.08e-13	2.45e-48
 1.25388e+22	2.43e-19	3.27e-10	6.80e-07	9.48e-05	6.26e-02	4.50e-01	4.87e-01	0.00e+00	0.00e+00	0.00e+00	3.27e-10	2.33e-13	3.30e-48
 1.27704e+22	2.75e-19	3.78e-10	7.73e-07	1.05e-04	6.62e-02	4.58e-01	4.76e-01	0.00e+00	0.00e+00	0.00e+00	3.78e-10	2.63e-13	4.56e-48
 1.30716e+22	3.22e-19	4.54e-10	9.09e-07	1.18e-04	7.11e-02	4.67e-01	4.62e-01	0.00e+00	0.00e+00	0.00e+00	4.54e-10	3.06e-13	6.87e-48
 1.33669e+22	3.75e-19	5.42e-10	1.07e-06	1.33e-04	7.61e-02	4.76e-01	4.48e-01	0.00e+00	0.00e+00	0.00e+00	5.42e-10	3.51e-13	1.02e-47
 1.35831e+22	4.20e-19	6.14e-10	1.19e-06	1.45e-04	7.98e-02	4.82e-01	4.38e-01	0.00e+00	0.00e+00	0.00e+00	6.14e-10	3.89e-13	1.34e-47
 1.37925e+22	4.66e-19	6.89e-10	1.32e-06	1.57e-04	8.33e-02	4.87e-01	4.29e-01	0.00e+00	0.00e+00	0.00e+00	6.89e-10	4.31e-13	1.75e-47
 1.40648e+22	5.34e-19	7.98e-10	1.50e-06	1.73e-04	8.82e-02	4.94e-01	4.17e-01	0.00e+00	0.00e+00	0.00e+00	7.98e-10	4.86e-13	2.42e-47
 1.43622e+22	6.17e-19	9.35e-10	1.73e-06	1.93e-04	9.36e-02	5.02e-01	4.05e-01	0.00e+00	0.00e+00	0.00e+00	9.35e-10	5.50e-13	3.45e-47
 1.46269e+22	7.01e-19	1.07e-09	1.95e-06	2.12e-04	9.86e-02	5.08e-01	3.94e-01	0.00e+00	0.00e+00	0.00e+00	1.07e-09	6.14e-13	4.69e-47
 1.49059e+22	8.00e-19	1.23e-09	2.21e-06	2.33e-04	1.04e-01	5.13e-01	3.82e-01	0.00e+00	0.00e+00	0.00e+00	1.23e-09	6.90e-13	6.40e-47
 1.52685e+22	9.44e-19	1.46e-09	2.58e-06	2.62e-04	1.11e-01	5.21e-01	3.68e-01	0.00e+00	0.00e+00	0.00e+00	1.46e-09	7.94e-13	9.46e-47
 1.56367e+22	1.12e-18	1.73e-09	3.01e-06	2.95e-04	1.18e-01	5.27e-01	3.54e-01	0.00e+00	0.00e+00	0.00e+00	1.73e-09	9.05e-13	1.40e-46
 1.59260e+22	1.27e-18	1.98e-09	3.39e-06	3.23e-04	1.24e-01	5.32e-01	3.43e-01	0.00e+00	0.00e+00	0.00e+00	1.98e-09	1.01e-12	1.88e-46
 1.62162e+22	1.44e-18	2.24e-09	3.78e-06	3.52e-04	1.30e-01	5.36e-01	3.33e-01	0.00e+00	0.00e+00	0.00e+00	2.24e-09	1.12e-12	2.51e-46
 1.65935e+22	1.69e-18	2.62e-09	4.36e-06	3.92e-04	1.38e-01	5.41e-01	3.21e-01	0.00e+00	0.00e+00	0.00e+00	2.62e-09	1.27e-12	3.61e-46
 1.69936e+22	1.99e-18	3.08e-09	5.06e-06	4.40e-04	1.46e-01	5.46e-01	3.07e-01	0.00e+00	0.00e+00	0.00e+00	3.08e-09	1.44e-12	5.27e-46
 1.73298e+22	2.28e-18	3.52e-09	5.71e-06	4.82e-04	1.53e-01	5.50e-01	2.96e-01	0.00e+00	0.00e+00	0.00e+00	3.52e-09	1.60e-12	7.18e-46
 1.76734e+22	2.61e-18	4.00e-09	6.41e-06	5.26e-04	1.61e-01	5.53e-01	2.86e-01	0.00e+00	0.00e+00	0.00e+00	4.00e-09	1.78e-12	9.73e-46
 1.81199e+22	3.09e-18	4.71e-09	7.43e-06	5.90e-04	1.71e-01	5.56e-01	2.73e-01	0.00e+00	0.00e+00	0.00e+00	4.71e-09	2.03e-12	1.43e-45
 1.85808e+22	3.66e-18	5.55e-09	8.64e-06	6.62e-04	1.81e-01	5.59e-01	2.60e-01	0.00e+00	0.00e+00	0.00e+00	5.55e-09	2.30e-12	2.10e-45
 1.89516e+22	4.19e-18	6.30e-09	9.70e-06	7.24e-04	1.89e-01	5.60e-01	2.50e-01	0.00e+00	0.00e+00	0.00e+00	6.30e-09	2.55e-12	2.84e-45
 1.93249e+22	4.77e-18	7.11e-09	1.08e-05	7.86e-04	1.97e-01	5.61e-01	2.40e-01	0.00e+00	0.00e+00	0.00e+00	7.11e-09	2.82e-12	3.84e-45
 1.98102e+22	5.62e-18	8.29e-09	1.25e-05	8.76e-04	2.08e-01	5.62e-01	2.29e-01	0.00e+00	0.00e+00	0.00e+00	8.29e-09	3.19e-12	5.57e-45
 2.03241e+22	6.65e-18	9.71e-09	1.44e-05	9.80e-04	2.20e-01	5.62e-01	2.16e-01	0.00e+00	0.00e+00	0.00e+00	9.71e-09	3.59e-12	8.20e-45
 2.07565e+22	7.62e-18	1.10e-08	1.62e-05	1.07e-03	2.30e-01	5.62e-01	2.07e-01	0.00e+00	0.00e+00	0.00e+00	1.10e-08	3.98e-12	1.12e-44
 2.11102e+22	8.48e-18	1.22e-08	1.78e-05	1.15e-03	2.38e-01	5.61e-01	1.99e-01	0.00e+00	0.00e+00	0.00e+00	1.22e-08	4.32e-12	1.45e-44
 2.14798e+22	9.52e-18	1.35e-08	1.95e-05	1.24e-03	2.46e-01	5.60e-01	1.92e-01	0.00e+00	0.00e+00	0.00e+00	1.35e-08	4.70e-12	1.88e-44
 2.19603e+22	1.09e-17	1.54e-08	2.20e-05	1.35e-03	2.57e-01	5.59e-01	1.83e-01	0.00e+00	0.00e+00	0.00e+00	1.54e-08	5.21e-12	2.60e-44
 2.24612e+22	1.26e-17	1.75e-08	2.48e-05	1.49e-03	2.69e-01	5.56e-01	1.73e-01	0.00e+00	0.00e+00	0.00e+00	1.75e-08	5.75e-12	3.64e-44
 2.28738e+22	1.41e-17	1.95e-08	2.74e-05	1.60e-03	2.78e-01	5.54e-01	1.66e-01	0.00e+00	0.00e+00	0.00e+00	1.95e-08	6.25e-12	4.78e-44
 2.32955e+22	1.58e-17	2.16e-08	3.00e-05	1.72e-03	2.88e-01	5.51e-01	1.59e-01	0.00e+00	0.00e+00	0.00e+00	2.16e-08	6.81e-12	6.24e-44
 2.38436e+22	1.81e-17	2.45e-08	3.38e-05	1.89e-03	3.00e-01	5.48e-01	1.51e-01	0.00e+00	0.00e+00	0.00e+00	2.45e-08	7.54e-12	8.73e-44
 2.44200e+22	2.09e-17	2.80e-08	3.83e-05	2.07e-03	3.13e-01	5.43e-01	1.42e-01	0.00e+00	0.00e+00	0.00e+00	2.80e-08	8.33e-12	1.24e-43
 2.48986e+22	2.35e-17	3.12e-08	4.23e-05	2.24e-03	3.23e-01	5.39e-01	1.35e-01	0.00e+00	0.00e+00	0.00e+00	3.12e-08	9.06e-12	1.66e-43
 2.53862e+22	2.63e-17	3.45e-08	4.65e-05	2.40e-03	3.34e-01	5.35e-01	1.29e-01	0.00e+00	0.00e+00	0.00e+00	3.45e-08	9.88e-12	2.19e-43
 2.60201e+22	3.03e-17	3.93e-08	5.24e-05	2.64e-03	3.47e-01	5.29e-01	1.21e-01	0.00e+00	0.00e+00	0.00e+00	3.93e-08	1.10e-11	3.13e-43
 2.66791e+22	3.50e-17	4.49e-08	5.93e-05	2.90e-03	3.62e-01	5.22e-01	1.13e-01	0.00e+00	0.00e+00	0.00e+00	4.49e-08	1.21e-11	4.53e-43
 2.72153e+22	3.92e-17	4.98e-08	6.53e-05	3.12e-03	3.73e-01	5.16e-01	1.08e-01	0.00e+00	0.00e+00	0.00e+00	4.98e-08	1.31e-11	6.10e-43
 2.77569e+22	4.37e-17	5.51e-08	7.16e-05	3.34e-03	3.84e-01	5.11e-01	1.02e-01	0.00e+00	0.00e+00	0.00e+00	5.50e-08	1.43e-11	8.11e-43
 2.84609e+22	5.01e-17	6.24e-08	8.04e-05	3.65e-03	3.98e-01	5.03e-01	9.56e-02	4.96e-17	4.27e-19	9.96e-20	6.24e-08	1.58e-11	1.16e-42
 2.92057e+22	5.77e-17	7.11e-08	9.08e-05	4.01e-03	4.13e-01	4.94e-01	8.90e-02	5.69e-17	7.08e-19	1.45e-19	7.11e-08	1.74e-11	1.71e-42
 2.98304e+22	6.48e-17	7.91e-08	1.00e-04	4.31e-03	4.25e-01	4.87e-01	8.39e-02	6.38e-17	7.83e-19	1.61e-19	7.91e-08	1.90e-11	2.34e-42
 3.04693e+22	7.25e-17	8.77e-08	1.10e-04	4.63e-03	4.37e-01	4.79e-01	7.91e-02	7.15e-17	8.67e-19	1.79e-19	8.76e-08	2.07e-11	3.19e-42
 3.13000e+22	8.35e-17	9.97e-08	1.24e-04	5.07e-03	4.52e-01	4.70e-01	7.34e-02	8.23e-17	9.81e-19	2.03e-19	9.96e-08	2.29e-11	4.72e-42
 3.21771e+22	9.66e-17	1.14e-07	1.40e-04	5.56e-03	4.67e-01	4.59e-01	6.78e-02	9.52e-17	1.11e-18	2.31e-19	1.14e-07	2.53e-11	7.14e-42
 3.29137e+22	1.09e-16	1.27e-07	1.55e-04	5.99e-03	4.80e-01	4.50e-01	6.34e-02	1.07e-16	1.24e-18	2.58e-19	1.27e-07	2.76e-11	1.01e-41
 3.36702e+22	1.22e-16	1.41e-07	1.70e-04	6.43e-03	4.93e-01	4.41e-01	5.94e-02	1.20e-16	1.37e-18	2.87e-19	1.41e-07	3.02e-11	1.41e-41
 3.46538e+22	1.41e-16	1.62e-07	1.92e-04	7.03e-03	5.08e-01	4.30e-01	5.47e-02	1.39e-16	1.56e-18	3.26e-19	1.62e-07	3.36e-11	2.16e-41
 3.55920e+22	1.61e-16	1.84e-07	2.15e-04	7.67e-03	5.23e-01	4.19e-01	5.03e-02	1.59e-16	1.75e-18	3.68e-19	1.84e-07	3.68e-11	3.24e-41
 3.62374e+22	1.76e-16	2.00e-07	2.31e-04	8.09e-03	5.32e-01	4.11e-01	4.77e-02	1.74e-16	1.89e-18	3.99e-19	2.00e-07	3.95e-11	4.29e-41
 3.68426e+22	1.91e-16	2.15e-07	2.47e-04	8.50e-03	5.41e-01	4.05e-01	4.54e-02	1.89e-16	2.04e-18	4.30e-19	2.15e-07	4.21e-11	5.48e-41
 3.76293e+22	2.14e-16	2.37e-07	2.69e-04	9.05e-03	5.52e-01	3.96e-01	4.26e-02	2.11e-16	2.25e-18	4.76e-19	2.37e-07	4.54e-11	7.52e-41
 3.86521e+22	2.44e-16	2.67e-07	2.99e-04	9.78e-03	5.66e-01	3.85e-01	3.93e-02	2.41e-16	2.53e-18	5.36e-19	2.67e-07	5.00e-11	1.12e-40
 3.97141e+22	2.80e-16	3.03e-07	3.34e-04	1.06e-02	5.80e-01	3.73e-01	3.61e-02	2.76e-16	2.85e-18	6.06e-19	3.03e-07	5.49e-11	1.71e-40
 4.05900e+22	3.09e-16	3.34e-07	3.63e-04	1.13e-02	5.90e-01	3.64e-01	3.37e-02	3.05e-16	3.11e-18	6.62e-19	3.34e-07	5.95e-11	2.39e-40
 4.14916e+22	3.43e-16	3.68e-07	3.95e-04	1.20e-02	6.01e-01	3.55e-01	3.15e-02	3.39e-16	3.42e-18	7.30e-19	3.68e-07	6.45e-11	3.33e-40
 4.26637e+22	3.99e-16	4.16e-07	4.39e-04	1.29e-02	6.14e-01	3.44e-01	2.90e-02	3.94e-16	3.91e-18	8.36e-19	4.16e-07	7.11e-11	5.06e-40
 4.38639e+22	4.57e-16	4.72e-07	4.88e-04	1.39e-02	6.27e-01	3.32e-01	2.65e-02	4.52e-16	4.41e-18	9.45e-19	4.72e-07	7.83e-11	7.81e-40
 4.48135e+22	5.05e-16	5.20e-07	5.29e-04	1.48e-02	6.36e-01	3.24e-01	2.48e-02	4.99e-16	4.82e-18	1.04e-18	5.20e-07	8.47e-11	1.09e-39
 4.57607e+22	5.59e-16	5.70e-07	5.71e-04	1.56e-02	6.45e-01	3.15e-01	2.32e-02	5.53e-16	5.28e-18	1.14e-18	5.69e-07	9.14e-11	1.50e-39
 4.69921e+22	6.42e-16	6.39e-07	6.29e-04	1.67e-02	6.56e-01	3.05e-01	2.13e-02	6.35e-16	5.97e-18	1.29e-18	6.39e-07	1.00e-10	2.24e-39
 4.83168e+22	7.45e-16	7.25e-07	6.97e-04	1.79e-02	6.67e-01	2.94e-01	1.95e-02	7.37e-16	6.82e-18	1.47e-18	7.24e-07	1.11e-10	3.47e-39
 4.94804e+22	8.32e-16	8.03e-07	7.60e-04	1.91e-02	6.77e-01	2.85e-01	1.80e-02	8.23e-16	7.52e-18	1.63e-18	8.03e-07	1.20e-10	5.00e-39
 5.07106e+22	9.36e-16	8.91e-07	8.27e-04	2.02e-02	6.86e-01	2.76e-01	1.67e-02	9.25e-16	8.35e-18	1.81e-18	8.91e-07	1.31e-10	7.22e-39
 5.23099e+22	1.10e-15	1.02e-06	9.22e-04	2.18e-02	6.97e-01	2.65e-01	1.51e-02	1.08e-15	9.61e-18	2.09e-18	1.02e-06	1.46e-10	1.15e-38
 5.39828e+22	1.29e-15	1.17e-06	1.03e-03	2.36e-02	7.08e-01	2.54e-01	1.36e-02	1.27e-15	1.11e-17	2.41e-18	1.17e-06	1.63e-10	1.89e-38
 5.53647e+22	1.45e-15	1.31e-06	1.13e-03	2.51e-02	7.17e-01	2.45e-01	1.25e-02	1.44e-15	1.24e-17	2.69e-18	1.31e-06	1.79e-10	2.79e-38
 5.67744e+22	1.65e-15	1.46e-06	1.23e-03	2.65e-02	7.24e-01	2.36e-01	1.16e-02	1.63e-15	1.38e-17	3.01e-18	1.46e-06	1.96e-10	4.06e-38
 5.86070e+22	1.93e-15	1.67e-06	1.37e-03	2.85e-02	7.34e-01	2.26e-01	1.05e-02	1.92e-15	1.60e-17	3.49e-18	1.67e-06	2.18e-10	6.52e-38
 6.05864e+22	2.29e-15	1.93e-06	1.53e-03	3.08e-02	7.43e-01	2.15e-01	9.39e-03	2.27e-15	1.85e-17	4.06e-18	1.93e-06	2.45e-10	1.09e-37
 6.22935e+22	2.61e-15	2.17e-06	1.68e-03	3.28e-02	7.50e-01	2.07e-01	8.56e-03	2.58e-15	2.08e-17	4.56e-18	2.17e-06	2.70e-10	1.66e-37
 6.40495e+22	2.99e-15	2.44e-06	1.84e-03	3.49e-02	7.57e-01	1.98e-01	7.83e-03	2.96e-15	2.35e-17	5.15e-18	2.44e-06	2.98e-10	2.49e-37
 6.63323e+22	3.59e-15	2.82e-06	2.06e-03	3.76e-02	7.65e-01	1.89e-01	7.01e-03	3.55e-15	2.76e-17	6.07e-18	2.82e-06	3.35e-10	4.17e-37
 6.87642e+22	4.31e-15	3.29e-06	2.32e-03	4.06e-02	7.72e-01	1.78e-01	6.22e-03	4.28e-15	3.25e-17	7.16e-18	3.29e-06	3.80e-10	7.22e-37
 7.08143e+22	4.94e-15	3.73e-06	2.55e-03	4.32e-02	7.78e-01	1.71e-01	5.64e-03	4.90e-15	3.67e-17	8.08e-18	3.73e-06	4.22e-10	1.13e-36
 7.29036e+22	5.70e-15	4.20e-06	2.79e-03	4.58e-02	7.83e-01	1.63e-01	5.14e-03	5.65e-15	4.16e-17	9.17e-18	4.20e-06	4.66e-10	1.71e-36
 7.56198e+22	6.94e-15	4.88e-06	3.12e-03	4.93e-02	7.88e-01	1.55e-01	4.58e-03	6.88e-15	4.95e-17	1.09e-17	4.88e-06	5.26e-10	2.89e-36
 7.84151e+22	8.32e-15	5.70e-06	3.51e-03	5.31e-02	7.93e-01	1.46e-01	4.05e-03	8.25e-15	5.81e-17	1.28e-17	5.70e-06	5.97e-10	4.99e-36
 8.06877e+22	9.55e-15	6.42e-06	3.83e-03	5.61e-02	7.97e-01	1.40e-01	3.69e-03	9.47e-15	6.56e-17	1.45e-17	6.42e-06	6.58e-10	7.58e-36
 8.30165e+22	1.10e-14	7.18e-06	4.16e-03	5.91e-02	8.00e-01	1.34e-01	3.38e-03	1.09e-14	7.40e-17	1.64e-17	7.18e-06	7.23e-10	1.12e-35
 8.60439e+22	1.34e-14	8.26e-06	4.61e-03	6.30e-02	8.03e-01	1.27e-01	3.03e-03	1.33e-14	8.82e-17	1.95e-17	8.26e-06	8.08e-10	1.83e-35
 8.95719e+22	1.64e-14	9.69e-06	5.18e-03	6.78e-02	8.05e-01	1.19e-01	2.66e-03	1.62e-14	1.05e-16	2.32e-17	9.68e-06	9.16e-10	3.20e-35
 9.29990e+22	1.96e-14	1.13e-05	5.78e-03	7.25e-02	8.07e-01	1.12e-01	2.35e-03	1.95e-14	1.22e-16	2.71e-17	1.13e-05	1.03e-09	5.45e-35
 9.58606e+22	2.27e-14	1.27e-05	6.30e-03	7.64e-02	8.08e-01	1.07e-01	2.14e-03	2.25e-14	1.38e-16	3.07e-17	1.27e-05	1.14e-09	8.27e-35
 9.87385e+22	2.62e-14	1.42e-05	6.83e-03	8.02e-02	8.09e-01	1.02e-01	1.95e-03	2.60e-14	1.57e-16	3.47e-17	1.42e-05	1.24e-09	1.22e-34
 1.02434e+23	3.24e-14	1.63e-05	7.53e-03	8.50e-02	8.09e-01	9.65e-02	1.75e-03	3.21e-14	1.88e-16	4.17e-17	1.63e-05	1.38e-09	1.95e-34
 1.06477e+23	4.00e-14	1.89e-05	8.37e-03	9.06e-02	8.09e-01	9.08e-02	1.55e-03	3.97e-14	2.25e-16	5.00e-17	1.89e-05	1.55e-09	3.25e-34
 1.10160e+23	4.72e-14	2.15e-05	9.18e-03	9.56e-02	8.08e-01	8.59e-02	1.39e-03	4.69e-14	2.59e-16	5.76e-17	2.15e-05	1.71e-09	5.09e-34
 1.13568e+23	5.56e-14	2.40e-05	9.94e-03	1.00e-01	8.07e-01	8.20e-02	1.27e-03	5.52e-14	2.98e-16	6.62e-17	2.40e-05	1.87e-09	7.46e-34
 1.17479e+23	6.50e-14	2.70e-05	1.08e-02	1.05e-01	8.05e-01	7.80e-02	1.15e-03	6.46e-14	3.38e-16	7.51e-17	2.70e-05	2.04e-09	1.12e-33
 1.22145e+23	8.10e-14	3.10e-05	1.19e-02	1.11e-01	8.02e-01	7.35e-02	1.03e-03	8.05e-14	4.07e-16	9.04e-17	3.10e-05	2.26e-09	1.78e-33
 1.26921e+23	1.01e-13	3.55e-05	1.31e-02	1.17e-01	7.99e-01	6.94e-02	9.20e-04	1.00e-13	4.92e-16	1.09e-16	3.55e-05	2.50e-09	2.82e-33
 1.31514e+23	1.21e-13	4.01e-05	1.43e-02	1.23e-01	7.96e-01	6.59e-02	8.33e-04	1.20e-13	5.70e-16	1.27e-16	4.01e-05	2.73e-09	4.25e-33
 1.36524e+23	1.47e-13	4.52e-05	1.56e-02	1.29e-01	7.92e-01	6.25e-02	7.53e-04	1.47e-13	6.70e-16	1.49e-16	4.52e-05	2.97e-09	6.41e-33
 1.42108e+23	1.86e-13	5.16e-05	1.71e-02	1.36e-01	7.88e-01	5.89e-02	6.74e-04	1.85e-13	8.12e-16	1.80e-16	5.16e-05	3.26e-09	1.00e-32
 1.47916e+23	2.49e-13	5.86e-05	1.86e-02	1.42e-01	7.83e-01	5.57e-02	6.08e-04	2.48e-13	1.05e-15	2.32e-16	5.86e-05	3.54e-09	1.54e-32
 1.53956e+23	3.16e-13	6.63e-05	2.03e-02	1.49e-01	7.77e-01	5.27e-02	5.49e-04	3.14e-13	1.27e-15	2.83e-16	6.63e-05	3.84e-09	2.33e-32
 1.60238e+23	4.11e-13	7.47e-05	2.21e-02	1.56e-01	7.72e-01	5.00e-02	4.97e-04	4.09e-13	1.59e-15	3.52e-16	7.46e-05	4.14e-09	3.48e-32
 1.66771e+23	5.50e-13	8.38e-05	2.40e-02	1.62e-01	7.66e-01	4.75e-02	4.52e-04	5.47e-13	2.03e-15	4.50e-16	8.38e-05	4.44e-09	5.15e-32
 1.73565e+23	7.57e-13	9.37e-05	2.59e-02	1.69e-01	7.60e-01	4.51e-02	4.13e-04	7.54e-13	2.67e-15	5.92e-16	9.37e-05	4.74e-09	7.56e-32
 1.80631e+23	1.08e-12	1.04e-04	2.80e-02	1.75e-01	7.53e-01	4.30e-02	3.78e-04	1.07e-12	3.62e-15	8.04e-16	1.04e-04	5.03e-09	1.10e-31
 1.87980e+23	1.59e-12	1.16e-04	3.01e-02	1.82e-01	7.47e-01	4.10e-02	3.48e-04	1.59e-12	5.10e-15	1.13e-15	1.16e-04	5.31e-09	1.60e-31
 1.95622e+23	2.45e-12	1.28e-04	3.22e-02	1.88e-01	7.40e-01	3.92e-02	3.21e-04	2.45e-12	7.46e-15	1.66e-15	1.28e-04	5.56e-09	2.33e-31
 2.03571e+23	3.96e-12	1.40e-04	3.44e-02	1.94e-01	7.34e-01	3.76e-02	2.98e-04	3.94e-12	1.14e-14	2.53e-15	1.40e-04	5.79e-09	3.44e-31
 2.11837e+23	6.63e-12	1.53e-04	3.67e-02	2.00e-01	7.27e-01	3.61e-02	2.78e-04	6.61e-12	1.81e-14	4.01e-15	1.53e-04	5.99e-09	5.19e-31
 2.20434e+23	1.14e-11	1.67e-04	3.89e-02	2.05e-01	7.21e-01	3.48e-02	2.60e-04	1.13e-11	2.92e-14	6.49e-15	1.67e-04	6.15e-09	8.06e-31
 2.28850e+23	2.24e-11	1.81e-04	4.11e-02	2.10e-01	7.15e-01	3.36e-02	2.45e-04	2.24e-11	5.48e-14	1.22e-14	1.81e-04	6.30e-09	1.37e-30
 2.36513e+23	4.65e-11	1.94e-04	4.31e-02	2.15e-01	7.09e-01	3.26e-02	2.33e-04	4.64e-11	1.08e-13	2.40e-14	1.94e-04	6.43e-09	2.38e-30
 2.43410e+23	6.02e-11	2.05e-04	4.48e-02	2.18e-01	7.05e-01	3.19e-02	2.24e-04	6.01e-11	1.34e-13	2.98e-14	2.05e-04	6.50e-09	3.16e-30
 2.49617e+23	7.35e-11	2.15e-04	4.63e-02	2.21e-01	7.01e-01	3.12e-02	2.16e-04	7.33e-11	1.58e-13	3.50e-14	2.15e-04	6.55e-09	3.99e-30
 2.55203e+23	8.68e-11	2.23e-04	4.76e-02	2.24e-01	6.97e-01	3.07e-02	2.10e-04	8.65e-11	1.80e-13	3.99e-14	2.23e-04	6.58e-09	4.82e-30
 2.60231e+23	1.00e-10	2.31e-04	4.88e-02	2.26e-01	6.94e-01	3.03e-02	2.06e-04	9.99e-11	2.01e-13	4.47e-14	2.31e-04	6.60e-09	5.67e-30
 2.64756e+23	1.11e-10	2.38e-04	4.97e-02	2.28e-01	6.92e-01	3.00e-02	2.02e-04	1.11e-10	2.17e-13	4.83e-14	2.38e-04	6.58e-09	6.41e-30
 2.68829e+23	1.20e-10	2.43e-04	5.05e-02	2.29e-01	6.90e-01	2.98e-02	2.00e-04	1.20e-10	2.29e-13	5.09e-14	2.43e-04	6.54e-09	7.02e-30
 2.72494e+23	1.32e-10	2.48e-04	5.12e-02	2.30e-01	6.89e-01	2.95e-02	1.98e-04	1.31e-10	2.45e-13	5.44e-14	2.48e-04	6.52e-09	7.73e-30
 2.75793e+23	1.54e-10	2.54e-04	5.21e-02	2.32e-01	6.86e-01	2.92e-02	1.94e-04	1.54e-10	2.82e-13	6.26e-14	2.54e-04	6.58e-09	8.90e-30
 2.78883e+23	1.61e-10	2.57e-04	5.26e-02	2.33e-01	6.85e-01	2.91e-02	1.93e-04	1.61e-10	2.89e-13	6.41e-14	2.57e-04	6.52e-09	9.35e-30
 2.81938e+23	1.69e-10	2.61e-04	5.30e-02	2.33e-01	6.84e-01	2.90e-02	1.92e-04	1.69e-10	2.97e-13	6.59e-14	2.61e-04	6.46e-09	9.82e-30
 2.84992e+23	1.80e-10	2.64e-04	5.35e-02	2.34e-01	6.83e-01	2.89e-02	1.91e-04	1.79e-10	3.10e-13	6.87e-14	2.64e-04	6.41e-09	1.04e-29
 2.88047e+23	1.99e-10	2.67e-04	5.40e-02	2.35e-01	6.82e-01	2.88e-02	1.90e-04	1.98e-10	3.36e-13	7.45e-14	2.67e-04	6.36e-09	1.12e-29
 2.91102e+23	2.06e-10	2.70e-04	5.44e-02	2.35e-01	6.81e-01	2.88e-02	1.90e-04	2.06e-10	3.41e-13	7.57e-14	2.70e-04	6.30e-09	1.16e-29
 2.94157e+23	2.26e-10	2.73e-04	5.48e-02	2.35e-01	6.81e-01	2.87e-02	1.89e-04	2.26e-10	3.67e-13	8.14e-14	2.73e-04	6.24e-09	1.23e-29
 2.97212e+23	2.34e-10	2.75e-04	5.52e-02	2.36e-01	6.80e-01	2.87e-02	1.89e-04	2.34e-10	3.72e-13	8.27e-14	2.75e-04	6.16e-09	1.27e-29
 3.00267e+23	2.52e-10	2.79e-04	5.56e-02	2.36e-01	6.79e-01	2.87e-02	1.89e-04	2.51e-10	3.93e-13	8.72e-14	2.79e-04	6.10e-09	1.36e-29
 3.03321e+23	2.77e-10	2.82e-04	5.60e-02	2.36e-01	6.78e-01	2.86e-02	1.88e-04	2.77e-10	4.24e-13	9.41e-14	2.82e-04	6.07e-09	1.46e-29
 3.05165e+23	3.17e-10	2.92e-04	5.71e-02	2.37e-01	6.77e-01	2.84e-02	1.86e-04	3.17e-10	4.83e-13	1.07e-13	2.92e-04	6.23e-09	1.67e-29
