#depth	O	O+	O+2	O+3	O+4	O+5	O+6	O+7	O+8	O[1]	O[2]	O[3]
 6.17135e+19	3.95e-30	1.98e-23	4.09e-18	6.04e-14	1.81e-10	2.43e-07	1.74e-03	9.08e-02	9.07e-01	0.00e+00	0.00e+00	0.00e+00
 1.87609e+20	1.29e-29	5.55e-23	9.90e-18	1.27e-13	3.27e-10	3.68e-07	2.23e-03	1.02e-01	8.96e-01	0.00e+00	0.00e+00	0.00e+00
 2.83882e+20	3.10e-29	1.19e-22	1.91e-17	2.22e-13	5.08e-10	5.02e-07	2.69e-03	1.11e-01	8.86e-01	0.00e+00	0.00e+00	0.00e+00
 3.32478e+20	4.73e-29	1.72e-22	2.63e-17	2.90e-13	6.29e-10	5.83e-07	2.94e-03	1.16e-01	8.81e-01	0.00e+00	0.00e+00	0.00e+00
 3.58327e+20	5.88e-29	2.08e-22	3.10e-17	3.33e-13	7.01e-10	6.30e-07	3.08e-03	1.19e-01	8.78e-01	0.00e+00	0.00e+00	0.00e+00
 3.79820e+20	7.06e-29	2.44e-22	3.55e-17	3.74e-13	7.69e-10	6.72e-07	3.21e-03	1.21e-01	8.76e-01	0.00e+00	0.00e+00	0.00e+00
 4.07760e+20	8.97e-29	3.01e-22	4.25e-17	4.36e-13	8.68e-10	7.32e-07	3.38e-03	1.24e-01	8.73e-01	0.00e+00	0.00e+00	0.00e+00
 4.44081e+20	1.22e-28	3.93e-22	5.35e-17	5.29e-13	1.01e-09	8.16e-07	3.61e-03	1.28e-01	8.69e-01	0.00e+00	0.00e+00	0.00e+00
 4.81873e+20	1.67e-28	5.18e-22	6.78e-17	6.48e-13	1.19e-09	9.14e-07	3.86e-03	1.32e-01	8.64e-01	0.00e+00	0.00e+00	0.00e+00
 5.13082e+20	2.15e-28	6.46e-22	8.21e-17	7.62e-13	1.35e-09	1.00e-06	4.08e-03	1.35e-01	8.61e-01	0.00e+00	0.00e+00	0.00e+00
 5.45163e+20	2.78e-28	8.07e-22	9.95e-17	8.96e-13	1.54e-09	1.10e-06	4.31e-03	1.39e-01	8.57e-01	0.00e+00	0.00e+00	0.00e+00
 5.86867e+20	3.86e-28	1.08e-21	1.28e-16	1.11e-12	1.82e-09	1.24e-06	4.63e-03	1.43e-01	8.52e-01	0.00e+00	0.00e+00	0.00e+00
 6.28503e+20	5.36e-28	1.43e-21	1.63e-16	1.36e-12	2.15e-09	1.39e-06	4.97e-03	1.48e-01	8.47e-01	0.00e+00	0.00e+00	0.00e+00
 6.60217e+20	6.81e-28	1.76e-21	1.95e-16	1.59e-12	2.43e-09	1.52e-06	5.24e-03	1.51e-01	8.43e-01	0.00e+00	0.00e+00	0.00e+00
 6.91614e+20	8.59e-28	2.16e-21	2.33e-16	1.84e-12	2.74e-09	1.65e-06	5.51e-03	1.55e-01	8.40e-01	0.00e+00	0.00e+00	0.00e+00
 7.32430e+20	1.16e-27	2.80e-21	2.92e-16	2.23e-12	3.19e-09	1.84e-06	5.88e-03	1.60e-01	8.35e-01	0.00e+00	0.00e+00	0.00e+00
 7.73172e+20	1.56e-27	3.63e-21	3.65e-16	2.70e-12	3.72e-09	2.05e-06	6.27e-03	1.64e-01	8.29e-01	0.00e+00	0.00e+00	0.00e+00
 8.04276e+20	1.94e-27	4.39e-21	4.30e-16	3.11e-12	4.16e-09	2.22e-06	6.58e-03	1.68e-01	8.26e-01	0.00e+00	0.00e+00	0.00e+00
 8.35169e+20	2.39e-27	5.28e-21	5.04e-16	3.56e-12	4.64e-09	2.40e-06	6.89e-03	1.71e-01	8.22e-01	0.00e+00	0.00e+00	0.00e+00
 8.75330e+20	3.14e-27	6.69e-21	6.20e-16	4.24e-12	5.34e-09	2.65e-06	7.32e-03	1.76e-01	8.17e-01	0.00e+00	0.00e+00	0.00e+00
 9.18372e+20	4.19e-27	8.60e-21	7.71e-16	5.11e-12	6.20e-09	2.95e-06	7.79e-03	1.81e-01	8.11e-01	0.00e+00	0.00e+00	0.00e+00
 9.55619e+20	5.33e-27	1.06e-20	9.25e-16	5.97e-12	7.02e-09	3.22e-06	8.22e-03	1.85e-01	8.07e-01	0.00e+00	0.00e+00	0.00e+00
 9.94502e+20	6.81e-27	1.32e-20	1.11e-15	6.99e-12	7.97e-09	3.53e-06	8.68e-03	1.90e-01	8.02e-01	0.00e+00	0.00e+00	0.00e+00
 1.04505e+21	9.31e-27	1.73e-20	1.41e-15	8.57e-12	9.38e-09	3.96e-06	9.30e-03	1.96e-01	7.95e-01	0.00e+00	0.00e+00	0.00e+00
 1.09667e+21	1.28e-26	2.28e-20	1.79e-15	1.05e-11	1.11e-08	4.46e-06	9.96e-03	2.02e-01	7.88e-01	0.00e+00	0.00e+00	0.00e+00
 1.13778e+21	1.63e-26	2.82e-20	2.16e-15	1.23e-11	1.26e-08	4.88e-06	1.05e-02	2.06e-01	7.83e-01	0.00e+00	0.00e+00	0.00e+00
 1.17932e+21	2.06e-26	3.47e-20	2.58e-15	1.43e-11	1.42e-08	5.33e-06	1.11e-02	2.11e-01	7.78e-01	0.00e+00	0.00e+00	0.00e+00
 1.23332e+21	2.79e-26	4.52e-20	3.26e-15	1.75e-11	1.67e-08	5.97e-06	1.18e-02	2.17e-01	7.71e-01	0.00e+00	0.00e+00	0.00e+00
 1.28635e+21	3.76e-26	5.86e-20	4.08e-15	2.12e-11	1.95e-08	6.67e-06	1.26e-02	2.23e-01	7.64e-01	0.00e+00	0.00e+00	0.00e+00
 1.32563e+21	4.64e-26	7.05e-20	4.78e-15	2.43e-11	2.18e-08	7.21e-06	1.32e-02	2.28e-01	7.59e-01	0.00e+00	0.00e+00	0.00e+00
 1.36418e+21	5.67e-26	8.40e-20	5.58e-15	2.77e-11	2.42e-08	7.78e-06	1.38e-02	2.32e-01	7.54e-01	0.00e+00	0.00e+00	0.00e+00
 1.41430e+21	7.35e-26	1.06e-19	6.80e-15	3.28e-11	2.77e-08	8.58e-06	1.47e-02	2.38e-01	7.47e-01	0.00e+00	0.00e+00	0.00e+00
 1.46899e+21	9.72e-26	1.35e-19	8.42e-15	3.94e-11	3.21e-08	9.53e-06	1.56e-02	2.44e-01	7.40e-01	0.00e+00	0.00e+00	0.00e+00
 1.51782e+21	1.24e-25	1.67e-19	1.01e-14	4.62e-11	3.66e-08	1.04e-05	1.65e-02	2.50e-01	7.34e-01	0.00e+00	0.00e+00	0.00e+00
 1.56952e+21	1.59e-25	2.07e-19	1.23e-14	5.44e-11	4.17e-08	1.15e-05	1.74e-02	2.55e-01	7.27e-01	0.00e+00	0.00e+00	0.00e+00
 1.63673e+21	2.19e-25	2.74e-19	1.56e-14	6.70e-11	4.94e-08	1.29e-05	1.86e-02	2.63e-01	7.18e-01	0.00e+00	0.00e+00	0.00e+00
 1.70501e+21	3.01e-25	3.63e-19	2.00e-14	8.26e-11	5.85e-08	1.46e-05	2.00e-02	2.71e-01	7.09e-01	0.00e+00	0.00e+00	0.00e+00
 1.75916e+21	3.84e-25	4.50e-19	2.41e-14	9.70e-11	6.66e-08	1.60e-05	2.11e-02	2.76e-01	7.02e-01	0.00e+00	0.00e+00	0.00e+00
 1.81403e+21	4.89e-25	5.56e-19	2.89e-14	1.14e-10	7.57e-08	1.76e-05	2.22e-02	2.82e-01	6.95e-01	0.00e+00	0.00e+00	0.00e+00
 1.87548e+21	6.40e-25	7.04e-19	3.56e-14	1.36e-10	8.74e-08	1.94e-05	2.35e-02	2.89e-01	6.87e-01	0.00e+00	0.00e+00	0.00e+00
 1.93200e+21	8.14e-25	8.70e-19	4.28e-14	1.59e-10	9.94e-08	2.13e-05	2.48e-02	2.95e-01	6.80e-01	0.00e+00	0.00e+00	0.00e+00
 1.98365e+21	1.01e-24	1.05e-18	5.05e-14	1.83e-10	1.12e-07	2.31e-05	2.60e-02	3.01e-01	6.73e-01	0.00e+00	0.00e+00	0.00e+00
 2.04244e+21	1.28e-24	1.30e-18	6.08e-14	2.15e-10	1.27e-07	2.54e-05	2.74e-02	3.07e-01	6.66e-01	0.00e+00	0.00e+00	0.00e+00
 2.11887e+21	1.75e-24	1.70e-18	7.69e-14	2.63e-10	1.50e-07	2.85e-05	2.92e-02	3.15e-01	6.56e-01	0.00e+00	0.00e+00	0.00e+00
 2.19616e+21	2.38e-24	2.23e-18	9.74e-14	3.22e-10	1.76e-07	3.21e-05	3.12e-02	3.23e-01	6.46e-01	0.00e+00	0.00e+00	0.00e+00
 2.25464e+21	2.97e-24	2.72e-18	1.16e-13	3.74e-10	1.99e-07	3.49e-05	3.27e-02	3.29e-01	6.39e-01	0.00e+00	0.00e+00	0.00e+00
 2.31074e+21	3.67e-24	3.27e-18	1.36e-13	4.29e-10	2.23e-07	3.78e-05	3.42e-02	3.34e-01	6.32e-01	0.00e+00	0.00e+00	0.00e+00
 2.38367e+21	4.81e-24	4.14e-18	1.68e-13	5.13e-10	2.57e-07	4.19e-05	3.62e-02	3.41e-01	6.23e-01	0.00e+00	0.00e+00	0.00e+00
 2.46123e+21	6.39e-24	5.33e-18	2.09e-13	6.20e-10	3.00e-07	4.67e-05	3.85e-02	3.49e-01	6.13e-01	0.00e+00	0.00e+00	0.00e+00
 2.52241e+21	7.98e-24	6.48e-18	2.48e-13	7.18e-10	3.38e-07	5.09e-05	4.03e-02	3.55e-01	6.05e-01	0.00e+00	0.00e+00	0.00e+00
 2.57047e+21	9.42e-24	7.49e-18	2.81e-13	8.00e-10	3.70e-07	5.42e-05	4.17e-02	3.59e-01	5.99e-01	0.00e+00	0.00e+00	0.00e+00
 2.62388e+21	1.13e-23	8.79e-18	3.24e-13	9.03e-10	4.07e-07	5.80e-05	4.33e-02	3.64e-01	5.93e-01	0.00e+00	0.00e+00	0.00e+00
 2.69331e+21	1.43e-23	1.08e-17	3.88e-13	1.06e-09	4.63e-07	6.35e-05	4.55e-02	3.70e-01	5.84e-01	0.00e+00	0.00e+00	0.00e+00
 2.76876e+21	1.85e-23	1.35e-17	4.72e-13	1.25e-09	5.31e-07	7.00e-05	4.79e-02	3.77e-01	5.75e-01	0.00e+00	0.00e+00	0.00e+00
 2.83416e+21	2.27e-23	1.63e-17	5.54e-13	1.43e-09	5.92e-07	7.57e-05	5.00e-02	3.83e-01	5.67e-01	0.00e+00	0.00e+00	0.00e+00
 2.90131e+21	2.82e-23	1.96e-17	6.53e-13	1.65e-09	6.65e-07	8.21e-05	5.23e-02	3.88e-01	5.59e-01	0.00e+00	0.00e+00	0.00e+00
 2.98859e+21	3.73e-23	2.51e-17	8.12e-13	1.99e-09	7.74e-07	9.14e-05	5.53e-02	3.96e-01	5.49e-01	0.00e+00	0.00e+00	0.00e+00
 3.07759e+21	4.91e-23	3.21e-17	1.00e-12	2.39e-09	8.98e-07	1.01e-04	5.84e-02	4.03e-01	5.38e-01	0.00e+00	0.00e+00	0.00e+00
 3.14654e+21	6.04e-23	3.85e-17	1.18e-12	2.74e-09	1.00e-06	1.10e-04	6.09e-02	4.08e-01	5.31e-01	0.00e+00	0.00e+00	0.00e+00
 3.20391e+21	7.17e-23	4.48e-17	1.34e-12	3.07e-09	1.10e-06	1.17e-04	6.30e-02	4.13e-01	5.24e-01	0.00e+00	0.00e+00	0.00e+00
 3.26848e+21	8.65e-23	5.28e-17	1.55e-12	3.47e-09	1.22e-06	1.26e-04	6.54e-02	4.18e-01	5.17e-01	0.00e+00	0.00e+00	0.00e+00
 3.35242e+21	1.10e-22	6.51e-17	1.87e-12	4.06e-09	1.38e-06	1.37e-04	6.85e-02	4.24e-01	5.07e-01	0.00e+00	0.00e+00	0.00e+00
 3.44000e+21	1.41e-22	8.11e-17	2.26e-12	4.78e-09	1.58e-06	1.51e-04	7.19e-02	4.30e-01	4.98e-01	0.00e+00	0.00e+00	0.00e+00
 3.51103e+21	1.71e-22	9.63e-17	2.63e-12	5.44e-09	1.75e-06	1.62e-04	7.47e-02	4.35e-01	4.90e-01	0.00e+00	0.00e+00	0.00e+00
 3.58209e+21	2.08e-22	1.14e-16	3.05e-12	6.18e-09	1.94e-06	1.74e-04	7.75e-02	4.40e-01	4.83e-01	0.00e+00	0.00e+00	0.00e+00
 3.67447e+21	2.66e-22	1.42e-16	3.69e-12	7.27e-09	2.21e-06	1.91e-04	8.13e-02	4.46e-01	4.73e-01	0.00e+00	0.00e+00	0.00e+00
 3.77186e+21	3.43e-22	1.77e-16	4.48e-12	8.59e-09	2.53e-06	2.10e-04	8.53e-02	4.52e-01	4.63e-01	0.00e+00	0.00e+00	0.00e+00
 3.85329e+21	4.22e-22	2.13e-16	5.26e-12	9.85e-09	2.83e-06	2.27e-04	8.88e-02	4.57e-01	4.54e-01	0.00e+00	0.00e+00	0.00e+00
 3.93671e+21	5.20e-22	2.56e-16	6.17e-12	1.13e-08	3.16e-06	2.45e-04	9.23e-02	4.61e-01	4.46e-01	0.00e+00	0.00e+00	0.00e+00
 4.04515e+21	6.75e-22	3.22e-16	7.53e-12	1.34e-08	3.62e-06	2.70e-04	9.70e-02	4.67e-01	4.35e-01	0.00e+00	0.00e+00	0.00e+00
 4.15952e+21	8.96e-22	4.13e-16	9.38e-12	1.61e-08	4.21e-06	3.00e-04	1.02e-01	4.73e-01	4.24e-01	0.00e+00	0.00e+00	0.00e+00
 4.25074e+21	1.11e-21	5.00e-16	1.11e-11	1.86e-08	4.73e-06	3.25e-04	1.06e-01	4.78e-01	4.16e-01	0.00e+00	0.00e+00	0.00e+00
 4.32684e+21	1.33e-21	5.85e-16	1.27e-11	2.09e-08	5.19e-06	3.47e-04	1.10e-01	4.82e-01	4.08e-01	0.00e+00	0.00e+00	0.00e+00
 4.41419e+21	1.62e-21	6.95e-16	1.48e-11	2.37e-08	5.76e-06	3.73e-04	1.14e-01	4.85e-01	4.00e-01	0.00e+00	0.00e+00	0.00e+00
 4.52773e+21	2.09e-21	8.70e-16	1.80e-11	2.81e-08	6.58e-06	4.09e-04	1.19e-01	4.90e-01	3.90e-01	0.00e+00	0.00e+00	0.00e+00
 4.64778e+21	2.73e-21	1.10e-15	2.21e-11	3.34e-08	7.59e-06	4.52e-04	1.25e-01	4.95e-01	3.79e-01	0.00e+00	0.00e+00	0.00e+00
 4.74613e+21	3.38e-21	1.33e-15	2.60e-11	3.85e-08	8.49e-06	4.88e-04	1.30e-01	4.99e-01	3.71e-01	0.00e+00	0.00e+00	0.00e+00
 4.84382e+21	4.15e-21	1.59e-15	3.04e-11	4.40e-08	9.45e-06	5.26e-04	1.35e-01	5.02e-01	3.62e-01	0.00e+00	0.00e+00	0.00e+00
 4.97082e+21	5.39e-21	2.00e-15	3.71e-11	5.21e-08	1.08e-05	5.78e-04	1.41e-01	5.07e-01	3.52e-01	0.00e+00	0.00e+00	0.00e+00
 5.10585e+21	7.15e-21	2.57e-15	4.61e-11	6.27e-08	1.26e-05	6.41e-04	1.48e-01	5.11e-01	3.40e-01	0.00e+00	0.00e+00	0.00e+00
 5.21922e+21	8.95e-21	3.12e-15	5.47e-11	7.25e-08	1.41e-05	6.95e-04	1.54e-01	5.14e-01	3.31e-01	0.00e+00	0.00e+00	0.00e+00
 5.33446e+21	1.12e-20	3.80e-15	6.49e-11	8.38e-08	1.59e-05	7.53e-04	1.60e-01	5.17e-01	3.22e-01	0.00e+00	0.00e+00	0.00e+00
 5.48428e+21	1.49e-20	4.90e-15	8.10e-11	1.01e-07	1.85e-05	8.36e-04	1.68e-01	5.20e-01	3.11e-01	0.00e+00	0.00e+00	0.00e+00
 5.63888e+21	2.00e-20	6.34e-15	1.01e-10	1.23e-07	2.16e-05	9.31e-04	1.77e-01	5.23e-01	2.99e-01	0.00e+00	0.00e+00	0.00e+00
 5.75310e+21	2.47e-20	7.61e-15	1.19e-10	1.41e-07	2.41e-05	1.00e-03	1.83e-01	5.25e-01	2.90e-01	0.00e+00	0.00e+00	0.00e+00
 5.83926e+21	2.88e-20	8.71e-15	1.34e-10	1.56e-07	2.62e-05	1.06e-03	1.88e-01	5.26e-01	2.84e-01	0.00e+00	0.00e+00	0.00e+00
 5.93555e+21	3.41e-20	1.01e-14	1.52e-10	1.74e-07	2.86e-05	1.13e-03	1.94e-01	5.28e-01	2.77e-01	0.00e+00	0.00e+00	0.00e+00
 6.06072e+21	4.24e-20	1.22e-14	1.80e-10	2.00e-07	3.21e-05	1.22e-03	2.01e-01	5.29e-01	2.69e-01	0.00e+00	0.00e+00	0.00e+00
 6.19924e+21	5.37e-20	1.51e-14	2.16e-10	2.34e-07	3.64e-05	1.33e-03	2.09e-01	5.30e-01	2.59e-01	0.00e+00	0.00e+00	0.00e+00
 6.32501e+21	6.62e-20	1.81e-14	2.54e-10	2.68e-07	4.06e-05	1.44e-03	2.17e-01	5.31e-01	2.51e-01	0.00e+00	0.00e+00	0.00e+00
 6.44087e+21	7.99e-20	2.13e-14	2.93e-10	3.03e-07	4.48e-05	1.54e-03	2.24e-01	5.31e-01	2.43e-01	0.00e+00	0.00e+00	0.00e+00
 6.57393e+21	9.88e-20	2.57e-14	3.45e-10	3.49e-07	5.02e-05	1.66e-03	2.32e-01	5.31e-01	2.35e-01	0.00e+00	0.00e+00	0.00e+00
 6.74692e+21	1.29e-19	3.25e-14	4.24e-10	4.16e-07	5.79e-05	1.83e-03	2.43e-01	5.31e-01	2.24e-01	0.00e+00	0.00e+00	0.00e+00
 6.92205e+21	1.69e-19	4.12e-14	5.21e-10	4.97e-07	6.70e-05	2.02e-03	2.54e-01	5.30e-01	2.14e-01	0.00e+00	0.00e+00	0.00e+00
 7.05772e+21	2.06e-19	4.91e-14	6.09e-10	5.68e-07	7.46e-05	2.18e-03	2.62e-01	5.29e-01	2.06e-01	0.00e+00	0.00e+00	0.00e+00
 7.19183e+21	2.50e-19	5.80e-14	7.05e-10	6.44e-07	8.26e-05	2.33e-03	2.71e-01	5.28e-01	1.99e-01	0.00e+00	0.00e+00	0.00e+00
 7.36616e+21	3.19e-19	7.19e-14	8.51e-10	7.58e-07	9.42e-05	2.56e-03	2.82e-01	5.26e-01	1.90e-01	0.00e+00	0.00e+00	0.00e+00
 7.55215e+21	4.11e-19	9.00e-14	1.04e-09	9.00e-07	1.08e-04	2.82e-03	2.94e-01	5.23e-01	1.80e-01	0.00e+00	0.00e+00	0.00e+00
 7.71071e+21	5.07e-19	1.08e-13	1.22e-09	1.04e-06	1.22e-04	3.05e-03	3.04e-01	5.21e-01	1.72e-01	0.00e+00	0.00e+00	0.00e+00
 7.87425e+21	6.24e-19	1.30e-13	1.44e-09	1.19e-06	1.36e-04	3.29e-03	3.15e-01	5.18e-01	1.64e-01	0.00e+00	0.00e+00	0.00e+00
 8.08687e+21	8.10e-19	1.64e-13	1.76e-09	1.42e-06	1.58e-04	3.64e-03	3.29e-01	5.13e-01	1.55e-01	0.00e+00	0.00e+00	0.00e+00
 8.30598e+21	1.05e-18	2.06e-13	2.17e-09	1.71e-06	1.84e-04	4.04e-03	3.43e-01	5.08e-01	1.45e-01	0.00e+00	0.00e+00	0.00e+00
 8.46831e+21	1.27e-18	2.44e-13	2.52e-09	1.95e-06	2.05e-04	4.36e-03	3.54e-01	5.03e-01	1.38e-01	0.00e+00	0.00e+00	0.00e+00
 8.59121e+21	1.46e-18	2.75e-13	2.81e-09	2.14e-06	2.21e-04	4.59e-03	3.62e-01	5.00e-01	1.33e-01	0.00e+00	0.00e+00	0.00e+00
 8.72812e+21	1.69e-18	3.13e-13	3.16e-09	2.37e-06	2.41e-04	4.87e-03	3.71e-01	4.96e-01	1.28e-01	0.00e+00	0.00e+00	0.00e+00
 8.90610e+21	2.03e-18	3.70e-13	3.67e-09	2.71e-06	2.69e-04	5.25e-03	3.82e-01	4.91e-01	1.22e-01	0.00e+00	0.00e+00	0.00e+00
 9.10502e+21	2.49e-18	4.43e-13	4.33e-09	3.13e-06	3.03e-04	5.71e-03	3.95e-01	4.84e-01	1.15e-01	0.00e+00	0.00e+00	0.00e+00
 9.28829e+21	2.98e-18	5.19e-13	5.00e-09	3.57e-06	3.38e-04	6.15e-03	4.07e-01	4.78e-01	1.09e-01	0.00e+00	0.00e+00	0.00e+00
 9.45674e+21	3.49e-18	5.98e-13	5.69e-09	4.00e-06	3.72e-04	6.57e-03	4.17e-01	4.72e-01	1.03e-01	0.00e+00	0.00e+00	0.00e+00
 9.64880e+21	4.15e-18	6.99e-13	6.56e-09	4.54e-06	4.13e-04	7.07e-03	4.29e-01	4.66e-01	9.76e-02	0.00e+00	0.00e+00	0.00e+00
 9.89847e+21	5.15e-18	8.47e-13	7.84e-09	5.33e-06	4.73e-04	7.76e-03	4.44e-01	4.57e-01	9.06e-02	0.00e+00	0.00e+00	0.00e+00
 1.01502e+22	6.33e-18	1.02e-12	9.35e-09	6.26e-06	5.41e-04	8.53e-03	4.60e-01	4.47e-01	8.40e-02	0.00e+00	0.00e+00	0.00e+00
 1.03437e+22	7.38e-18	1.17e-12	1.06e-08	7.03e-06	5.96e-04	9.13e-03	4.71e-01	4.40e-01	7.93e-02	0.00e+00	0.00e+00	0.00e+00
 1.05343e+22	8.52e-18	1.34e-12	1.20e-08	7.84e-06	6.53e-04	9.73e-03	4.82e-01	4.33e-01	7.50e-02	0.00e+00	0.00e+00	0.00e+00
 1.07820e+22	1.02e-17	1.57e-12	1.40e-08	9.01e-06	7.34e-04	1.06e-02	4.96e-01	4.23e-01	6.98e-02	0.00e+00	0.00e+00	0.00e+00
 1.10456e+22	1.22e-17	1.86e-12	1.64e-08	1.04e-05	8.29e-04	1.15e-02	5.10e-01	4.13e-01	6.45e-02	0.00e+00	0.00e+00	0.00e+00
 1.12683e+22	1.41e-17	2.12e-12	1.86e-08	1.17e-05	9.15e-04	1.23e-02	5.22e-01	4.04e-01	6.05e-02	0.00e+00	0.00e+00	0.00e+00
 1.14961e+22	1.63e-17	2.42e-12	2.11e-08	1.32e-05	1.01e-03	1.32e-02	5.34e-01	3.95e-01	5.67e-02	0.00e+00	0.00e+00	0.00e+00
 1.17922e+22	1.94e-17	2.85e-12	2.46e-08	1.52e-05	1.14e-03	1.44e-02	5.48e-01	3.84e-01	5.21e-02	0.00e+00	0.00e+00	0.00e+00
 1.20952e+22	2.31e-17	3.35e-12	2.88e-08	1.76e-05	1.28e-03	1.57e-02	5.63e-01	3.73e-01	4.78e-02	2.31e-17	6.94e-24	7.18e-24
 1.23344e+22	2.63e-17	3.78e-12	3.24e-08	1.96e-05	1.40e-03	1.67e-02	5.73e-01	3.64e-01	4.47e-02	2.63e-17	6.54e-23	7.77e-23
 1.25388e+22	2.94e-17	4.19e-12	3.57e-08	2.15e-05	1.51e-03	1.76e-02	5.82e-01	3.56e-01	4.22e-02	2.94e-17	7.14e-23	8.48e-23
 1.27704e+22	3.30e-17	4.67e-12	3.98e-08	2.37e-05	1.64e-03	1.86e-02	5.92e-01	3.48e-01	3.97e-02	3.30e-17	7.86e-23	9.33e-23
 1.30716e+22	3.82e-17	5.36e-12	4.55e-08	2.69e-05	1.82e-03	2.01e-02	6.04e-01	3.38e-01	3.66e-02	3.82e-17	8.80e-23	1.04e-22
 1.33669e+22	4.39e-17	6.12e-12	5.18e-08	3.04e-05	2.01e-03	2.15e-02	6.15e-01	3.27e-01	3.37e-02	4.39e-17	9.69e-23	1.15e-22
 1.35831e+22	4.85e-17	6.73e-12	5.68e-08	3.32e-05	2.15e-03	2.26e-02	6.23e-01	3.20e-01	3.19e-02	4.85e-17	1.05e-22	1.24e-22
 1.37925e+22	5.33e-17	7.35e-12	6.19e-08	3.59e-05	2.30e-03	2.37e-02	6.30e-01	3.13e-01	3.02e-02	5.33e-17	1.13e-22	1.34e-22
 1.40648e+22	5.98e-17	8.21e-12	6.90e-08	3.98e-05	2.49e-03	2.51e-02	6.40e-01	3.05e-01	2.81e-02	5.98e-17	1.24e-22	1.47e-22
 1.43622e+22	6.76e-17	9.24e-12	7.76e-08	4.44e-05	2.72e-03	2.67e-02	6.49e-01	2.95e-01	2.61e-02	6.76e-17	1.35e-22	1.60e-22
 1.46269e+22	7.53e-17	1.02e-11	8.60e-08	4.89e-05	2.94e-03	2.82e-02	6.57e-01	2.87e-01	2.44e-02	7.53e-17	1.47e-22	1.74e-22
 1.49059e+22	8.41e-17	1.14e-11	9.54e-08	5.38e-05	3.17e-03	2.97e-02	6.65e-01	2.79e-01	2.28e-02	8.41e-17	1.60e-22	1.89e-22
 1.52685e+22	9.64e-17	1.30e-11	1.09e-07	6.09e-05	3.49e-03	3.19e-02	6.75e-01	2.69e-01	2.08e-02	9.64e-17	1.77e-22	2.10e-22
 1.56367e+22	1.10e-16	1.48e-11	1.24e-07	6.89e-05	3.84e-03	3.41e-02	6.84e-01	2.59e-01	1.90e-02	1.10e-16	1.95e-22	2.30e-22
 1.59260e+22	1.22e-16	1.64e-11	1.37e-07	7.57e-05	4.13e-03	3.60e-02	6.91e-01	2.51e-01	1.77e-02	1.22e-16	2.10e-22	2.48e-22
 1.62162e+22	1.36e-16	1.82e-11	1.51e-07	8.28e-05	4.42e-03	3.77e-02	6.97e-01	2.44e-01	1.66e-02	1.36e-16	2.29e-22	2.71e-22
 1.65935e+22	1.54e-16	2.06e-11	1.71e-07	9.29e-05	4.83e-03	4.01e-02	7.05e-01	2.35e-01	1.52e-02	1.54e-16	2.52e-22	2.97e-22
 1.69936e+22	1.76e-16	2.34e-11	1.95e-07	1.05e-04	5.29e-03	4.28e-02	7.12e-01	2.26e-01	1.39e-02	1.76e-16	2.76e-22	3.25e-22
 1.73298e+22	1.96e-16	2.61e-11	2.17e-07	1.16e-04	5.70e-03	4.52e-02	7.18e-01	2.18e-01	1.29e-02	1.96e-16	2.99e-22	3.52e-22
 1.76734e+22	2.19e-16	2.90e-11	2.41e-07	1.27e-04	6.12e-03	4.75e-02	7.24e-01	2.11e-01	1.19e-02	2.19e-16	3.26e-22	3.84e-22
 1.81199e+22	2.50e-16	3.32e-11	2.76e-07	1.44e-04	6.70e-03	5.07e-02	7.30e-01	2.02e-01	1.08e-02	2.50e-16	3.60e-22	4.24e-22
 1.85808e+22	2.87e-16	3.81e-11	3.16e-07	1.63e-04	7.35e-03	5.41e-02	7.36e-01	1.93e-01	9.81e-03	2.87e-16	3.95e-22	4.65e-22
 1.89516e+22	3.19e-16	4.24e-11	3.52e-07	1.80e-04	7.89e-03	5.70e-02	7.40e-01	1.86e-01	9.06e-03	3.19e-16	4.26e-22	5.02e-22
 1.93249e+22	3.57e-16	4.74e-11	3.92e-07	1.98e-04	8.45e-03	5.97e-02	7.44e-01	1.79e-01	8.40e-03	3.57e-16	4.67e-22	5.50e-22
 1.98102e+22	4.07e-16	5.42e-11	4.48e-07	2.24e-04	9.21e-03	6.35e-02	7.48e-01	1.71e-01	7.61e-03	4.07e-16	5.15e-22	6.07e-22
 2.03241e+22	4.69e-16	6.25e-11	5.16e-07	2.54e-04	1.01e-02	6.77e-02	7.52e-01	1.63e-01	6.86e-03	4.69e-16	5.68e-22	6.68e-22
 2.07565e+22	5.24e-16	7.01e-11	5.78e-07	2.82e-04	1.08e-02	7.13e-02	7.55e-01	1.56e-01	6.29e-03	5.24e-16	6.15e-22	7.23e-22
 2.11102e+22	5.78e-16	7.74e-11	6.35e-07	3.06e-04	1.15e-02	7.42e-02	7.57e-01	1.51e-01	5.88e-03	5.78e-16	6.64e-22	7.80e-22
 2.14798e+22	6.38e-16	8.54e-11	6.98e-07	3.32e-04	1.22e-02	7.73e-02	7.59e-01	1.46e-01	5.48e-03	6.38e-16	7.18e-22	8.44e-22
 2.19603e+22	7.18e-16	9.66e-11	7.88e-07	3.70e-04	1.31e-02	8.14e-02	7.60e-01	1.40e-01	5.01e-03	7.18e-16	7.84e-22	9.22e-22
 2.24612e+22	8.14e-16	1.10e-10	8.93e-07	4.13e-04	1.41e-02	8.58e-02	7.62e-01	1.33e-01	4.55e-03	8.14e-16	8.55e-22	1.00e-21
 2.28738e+22	9.03e-16	1.22e-10	9.89e-07	4.51e-04	1.50e-02	8.95e-02	7.62e-01	1.28e-01	4.22e-03	9.03e-16	9.24e-22	1.09e-21
 2.32955e+22	9.99e-16	1.36e-10	1.09e-06	4.91e-04	1.59e-02	9.32e-02	7.63e-01	1.24e-01	3.92e-03	9.99e-16	1.00e-21	1.18e-21
 2.38436e+22	1.14e-15	1.55e-10	1.24e-06	5.49e-04	1.71e-02	9.82e-02	7.63e-01	1.18e-01	3.55e-03	1.14e-15	1.10e-21	1.30e-21
 2.44200e+22	1.30e-15	1.78e-10	1.42e-06	6.16e-04	1.85e-02	1.04e-01	7.62e-01	1.12e-01	3.21e-03	1.30e-15	1.22e-21	1.43e-21
 2.48986e+22	1.46e-15	2.01e-10	1.59e-06	6.76e-04	1.97e-02	1.08e-01	7.61e-01	1.07e-01	2.95e-03	1.46e-15	1.33e-21	1.56e-21
 2.53862e+22	1.63e-15	2.25e-10	1.77e-06	7.40e-04	2.09e-02	1.13e-01	7.60e-01	1.03e-01	2.72e-03	1.63e-15	1.45e-21	1.70e-21
 2.60201e+22	1.88e-15	2.61e-10	2.03e-06	8.30e-04	2.26e-02	1.18e-01	7.58e-01	9.75e-02	2.45e-03	1.88e-15	1.62e-21	1.90e-21
 2.66791e+22	2.18e-15	3.04e-10	2.35e-06	9.35e-04	2.44e-02	1.25e-01	7.56e-01	9.21e-02	2.20e-03	2.18e-15	1.80e-21	2.11e-21
 2.72153e+22	2.46e-15	3.45e-10	2.64e-06	1.03e-03	2.59e-02	1.30e-01	7.53e-01	8.81e-02	2.02e-03	2.46e-15	1.98e-21	2.32e-21
 2.77569e+22	2.77e-15	3.90e-10	2.95e-06	1.12e-03	2.75e-02	1.35e-01	7.50e-01	8.43e-02	1.85e-03	2.77e-15	2.19e-21	2.56e-21
 2.84609e+22	3.23e-15	4.56e-10	3.40e-06	1.26e-03	2.95e-02	1.42e-01	7.46e-01	7.96e-02	1.67e-03	3.23e-15	2.46e-21	2.88e-21
 2.92057e+22	3.79e-15	5.38e-10	3.96e-06	1.42e-03	3.19e-02	1.49e-01	7.41e-01	7.49e-02	1.49e-03	3.79e-15	2.77e-21	3.25e-21
 2.98304e+22	4.34e-15	6.19e-10	4.48e-06	1.57e-03	3.39e-02	1.55e-01	7.37e-01	7.13e-02	1.35e-03	4.34e-15	3.09e-21	3.62e-21
 3.04693e+22	4.97e-15	7.09e-10	5.06e-06	1.73e-03	3.60e-02	1.61e-01	7.32e-01	6.78e-02	1.23e-03	4.97e-15	3.45e-21	4.05e-21
 3.13000e+22	5.90e-15	8.45e-10	5.91e-06	1.95e-03	3.89e-02	1.69e-01	7.25e-01	6.36e-02	1.10e-03	5.90e-15	3.96e-21	4.64e-21
 3.21771e+22	7.08e-15	1.02e-09	6.97e-06	2.21e-03	4.20e-02	1.77e-01	7.18e-01	5.95e-02	9.68e-04	7.08e-15	4.56e-21	5.34e-21
 3.29137e+22	8.27e-15	1.19e-09	7.98e-06	2.45e-03	4.48e-02	1.84e-01	7.11e-01	5.63e-02	8.75e-04	8.27e-15	5.16e-21	6.05e-21
 3.36702e+22	9.63e-15	1.39e-09	9.11e-06	2.71e-03	4.76e-02	1.91e-01	7.04e-01	5.32e-02	7.91e-04	9.63e-15	5.87e-21	6.88e-21
 3.46538e+22	1.17e-14	1.69e-09	1.08e-05	3.08e-03	5.15e-02	2.00e-01	6.95e-01	4.96e-02	6.97e-04	1.17e-14	6.91e-21	8.09e-21
 3.55920e+22	1.41e-14	2.04e-09	1.27e-05	3.47e-03	5.53e-02	2.09e-01	6.85e-01	4.63e-02	6.15e-04	1.41e-14	7.96e-21	9.32e-21
 3.62374e+22	1.61e-14	2.31e-09	1.41e-05	3.76e-03	5.80e-02	2.15e-01	6.79e-01	4.42e-02	5.68e-04	1.61e-14	8.90e-21	1.04e-20
 3.68426e+22	1.81e-14	2.59e-09	1.55e-05	4.03e-03	6.05e-02	2.20e-01	6.73e-01	4.24e-02	5.27e-04	1.81e-14	9.84e-21	1.15e-20
 3.76293e+22	2.10e-14	3.00e-09	1.76e-05	4.42e-03	6.40e-02	2.27e-01	6.64e-01	4.01e-02	4.78e-04	2.10e-14	1.11e-20	1.30e-20
 3.86521e+22	2.54e-14	3.62e-09	2.05e-05	4.96e-03	6.85e-02	2.35e-01	6.53e-01	3.75e-02	4.24e-04	2.54e-14	1.30e-20	1.53e-20
 3.97141e+22	3.11e-14	4.40e-09	2.41e-05	5.57e-03	7.33e-02	2.44e-01	6.42e-01	3.49e-02	3.74e-04	3.11e-14	1.53e-20	1.79e-20
 4.05900e+22	3.66e-14	5.14e-09	2.75e-05	6.11e-03	7.74e-02	2.51e-01	6.32e-01	3.29e-02	3.38e-04	3.66e-14	1.76e-20	2.06e-20
 4.14916e+22	4.29e-14	6.00e-09	3.12e-05	6.70e-03	8.17e-02	2.58e-01	6.22e-01	3.10e-02	3.06e-04	4.29e-14	2.02e-20	2.36e-20
 4.26637e+22	5.27e-14	7.29e-09	3.66e-05	7.51e-03	8.73e-02	2.67e-01	6.09e-01	2.88e-02	2.69e-04	5.27e-14	2.40e-20	2.81e-20
 4.38639e+22	6.52e-14	8.91e-09	4.32e-05	8.44e-03	9.34e-02	2.76e-01	5.96e-01	2.66e-02	2.36e-04	6.52e-14	2.86e-20	3.34e-20
 4.48135e+22	7.70e-14	1.04e-08	4.88e-05	9.21e-03	9.82e-02	2.82e-01	5.85e-01	2.51e-02	2.13e-04	7.70e-14	3.29e-20	3.85e-20
 4.57607e+22	9.02e-14	1.21e-08	5.51e-05	1.00e-02	1.03e-01	2.88e-01	5.75e-01	2.37e-02	1.94e-04	9.02e-14	3.78e-20	4.42e-20
 4.69921e+22	1.10e-13	1.45e-08	6.41e-05	1.11e-02	1.09e-01	2.96e-01	5.61e-01	2.20e-02	1.71e-04	1.10e-13	4.48e-20	5.24e-20
 4.83168e+22	1.37e-13	1.77e-08	7.52e-05	1.25e-02	1.16e-01	3.04e-01	5.46e-01	2.03e-02	1.50e-04	1.37e-13	5.38e-20	6.28e-20
 4.94804e+22	1.64e-13	2.10e-08	8.61e-05	1.37e-02	1.23e-01	3.11e-01	5.33e-01	1.90e-02	1.34e-04	1.64e-13	6.29e-20	7.34e-20
 5.07106e+22	1.98e-13	2.48e-08	9.86e-05	1.50e-02	1.29e-01	3.18e-01	5.20e-01	1.77e-02	1.19e-04	1.98e-13	7.39e-20	8.64e-20
 5.23099e+22	2.50e-13	3.07e-08	1.17e-04	1.69e-02	1.38e-01	3.25e-01	5.04e-01	1.61e-02	1.03e-04	2.50e-13	9.05e-20	1.06e-19
 5.39828e+22	3.20e-13	3.82e-08	1.39e-04	1.90e-02	1.47e-01	3.33e-01	4.86e-01	1.47e-02	8.82e-05	3.20e-13	1.11e-19	1.30e-19
 5.53647e+22	3.90e-13	4.56e-08	1.60e-04	2.09e-02	1.55e-01	3.39e-01	4.72e-01	1.36e-02	7.79e-05	3.90e-13	1.32e-19	1.54e-19
 5.67744e+22	4.71e-13	5.38e-08	1.83e-04	2.29e-02	1.62e-01	3.44e-01	4.58e-01	1.26e-02	6.92e-05	4.71e-13	1.56e-19	1.82e-19
 5.86070e+22	5.98e-13	6.64e-08	2.16e-04	2.56e-02	1.72e-01	3.50e-01	4.40e-01	1.15e-02	5.94e-05	5.98e-13	1.92e-19	2.24e-19
 6.05864e+22	7.74e-13	8.31e-08	2.57e-04	2.88e-02	1.83e-01	3.56e-01	4.21e-01	1.03e-02	5.03e-05	7.74e-13	2.39e-19	2.79e-19
 6.22935e+22	9.57e-13	9.98e-08	2.98e-04	3.17e-02	1.93e-01	3.61e-01	4.05e-01	9.43e-03	4.38e-05	9.57e-13	2.88e-19	3.35e-19
 6.40495e+22	1.18e-12	1.19e-07	3.43e-04	3.48e-02	2.02e-01	3.64e-01	3.90e-01	8.64e-03	3.82e-05	1.18e-12	3.46e-19	4.02e-19
 6.63323e+22	1.53e-12	1.49e-07	4.08e-04	3.90e-02	2.14e-01	3.68e-01	3.71e-01	7.74e-03	3.23e-05	1.53e-12	4.34e-19	5.04e-19
 6.87642e+22	2.02e-12	1.89e-07	4.90e-04	4.39e-02	2.27e-01	3.71e-01	3.51e-01	6.86e-03	2.68e-05	2.02e-12	5.51e-19	6.39e-19
 7.08143e+22	2.52e-12	2.28e-07	5.66e-04	4.82e-02	2.37e-01	3.73e-01	3.35e-01	6.21e-03	2.31e-05	2.52e-12	6.70e-19	7.77e-19
 7.29036e+22	3.13e-12	2.72e-07	6.49e-04	5.26e-02	2.47e-01	3.74e-01	3.20e-01	5.65e-03	2.00e-05	3.13e-12	8.09e-19	9.39e-19
 7.56198e+22	4.08e-12	3.40e-07	7.69e-04	5.86e-02	2.60e-01	3.74e-01	3.02e-01	5.01e-03	1.67e-05	4.08e-12	1.02e-18	1.18e-18
 7.84151e+22	5.38e-12	4.27e-07	9.13e-04	6.54e-02	2.73e-01	3.74e-01	2.83e-01	4.40e-03	1.38e-05	5.38e-12	1.29e-18	1.50e-18
 8.06877e+22	6.63e-12	5.06e-07	1.04e-03	7.09e-02	2.83e-01	3.72e-01	2.69e-01	3.99e-03	1.19e-05	6.63e-12	1.55e-18	1.80e-18
 8.30165e+22	8.10e-12	5.95e-07	1.18e-03	7.65e-02	2.92e-01	3.71e-01	2.56e-01	3.62e-03	1.03e-05	8.10e-12	1.85e-18	2.14e-18
 8.60439e+22	1.04e-11	7.26e-07	1.37e-03	8.39e-02	3.04e-01	3.68e-01	2.40e-01	3.21e-03	8.66e-06	1.04e-11	2.29e-18	2.65e-18
 8.95719e+22	1.37e-11	9.11e-07	1.62e-03	9.30e-02	3.17e-01	3.63e-01	2.22e-01	2.78e-03	7.04e-06	1.37e-11	2.91e-18	3.36e-18
 9.29990e+22	1.79e-11	1.13e-06	1.90e-03	1.02e-01	3.29e-01	3.58e-01	2.06e-01	2.43e-03	5.78e-06	1.79e-11	3.66e-18	4.23e-18
 9.58606e+22	2.20e-11	1.33e-06	2.14e-03	1.10e-01	3.38e-01	3.54e-01	1.94e-01	2.18e-03	4.94e-06	2.20e-11	4.38e-18	5.06e-18
 9.87385e+22	2.68e-11	1.55e-06	2.40e-03	1.18e-01	3.46e-01	3.49e-01	1.83e-01	1.96e-03	4.26e-06	2.68e-11	5.18e-18	5.98e-18
 1.02434e+23	3.39e-11	1.86e-06	2.75e-03	1.27e-01	3.56e-01	3.42e-01	1.70e-01	1.73e-03	3.55e-06	3.39e-11	6.31e-18	7.29e-18
 1.06477e+23	4.37e-11	2.27e-06	3.19e-03	1.39e-01	3.65e-01	3.35e-01	1.57e-01	1.50e-03	2.90e-06	4.37e-11	7.82e-18	9.03e-18
 1.10160e+23	5.46e-11	2.69e-06	3.62e-03	1.49e-01	3.73e-01	3.27e-01	1.46e-01	1.32e-03	2.43e-06	5.46e-11	9.45e-18	1.09e-17
 1.13568e+23	6.60e-11	3.11e-06	4.03e-03	1.58e-01	3.80e-01	3.20e-01	1.37e-01	1.18e-03	2.09e-06	6.60e-11	1.11e-17	1.28e-17
 1.17479e+23	8.07e-11	3.64e-06	4.51e-03	1.68e-01	3.86e-01	3.13e-01	1.27e-01	1.05e-03	1.77e-06	8.07e-11	1.31e-17	1.51e-17
 1.22145e+23	1.02e-10	4.33e-06	5.12e-03	1.80e-01	3.93e-01	3.04e-01	1.17e-01	9.16e-04	1.46e-06	1.02e-10	1.58e-17	1.82e-17
 1.26921e+23	1.27e-10	5.14e-06	5.80e-03	1.93e-01	3.99e-01	2.94e-01	1.08e-01	8.00e-04	1.21e-06	1.27e-10	1.90e-17	2.19e-17
 1.31514e+23	1.55e-10	5.97e-06	6.46e-03	2.04e-01	4.03e-01	2.85e-01	9.99e-02	7.07e-04	1.02e-06	1.55e-10	2.23e-17	2.57e-17
 1.36524e+23	1.90e-10	6.95e-06	7.21e-03	2.16e-01	4.07e-01	2.77e-01	9.23e-02	6.23e-04	8.60e-07	1.90e-10	2.62e-17	3.02e-17
 1.42108e+23	2.36e-10	8.18e-06	8.11e-03	2.30e-01	4.11e-01	2.67e-01	8.46e-02	5.42e-04	7.12e-07	2.36e-10	3.11e-17	3.59e-17
 1.47916e+23	2.89e-10	9.52e-06	9.04e-03	2.43e-01	4.13e-01	2.57e-01	7.78e-02	4.75e-04	5.95e-07	2.89e-10	3.64e-17	4.20e-17
 1.53956e+23	3.53e-10	1.10e-05	1.01e-02	2.56e-01	4.15e-01	2.47e-01	7.16e-02	4.17e-04	4.99e-07	3.53e-10	4.24e-17	4.89e-17
 1.60238e+23	4.27e-10	1.27e-05	1.11e-02	2.68e-01	4.16e-01	2.38e-01	6.60e-02	3.67e-04	4.21e-07	4.27e-10	4.89e-17	5.65e-17
 1.66771e+23	5.14e-10	1.46e-05	1.23e-02	2.81e-01	4.17e-01	2.29e-01	6.09e-02	3.25e-04	3.57e-07	5.14e-10	5.60e-17	6.47e-17
 1.73565e+23	6.13e-10	1.67e-05	1.34e-02	2.93e-01	4.16e-01	2.21e-01	5.63e-02	2.88e-04	3.04e-07	6.13e-10	6.36e-17	7.35e-17
 1.80631e+23	7.28e-10	1.89e-05	1.47e-02	3.05e-01	4.16e-01	2.12e-01	5.21e-02	2.57e-04	2.61e-07	7.28e-10	7.16e-17	8.27e-17
 1.87980e+23	8.56e-10	2.13e-05	1.60e-02	3.16e-01	4.14e-01	2.04e-01	4.84e-02	2.30e-04	2.25e-07	8.56e-10	8.00e-17	9.24e-17
 1.95622e+23	9.99e-10	2.39e-05	1.73e-02	3.27e-01	4.13e-01	1.97e-01	4.51e-02	2.07e-04	1.96e-07	9.99e-10	8.83e-17	1.02e-16
 2.03571e+23	1.16e-09	2.67e-05	1.86e-02	3.38e-01	4.11e-01	1.90e-01	4.22e-02	1.87e-04	1.72e-07	1.16e-09	9.68e-17	1.12e-16
 2.11837e+23	1.33e-09	2.96e-05	2.00e-02	3.48e-01	4.09e-01	1.84e-01	3.96e-02	1.71e-04	1.52e-07	1.33e-09	1.05e-16	1.21e-16
 2.20434e+23	1.52e-09	3.26e-05	2.13e-02	3.57e-01	4.07e-01	1.78e-01	3.73e-02	1.56e-04	1.35e-07	1.52e-09	1.13e-16	1.31e-16
 2.28850e+23	1.72e-09	3.58e-05	2.26e-02	3.66e-01	4.04e-01	1.72e-01	3.52e-02	1.44e-04	0.00e+00	1.72e-09	1.21e-16	1.40e-16
 2.36513e+23	1.92e-09	3.88e-05	2.38e-02	3.73e-01	4.02e-01	1.68e-01	3.36e-02	1.35e-04	0.00e+00	1.92e-09	1.28e-16	1.48e-16
 2.43410e+23	2.10e-09	4.14e-05	2.48e-02	3.79e-01	4.00e-01	1.64e-01	3.23e-02	1.27e-04	0.00e+00	2.10e-09	1.34e-16	1.55e-16
 2.49617e+23	2.26e-09	4.38e-05	2.57e-02	3.84e-01	3.98e-01	1.61e-01	3.13e-02	1.22e-04	0.00e+00	2.26e-09	1.39e-16	1.61e-16
 2.55203e+23	2.41e-09	4.59e-05	2.65e-02	3.88e-01	3.97e-01	1.58e-01	3.05e-02	1.17e-04	0.00e+00	2.41e-09	1.43e-16	1.65e-16
 2.60231e+23	2.54e-09	4.79e-05	2.71e-02	3.91e-01	3.96e-01	1.56e-01	2.98e-02	1.13e-04	0.00e+00	2.54e-09	1.46e-16	1.69e-16
 2.64756e+23	2.65e-09	4.94e-05	2.77e-02	3.94e-01	3.95e-01	1.54e-01	2.93e-02	1.11e-04	0.00e+00	2.65e-09	1.48e-16	1.71e-16
 2.68829e+23	2.74e-09	5.07e-05	2.81e-02	3.96e-01	3.94e-01	1.53e-01	2.89e-02	1.09e-04	0.00e+00	2.74e-09	1.49e-16	1.72e-16
 2.72494e+23	2.83e-09	5.20e-05	2.85e-02	3.98e-01	3.93e-01	1.52e-01	2.85e-02	1.07e-04	0.00e+00	2.83e-09	1.50e-16	1.74e-16
 2.75793e+23	2.95e-09	5.37e-05	2.90e-02	4.00e-01	3.92e-01	1.50e-01	2.80e-02	1.04e-04	0.00e+00	2.95e-09	1.54e-16	1.78e-16
 2.78883e+23	3.01e-09	5.45e-05	2.93e-02	4.01e-01	3.92e-01	1.50e-01	2.79e-02	1.04e-04	0.00e+00	3.01e-09	1.54e-16	1.77e-16
 2.81938e+23	3.06e-09	5.54e-05	2.95e-02	4.02e-01	3.91e-01	1.49e-01	2.77e-02	1.03e-04	0.00e+00	3.06e-09	1.53e-16	1.77e-16
 2.84992e+23	3.13e-09	5.63e-05	2.98e-02	4.03e-01	3.91e-01	1.48e-01	2.75e-02	1.02e-04	0.00e+00	3.13e-09	1.53e-16	1.77e-16
 2.88047e+23	3.19e-09	5.72e-05	3.00e-02	4.04e-01	3.90e-01	1.48e-01	2.74e-02	1.01e-04	0.00e+00	3.19e-09	1.54e-16	1.77e-16
 2.91102e+23	3.24e-09	5.79e-05	3.02e-02	4.05e-01	3.90e-01	1.47e-01	2.72e-02	1.01e-04	0.00e+00	3.24e-09	1.53e-16	1.77e-16
 2.94157e+23	3.30e-09	5.88e-05	3.04e-02	4.06e-01	3.90e-01	1.47e-01	2.71e-02	1.00e-04	0.00e+00	3.30e-09	1.53e-16	1.76e-16
 2.97212e+23	3.35e-09	5.96e-05	3.05e-02	4.06e-01	3.89e-01	1.46e-01	2.71e-02	1.00e-04	0.00e+00	3.35e-09	1.52e-16	1.75e-16
 3.00267e+23	3.43e-09	6.06e-05	3.07e-02	4.07e-01	3.89e-01	1.46e-01	2.70e-02	9.99e-05	0.00e+00	3.43e-09	1.53e-16	1.76e-16
 3.03321e+23	3.53e-09	6.19e-05	3.09e-02	4.07e-01	3.89e-01	1.46e-01	2.69e-02	9.94e-05	0.00e+00	3.53e-09	1.54e-16	1.77e-16
 3.05165e+23	3.70e-09	6.43e-05	3.13e-02	4.10e-01	3.88e-01	1.44e-01	2.65e-02	9.74e-05	0.00e+00	3.70e-09	1.61e-16	1.85e-16
