#depth	Mg	Mg+	Mg+2	Mg+3	Mg+4	Mg+5	Mg+6	Mg+7	Mg+8	Mg+9	Mg+10	Mg+11	Mg+12
 6.17135e+19	0.00e+00	4.02e-31	2.72e-25	1.45e-20	1.66e-16	5.78e-13	1.10e-09	3.17e-07	4.31e-05	4.00e-03	2.71e-01	4.89e-01	2.36e-01
 1.87609e+20	0.00e+00	2.16e-30	1.35e-24	6.56e-20	6.69e-16	2.05e-12	3.39e-09	7.85e-07	8.13e-05	5.27e-03	3.06e-01	4.84e-01	2.05e-01
 2.83882e+20	0.00e+00	7.62e-30	4.50e-24	2.04e-19	1.92e-15	5.33e-12	7.96e-09	1.56e-06	1.31e-04	6.43e-03	3.32e-01	4.77e-01	1.84e-01
 3.32478e+20	0.00e+00	1.39e-29	7.97e-24	3.49e-19	3.16e-15	8.38e-12	1.19e-08	2.15e-06	1.64e-04	7.05e-03	3.45e-01	4.73e-01	1.74e-01
 3.58327e+20	0.00e+00	1.49e-29	1.05e-23	4.54e-19	4.03e-15	1.04e-11	1.45e-08	2.52e-06	1.83e-04	7.40e-03	3.52e-01	4.71e-01	1.69e-01
 3.79820e+20	0.00e+00	1.92e-29	1.35e-23	5.72e-19	4.99e-15	1.27e-11	1.72e-08	2.89e-06	2.02e-04	7.70e-03	3.58e-01	4.69e-01	1.65e-01
 4.07760e+20	0.00e+00	2.69e-29	1.86e-23	7.77e-19	6.65e-15	1.64e-11	2.17e-08	3.48e-06	2.29e-04	8.11e-03	3.66e-01	4.66e-01	1.60e-01
 4.44081e+20	0.00e+00	4.10e-29	2.79e-23	1.14e-18	9.50e-15	2.27e-11	2.89e-08	4.39e-06	2.69e-04	8.66e-03	3.76e-01	4.62e-01	1.53e-01
 4.81873e+20	0.00e+00	6.27e-29	4.20e-23	1.68e-18	1.36e-14	3.14e-11	3.86e-08	5.53e-06	3.16e-04	9.27e-03	3.86e-01	4.58e-01	1.46e-01
 5.13082e+20	0.00e+00	8.75e-29	5.79e-23	2.27e-18	1.80e-14	4.05e-11	4.82e-08	6.62e-06	3.59e-04	9.78e-03	3.94e-01	4.55e-01	1.41e-01
 5.45163e+20	0.00e+00	1.22e-28	7.98e-23	3.08e-18	2.39e-14	5.22e-11	6.04e-08	7.93e-06	4.07e-04	1.03e-02	4.03e-01	4.51e-01	1.36e-01
 5.86867e+20	0.00e+00	1.87e-28	1.21e-22	4.56e-18	3.44e-14	7.25e-11	8.06e-08	1.00e-05	4.78e-04	1.11e-02	4.13e-01	4.46e-01	1.29e-01
 6.28503e+20	0.00e+00	2.83e-28	1.80e-22	6.64e-18	4.89e-14	9.94e-11	1.06e-07	1.25e-05	5.58e-04	1.18e-02	4.24e-01	4.40e-01	1.23e-01
 6.60217e+20	0.00e+00	3.80e-28	2.39e-22	8.70e-18	6.28e-14	1.24e-10	1.29e-07	1.46e-05	6.23e-04	1.24e-02	4.32e-01	4.36e-01	1.19e-01
 6.91614e+20	0.00e+00	5.05e-28	3.15e-22	1.13e-17	7.99e-14	1.54e-10	1.56e-07	1.70e-05	6.91e-04	1.30e-02	4.40e-01	4.32e-01	1.14e-01
 7.32430e+20	0.00e+00	7.26e-28	4.48e-22	1.58e-17	1.09e-13	2.04e-10	1.99e-07	2.06e-05	7.90e-04	1.39e-02	4.50e-01	4.26e-01	1.09e-01
 7.73172e+20	0.00e+00	1.03e-27	6.30e-22	2.18e-17	1.47e-13	2.66e-10	2.51e-07	2.48e-05	9.00e-04	1.47e-02	4.60e-01	4.21e-01	1.04e-01
 8.04276e+20	0.00e+00	1.33e-27	8.07e-22	2.75e-17	1.82e-13	3.23e-10	2.96e-07	2.84e-05	9.87e-04	1.54e-02	4.67e-01	4.16e-01	1.00e-01
 8.35169e+20	0.00e+00	1.70e-27	1.02e-21	3.44e-17	2.25e-13	3.88e-10	3.48e-07	3.22e-05	1.08e-03	1.60e-02	4.74e-01	4.12e-01	9.69e-02
 8.75330e+20	0.00e+00	2.33e-27	1.39e-21	4.60e-17	2.93e-13	4.92e-10	4.26e-07	3.79e-05	1.21e-03	1.69e-02	4.83e-01	4.06e-01	9.25e-02
 9.18372e+20	0.00e+00	3.22e-27	1.91e-21	6.21e-17	3.87e-13	6.29e-10	5.26e-07	4.49e-05	1.36e-03	1.79e-02	4.92e-01	4.00e-01	8.81e-02
 9.55619e+20	0.00e+00	4.22e-27	2.48e-21	7.96e-17	4.87e-13	7.71e-10	6.26e-07	5.15e-05	1.49e-03	1.88e-02	5.00e-01	3.95e-01	8.44e-02
 9.94502e+20	0.00e+00	5.54e-27	3.23e-21	1.02e-16	6.13e-13	9.44e-10	7.44e-07	5.91e-05	1.64e-03	1.97e-02	5.08e-01	3.90e-01	8.09e-02
 1.04505e+21	0.00e+00	7.81e-27	4.51e-21	1.40e-16	8.22e-13	1.22e-09	9.25e-07	7.04e-05	1.85e-03	2.09e-02	5.18e-01	3.82e-01	7.64e-02
 1.09667e+21	0.00e+00	1.10e-26	6.29e-21	1.92e-16	1.10e-12	1.58e-09	1.15e-06	8.36e-05	2.09e-03	2.22e-02	5.28e-01	3.75e-01	7.22e-02
 1.13778e+21	0.00e+00	1.43e-26	8.11e-21	2.44e-16	1.37e-12	1.91e-09	1.35e-06	9.51e-05	2.29e-03	2.33e-02	5.36e-01	3.69e-01	6.90e-02
 1.17932e+21	0.00e+00	1.84e-26	1.04e-20	3.08e-16	1.70e-12	2.31e-09	1.58e-06	1.08e-04	2.49e-03	2.44e-02	5.43e-01	3.64e-01	6.60e-02
 1.23332e+21	0.00e+00	2.53e-26	1.42e-20	4.15e-16	2.23e-12	2.93e-09	1.93e-06	1.26e-04	2.78e-03	2.58e-02	5.53e-01	3.56e-01	6.23e-02
 1.28635e+21	0.00e+00	3.45e-26	1.92e-20	5.52e-16	2.90e-12	3.69e-09	2.33e-06	1.47e-04	3.09e-03	2.72e-02	5.62e-01	3.49e-01	5.88e-02
 1.32563e+21	0.00e+00	4.30e-26	2.38e-20	6.76e-16	3.49e-12	4.33e-09	2.66e-06	1.63e-04	3.32e-03	2.83e-02	5.68e-01	3.44e-01	5.64e-02
 1.36418e+21	0.00e+00	5.30e-26	2.92e-20	8.20e-16	4.16e-12	5.04e-09	3.02e-06	1.80e-04	3.56e-03	2.94e-02	5.74e-01	3.39e-01	5.42e-02
 1.41430e+21	0.00e+00	6.93e-26	3.80e-20	1.05e-15	5.22e-12	6.14e-09	3.55e-06	2.05e-04	3.89e-03	3.08e-02	5.82e-01	3.32e-01	5.15e-02
 1.46899e+21	0.00e+00	9.23e-26	5.02e-20	1.37e-15	6.65e-12	7.58e-09	4.21e-06	2.35e-04	4.28e-03	3.24e-02	5.90e-01	3.25e-01	4.87e-02
 1.51782e+21	0.00e+00	1.18e-25	6.40e-20	1.72e-15	8.20e-12	9.08e-09	4.88e-06	2.64e-04	4.64e-03	3.38e-02	5.96e-01	3.19e-01	4.63e-02
 1.56952e+21	0.00e+00	1.52e-25	8.20e-20	2.17e-15	1.01e-11	1.09e-08	5.66e-06	2.96e-04	5.03e-03	3.54e-02	6.03e-01	3.12e-01	4.40e-02
 1.63673e+21	0.00e+00	2.11e-25	1.13e-19	2.93e-15	1.33e-11	1.38e-08	6.84e-06	3.44e-04	5.57e-03	3.74e-02	6.12e-01	3.04e-01	4.11e-02
 1.70501e+21	0.00e+00	2.91e-25	1.54e-19	3.94e-15	1.75e-11	1.74e-08	8.25e-06	3.99e-04	6.18e-03	3.96e-02	6.20e-01	2.96e-01	3.84e-02
 1.75916e+21	0.00e+00	3.73e-25	1.97e-19	4.95e-15	2.15e-11	2.08e-08	9.50e-06	4.46e-04	6.67e-03	4.13e-02	6.26e-01	2.89e-01	3.65e-02
 1.81403e+21	1.25e-31	4.75e-25	2.49e-19	6.19e-15	2.63e-11	2.48e-08	1.09e-05	4.97e-04	7.19e-03	4.30e-02	6.32e-01	2.83e-01	3.46e-02
 1.87548e+21	1.67e-31	6.21e-25	3.24e-19	7.93e-15	3.30e-11	3.01e-08	1.27e-05	5.61e-04	7.82e-03	4.50e-02	6.38e-01	2.76e-01	3.26e-02
 1.93200e+21	2.16e-31	7.93e-25	4.11e-19	9.92e-15	4.04e-11	3.58e-08	1.45e-05	6.24e-04	8.42e-03	4.69e-02	6.43e-01	2.70e-01	3.09e-02
 1.98365e+21	2.73e-31	9.83e-25	5.07e-19	1.21e-14	4.84e-11	4.17e-08	1.64e-05	6.86e-04	8.99e-03	4.86e-02	6.48e-01	2.64e-01	2.94e-02
 2.04244e+21	3.53e-31	1.25e-24	6.42e-19	1.51e-14	5.92e-11	4.95e-08	1.87e-05	7.62e-04	9.66e-03	5.05e-02	6.53e-01	2.58e-01	2.79e-02
 2.11887e+21	4.90e-31	1.70e-24	8.67e-19	2.00e-14	7.65e-11	6.16e-08	2.21e-05	8.69e-04	1.06e-02	5.31e-02	6.59e-01	2.50e-01	2.60e-02
 2.19616e+21	6.81e-31	2.31e-24	1.17e-18	2.66e-14	9.90e-11	7.67e-08	2.62e-05	9.92e-04	1.16e-02	5.59e-02	6.65e-01	2.43e-01	2.42e-02
 2.25464e+21	8.68e-31	2.90e-24	1.46e-18	3.27e-14	1.19e-10	8.99e-08	2.96e-05	1.09e-03	1.24e-02	5.79e-02	6.69e-01	2.37e-01	2.29e-02
 2.31074e+21	1.09e-30	3.57e-24	1.80e-18	3.97e-14	1.42e-10	1.04e-07	3.31e-05	1.19e-03	1.31e-02	5.99e-02	6.72e-01	2.32e-01	2.18e-02
 2.38367e+21	1.45e-30	4.68e-24	2.34e-18	5.10e-14	1.78e-10	1.26e-07	3.82e-05	1.33e-03	1.42e-02	6.24e-02	6.76e-01	2.25e-01	2.05e-02
 2.46123e+21	1.97e-30	6.23e-24	3.09e-18	6.63e-14	2.26e-10	1.54e-07	4.44e-05	1.50e-03	1.54e-02	6.53e-02	6.81e-01	2.18e-01	1.91e-02
 2.52241e+21	2.48e-30	7.75e-24	3.83e-18	8.12e-14	2.72e-10	1.80e-07	4.99e-05	1.65e-03	1.64e-02	6.76e-02	6.84e-01	2.13e-01	1.81e-02
 2.57047e+21	2.98e-30	9.21e-24	4.53e-18	9.49e-14	3.12e-10	2.03e-07	5.44e-05	1.76e-03	1.72e-02	6.93e-02	6.86e-01	2.09e-01	1.74e-02
 2.62388e+21	3.63e-30	1.11e-23	5.42e-18	1.12e-13	3.64e-10	2.30e-07	5.98e-05	1.89e-03	1.81e-02	7.12e-02	6.88e-01	2.04e-01	1.66e-02
 2.69331e+21	4.67e-30	1.40e-23	6.84e-18	1.40e-13	4.43e-10	2.72e-07	6.76e-05	2.08e-03	1.93e-02	7.38e-02	6.90e-01	1.99e-01	1.57e-02
 2.76876e+21	6.14e-30	1.82e-23	8.80e-18	1.77e-13	5.48e-10	3.25e-07	7.71e-05	2.31e-03	2.07e-02	7.67e-02	6.93e-01	1.93e-01	1.47e-02
 2.83416e+21	7.67e-30	2.24e-23	1.08e-17	2.14e-13	6.51e-10	3.76e-07	8.60e-05	2.52e-03	2.19e-02	7.91e-02	6.94e-01	1.88e-01	1.39e-02
 2.90131e+21	9.66e-30	2.78e-23	1.33e-17	2.61e-13	7.78e-10	4.37e-07	9.59e-05	2.74e-03	2.32e-02	8.16e-02	6.96e-01	1.83e-01	1.32e-02
 2.98859e+21	1.31e-29	3.71e-23	1.77e-17	3.40e-13	9.88e-10	5.33e-07	1.10e-04	3.05e-03	2.50e-02	8.49e-02	6.98e-01	1.77e-01	1.23e-02
 3.07759e+21	1.77e-29	4.93e-23	2.33e-17	4.40e-13	1.25e-09	6.47e-07	1.27e-04	3.40e-03	2.70e-02	8.83e-02	6.99e-01	1.71e-01	1.14e-02
 3.14654e+21	2.23e-29	6.11e-23	2.86e-17	5.35e-13	1.48e-09	7.48e-07	1.41e-04	3.69e-03	2.85e-02	9.10e-02	7.00e-01	1.66e-01	1.08e-02
 3.20391e+21	2.69e-29	7.29e-23	3.40e-17	6.28e-13	1.71e-09	8.43e-07	1.53e-04	3.94e-03	2.98e-02	9.31e-02	7.00e-01	1.63e-01	1.03e-02
 3.26848e+21	3.30e-29	8.85e-23	4.10e-17	7.48e-13	2.00e-09	9.61e-07	1.68e-04	4.23e-03	3.13e-02	9.56e-02	7.00e-01	1.59e-01	9.83e-03
 3.35242e+21	4.28e-29	1.13e-22	5.21e-17	9.35e-13	2.45e-09	1.13e-06	1.89e-04	4.64e-03	3.33e-02	9.87e-02	7.00e-01	1.53e-01	9.22e-03
 3.44000e+21	5.63e-29	1.47e-22	6.69e-17	1.18e-12	3.02e-09	1.35e-06	2.14e-04	5.10e-03	3.55e-02	1.02e-01	7.00e-01	1.48e-01	8.62e-03
 3.51103e+21	7.02e-29	1.80e-22	8.14e-17	1.42e-12	3.55e-09	1.55e-06	2.35e-04	5.49e-03	3.74e-02	1.05e-01	7.00e-01	1.44e-01	8.16e-03
 3.58209e+21	8.67e-29	2.20e-22	9.89e-17	1.70e-12	4.17e-09	1.77e-06	2.58e-04	5.90e-03	3.92e-02	1.07e-01	6.99e-01	1.40e-01	7.74e-03
 3.67447e+21	1.13e-28	2.82e-22	1.26e-16	2.13e-12	5.11e-09	2.09e-06	2.91e-04	6.47e-03	4.18e-02	1.11e-01	6.98e-01	1.36e-01	7.22e-03
 3.77186e+21	1.51e-28	3.70e-22	1.64e-16	2.72e-12	6.34e-09	2.49e-06	3.29e-04	7.11e-03	4.45e-02	1.15e-01	6.96e-01	1.31e-01	6.73e-03
 3.85329e+21	1.91e-28	4.61e-22	2.02e-16	3.30e-12	7.53e-09	2.87e-06	3.64e-04	7.68e-03	4.69e-02	1.18e-01	6.94e-01	1.27e-01	6.34e-03
 3.93671e+21	2.40e-28	5.73e-22	2.49e-16	4.01e-12	8.96e-09	3.31e-06	4.01e-04	8.28e-03	4.94e-02	1.21e-01	6.93e-01	1.23e-01	5.98e-03
 4.04515e+21	3.19e-28	7.47e-22	3.21e-16	5.07e-12	1.10e-08	3.94e-06	4.56e-04	9.13e-03	5.27e-02	1.25e-01	6.90e-01	1.18e-01	5.53e-03
 4.15952e+21	4.37e-28	1.01e-21	4.28e-16	6.63e-12	1.40e-08	4.78e-06	5.20e-04	1.01e-02	5.64e-02	1.29e-01	6.86e-01	1.13e-01	5.10e-03
 4.25074e+21	5.58e-28	1.27e-21	5.31e-16	8.10e-12	1.67e-08	5.52e-06	5.75e-04	1.09e-02	5.95e-02	1.32e-01	6.83e-01	1.09e-01	4.78e-03
 4.32684e+21	6.77e-28	1.52e-21	6.34e-16	9.53e-12	1.93e-08	6.21e-06	6.25e-04	1.16e-02	6.20e-02	1.35e-01	6.80e-01	1.06e-01	4.54e-03
 4.41419e+21	8.42e-28	1.87e-21	7.71e-16	1.14e-11	2.27e-08	7.07e-06	6.85e-04	1.25e-02	6.50e-02	1.38e-01	6.77e-01	1.03e-01	4.27e-03
 4.52773e+21	1.11e-27	2.42e-21	9.90e-16	1.44e-11	2.78e-08	8.36e-06	7.71e-04	1.36e-02	6.91e-02	1.42e-01	6.72e-01	9.83e-02	3.95e-03
 4.64778e+21	1.48e-27	3.18e-21	1.28e-15	1.83e-11	3.45e-08	9.94e-06	8.73e-04	1.50e-02	7.35e-02	1.46e-01	6.67e-01	9.39e-02	3.64e-03
 4.74613e+21	1.87e-27	3.95e-21	1.58e-15	2.22e-11	4.08e-08	1.14e-05	9.63e-04	1.61e-02	7.73e-02	1.50e-01	6.62e-01	9.05e-02	3.40e-03
 4.84382e+21	2.32e-27	4.85e-21	1.93e-15	2.67e-11	4.80e-08	1.30e-05	1.06e-03	1.73e-02	8.10e-02	1.53e-01	6.57e-01	8.72e-02	3.18e-03
 4.97082e+21	3.05e-27	6.27e-21	2.46e-15	3.35e-11	5.87e-08	1.53e-05	1.19e-03	1.90e-02	8.61e-02	1.57e-01	6.51e-01	8.31e-02	2.92e-03
 5.10585e+21	4.07e-27	8.28e-21	3.22e-15	4.29e-11	7.30e-08	1.82e-05	1.35e-03	2.09e-02	9.17e-02	1.61e-01	6.43e-01	7.89e-02	2.67e-03
 5.21922e+21	5.15e-27	1.03e-20	3.97e-15	5.21e-11	8.67e-08	2.09e-05	1.50e-03	2.26e-02	9.65e-02	1.65e-01	6.36e-01	7.56e-02	2.47e-03
 5.33446e+21	6.47e-27	1.28e-20	4.88e-15	6.31e-11	1.03e-07	2.40e-05	1.66e-03	2.43e-02	1.01e-01	1.68e-01	6.29e-01	7.24e-02	2.29e-03
 5.48428e+21	8.62e-27	1.68e-20	6.34e-15	8.05e-11	1.28e-07	2.86e-05	1.89e-03	2.68e-02	1.08e-01	1.73e-01	6.20e-01	6.83e-02	2.07e-03
 5.63888e+21	1.14e-26	2.20e-20	8.23e-15	1.03e-10	1.58e-07	3.40e-05	2.15e-03	2.96e-02	1.15e-01	1.78e-01	6.09e-01	6.42e-02	1.86e-03
 5.75310e+21	1.40e-26	2.67e-20	9.91e-15	1.22e-10	1.85e-07	3.85e-05	2.36e-03	3.17e-02	1.21e-01	1.81e-01	6.01e-01	6.14e-02	1.73e-03
 5.83926e+21	1.64e-26	3.07e-20	1.14e-14	1.39e-10	2.07e-07	4.22e-05	2.53e-03	3.34e-02	1.25e-01	1.83e-01	5.95e-01	5.93e-02	1.63e-03
 5.93555e+21	1.91e-26	3.58e-20	1.32e-14	1.60e-10	2.34e-07	4.66e-05	2.72e-03	3.53e-02	1.29e-01	1.86e-01	5.88e-01	5.71e-02	1.53e-03
 6.06072e+21	2.34e-26	4.34e-20	1.59e-14	1.90e-10	2.74e-07	5.29e-05	3.00e-03	3.79e-02	1.35e-01	1.89e-01	5.79e-01	5.43e-02	1.41e-03
 6.19924e+21	2.90e-26	5.34e-20	1.94e-14	2.30e-10	3.24e-07	6.07e-05	3.33e-03	4.09e-02	1.42e-01	1.93e-01	5.68e-01	5.14e-02	1.28e-03
 6.32501e+21	3.50e-26	6.38e-20	2.31e-14	2.72e-10	3.76e-07	6.85e-05	3.65e-03	4.38e-02	1.48e-01	1.96e-01	5.58e-01	4.88e-02	1.18e-03
 6.44087e+21	4.15e-26	7.54e-20	2.71e-14	3.16e-10	4.30e-07	7.63e-05	3.96e-03	4.66e-02	1.54e-01	1.98e-01	5.49e-01	4.66e-02	1.09e-03
 6.57393e+21	4.98e-26	9.00e-20	3.23e-14	3.72e-10	4.99e-07	8.61e-05	4.34e-03	4.98e-02	1.61e-01	2.01e-01	5.39e-01	4.41e-02	9.95e-04
 6.74692e+21	6.27e-26	1.12e-19	4.01e-14	4.59e-10	6.02e-07	1.00e-04	4.88e-03	5.43e-02	1.70e-01	2.05e-01	5.25e-01	4.10e-02	8.86e-04
 6.92205e+21	7.80e-26	1.40e-19	4.96e-14	5.62e-10	7.24e-07	1.17e-04	5.47e-03	5.91e-02	1.79e-01	2.08e-01	5.10e-01	3.81e-02	7.85e-04
 7.05772e+21	9.20e-26	1.65e-19	5.82e-14	6.56e-10	8.31e-07	1.30e-04	5.97e-03	6.29e-02	1.86e-01	2.10e-01	4.98e-01	3.59e-02	7.17e-04
 7.19183e+21	1.08e-25	1.92e-19	6.77e-14	7.58e-10	9.48e-07	1.45e-04	6.48e-03	6.67e-02	1.93e-01	2.12e-01	4.87e-01	3.40e-02	6.55e-04
 7.36616e+21	1.31e-25	2.33e-19	8.18e-14	9.10e-10	1.12e-06	1.66e-04	7.19e-03	7.20e-02	2.01e-01	2.15e-01	4.72e-01	3.15e-02	5.82e-04
 7.55215e+21	1.59e-25	2.85e-19	9.92e-14	1.10e-09	1.33e-06	1.92e-04	8.01e-03	7.78e-02	2.11e-01	2.17e-01	4.56e-01	2.91e-02	5.12e-04
 7.71071e+21	1.87e-25	3.36e-19	1.16e-13	1.29e-09	1.53e-06	2.16e-04	8.76e-03	8.29e-02	2.19e-01	2.19e-01	4.42e-01	2.71e-02	4.60e-04
 7.87425e+21	2.20e-25	3.96e-19	1.37e-13	1.50e-09	1.77e-06	2.42e-04	9.56e-03	8.82e-02	2.27e-01	2.20e-01	4.29e-01	2.53e-02	4.12e-04
 8.08687e+21	2.67e-25	4.86e-19	1.66e-13	1.83e-09	2.11e-06	2.80e-04	1.07e-02	9.54e-02	2.37e-01	2.22e-01	4.11e-01	2.30e-02	3.56e-04
 8.30598e+21	3.22e-25	5.97e-19	2.02e-13	2.22e-09	2.53e-06	3.25e-04	1.20e-02	1.03e-01	2.48e-01	2.23e-01	3.92e-01	2.08e-02	3.06e-04
 8.46831e+21	3.68e-25	6.90e-19	2.32e-13	2.54e-09	2.87e-06	3.62e-04	1.29e-02	1.09e-01	2.56e-01	2.24e-01	3.78e-01	1.93e-02	2.73e-04
 8.59121e+21	4.10e-25	7.75e-19	2.58e-13	2.83e-09	3.16e-06	3.91e-04	1.37e-02	1.13e-01	2.61e-01	2.24e-01	3.69e-01	1.83e-02	2.52e-04
 8.72812e+21	4.58e-25	8.78e-19	2.90e-13	3.17e-09	3.50e-06	4.25e-04	1.46e-02	1.18e-01	2.67e-01	2.24e-01	3.58e-01	1.72e-02	2.29e-04
 8.90610e+21	5.28e-25	1.03e-18	3.35e-13	3.65e-09	4.00e-06	4.74e-04	1.58e-02	1.25e-01	2.75e-01	2.24e-01	3.44e-01	1.59e-02	2.03e-04
 9.10502e+21	6.15e-25	1.22e-18	3.92e-13	4.27e-09	4.62e-06	5.34e-04	1.73e-02	1.32e-01	2.83e-01	2.24e-01	3.29e-01	1.45e-02	1.77e-04
 9.28829e+21	7.09e-25	1.43e-18	4.52e-13	4.92e-09	5.26e-06	5.94e-04	1.87e-02	1.39e-01	2.90e-01	2.23e-01	3.15e-01	1.33e-02	1.56e-04
 9.45674e+21	8.08e-25	1.65e-18	5.14e-13	5.59e-09	5.91e-06	6.54e-04	2.00e-02	1.46e-01	2.96e-01	2.22e-01	3.03e-01	1.23e-02	1.40e-04
 9.64880e+21	9.36e-25	1.95e-18	5.95e-13	6.45e-09	6.73e-06	7.27e-04	2.16e-02	1.53e-01	3.03e-01	2.21e-01	2.89e-01	1.13e-02	1.23e-04
 9.89847e+21	1.13e-24	2.42e-18	7.17e-13	7.73e-09	7.95e-06	8.32e-04	2.38e-02	1.62e-01	3.11e-01	2.19e-01	2.72e-01	1.01e-02	1.04e-04
 1.01502e+22	1.37e-24	3.02e-18	8.65e-13	9.28e-09	9.38e-06	9.52e-04	2.62e-02	1.72e-01	3.19e-01	2.17e-01	2.56e-01	8.97e-03	8.75e-05
 1.03437e+22	1.60e-24	3.58e-18	1.00e-12	1.07e-08	1.06e-05	1.05e-03	2.81e-02	1.79e-01	3.24e-01	2.15e-01	2.44e-01	8.21e-03	7.69e-05
 1.05343e+22	1.87e-24	4.23e-18	1.15e-12	1.22e-08	1.20e-05	1.16e-03	3.00e-02	1.87e-01	3.29e-01	2.13e-01	2.33e-01	7.54e-03	6.80e-05
 1.07820e+22	2.27e-24	5.27e-18	1.38e-12	1.45e-08	1.39e-05	1.31e-03	3.27e-02	1.96e-01	3.35e-01	2.10e-01	2.19e-01	6.74e-03	5.79e-05
 1.10456e+22	2.83e-24	6.69e-18	1.68e-12	1.74e-08	1.64e-05	1.49e-03	3.57e-02	2.06e-01	3.40e-01	2.06e-01	2.04e-01	5.97e-03	4.87e-05
 1.12683e+22	3.42e-24	8.20e-18	1.99e-12	2.03e-08	1.87e-05	1.66e-03	3.84e-02	2.14e-01	3.44e-01	2.03e-01	1.93e-01	5.40e-03	4.22e-05
 1.14961e+22	4.15e-24	1.01e-17	2.36e-12	2.37e-08	2.14e-05	1.84e-03	4.12e-02	2.22e-01	3.48e-01	2.00e-01	1.82e-01	4.89e-03	3.66e-05
 1.17922e+22	5.36e-24	1.32e-17	2.95e-12	2.89e-08	2.54e-05	2.11e-03	4.50e-02	2.33e-01	3.52e-01	1.95e-01	1.69e-01	4.29e-03	3.04e-05
 1.20952e+22	7.03e-24	1.75e-17	3.71e-12	3.55e-08	3.03e-05	2.41e-03	4.93e-02	2.43e-01	3.55e-01	1.90e-01	1.56e-01	3.75e-03	2.51e-05
 1.23344e+22	8.76e-24	2.19e-17	4.44e-12	4.17e-08	3.46e-05	2.68e-03	5.27e-02	2.52e-01	3.57e-01	1.86e-01	1.47e-01	3.37e-03	2.17e-05
 1.25388e+22	1.06e-23	2.65e-17	5.18e-12	4.77e-08	3.87e-05	2.92e-03	5.58e-02	2.58e-01	3.58e-01	1.82e-01	1.39e-01	3.09e-03	1.92e-05
 1.27704e+22	1.30e-23	3.27e-17	6.16e-12	5.54e-08	4.39e-05	3.21e-03	5.93e-02	2.66e-01	3.59e-01	1.78e-01	1.31e-01	2.80e-03	1.67e-05
 1.30716e+22	1.72e-23	4.31e-17	7.72e-12	6.73e-08	5.15e-05	3.63e-03	6.41e-02	2.76e-01	3.60e-01	1.73e-01	1.21e-01	2.47e-03	1.40e-05
 1.33669e+22	2.27e-23	5.68e-17	9.64e-12	8.15e-08	6.02e-05	4.09e-03	6.92e-02	2.85e-01	3.60e-01	1.68e-01	1.12e-01	2.17e-03	1.18e-05
 1.35831e+22	2.79e-23	6.91e-17	1.13e-11	9.35e-08	6.73e-05	4.44e-03	7.29e-02	2.91e-01	3.59e-01	1.64e-01	1.06e-01	1.98e-03	1.04e-05
 1.37925e+22	3.37e-23	8.32e-17	1.32e-11	1.06e-07	7.47e-05	4.80e-03	7.66e-02	2.97e-01	3.59e-01	1.60e-01	1.01e-01	1.82e-03	9.24e-06
 1.40648e+22	4.35e-23	1.06e-16	1.61e-11	1.26e-07	8.55e-05	5.31e-03	8.15e-02	3.05e-01	3.58e-01	1.55e-01	9.39e-02	1.63e-03	7.92e-06
 1.43622e+22	5.75e-23	1.38e-16	2.00e-11	1.51e-07	9.88e-05	5.92e-03	8.72e-02	3.13e-01	3.56e-01	1.50e-01	8.69e-02	1.44e-03	6.70e-06
 1.46269e+22	7.36e-23	1.75e-16	2.41e-11	1.77e-07	1.12e-04	6.50e-03	9.23e-02	3.20e-01	3.54e-01	1.45e-01	8.12e-02	1.30e-03	5.79e-06
 1.49059e+22	9.48e-23	2.21e-16	2.93e-11	2.08e-07	1.28e-04	7.15e-03	9.78e-02	3.26e-01	3.51e-01	1.40e-01	7.57e-02	1.16e-03	4.99e-06
 1.52685e+22	1.32e-22	3.01e-16	3.77e-11	2.57e-07	1.50e-04	8.06e-03	1.05e-01	3.35e-01	3.48e-01	1.34e-01	6.90e-02	1.01e-03	4.11e-06
 1.56367e+22	1.85e-22	4.11e-16	4.87e-11	3.17e-07	1.77e-04	9.09e-03	1.13e-01	3.43e-01	3.43e-01	1.28e-01	6.28e-02	8.69e-04	3.37e-06
 1.59260e+22	2.40e-22	5.23e-16	5.93e-11	3.74e-07	2.01e-04	9.97e-03	1.19e-01	3.49e-01	3.40e-01	1.23e-01	5.83e-02	7.76e-04	2.90e-06
 1.62162e+22	3.08e-22	6.56e-16	7.15e-11	4.36e-07	2.27e-04	1.09e-02	1.26e-01	3.54e-01	3.36e-01	1.19e-01	5.43e-02	6.96e-04	2.50e-06
 1.65935e+22	4.26e-22	8.83e-16	9.13e-11	5.33e-07	2.64e-04	1.21e-02	1.34e-01	3.61e-01	3.30e-01	1.13e-01	4.94e-02	6.04e-04	2.07e-06
 1.69936e+22	6.02e-22	1.21e-15	1.18e-10	6.58e-07	3.11e-04	1.36e-02	1.43e-01	3.67e-01	3.24e-01	1.07e-01	4.47e-02	5.19e-04	1.69e-06
 1.73298e+22	8.00e-22	1.56e-15	1.46e-10	7.81e-07	3.54e-04	1.50e-02	1.51e-01	3.72e-01	3.19e-01	1.02e-01	4.11e-02	4.58e-04	1.43e-06
 1.76734e+22	1.06e-21	2.01e-15	1.79e-10	9.24e-07	4.02e-04	1.64e-02	1.59e-01	3.76e-01	3.13e-01	9.72e-02	3.78e-02	4.04e-04	1.21e-06
 1.81199e+22	1.51e-21	2.77e-15	2.34e-10	1.15e-06	4.74e-04	1.84e-02	1.70e-01	3.81e-01	3.05e-01	9.13e-02	3.39e-02	3.44e-04	9.81e-07
 1.85808e+22	2.19e-21	3.87e-15	3.06e-10	1.43e-06	5.59e-04	2.07e-02	1.81e-01	3.85e-01	2.97e-01	8.54e-02	3.03e-02	2.91e-04	7.87e-07
 1.89516e+22	2.94e-21	5.02e-15	3.79e-10	1.70e-06	6.36e-04	2.26e-02	1.90e-01	3.88e-01	2.90e-01	8.10e-02	2.76e-02	2.55e-04	6.61e-07
 1.93249e+22	3.86e-21	6.39e-15	4.63e-10	1.99e-06	7.18e-04	2.46e-02	1.99e-01	3.91e-01	2.83e-01	7.68e-02	2.53e-02	2.25e-04	5.60e-07
 1.98102e+22	5.52e-21	8.78e-15	6.01e-10	2.46e-06	8.39e-04	2.74e-02	2.10e-01	3.93e-01	2.74e-01	7.16e-02	2.26e-02	1.90e-04	4.50e-07
 2.03241e+22	8.06e-21	1.23e-14	7.91e-10	3.07e-06	9.89e-04	3.07e-02	2.23e-01	3.95e-01	2.64e-01	6.63e-02	2.00e-02	1.59e-04	3.57e-07
 2.07565e+22	1.10e-20	1.62e-14	9.90e-10	3.67e-06	1.13e-03	3.36e-02	2.33e-01	3.95e-01	2.56e-01	6.22e-02	1.80e-02	1.37e-04	2.94e-07
 2.11102e+22	1.39e-20	1.99e-14	1.18e-09	4.21e-06	1.25e-03	3.60e-02	2.42e-01	3.95e-01	2.50e-01	5.90e-02	1.66e-02	1.22e-04	2.53e-07
 2.14798e+22	1.78e-20	2.48e-14	1.41e-09	4.85e-06	1.39e-03	3.87e-02	2.50e-01	3.95e-01	2.43e-01	5.59e-02	1.53e-02	1.08e-04	2.17e-07
 2.19603e+22	2.45e-20	3.27e-14	1.76e-09	5.82e-06	1.58e-03	4.23e-02	2.62e-01	3.94e-01	2.34e-01	5.21e-02	1.37e-02	9.28e-05	1.77e-07
 2.24612e+22	3.40e-20	4.36e-14	2.23e-09	7.01e-06	1.82e-03	4.63e-02	2.73e-01	3.93e-01	2.25e-01	4.83e-02	1.22e-02	7.88e-05	1.44e-07
 2.28738e+22	4.40e-20	5.48e-14	2.69e-09	8.12e-06	2.02e-03	4.98e-02	2.83e-01	3.91e-01	2.18e-01	4.54e-02	1.11e-02	6.91e-05	0.00e+00
 2.32955e+22	5.68e-20	6.84e-14	3.23e-09	9.38e-06	2.25e-03	5.34e-02	2.92e-01	3.89e-01	2.11e-01	4.26e-02	1.01e-02	6.06e-05	0.00e+00
 2.38436e+22	7.86e-20	9.10e-14	4.07e-09	1.13e-05	2.56e-03	5.83e-02	3.04e-01	3.86e-01	2.01e-01	3.93e-02	8.96e-03	5.12e-05	0.00e+00
 2.44200e+22	1.11e-19	1.23e-13	5.19e-09	1.36e-05	2.94e-03	6.38e-02	3.16e-01	3.81e-01	1.92e-01	3.60e-02	7.88e-03	4.28e-05	0.00e+00
 2.48986e+22	1.45e-19	1.56e-13	6.29e-09	1.59e-05	3.28e-03	6.85e-02	3.26e-01	3.78e-01	1.84e-01	3.35e-02	7.09e-03	3.70e-05	0.00e+00
 2.53862e+22	1.89e-19	1.96e-13	7.60e-09	1.84e-05	3.64e-03	7.33e-02	3.35e-01	3.73e-01	1.77e-01	3.12e-02	6.40e-03	3.21e-05	0.00e+00
 2.60201e+22	2.64e-19	2.63e-13	9.66e-09	2.22e-05	4.17e-03	7.99e-02	3.47e-01	3.67e-01	1.67e-01	2.84e-02	5.59e-03	2.67e-05	0.00e+00
 2.66791e+22	3.74e-19	3.56e-13	1.23e-08	2.69e-05	4.77e-03	8.71e-02	3.59e-01	3.61e-01	1.58e-01	2.57e-02	4.86e-03	2.20e-05	0.00e+00
 2.72153e+22	4.90e-19	4.52e-13	1.49e-08	3.12e-05	5.30e-03	9.31e-02	3.68e-01	3.55e-01	1.50e-01	2.37e-02	4.34e-03	1.89e-05	0.00e+00
 2.77569e+22	6.36e-19	5.66e-13	1.80e-08	3.60e-05	5.86e-03	9.92e-02	3.77e-01	3.49e-01	1.43e-01	2.19e-02	3.89e-03	1.63e-05	0.00e+00
 2.84609e+22	8.84e-19	7.55e-13	2.27e-08	4.31e-05	6.65e-03	1.07e-01	3.88e-01	3.41e-01	1.35e-01	1.98e-02	3.38e-03	1.34e-05	0.00e+00
 2.92057e+22	1.25e-18	1.02e-12	2.89e-08	5.20e-05	7.58e-03	1.16e-01	3.98e-01	3.31e-01	1.26e-01	1.77e-02	2.90e-03	1.09e-05	0.00e+00
 2.98304e+22	1.65e-18	1.31e-12	3.52e-08	6.05e-05	8.42e-03	1.24e-01	4.06e-01	3.24e-01	1.19e-01	1.62e-02	2.56e-03	9.25e-06	0.00e+00
 3.04693e+22	2.16e-18	1.65e-12	4.26e-08	7.00e-05	9.32e-03	1.32e-01	4.14e-01	3.16e-01	1.12e-01	1.48e-02	2.27e-03	7.84e-06	0.00e+00
 3.13000e+22	3.04e-18	2.22e-12	5.41e-08	8.41e-05	1.06e-02	1.42e-01	4.22e-01	3.06e-01	1.04e-01	1.31e-02	1.94e-03	6.35e-06	0.00e+00
 3.21771e+22	4.35e-18	3.04e-12	6.94e-08	1.02e-04	1.20e-02	1.54e-01	4.31e-01	2.94e-01	9.58e-02	1.16e-02	1.64e-03	5.07e-06	0.00e+00
 3.29137e+22	5.79e-18	3.90e-12	8.49e-08	1.18e-04	1.34e-02	1.63e-01	4.37e-01	2.85e-01	8.95e-02	1.04e-02	1.43e-03	4.22e-06	0.00e+00
 3.36702e+22	7.64e-18	4.96e-12	1.03e-07	1.37e-04	1.48e-02	1.73e-01	4.42e-01	2.76e-01	8.36e-02	9.41e-03	1.25e-03	3.52e-06	0.00e+00
 3.46538e+22	1.07e-17	6.70e-12	1.31e-07	1.65e-04	1.67e-02	1.86e-01	4.48e-01	2.64e-01	7.65e-02	8.23e-03	1.05e-03	2.80e-06	0.00e+00
 3.55920e+22	1.51e-17	9.03e-12	1.66e-07	1.96e-04	1.88e-02	1.98e-01	4.52e-01	2.52e-01	7.00e-02	7.21e-03	8.83e-04	2.23e-06	0.00e+00
 3.62374e+22	1.85e-17	1.08e-11	1.92e-07	2.19e-04	2.02e-02	2.07e-01	4.55e-01	2.45e-01	6.61e-02	6.62e-03	7.91e-04	1.93e-06	0.00e+00
 3.68426e+22	2.25e-17	1.28e-11	2.20e-07	2.43e-04	2.16e-02	2.15e-01	4.56e-01	2.38e-01	6.26e-02	6.11e-03	7.14e-04	1.69e-06	0.00e+00
 3.76293e+22	2.91e-17	1.59e-11	2.62e-07	2.76e-04	2.35e-02	2.25e-01	4.58e-01	2.29e-01	5.83e-02	5.51e-03	6.25e-04	1.42e-06	0.00e+00
 3.86521e+22	3.96e-17	2.08e-11	3.24e-07	3.23e-04	2.61e-02	2.38e-01	4.59e-01	2.18e-01	5.32e-02	4.83e-03	5.29e-04	1.14e-06	0.00e+00
 3.97141e+22	5.44e-17	2.75e-11	4.03e-07	3.80e-04	2.90e-02	2.51e-01	4.60e-01	2.07e-01	4.84e-02	4.20e-03	4.44e-04	9.08e-07	0.00e+00
 4.05900e+22	6.91e-17	3.42e-11	4.78e-07	4.32e-04	3.15e-02	2.62e-01	4.59e-01	1.98e-01	4.47e-02	3.76e-03	3.86e-04	7.57e-07	0.00e+00
 4.14916e+22	8.80e-17	4.22e-11	5.65e-07	4.88e-04	3.41e-02	2.73e-01	4.58e-01	1.89e-01	4.14e-02	3.36e-03	3.36e-04	6.32e-07	0.00e+00
 4.26637e+22	1.21e-16	5.50e-11	6.97e-07	5.69e-04	3.77e-02	2.87e-01	4.56e-01	1.78e-01	3.74e-02	2.92e-03	2.82e-04	5.03e-07	0.00e+00
 4.38639e+22	1.65e-16	7.22e-11	8.62e-07	6.65e-04	4.16e-02	3.01e-01	4.52e-01	1.68e-01	3.37e-02	2.52e-03	2.35e-04	3.97e-07	0.00e+00
 4.48135e+22	2.06e-16	8.83e-11	1.01e-06	7.46e-04	4.47e-02	3.12e-01	4.49e-01	1.60e-01	3.10e-02	2.25e-03	2.04e-04	3.32e-07	0.00e+00
 4.57607e+22	2.58e-16	1.07e-10	1.18e-06	8.33e-04	4.79e-02	3.22e-01	4.46e-01	1.52e-01	2.87e-02	2.01e-03	1.79e-04	2.79e-07	0.00e+00
 4.69921e+22	3.45e-16	1.37e-10	1.42e-06	9.57e-04	5.22e-02	3.35e-01	4.40e-01	1.43e-01	2.59e-02	1.75e-03	1.51e-04	2.23e-07	0.00e+00
 4.83168e+22	4.64e-16	1.76e-10	1.73e-06	1.10e-03	5.70e-02	3.49e-01	4.34e-01	1.34e-01	2.32e-02	1.51e-03	1.26e-04	1.77e-07	0.00e+00
 4.94804e+22	5.96e-16	2.19e-10	2.06e-06	1.25e-03	6.14e-02	3.60e-01	4.28e-01	1.26e-01	2.11e-02	1.32e-03	1.07e-04	1.44e-07	0.00e+00
 5.07106e+22	7.64e-16	2.71e-10	2.43e-06	1.41e-03	6.61e-02	3.72e-01	4.21e-01	1.19e-01	1.91e-02	1.16e-03	9.13e-05	0.00e+00	0.00e+00
 5.23099e+22	1.04e-15	3.53e-10	2.99e-06	1.63e-03	7.22e-02	3.86e-01	4.13e-01	1.10e-01	1.69e-02	9.82e-04	7.49e-05	0.00e+00	0.00e+00
 5.39828e+22	1.44e-15	4.67e-10	3.70e-06	1.89e-03	7.90e-02	4.00e-01	4.03e-01	1.01e-01	1.49e-02	8.23e-04	6.06e-05	0.00e+00	0.00e+00
 5.53647e+22	1.85e-15	5.81e-10	4.39e-06	2.13e-03	8.48e-02	4.11e-01	3.94e-01	9.44e-02	1.33e-02	7.13e-04	5.11e-05	0.00e+00	0.00e+00
 5.67744e+22	2.34e-15	7.10e-10	5.14e-06	2.38e-03	9.06e-02	4.20e-01	3.85e-01	8.84e-02	1.21e-02	6.23e-04	4.35e-05	0.00e+00	0.00e+00
 5.86070e+22	3.18e-15	9.19e-10	6.27e-06	2.74e-03	9.82e-02	4.33e-01	3.74e-01	8.11e-02	1.06e-02	5.24e-04	3.54e-05	0.00e+00	0.00e+00
 6.05864e+22	4.40e-15	1.21e-09	7.74e-06	3.17e-03	1.07e-01	4.45e-01	3.62e-01	7.38e-02	9.16e-03	4.34e-04	2.84e-05	0.00e+00	0.00e+00
 6.22935e+22	5.68e-15	1.52e-09	9.21e-06	3.58e-03	1.14e-01	4.55e-01	3.51e-01	6.81e-02	8.12e-03	3.71e-04	2.35e-05	0.00e+00	0.00e+00
 6.40495e+22	7.29e-15	1.88e-09	1.09e-05	4.01e-03	1.22e-01	4.63e-01	3.40e-01	6.29e-02	7.22e-03	3.18e-04	1.97e-05	0.00e+00	0.00e+00
 6.63323e+22	1.01e-14	2.45e-09	1.33e-05	4.61e-03	1.32e-01	4.73e-01	3.27e-01	5.69e-02	6.23e-03	2.63e-04	1.57e-05	0.00e+00	0.00e+00
 6.87642e+22	1.41e-14	3.26e-09	1.65e-05	5.33e-03	1.43e-01	4.83e-01	3.12e-01	5.10e-02	5.30e-03	2.14e-04	1.23e-05	0.00e+00	0.00e+00
 7.08143e+22	1.81e-14	4.08e-09	1.96e-05	5.98e-03	1.52e-01	4.90e-01	3.00e-01	4.66e-02	4.65e-03	1.80e-04	1.01e-05	0.00e+00	0.00e+00
 7.29036e+22	2.32e-14	5.02e-09	2.30e-05	6.67e-03	1.61e-01	4.96e-01	2.89e-01	4.28e-02	4.10e-03	1.54e-04	8.40e-06	0.00e+00	0.00e+00
 7.56198e+22	3.21e-14	6.52e-09	2.81e-05	7.61e-03	1.72e-01	5.03e-01	2.75e-01	3.83e-02	3.51e-03	1.26e-04	6.66e-06	0.00e+00	0.00e+00
 7.84151e+22	4.41e-14	8.57e-09	3.45e-05	8.71e-03	1.85e-01	5.08e-01	2.61e-01	3.41e-02	2.97e-03	1.02e-04	5.21e-06	0.00e+00	0.00e+00
 8.06877e+22	5.56e-14	1.05e-08	4.02e-05	9.64e-03	1.95e-01	5.12e-01	2.50e-01	3.12e-02	2.61e-03	8.67e-05	4.32e-06	0.00e+00	0.00e+00
 8.30165e+22	6.99e-14	1.27e-08	4.64e-05	1.06e-02	2.04e-01	5.14e-01	2.39e-01	2.85e-02	2.31e-03	7.44e-05	3.61e-06	0.00e+00	0.00e+00
 8.60439e+22	9.49e-14	1.60e-08	5.54e-05	1.19e-02	2.17e-01	5.17e-01	2.27e-01	2.56e-02	1.98e-03	6.14e-05	2.90e-06	0.00e+00	0.00e+00
 8.95719e+22	1.32e-13	2.10e-08	6.79e-05	1.36e-02	2.31e-01	5.18e-01	2.13e-01	2.25e-02	1.66e-03	4.92e-05	2.24e-06	0.00e+00	0.00e+00
 9.29990e+22	1.77e-13	2.71e-08	8.20e-05	1.53e-02	2.45e-01	5.19e-01	2.00e-01	1.99e-02	1.39e-03	3.98e-05	1.75e-06	0.00e+00	0.00e+00
 9.58606e+22	2.23e-13	3.29e-08	9.50e-05	1.69e-02	2.56e-01	5.18e-01	1.90e-01	1.80e-02	1.22e-03	3.36e-05	1.45e-06	0.00e+00	0.00e+00
 9.87385e+22	2.79e-13	3.94e-08	1.09e-04	1.84e-02	2.66e-01	5.17e-01	1.81e-01	1.64e-02	1.07e-03	2.88e-05	1.21e-06	0.00e+00	0.00e+00
 1.02434e+23	3.78e-13	4.91e-08	1.28e-04	2.04e-02	2.79e-01	5.15e-01	1.70e-01	1.46e-02	9.18e-04	2.38e-05	9.71e-07	0.00e+00	0.00e+00
 1.06477e+23	5.18e-13	6.26e-08	1.53e-04	2.28e-02	2.93e-01	5.11e-01	1.59e-01	1.29e-02	7.73e-04	1.93e-05	7.63e-07	0.00e+00	0.00e+00
 1.10160e+23	6.67e-13	7.71e-08	1.79e-04	2.51e-02	3.05e-01	5.08e-01	1.50e-01	1.15e-02	6.64e-04	1.60e-05	6.17e-07	0.00e+00	0.00e+00
 1.13568e+23	8.40e-13	9.18e-08	2.04e-04	2.72e-02	3.16e-01	5.04e-01	1.42e-01	1.05e-02	5.83e-04	1.37e-05	5.15e-07	0.00e+00	0.00e+00
 1.17479e+23	1.05e-12	1.10e-07	2.34e-04	2.97e-02	3.27e-01	4.99e-01	1.34e-01	9.42e-03	5.08e-04	1.16e-05	4.25e-07	0.00e+00	0.00e+00
 1.22145e+23	1.43e-12	1.37e-07	2.74e-04	3.27e-02	3.40e-01	4.93e-01	1.25e-01	8.34e-03	4.32e-04	9.54e-06	3.40e-07	0.00e+00	0.00e+00
 1.26921e+23	1.92e-12	1.68e-07	3.19e-04	3.58e-02	3.53e-01	4.86e-01	1.17e-01	7.40e-03	3.69e-04	7.89e-06	2.74e-07	0.00e+00	0.00e+00
 1.31514e+23	2.45e-12	2.02e-07	3.66e-04	3.89e-02	3.64e-01	4.80e-01	1.10e-01	6.64e-03	3.20e-04	6.65e-06	2.25e-07	0.00e+00	0.00e+00
 1.36524e+23	3.19e-12	2.43e-07	4.19e-04	4.22e-02	3.75e-01	4.73e-01	1.03e-01	5.95e-03	2.77e-04	5.60e-06	1.85e-07	0.00e+00	0.00e+00
 1.42108e+23	4.30e-12	2.97e-07	4.86e-04	4.60e-02	3.87e-01	4.65e-01	9.59e-02	5.27e-03	2.37e-04	4.64e-06	1.49e-07	0.00e+00	0.00e+00
 1.47916e+23	6.14e-12	3.58e-07	5.57e-04	4.98e-02	3.99e-01	4.57e-01	8.96e-02	4.70e-03	2.04e-04	3.89e-06	0.00e+00	0.00e+00	0.00e+00
 1.53956e+23	8.23e-12	4.30e-07	6.36e-04	5.38e-02	4.09e-01	4.48e-01	8.38e-02	4.20e-03	1.77e-04	3.27e-06	0.00e+00	0.00e+00	0.00e+00
 1.60238e+23	1.13e-11	5.12e-07	7.23e-04	5.79e-02	4.19e-01	4.40e-01	7.84e-02	3.76e-03	1.53e-04	2.77e-06	0.00e+00	0.00e+00	0.00e+00
 1.66771e+23	1.59e-11	6.04e-07	8.16e-04	6.20e-02	4.29e-01	4.31e-01	7.35e-02	3.39e-03	1.34e-04	2.36e-06	0.00e+00	0.00e+00	0.00e+00
 1.73565e+23	2.29e-11	7.09e-07	9.17e-04	6.63e-02	4.38e-01	4.23e-01	6.91e-02	3.06e-03	1.18e-04	2.03e-06	0.00e+00	0.00e+00	0.00e+00
 1.80631e+23	3.39e-11	8.26e-07	1.02e-03	7.05e-02	4.46e-01	4.15e-01	6.50e-02	2.77e-03	1.04e-04	1.75e-06	0.00e+00	0.00e+00	0.00e+00
 1.87980e+23	5.21e-11	9.54e-07	1.14e-03	7.48e-02	4.54e-01	4.07e-01	6.14e-02	2.52e-03	9.21e-05	1.52e-06	0.00e+00	0.00e+00	0.00e+00
 1.95622e+23	8.29e-11	1.09e-06	1.26e-03	7.89e-02	4.60e-01	3.99e-01	5.81e-02	2.31e-03	8.24e-05	1.34e-06	0.00e+00	0.00e+00	0.00e+00
 2.03571e+23	1.37e-10	1.24e-06	1.38e-03	8.30e-02	4.67e-01	3.91e-01	5.51e-02	2.12e-03	7.42e-05	1.18e-06	0.00e+00	0.00e+00	0.00e+00
 2.11837e+23	2.36e-10	1.40e-06	1.50e-03	8.70e-02	4.73e-01	3.84e-01	5.24e-02	1.96e-03	6.72e-05	1.05e-06	0.00e+00	0.00e+00	0.00e+00
 2.20434e+23	4.10e-10	1.56e-06	1.63e-03	9.08e-02	4.78e-01	3.78e-01	5.01e-02	1.83e-03	6.14e-05	9.46e-07	0.00e+00	0.00e+00	0.00e+00
 2.28850e+23	8.20e-10	1.73e-06	1.76e-03	9.44e-02	4.82e-01	3.72e-01	4.80e-02	1.71e-03	5.65e-05	8.58e-07	0.00e+00	0.00e+00	0.00e+00
 2.36513e+23	1.68e-09	1.89e-06	1.87e-03	9.76e-02	4.86e-01	3.67e-01	4.62e-02	1.61e-03	5.26e-05	7.90e-07	0.00e+00	0.00e+00	0.00e+00
 2.43410e+23	2.17e-09	2.03e-06	1.97e-03	1.00e-01	4.89e-01	3.62e-01	4.49e-02	1.54e-03	4.97e-05	7.40e-07	0.00e+00	0.00e+00	0.00e+00
 2.49617e+23	2.64e-09	2.15e-06	2.05e-03	1.02e-01	4.91e-01	3.59e-01	4.38e-02	1.49e-03	4.74e-05	7.00e-07	0.00e+00	0.00e+00	0.00e+00
 2.55203e+23	3.11e-09	2.25e-06	2.12e-03	1.04e-01	4.93e-01	3.56e-01	4.30e-02	1.44e-03	4.57e-05	6.70e-07	0.00e+00	0.00e+00	0.00e+00
 2.60231e+23	3.57e-09	2.34e-06	2.18e-03	1.06e-01	4.95e-01	3.53e-01	4.23e-02	1.40e-03	4.42e-05	6.45e-07	0.00e+00	0.00e+00	0.00e+00
 2.64756e+23	3.95e-09	2.41e-06	2.23e-03	1.07e-01	4.96e-01	3.52e-01	4.18e-02	1.38e-03	4.32e-05	6.28e-07	0.00e+00	0.00e+00	0.00e+00
 2.68829e+23	4.24e-09	2.46e-06	2.27e-03	1.08e-01	4.97e-01	3.50e-01	4.14e-02	1.36e-03	4.26e-05	6.17e-07	0.00e+00	0.00e+00	0.00e+00
 2.72494e+23	4.61e-09	2.52e-06	2.30e-03	1.09e-01	4.98e-01	3.49e-01	4.11e-02	1.34e-03	4.18e-05	6.05e-07	0.00e+00	0.00e+00	0.00e+00
 2.75793e+23	5.35e-09	2.60e-06	2.36e-03	1.10e-01	4.99e-01	3.47e-01	4.05e-02	1.32e-03	4.08e-05	5.87e-07	0.00e+00	0.00e+00	0.00e+00
 2.78883e+23	5.56e-09	2.62e-06	2.37e-03	1.10e-01	4.99e-01	3.46e-01	4.04e-02	1.31e-03	4.05e-05	5.82e-07	0.00e+00	0.00e+00	0.00e+00
 2.81938e+23	5.78e-09	2.65e-06	2.39e-03	1.11e-01	5.00e-01	3.46e-01	4.02e-02	1.30e-03	4.02e-05	5.78e-07	0.00e+00	0.00e+00	0.00e+00
 2.84992e+23	6.10e-09	2.68e-06	2.41e-03	1.11e-01	5.00e-01	3.45e-01	4.00e-02	1.30e-03	3.99e-05	5.73e-07	0.00e+00	0.00e+00	0.00e+00
 2.88047e+23	6.65e-09	2.71e-06	2.43e-03	1.11e-01	5.01e-01	3.44e-01	3.99e-02	1.29e-03	3.96e-05	5.68e-07	0.00e+00	0.00e+00	0.00e+00
 2.91102e+23	6.84e-09	2.73e-06	2.44e-03	1.12e-01	5.01e-01	3.44e-01	3.98e-02	1.28e-03	3.95e-05	5.65e-07	0.00e+00	0.00e+00	0.00e+00
 2.94157e+23	7.39e-09	2.75e-06	2.46e-03	1.12e-01	5.01e-01	3.43e-01	3.97e-02	1.28e-03	3.93e-05	5.63e-07	0.00e+00	0.00e+00	0.00e+00
 2.97212e+23	7.57e-09	2.76e-06	2.46e-03	1.12e-01	5.01e-01	3.43e-01	3.97e-02	1.28e-03	3.93e-05	5.62e-07	0.00e+00	0.00e+00	0.00e+00
 3.00267e+23	8.02e-09	2.77e-06	2.47e-03	1.12e-01	5.01e-01	3.43e-01	3.97e-02	1.28e-03	3.93e-05	5.62e-07	0.00e+00	0.00e+00	0.00e+00
 3.03321e+23	8.64e-09	2.79e-06	2.49e-03	1.12e-01	5.02e-01	3.42e-01	3.96e-02	1.28e-03	3.91e-05	5.59e-07	0.00e+00	0.00e+00	0.00e+00
 3.05165e+23	9.63e-09	2.87e-06	2.53e-03	1.13e-01	5.03e-01	3.41e-01	3.92e-02	1.26e-03	3.83e-05	5.45e-07	0.00e+00	0.00e+00	0.00e+00
