#depth	Cl	Cl+	Cl+2	Cl+3	Cl+4	Cl+5	Cl+6	Cl+7	Cl+8	Cl+9	Cl+10	Cl+11	Cl+12	Cl+13	Cl+14	Cl+15	Cl+16	Cl+17
 6.17135e+19	0.00e+00	0.00e+00	8.62e-27	5.68e-23	1.08e-19	1.16e-16	9.32e-14	1.28e-09	4.60e-07	4.52e-05	1.13e-03	1.27e-02	5.84e-02	1.12e-01	1.79e-01	5.43e-01	9.00e-02	4.74e-03
 1.87609e+20	0.00e+00	0.00e+00	3.99e-26	2.27e-22	3.70e-19	3.34e-16	2.21e-13	2.90e-09	9.76e-07	8.69e-05	1.96e-03	1.95e-02	7.97e-02	1.34e-01	1.87e-01	5.01e-01	7.31e-02	3.40e-03
 2.83882e+20	0.00e+00	0.00e+00	1.66e-25	8.29e-22	1.16e-18	8.60e-16	4.61e-13	5.25e-09	1.68e-06	1.39e-04	2.90e-03	2.65e-02	9.89e-02	1.51e-01	1.91e-01	4.65e-01	6.17e-02	2.61e-03
 3.32478e+20	0.00e+00	2.17e-29	3.59e-25	1.67e-21	2.14e-18	1.41e-15	6.74e-13	6.97e-09	2.17e-06	1.74e-04	3.49e-03	3.05e-02	1.09e-01	1.59e-01	1.92e-01	4.47e-01	5.65e-02	2.28e-03
 3.58327e+20	0.00e+00	3.25e-29	5.23e-25	2.35e-21	2.88e-18	1.81e-15	8.14e-13	8.06e-09	2.48e-06	1.95e-04	3.84e-03	3.28e-02	1.15e-01	1.63e-01	1.92e-01	4.37e-01	5.40e-02	2.12e-03
 3.79820e+20	0.00e+00	4.32e-29	6.80e-25	2.98e-21	3.55e-18	2.15e-15	9.34e-13	9.06e-09	2.76e-06	2.15e-04	4.15e-03	3.48e-02	1.19e-01	1.67e-01	1.92e-01	4.29e-01	5.19e-02	2.00e-03
 4.07760e+20	0.00e+00	6.11e-29	9.35e-25	3.97e-21	4.57e-18	2.66e-15	1.11e-12	1.05e-08	3.17e-06	2.42e-04	4.58e-03	3.75e-02	1.26e-01	1.71e-01	1.92e-01	4.18e-01	4.92e-02	1.85e-03
 4.44081e+20	0.00e+00	9.51e-29	1.40e-24	5.74e-21	6.33e-18	3.50e-15	1.38e-12	1.28e-08	3.78e-06	2.82e-04	5.20e-03	4.12e-02	1.34e-01	1.77e-01	1.91e-01	4.04e-01	4.59e-02	1.67e-03
 4.81873e+20	0.00e+00	1.53e-28	2.17e-24	8.52e-21	8.97e-18	4.69e-15	1.75e-12	1.55e-08	4.52e-06	3.30e-04	5.91e-03	4.54e-02	1.43e-01	1.82e-01	1.90e-01	3.88e-01	4.26e-02	1.50e-03
 5.13082e+20	0.00e+00	2.27e-28	3.13e-24	1.18e-20	1.20e-17	5.96e-15	2.12e-12	1.82e-08	5.22e-06	3.74e-04	6.55e-03	4.90e-02	1.51e-01	1.87e-01	1.89e-01	3.76e-01	4.01e-02	1.37e-03
 5.45163e+20	0.00e+00	3.29e-28	4.40e-24	1.61e-20	1.57e-17	7.48e-15	2.55e-12	2.13e-08	6.01e-06	4.23e-04	7.25e-03	5.28e-02	1.58e-01	1.91e-01	1.88e-01	3.63e-01	3.77e-02	1.25e-03
 5.86867e+20	0.00e+00	5.22e-28	6.73e-24	2.36e-20	2.20e-17	9.95e-15	3.21e-12	2.59e-08	7.20e-06	4.95e-04	8.24e-03	5.80e-02	1.68e-01	1.96e-01	1.86e-01	3.47e-01	3.46e-02	1.11e-03
 6.28503e+20	0.00e+00	8.40e-28	1.04e-23	3.51e-20	3.12e-17	1.33e-14	4.06e-12	3.15e-08	8.59e-06	5.77e-04	9.34e-03	6.36e-02	1.78e-01	2.01e-01	1.84e-01	3.31e-01	3.18e-02	9.78e-04
 6.60217e+20	0.00e+00	1.21e-27	1.45e-23	4.75e-20	4.07e-17	1.66e-14	4.84e-12	3.63e-08	9.77e-06	6.46e-04	1.02e-02	6.79e-02	1.86e-01	2.04e-01	1.82e-01	3.19e-01	2.98e-02	8.92e-04
 6.91614e+20	0.00e+00	1.67e-27	1.96e-23	6.22e-20	5.16e-17	2.03e-14	5.70e-12	4.16e-08	1.10e-05	7.19e-04	1.12e-02	7.22e-02	1.93e-01	2.07e-01	1.80e-01	3.07e-01	2.80e-02	8.15e-04
 7.32430e+20	0.00e+00	2.51e-27	2.85e-23	8.71e-20	6.95e-17	2.61e-14	6.99e-12	4.95e-08	1.29e-05	8.23e-04	1.24e-02	7.81e-02	2.03e-01	2.10e-01	1.77e-01	2.92e-01	2.57e-02	7.24e-04
 7.73172e+20	0.00e+00	3.81e-27	4.18e-23	1.23e-19	9.44e-17	3.38e-14	8.62e-12	5.87e-08	1.50e-05	9.39e-04	1.38e-02	8.43e-02	2.13e-01	2.13e-01	1.73e-01	2.78e-01	2.36e-02	6.42e-04
 8.04276e+20	0.00e+00	5.22e-27	5.59e-23	1.60e-19	1.19e-16	4.09e-14	1.01e-11	6.65e-08	1.68e-05	1.04e-03	1.50e-02	8.90e-02	2.20e-01	2.15e-01	1.71e-01	2.67e-01	2.21e-02	5.87e-04
 8.35169e+20	0.00e+00	6.96e-27	7.28e-23	2.03e-19	1.47e-16	4.88e-14	1.16e-11	7.50e-08	1.87e-05	1.14e-03	1.61e-02	9.37e-02	2.26e-01	2.17e-01	1.68e-01	2.57e-01	2.07e-02	5.37e-04
 8.75330e+20	0.00e+00	1.00e-26	1.02e-22	2.74e-19	1.91e-16	6.11e-14	1.40e-11	8.74e-08	2.15e-05	1.28e-03	1.77e-02	1.00e-01	2.35e-01	2.18e-01	1.64e-01	2.44e-01	1.91e-02	4.78e-04
 9.18372e+20	0.00e+00	1.48e-26	1.45e-22	3.80e-19	2.55e-16	7.80e-14	1.71e-11	1.03e-07	2.47e-05	1.44e-03	1.95e-02	1.07e-01	2.44e-01	2.20e-01	1.60e-01	2.30e-01	1.74e-02	4.22e-04
 9.55619e+20	0.00e+00	2.07e-26	1.98e-22	5.01e-19	3.25e-16	9.57e-14	2.02e-11	1.17e-07	2.79e-05	1.60e-03	2.12e-02	1.13e-01	2.51e-01	2.20e-01	1.57e-01	2.19e-01	1.61e-02	3.79e-04
 9.94502e+20	0.00e+00	2.86e-26	2.67e-22	6.56e-19	4.12e-16	1.17e-13	2.38e-11	1.34e-07	3.14e-05	1.77e-03	2.29e-02	1.19e-01	2.59e-01	2.21e-01	1.53e-01	2.08e-01	1.48e-02	3.40e-04
 1.04505e+21	0.00e+00	4.31e-26	3.88e-22	9.22e-19	5.56e-16	1.51e-13	2.93e-11	1.60e-07	3.65e-05	2.02e-03	2.54e-02	1.27e-01	2.68e-01	2.21e-01	1.48e-01	1.95e-01	1.33e-02	2.94e-04
 1.09667e+21	0.00e+00	6.58e-26	5.73e-22	1.31e-18	7.60e-16	1.96e-13	3.64e-11	1.89e-07	4.24e-05	2.29e-03	2.80e-02	1.36e-01	2.77e-01	2.21e-01	1.42e-01	1.81e-01	1.20e-02	2.54e-04
 1.13778e+21	0.00e+00	9.15e-26	7.75e-22	1.72e-18	9.66e-16	2.40e-13	4.30e-11	2.16e-07	4.76e-05	2.53e-03	3.03e-02	1.43e-01	2.84e-01	2.20e-01	1.38e-01	1.71e-01	1.10e-02	2.26e-04
 1.17932e+21	0.00e+00	1.25e-25	1.03e-21	2.22e-18	1.21e-15	2.91e-13	5.03e-11	2.46e-07	5.32e-05	2.78e-03	3.25e-02	1.50e-01	2.90e-01	2.19e-01	1.34e-01	1.62e-01	1.01e-02	2.02e-04
 1.23332e+21	0.00e+00	1.84e-25	1.47e-21	3.08e-18	1.61e-15	3.72e-13	6.16e-11	2.89e-07	6.13e-05	3.13e-03	3.57e-02	1.59e-01	2.97e-01	2.17e-01	1.29e-01	1.50e-01	9.01e-03	1.74e-04
 1.28635e+21	0.00e+00	2.73e-25	2.11e-21	4.26e-18	2.15e-15	4.75e-13	7.53e-11	3.39e-07	7.02e-05	3.50e-03	3.89e-02	1.67e-01	3.04e-01	2.15e-01	1.23e-01	1.39e-01	8.06e-03	1.50e-04
 1.32563e+21	0.00e+00	3.61e-25	2.74e-21	5.39e-18	2.65e-15	5.64e-13	8.68e-11	3.79e-07	7.73e-05	3.80e-03	4.14e-02	1.74e-01	3.09e-01	2.13e-01	1.20e-01	1.32e-01	7.43e-03	1.35e-04
 1.36418e+21	0.00e+00	4.68e-25	3.47e-21	6.67e-18	3.19e-15	6.62e-13	9.91e-11	4.22e-07	8.47e-05	4.10e-03	4.38e-02	1.80e-01	3.13e-01	2.11e-01	1.16e-01	1.25e-01	6.87e-03	1.22e-04
 1.41430e+21	0.00e+00	6.51e-25	4.70e-21	8.77e-18	4.07e-15	8.14e-13	1.18e-10	4.84e-07	9.52e-05	4.52e-03	4.71e-02	1.88e-01	3.18e-01	2.08e-01	1.11e-01	1.17e-01	6.20e-03	1.06e-04
 1.46899e+21	0.00e+00	9.34e-25	6.54e-21	1.18e-17	5.31e-15	1.02e-12	1.42e-10	5.60e-07	1.08e-04	5.01e-03	5.09e-02	1.97e-01	3.23e-01	2.05e-01	1.06e-01	1.08e-01	5.54e-03	9.18e-05
 1.51782e+21	0.00e+00	1.28e-24	8.74e-21	1.54e-17	6.69e-15	1.24e-12	1.67e-10	6.36e-07	1.20e-04	5.47e-03	5.44e-02	2.04e-01	3.27e-01	2.02e-01	1.02e-01	1.01e-01	5.02e-03	8.06e-05
 1.56952e+21	0.00e+00	1.75e-24	1.17e-20	2.00e-17	8.42e-15	1.51e-12	1.96e-10	7.25e-07	1.34e-04	5.98e-03	5.81e-02	2.12e-01	3.30e-01	1.98e-01	9.74e-02	9.37e-02	4.52e-03	7.05e-05
 1.63673e+21	0.00e+00	2.61e-24	1.68e-20	2.78e-17	1.13e-14	1.94e-12	2.41e-10	8.55e-07	1.54e-04	6.70e-03	6.31e-02	2.22e-01	3.34e-01	1.93e-01	9.18e-02	8.52e-02	3.95e-03	5.92e-05
 1.70501e+21	0.00e+00	3.94e-24	2.46e-20	3.92e-17	1.53e-14	2.51e-12	2.99e-10	1.01e-06	1.77e-04	7.49e-03	6.85e-02	2.32e-01	3.37e-01	1.88e-01	8.63e-02	7.73e-02	3.44e-03	4.95e-05
 1.75916e+21	0.00e+00	5.40e-24	3.28e-20	5.09e-17	1.93e-14	3.05e-12	3.51e-10	1.14e-06	1.96e-04	8.16e-03	7.28e-02	2.39e-01	3.39e-01	1.84e-01	8.21e-02	7.17e-02	3.10e-03	4.32e-05
 1.81403e+21	0.00e+00	7.29e-24	4.32e-20	6.52e-17	2.40e-14	3.68e-12	4.10e-10	1.30e-06	2.18e-04	8.86e-03	7.73e-02	2.47e-01	3.40e-01	1.79e-01	7.82e-02	6.64e-02	2.78e-03	3.76e-05
 1.87548e+21	0.00e+00	1.02e-23	5.90e-20	8.65e-17	3.08e-14	4.56e-12	4.89e-10	1.49e-06	2.44e-04	9.70e-03	8.24e-02	2.55e-01	3.41e-01	1.74e-01	7.38e-02	6.09e-02	2.46e-03	3.22e-05
 1.93200e+21	0.00e+00	1.39e-23	7.82e-20	1.12e-16	3.86e-14	5.52e-12	5.73e-10	1.68e-06	2.70e-04	1.05e-02	8.73e-02	2.62e-01	3.41e-01	1.70e-01	7.01e-02	5.63e-02	2.21e-03	2.80e-05
 1.98365e+21	0.00e+00	1.82e-23	1.00e-19	1.40e-16	4.71e-14	6.53e-12	6.59e-10	1.88e-06	2.95e-04	1.13e-02	9.18e-02	2.68e-01	3.41e-01	1.66e-01	6.68e-02	5.24e-02	2.00e-03	2.46e-05
 2.04244e+21	0.00e+00	2.45e-23	1.32e-19	1.79e-16	5.86e-14	7.86e-12	7.69e-10	2.12e-06	3.26e-04	1.22e-02	9.69e-02	2.75e-01	3.41e-01	1.61e-01	6.32e-02	4.83e-02	1.79e-03	2.14e-05
 2.11887e+21	0.00e+00	3.57e-23	1.86e-19	2.45e-16	7.74e-14	9.97e-12	9.37e-10	2.48e-06	3.70e-04	1.35e-02	1.04e-01	2.84e-01	3.40e-01	1.55e-01	5.88e-02	4.35e-02	1.54e-03	1.78e-05
 2.19616e+21	0.00e+00	5.26e-23	2.66e-19	3.38e-16	1.03e-13	1.27e-11	1.15e-09	2.89e-06	4.19e-04	1.49e-02	1.11e-01	2.92e-01	3.38e-01	1.48e-01	5.46e-02	3.90e-02	1.33e-03	1.47e-05
 2.25464e+21	0.00e+00	6.99e-23	3.46e-19	4.28e-16	1.27e-13	1.52e-11	1.33e-09	3.24e-06	4.60e-04	1.60e-02	1.16e-01	2.98e-01	3.36e-01	1.44e-01	5.17e-02	3.60e-02	1.19e-03	1.28e-05
 2.31074e+21	0.00e+00	9.03e-23	4.37e-19	5.29e-16	1.53e-13	1.78e-11	1.51e-09	3.60e-06	5.00e-04	1.71e-02	1.22e-01	3.04e-01	3.34e-01	1.39e-01	4.90e-02	3.34e-02	1.08e-03	1.12e-05
 2.38367e+21	0.00e+00	1.26e-22	5.92e-19	6.96e-16	1.95e-13	2.19e-11	1.80e-09	4.12e-06	5.58e-04	1.85e-02	1.29e-01	3.10e-01	3.31e-01	1.34e-01	4.57e-02	3.02e-02	9.42e-04	9.50e-06
 2.46123e+21	0.00e+00	1.79e-22	8.20e-19	9.36e-16	2.54e-13	2.75e-11	2.17e-09	4.75e-06	6.24e-04	2.02e-02	1.36e-01	3.17e-01	3.28e-01	1.28e-01	4.24e-02	2.72e-02	8.16e-04	7.93e-06
 2.52241e+21	0.00e+00	2.36e-22	1.06e-18	1.18e-15	3.12e-13	3.27e-11	2.50e-09	5.30e-06	6.82e-04	2.16e-02	1.42e-01	3.22e-01	3.24e-01	1.23e-01	4.00e-02	2.50e-02	7.28e-04	6.88e-06
 2.57047e+21	0.00e+00	2.89e-22	1.28e-18	1.40e-15	3.62e-13	3.70e-11	2.78e-09	5.76e-06	7.28e-04	2.27e-02	1.47e-01	3.26e-01	3.22e-01	1.20e-01	3.82e-02	2.35e-02	6.69e-04	6.19e-06
 2.62388e+21	0.00e+00	3.61e-22	1.56e-18	1.68e-15	4.26e-13	4.25e-11	3.12e-09	6.31e-06	7.83e-04	2.40e-02	1.52e-01	3.29e-01	3.19e-01	1.16e-01	3.63e-02	2.19e-02	6.09e-04	5.50e-06
 2.69331e+21	0.00e+00	4.81e-22	2.03e-18	2.13e-15	5.26e-13	5.10e-11	3.62e-09	7.09e-06	8.58e-04	2.57e-02	1.59e-01	3.34e-01	3.14e-01	1.12e-01	3.40e-02	2.00e-02	5.39e-04	4.71e-06
 2.76876e+21	0.00e+00	6.58e-22	2.71e-18	2.76e-15	6.64e-13	6.22e-11	4.27e-09	8.04e-06	9.47e-04	2.77e-02	1.67e-01	3.39e-01	3.10e-01	1.06e-01	3.16e-02	1.81e-02	4.71e-04	3.99e-06
 2.83416e+21	0.00e+00	8.56e-22	3.46e-18	3.44e-15	8.06e-13	7.33e-11	4.89e-09	8.94e-06	1.03e-03	2.94e-02	1.73e-01	3.42e-01	3.05e-01	1.02e-01	2.97e-02	1.66e-02	4.21e-04	3.46e-06
 2.90131e+21	0.00e+00	1.11e-21	4.38e-18	4.26e-15	9.73e-13	8.60e-11	5.60e-09	9.94e-06	1.12e-03	3.13e-02	1.80e-01	3.46e-01	3.01e-01	9.82e-02	2.79e-02	1.52e-02	3.75e-04	3.00e-06
 2.98859e+21	0.00e+00	1.55e-21	5.95e-18	5.63e-15	1.25e-12	1.06e-10	6.66e-09	1.14e-05	1.24e-03	3.38e-02	1.88e-01	3.50e-01	2.94e-01	9.30e-02	2.57e-02	1.36e-02	3.23e-04	2.49e-06
 3.07759e+21	0.00e+00	2.18e-21	8.16e-18	7.49e-15	1.61e-12	1.32e-10	7.97e-09	1.30e-05	1.38e-03	3.65e-02	1.97e-01	3.53e-01	2.88e-01	8.79e-02	2.36e-02	1.21e-02	2.77e-04	2.06e-06
 3.14654e+21	0.00e+00	2.82e-21	1.03e-17	9.28e-15	1.94e-12	1.55e-10	9.10e-09	1.44e-05	1.49e-03	3.86e-02	2.04e-01	3.56e-01	2.83e-01	8.41e-02	2.21e-02	1.11e-02	2.47e-04	1.79e-06
 3.20391e+21	0.00e+00	3.46e-21	1.25e-17	1.10e-14	2.26e-12	1.76e-10	1.01e-08	1.57e-05	1.59e-03	4.05e-02	2.10e-01	3.57e-01	2.78e-01	8.11e-02	2.09e-02	1.03e-02	2.25e-04	1.59e-06
 3.26848e+21	0.00e+00	4.34e-21	1.54e-17	1.33e-14	2.66e-12	2.03e-10	1.14e-08	1.72e-05	1.71e-03	4.26e-02	2.16e-01	3.59e-01	2.73e-01	7.79e-02	1.97e-02	9.52e-03	2.02e-04	1.40e-06
 3.35242e+21	0.00e+00	5.80e-21	2.01e-17	1.69e-14	3.29e-12	2.43e-10	1.33e-08	1.93e-05	1.87e-03	4.54e-02	2.24e-01	3.61e-01	2.67e-01	7.39e-02	1.82e-02	8.59e-03	1.77e-04	1.18e-06
 3.44000e+21	0.00e+00	7.87e-21	2.66e-17	2.18e-14	4.13e-12	2.96e-10	1.55e-08	2.18e-05	2.05e-03	4.85e-02	2.33e-01	3.63e-01	2.60e-01	6.98e-02	1.68e-02	7.70e-03	1.53e-04	9.90e-07
 3.51103e+21	0.00e+00	1.00e-20	3.32e-17	2.66e-14	4.93e-12	3.44e-10	1.76e-08	2.40e-05	2.21e-03	5.10e-02	2.39e-01	3.63e-01	2.54e-01	6.67e-02	1.57e-02	7.06e-03	1.37e-04	8.61e-07
 3.58209e+21	0.00e+00	1.26e-20	4.09e-17	3.22e-14	5.83e-12	3.96e-10	1.98e-08	2.64e-05	2.37e-03	5.36e-02	2.46e-01	3.64e-01	2.49e-01	6.37e-02	1.47e-02	6.48e-03	1.22e-04	7.51e-07
 3.67447e+21	0.00e+00	1.69e-20	5.38e-17	4.12e-14	7.26e-12	4.77e-10	2.32e-08	2.97e-05	2.60e-03	5.71e-02	2.55e-01	3.64e-01	2.42e-01	6.00e-02	1.35e-02	5.80e-03	1.06e-04	6.27e-07
 3.77186e+21	0.00e+00	2.32e-20	7.18e-17	5.34e-14	9.14e-12	5.82e-10	2.72e-08	3.36e-05	2.85e-03	6.09e-02	2.63e-01	3.64e-01	2.34e-01	5.63e-02	1.23e-02	5.16e-03	9.10e-05	5.22e-07
 3.85329e+21	0.00e+00	2.99e-20	9.07e-17	6.60e-14	1.10e-11	6.82e-10	3.10e-08	3.72e-05	3.07e-03	6.42e-02	2.71e-01	3.64e-01	2.28e-01	5.34e-02	1.15e-02	4.69e-03	8.04e-05	4.48e-07
 3.93671e+21	0.00e+00	3.83e-20	1.14e-16	8.10e-14	1.32e-11	7.94e-10	3.53e-08	4.11e-05	3.31e-03	6.76e-02	2.78e-01	3.63e-01	2.22e-01	5.07e-02	1.06e-02	4.26e-03	7.09e-05	3.84e-07
 4.04515e+21	0.00e+00	5.27e-20	1.52e-16	1.05e-13	1.67e-11	9.70e-10	4.16e-08	4.67e-05	3.65e-03	7.21e-02	2.87e-01	3.62e-01	2.14e-01	4.72e-02	9.64e-03	3.75e-03	6.03e-05	3.15e-07
 4.15952e+21	0.00e+00	7.42e-20	2.09e-16	1.40e-13	2.14e-11	1.20e-09	4.97e-08	5.33e-05	4.02e-03	7.71e-02	2.97e-01	3.60e-01	2.06e-01	4.38e-02	8.69e-03	3.29e-03	5.09e-05	2.56e-07
 4.25074e+21	0.00e+00	9.67e-20	2.66e-16	1.75e-13	2.60e-11	1.42e-09	5.69e-08	5.91e-05	4.35e-03	8.12e-02	3.04e-01	3.59e-01	1.99e-01	4.13e-02	8.00e-03	2.96e-03	4.44e-05	2.17e-07
 4.32684e+21	0.00e+00	1.19e-19	3.23e-16	2.08e-13	3.03e-11	1.62e-09	6.34e-08	6.42e-05	4.62e-03	8.46e-02	3.10e-01	3.57e-01	1.94e-01	3.93e-02	7.48e-03	2.72e-03	3.98e-05	1.90e-07
 4.41419e+21	0.00e+00	1.51e-19	4.01e-16	2.53e-13	3.60e-11	1.87e-09	7.16e-08	7.06e-05	4.96e-03	8.86e-02	3.17e-01	3.55e-01	1.88e-01	3.71e-02	6.93e-03	2.46e-03	3.51e-05	1.63e-07
 4.52773e+21	0.00e+00	2.05e-19	5.31e-16	3.25e-13	4.51e-11	2.26e-09	8.38e-08	7.96e-05	5.42e-03	9.39e-02	3.26e-01	3.52e-01	1.80e-01	3.45e-02	6.27e-03	2.17e-03	2.99e-05	1.34e-07
 4.64778e+21	0.00e+00	2.84e-19	7.16e-16	4.26e-13	5.73e-11	2.78e-09	9.91e-08	9.02e-05	5.94e-03	9.97e-02	3.35e-01	3.48e-01	1.72e-01	3.19e-02	5.64e-03	1.90e-03	2.52e-05	0.00e+00
 4.74613e+21	0.00e+00	3.68e-19	9.09e-16	5.28e-13	6.93e-11	3.26e-09	1.13e-07	9.96e-05	6.39e-03	1.05e-01	3.42e-01	3.45e-01	1.66e-01	2.99e-02	5.17e-03	1.70e-03	2.19e-05	0.00e+00
 4.84382e+21	0.00e+00	4.69e-19	1.13e-15	6.45e-13	8.25e-11	3.78e-09	1.28e-07	1.10e-04	6.85e-03	1.09e-01	3.48e-01	3.41e-01	1.60e-01	2.80e-02	4.75e-03	1.53e-03	1.91e-05	0.00e+00
 4.97082e+21	0.00e+00	6.43e-19	1.51e-15	8.37e-13	1.04e-10	4.60e-09	1.51e-07	1.24e-04	7.49e-03	1.16e-01	3.57e-01	3.36e-01	1.52e-01	2.58e-02	4.26e-03	1.33e-03	1.60e-05	0.00e+00
 5.10585e+21	0.00e+00	9.02e-19	2.07e-15	1.11e-12	1.33e-10	5.70e-09	1.79e-07	1.41e-04	8.23e-03	1.23e-01	3.65e-01	3.31e-01	1.44e-01	2.36e-02	3.78e-03	1.15e-03	1.33e-05	0.00e+00
 5.21922e+21	0.00e+00	1.18e-18	2.66e-15	1.39e-12	1.63e-10	6.76e-09	2.06e-07	1.57e-04	8.87e-03	1.29e-01	3.72e-01	3.26e-01	1.38e-01	2.19e-02	3.43e-03	1.02e-03	1.14e-05	0.00e+00
 5.33446e+21	1.98e-29	1.54e-18	3.38e-15	1.73e-12	1.97e-10	7.95e-09	2.36e-07	1.74e-04	9.56e-03	1.35e-01	3.78e-01	3.21e-01	1.32e-01	2.03e-02	3.11e-03	9.02e-04	9.76e-06	0.00e+00
 5.48428e+21	2.80e-29	2.17e-18	4.63e-15	2.30e-12	2.54e-10	9.85e-09	2.82e-07	1.99e-04	1.05e-02	1.43e-01	3.86e-01	3.14e-01	1.24e-01	1.84e-02	2.74e-03	7.69e-04	7.98e-06	0.00e+00
 5.63888e+21	4.00e-29	3.10e-18	6.44e-15	3.10e-12	3.31e-10	1.24e-08	3.39e-07	2.28e-04	1.16e-02	1.52e-01	3.94e-01	3.06e-01	1.16e-01	1.66e-02	2.39e-03	6.51e-04	6.47e-06	0.00e+00
 5.75310e+21	5.17e-29	4.00e-18	8.15e-15	3.83e-12	4.00e-10	1.45e-08	3.87e-07	2.51e-04	1.24e-02	1.59e-01	3.99e-01	3.00e-01	1.11e-01	1.53e-02	2.17e-03	5.77e-04	5.55e-06	0.00e+00
 5.83926e+21	6.26e-29	4.80e-18	9.64e-15	4.46e-12	4.57e-10	1.63e-08	4.26e-07	2.70e-04	1.31e-02	1.63e-01	4.03e-01	2.96e-01	1.07e-01	1.45e-02	2.02e-03	5.27e-04	4.95e-06	0.00e+00
 5.93555e+21	7.61e-29	5.87e-18	1.16e-14	5.27e-12	5.30e-10	1.84e-08	4.72e-07	2.92e-04	1.38e-02	1.69e-01	4.07e-01	2.91e-01	1.03e-01	1.36e-02	1.86e-03	4.77e-04	4.37e-06	0.00e+00
 6.06072e+21	9.84e-29	7.60e-18	1.47e-14	6.55e-12	6.42e-10	2.17e-08	5.41e-07	3.23e-04	1.48e-02	1.76e-01	4.12e-01	2.85e-01	9.75e-02	1.25e-02	1.68e-03	4.19e-04	3.71e-06	0.00e+00
 6.19924e+21	1.31e-28	1.01e-17	1.92e-14	8.35e-12	7.97e-10	2.62e-08	6.30e-07	3.61e-04	1.60e-02	1.85e-01	4.17e-01	2.77e-01	9.18e-02	1.14e-02	1.49e-03	3.62e-04	3.09e-06	0.00e+00
 6.32501e+21	1.69e-28	1.31e-17	2.44e-14	1.03e-11	9.65e-10	3.08e-08	7.21e-07	3.98e-04	1.72e-02	1.92e-01	4.21e-01	2.70e-01	8.68e-02	1.04e-02	1.34e-03	3.17e-04	2.62e-06	0.00e+00
 6.44087e+21	2.10e-28	1.64e-17	3.00e-14	1.25e-11	1.14e-09	3.55e-08	8.12e-07	4.35e-04	1.82e-02	1.99e-01	4.24e-01	2.64e-01	8.26e-02	9.68e-03	1.22e-03	2.82e-04	2.26e-06	0.00e+00
 6.57393e+21	2.69e-28	2.11e-17	3.79e-14	1.55e-11	1.38e-09	4.17e-08	9.29e-07	4.80e-04	1.95e-02	2.07e-01	4.28e-01	2.57e-01	7.79e-02	8.84e-03	1.09e-03	2.46e-04	1.90e-06	0.00e+00
 6.74692e+21	3.69e-28	2.91e-17	5.11e-14	2.03e-11	1.76e-09	5.14e-08	1.11e-06	5.46e-04	2.13e-02	2.18e-01	4.32e-01	2.48e-01	7.21e-02	7.87e-03	9.43e-04	2.06e-04	1.52e-06	0.00e+00
 6.92205e+21	5.07e-28	4.04e-17	6.97e-14	2.70e-11	2.27e-09	6.41e-08	1.33e-06	6.21e-04	2.33e-02	2.29e-01	4.35e-01	2.38e-01	6.65e-02	6.97e-03	8.13e-04	1.72e-04	1.21e-06	0.00e+00
 7.05772e+21	6.41e-28	5.16e-17	8.75e-14	3.32e-11	2.73e-09	7.51e-08	1.51e-06	6.84e-04	2.49e-02	2.37e-01	4.37e-01	2.31e-01	6.24e-02	6.35e-03	7.26e-04	1.50e-04	1.02e-06	0.00e+00
 7.19183e+21	7.98e-28	6.47e-17	1.08e-13	4.02e-11	3.24e-09	8.69e-08	1.71e-06	7.50e-04	2.65e-02	2.45e-01	4.39e-01	2.23e-01	5.88e-02	5.81e-03	6.51e-04	1.31e-04	8.63e-07	0.00e+00
 7.36616e+21	1.06e-27	8.67e-17	1.42e-13	5.18e-11	4.07e-09	1.06e-07	2.02e-06	8.45e-04	2.87e-02	2.56e-01	4.40e-01	2.14e-01	5.42e-02	5.15e-03	5.64e-04	1.10e-04	6.93e-07	0.00e+00
 7.55215e+21	1.42e-27	1.19e-16	1.91e-13	6.82e-11	5.21e-09	1.31e-07	2.41e-06	9.58e-04	3.12e-02	2.68e-01	4.41e-01	2.04e-01	4.96e-02	4.53e-03	4.83e-04	9.07e-05	5.47e-07	0.00e+00
 7.71071e+21	1.81e-27	1.53e-16	2.44e-13	8.52e-11	6.38e-09	1.56e-07	2.79e-06	1.06e-03	3.35e-02	2.78e-01	4.41e-01	1.96e-01	4.59e-02	4.05e-03	4.24e-04	7.73e-05	4.48e-07	0.00e+00
 7.87425e+21	2.28e-27	1.96e-16	3.08e-13	1.06e-10	7.74e-09	1.84e-07	3.21e-06	1.18e-03	3.59e-02	2.88e-01	4.41e-01	1.88e-01	4.25e-02	3.63e-03	3.71e-04	6.58e-05	3.67e-07	0.00e+00
 8.08687e+21	3.03e-27	2.69e-16	4.16e-13	1.40e-10	9.98e-09	2.30e-07	3.87e-06	1.35e-03	3.92e-02	3.01e-01	4.39e-01	1.78e-01	3.84e-02	3.13e-03	3.12e-04	5.32e-05	2.82e-07	0.00e+00
 8.30598e+21	4.06e-27	3.74e-16	5.70e-13	1.88e-10	1.31e-08	2.91e-07	4.72e-06	1.55e-03	4.29e-02	3.14e-01	4.37e-01	1.67e-01	3.44e-02	2.68e-03	2.60e-04	4.26e-05	2.14e-07	0.00e+00
 8.46831e+21	5.00e-27	4.71e-16	7.14e-13	2.32e-10	1.58e-08	3.44e-07	5.45e-06	1.72e-03	4.58e-02	3.25e-01	4.34e-01	1.59e-01	3.17e-02	2.39e-03	2.27e-04	3.61e-05	1.74e-07	0.00e+00
 8.59121e+21	5.81e-27	5.56e-16	8.35e-13	2.68e-10	1.81e-08	3.85e-07	6.00e-06	1.84e-03	4.80e-02	3.32e-01	4.32e-01	1.54e-01	2.99e-02	2.20e-03	2.06e-04	3.21e-05	1.51e-07	0.00e+00
 8.72812e+21	6.78e-27	6.64e-16	9.92e-13	3.14e-10	2.09e-08	4.37e-07	6.70e-06	1.99e-03	5.05e-02	3.40e-01	4.30e-01	1.48e-01	2.79e-02	2.00e-03	1.85e-04	2.82e-05	1.28e-07	0.00e+00
 8.90610e+21	8.30e-27	8.34e-16	1.24e-12	3.87e-10	2.53e-08	5.18e-07	7.74e-06	2.21e-03	5.39e-02	3.50e-01	4.26e-01	1.40e-01	2.56e-02	1.77e-03	1.61e-04	2.37e-05	0.00e+00	0.00e+00
 9.10502e+21	1.03e-26	1.07e-15	1.59e-12	4.89e-10	3.15e-08	6.27e-07	9.12e-06	2.48e-03	5.79e-02	3.61e-01	4.21e-01	1.32e-01	2.31e-02	1.54e-03	1.37e-04	1.95e-05	0.00e+00	0.00e+00
 9.28829e+21	1.25e-26	1.34e-15	1.98e-12	6.03e-10	3.82e-08	7.42e-07	1.06e-05	2.74e-03	6.18e-02	3.72e-01	4.16e-01	1.25e-01	2.11e-02	1.36e-03	1.18e-04	1.63e-05	0.00e+00	0.00e+00
 9.45674e+21	1.48e-26	1.63e-15	2.40e-12	7.23e-10	4.52e-08	8.61e-07	1.20e-05	3.01e-03	6.54e-02	3.81e-01	4.11e-01	1.19e-01	1.93e-02	1.21e-03	1.03e-04	1.39e-05	0.00e+00	0.00e+00
 9.64880e+21	1.78e-26	2.02e-15	2.96e-12	8.83e-10	5.44e-08	1.01e-06	1.38e-05	3.33e-03	6.97e-02	3.91e-01	4.05e-01	1.12e-01	1.76e-02	1.06e-03	8.91e-05	1.16e-05	0.00e+00	0.00e+00
 9.89847e+21	2.23e-26	2.64e-15	3.86e-12	1.14e-09	6.90e-08	1.25e-06	1.67e-05	3.79e-03	7.55e-02	4.04e-01	3.97e-01	1.03e-01	1.55e-02	8.95e-04	7.35e-05	9.15e-06	0.00e+00	0.00e+00
 1.01502e+22	2.79e-26	3.45e-15	5.07e-12	1.48e-09	8.83e-08	1.56e-06	2.02e-05	4.31e-03	8.17e-02	4.16e-01	3.88e-01	9.54e-02	1.36e-02	7.51e-04	6.03e-05	7.20e-06	0.00e+00	0.00e+00
 1.03437e+22	3.29e-26	4.18e-15	6.17e-12	1.79e-09	1.05e-07	1.82e-06	2.31e-05	4.74e-03	8.66e-02	4.25e-01	3.81e-01	8.96e-02	1.23e-02	6.59e-04	5.20e-05	6.01e-06	0.00e+00	0.00e+00
 1.05343e+22	3.83e-26	4.99e-15	7.37e-12	2.12e-09	1.23e-07	2.10e-06	2.62e-05	5.19e-03	9.15e-02	4.33e-01	3.74e-01	8.44e-02	1.12e-02	5.82e-04	4.51e-05	5.07e-06	0.00e+00	0.00e+00
 1.07820e+22	4.63e-26	6.25e-15	9.29e-12	2.65e-09	1.52e-07	2.53e-06	3.10e-05	5.83e-03	9.80e-02	4.43e-01	3.64e-01	7.80e-02	9.94e-03	4.94e-04	3.75e-05	4.06e-06	0.00e+00	0.00e+00
 1.10456e+22	5.67e-26	7.93e-15	1.19e-11	3.37e-09	1.91e-07	3.11e-06	3.71e-05	6.58e-03	1.05e-01	4.54e-01	3.54e-01	7.15e-02	8.71e-03	4.15e-04	3.08e-05	3.20e-06	0.00e+00	0.00e+00
 1.12683e+22	6.70e-26	9.60e-15	1.45e-11	4.08e-09	2.30e-07	3.66e-06	4.29e-05	7.26e-03	1.12e-01	4.62e-01	3.45e-01	6.65e-02	7.80e-03	3.59e-04	2.62e-05	2.63e-06	0.00e+00	0.00e+00
 1.14961e+22	7.86e-26	1.15e-14	1.75e-11	4.88e-09	2.72e-07	4.25e-06	4.92e-05	8.00e-03	1.18e-01	4.69e-01	3.36e-01	6.19e-02	6.99e-03	3.11e-04	2.23e-05	2.17e-06	0.00e+00	0.00e+00
 1.17922e+22	9.62e-26	1.45e-14	2.23e-11	6.18e-09	3.40e-07	5.19e-06	5.88e-05	9.05e-03	1.27e-01	4.78e-01	3.24e-01	5.63e-02	6.07e-03	2.58e-04	1.81e-05	1.69e-06	0.00e+00	0.00e+00
 1.20952e+22	1.19e-25	1.83e-14	2.86e-11	7.88e-09	4.29e-07	6.41e-06	7.09e-05	1.02e-02	1.36e-01	4.86e-01	3.11e-01	5.10e-02	5.24e-03	2.14e-04	1.47e-05	1.31e-06	0.00e+00	0.00e+00
 1.23344e+22	1.40e-25	2.18e-14	3.45e-11	9.44e-09	5.09e-07	7.46e-06	8.13e-05	1.12e-02	1.43e-01	4.92e-01	3.02e-01	4.72e-02	4.68e-03	1.85e-04	1.24e-05	1.08e-06	0.00e+00	0.00e+00
 1.25388e+22	1.60e-25	2.52e-14	4.01e-11	1.09e-08	5.84e-07	8.43e-06	9.08e-05	1.21e-02	1.49e-01	4.96e-01	2.93e-01	4.42e-02	4.25e-03	1.63e-04	1.09e-05	9.14e-07	0.00e+00	0.00e+00
 1.27704e+22	1.86e-25	2.94e-14	4.74e-11	1.28e-08	6.79e-07	9.65e-06	1.03e-04	1.32e-02	1.57e-01	5.01e-01	2.85e-01	4.11e-02	3.83e-03	1.43e-04	9.34e-06	7.62e-07	0.00e+00	0.00e+00
 1.30716e+22	2.24e-25	3.58e-14	5.85e-11	1.57e-08	8.26e-07	1.15e-05	1.20e-04	1.47e-02	1.66e-01	5.05e-01	2.73e-01	3.74e-02	3.34e-03	1.20e-04	7.69e-06	6.04e-07	0.00e+00	0.00e+00
 1.33669e+22	2.72e-25	4.37e-14	7.26e-11	1.94e-08	1.01e-06	1.38e-05	1.41e-04	1.63e-02	1.75e-01	5.09e-01	2.62e-01	3.41e-02	2.92e-03	1.01e-04	6.35e-06	4.80e-07	0.00e+00	0.00e+00
 1.35831e+22	3.13e-25	5.02e-14	8.42e-11	2.23e-08	1.15e-06	1.55e-05	1.57e-04	1.75e-02	1.82e-01	5.12e-01	2.54e-01	3.19e-02	2.65e-03	8.93e-05	5.54e-06	4.09e-07	0.00e+00	0.00e+00
 1.37925e+22	3.56e-25	5.68e-14	9.62e-11	2.53e-08	1.30e-06	1.72e-05	1.73e-04	1.87e-02	1.89e-01	5.13e-01	2.47e-01	2.99e-02	2.42e-03	7.97e-05	4.88e-06	3.51e-07	0.00e+00	0.00e+00
 1.40648e+22	4.20e-25	6.66e-14	1.14e-10	2.99e-08	1.52e-06	1.98e-05	1.97e-04	2.04e-02	1.97e-01	5.15e-01	2.37e-01	2.75e-02	2.15e-03	6.87e-05	4.14e-06	2.89e-07	0.00e+00	0.00e+00
 1.43622e+22	5.05e-25	7.96e-14	1.39e-10	3.60e-08	1.81e-06	2.32e-05	2.26e-04	2.23e-02	2.07e-01	5.16e-01	2.27e-01	2.51e-02	1.90e-03	5.85e-05	3.46e-06	2.33e-07	0.00e+00	0.00e+00
 1.46269e+22	5.95e-25	9.29e-14	1.64e-10	4.23e-08	2.10e-06	2.65e-05	2.55e-04	2.42e-02	2.16e-01	5.17e-01	2.18e-01	2.32e-02	1.69e-03	5.08e-05	2.96e-06	1.94e-07	0.00e+00	0.00e+00
 1.49059e+22	6.99e-25	1.08e-13	1.93e-10	4.93e-08	2.43e-06	3.00e-05	2.87e-04	2.62e-02	2.24e-01	5.17e-01	2.09e-01	2.13e-02	1.51e-03	4.41e-05	2.53e-06	1.60e-07	0.00e+00	0.00e+00
 1.52685e+22	8.64e-25	1.31e-13	2.39e-10	6.03e-08	2.93e-06	3.55e-05	3.34e-04	2.89e-02	2.36e-01	5.16e-01	1.98e-01	1.92e-02	1.30e-03	3.66e-05	2.06e-06	1.26e-07	0.00e+00	0.00e+00
 1.56367e+22	1.08e-24	1.61e-13	2.99e-10	7.45e-08	3.58e-06	4.24e-05	3.91e-04	3.19e-02	2.47e-01	5.14e-01	1.88e-01	1.72e-02	1.12e-03	3.04e-05	1.67e-06	0.00e+00	0.00e+00	0.00e+00
 1.59260e+22	1.28e-24	1.87e-13	3.52e-10	8.70e-08	4.13e-06	4.82e-05	4.39e-04	3.45e-02	2.56e-01	5.12e-01	1.79e-01	1.58e-02	9.99e-04	2.63e-05	1.43e-06	0.00e+00	0.00e+00	0.00e+00
 1.62162e+22	1.51e-24	2.16e-13	4.11e-10	1.00e-07	4.72e-06	5.40e-05	4.87e-04	3.69e-02	2.65e-01	5.10e-01	1.72e-01	1.46e-02	8.95e-04	2.30e-05	1.23e-06	0.00e+00	0.00e+00	0.00e+00
 1.65935e+22	1.86e-24	2.60e-13	5.03e-10	1.21e-07	5.62e-06	6.30e-05	5.60e-04	4.04e-02	2.76e-01	5.06e-01	1.62e-01	1.31e-02	7.75e-04	1.92e-05	1.01e-06	0.00e+00	0.00e+00	0.00e+00
 1.69936e+22	2.34e-24	3.18e-13	6.26e-10	1.49e-07	6.80e-06	7.46e-05	6.50e-04	4.44e-02	2.88e-01	5.02e-01	1.53e-01	1.17e-02	6.65e-04	1.59e-05	8.17e-07	0.00e+00	0.00e+00	0.00e+00
 1.73298e+22	2.83e-24	3.75e-13	7.48e-10	1.76e-07	7.91e-06	8.51e-05	7.31e-04	4.78e-02	2.98e-01	4.97e-01	1.45e-01	1.06e-02	5.86e-04	1.36e-05	6.89e-07	0.00e+00	0.00e+00	0.00e+00
 1.76734e+22	3.39e-24	4.37e-13	8.83e-10	2.05e-07	9.10e-06	9.60e-05	8.17e-04	5.14e-02	3.08e-01	4.92e-01	1.37e-01	9.66e-03	5.18e-04	1.17e-05	5.82e-07	0.00e+00	0.00e+00	0.00e+00
 1.81199e+22	4.30e-24	5.35e-13	1.10e-09	2.51e-07	1.09e-05	1.13e-04	9.44e-04	5.64e-02	3.20e-01	4.85e-01	1.28e-01	8.55e-03	4.41e-04	9.63e-06	4.69e-07	0.00e+00	0.00e+00	0.00e+00
 1.85808e+22	5.54e-24	6.64e-13	1.39e-09	3.11e-07	1.33e-05	1.34e-04	1.10e-03	6.18e-02	3.32e-01	4.78e-01	1.19e-01	7.54e-03	3.74e-04	7.88e-06	3.76e-07	0.00e+00	0.00e+00	0.00e+00
 1.89516e+22	6.73e-24	7.82e-13	1.66e-09	3.66e-07	1.55e-05	1.52e-04	1.23e-03	6.64e-02	3.42e-01	4.71e-01	1.13e-01	6.81e-03	3.28e-04	6.71e-06	3.15e-07	0.00e+00	0.00e+00	0.00e+00
 1.93249e+22	8.14e-24	9.18e-13	1.96e-09	4.25e-07	1.77e-05	1.71e-04	1.36e-03	7.09e-02	3.51e-01	4.64e-01	1.06e-01	6.19e-03	2.89e-04	5.77e-06	2.67e-07	0.00e+00	0.00e+00	0.00e+00
 1.98102e+22	1.04e-23	1.12e-12	2.43e-09	5.19e-07	2.11e-05	1.99e-04	1.56e-03	7.71e-02	3.62e-01	4.54e-01	9.88e-02	5.45e-03	2.46e-04	4.74e-06	2.15e-07	0.00e+00	0.00e+00	0.00e+00
 2.03241e+22	1.35e-23	1.40e-12	3.08e-09	6.44e-07	2.57e-05	2.35e-04	1.81e-03	8.41e-02	3.74e-01	4.44e-01	9.12e-02	4.77e-03	2.07e-04	3.85e-06	1.71e-07	0.00e+00	0.00e+00	0.00e+00
 2.07565e+22	1.68e-23	1.68e-12	3.72e-09	7.65e-07	3.00e-05	2.68e-04	2.03e-03	9.03e-02	3.83e-01	4.34e-01	8.52e-02	4.26e-03	1.79e-04	3.24e-06	1.41e-07	0.00e+00	0.00e+00	0.00e+00
 2.11102e+22	2.00e-23	1.94e-12	4.34e-09	8.76e-07	3.38e-05	2.97e-04	2.22e-03	9.52e-02	3.90e-01	4.27e-01	8.07e-02	3.90e-03	1.60e-04	2.83e-06	1.22e-07	0.00e+00	0.00e+00	0.00e+00
 2.14798e+22	2.39e-23	2.24e-12	5.03e-09	1.00e-06	3.80e-05	3.27e-04	2.42e-03	1.01e-01	3.97e-01	4.19e-01	7.63e-02	3.56e-03	1.43e-04	2.46e-06	0.00e+00	0.00e+00	0.00e+00	0.00e+00
 2.19603e+22	2.99e-23	2.70e-12	6.11e-09	1.19e-06	4.43e-05	3.73e-04	2.72e-03	1.08e-01	4.06e-01	4.09e-01	7.09e-02	3.16e-03	1.23e-04	2.06e-06	0.00e+00	0.00e+00	0.00e+00	0.00e+00
 2.24612e+22	3.81e-23	3.31e-12	7.55e-09	1.44e-06	5.24e-05	4.30e-04	3.07e-03	1.15e-01	4.15e-01	3.98e-01	6.56e-02	2.79e-03	1.05e-04	1.71e-06	0.00e+00	0.00e+00	0.00e+00	0.00e+00
 2.28738e+22	4.63e-23	3.89e-12	8.91e-09	1.67e-06	5.96e-05	4.79e-04	3.37e-03	1.22e-01	4.22e-01	3.89e-01	6.16e-02	2.52e-03	9.30e-05	1.47e-06	0.00e+00	0.00e+00	0.00e+00	0.00e+00
 2.32955e+22	5.58e-23	4.52e-12	1.04e-08	1.92e-06	6.71e-05	5.29e-04	3.68e-03	1.28e-01	4.28e-01	3.79e-01	5.78e-02	2.28e-03	8.21e-05	1.27e-06	0.00e+00	0.00e+00	0.00e+00	0.00e+00
 2.38436e+22	7.12e-23	5.52e-12	1.28e-08	2.31e-06	7.87e-05	6.04e-04	4.12e-03	1.37e-01	4.35e-01	3.67e-01	5.32e-02	2.01e-03	7.00e-05	1.05e-06	0.00e+00	0.00e+00	0.00e+00	0.00e+00
 2.44200e+22	9.29e-23	6.89e-12	1.60e-08	2.82e-06	9.36e-05	6.99e-04	4.66e-03	1.47e-01	4.42e-01	3.55e-01	4.87e-02	1.75e-03	5.92e-05	8.60e-07	0.00e+00	0.00e+00	0.00e+00	0.00e+00
 2.48986e+22	1.15e-22	8.23e-12	1.91e-08	3.30e-06	1.07e-04	7.81e-04	5.12e-03	1.55e-01	4.48e-01	3.45e-01	4.53e-02	1.57e-03	5.17e-05	7.31e-07	0.00e+00	0.00e+00	0.00e+00	0.00e+00
 2.53862e+22	1.41e-22	9.71e-12	2.25e-08	3.81e-06	1.21e-04	8.63e-04	5.59e-03	1.63e-01	4.52e-01	3.34e-01	4.22e-02	1.40e-03	4.52e-05	6.24e-07	0.00e+00	0.00e+00	0.00e+00	0.00e+00
 2.60201e+22	1.84e-22	1.21e-11	2.80e-08	4.62e-06	1.43e-04	9.87e-04	6.27e-03	1.74e-01	4.58e-01	3.21e-01	3.84e-02	1.22e-03	3.81e-05	5.09e-07	0.00e+00	0.00e+00	0.00e+00	0.00e+00
 2.66791e+22	2.46e-22	1.54e-11	3.55e-08	5.70e-06	1.70e-04	1.14e-03	7.07e-03	1.85e-01	4.63e-01	3.08e-01	3.48e-02	1.05e-03	3.19e-05	4.12e-07	0.00e+00	0.00e+00	0.00e+00	0.00e+00
 2.72153e+22	3.08e-22	1.86e-11	4.27e-08	6.69e-06	1.95e-04	1.28e-03	7.74e-03	1.94e-01	4.66e-01	2.97e-01	3.22e-02	9.35e-04	2.76e-05	3.48e-07	0.00e+00	0.00e+00	0.00e+00	0.00e+00
 2.77569e+22	3.81e-22	2.21e-11	5.05e-08	7.74e-06	2.20e-04	1.41e-03	8.40e-03	2.04e-01	4.69e-01	2.87e-01	2.98e-02	8.33e-04	2.41e-05	2.96e-07	0.00e+00	0.00e+00	0.00e+00	0.00e+00
 2.84609e+22	5.04e-22	2.78e-11	6.30e-08	9.40e-06	2.59e-04	1.60e-03	9.36e-03	2.16e-01	4.71e-01	2.74e-01	2.69e-02	7.19e-04	2.02e-05	2.40e-07	0.00e+00	0.00e+00	0.00e+00	0.00e+00
 2.92057e+22	6.84e-22	3.59e-11	8.04e-08	1.16e-05	3.10e-04	1.85e-03	1.05e-02	2.29e-01	4.73e-01	2.61e-01	2.42e-02	6.14e-04	1.68e-05	1.93e-07	0.00e+00	0.00e+00	0.00e+00	0.00e+00
 2.98304e+22	8.76e-22	4.42e-11	9.77e-08	1.38e-05	3.56e-04	2.07e-03	1.15e-02	2.40e-01	4.74e-01	2.50e-01	2.21e-02	5.40e-04	1.44e-05	1.61e-07	0.00e+00	0.00e+00	0.00e+00	0.00e+00
 3.04693e+22	1.11e-21	5.36e-11	1.17e-07	1.61e-05	4.04e-04	2.29e-03	1.25e-02	2.50e-01	4.74e-01	2.39e-01	2.03e-02	4.76e-04	1.24e-05	1.35e-07	0.00e+00	0.00e+00	0.00e+00	0.00e+00
 3.13000e+22	1.51e-21	6.91e-11	1.48e-07	1.98e-05	4.79e-04	2.62e-03	1.39e-02	2.64e-01	4.74e-01	2.26e-01	1.81e-02	4.05e-04	1.02e-05	0.00e+00	0.00e+00	0.00e+00	0.00e+00	0.00e+00
 3.21771e+22	2.11e-21	9.15e-11	1.93e-07	2.49e-05	5.77e-04	3.04e-03	1.56e-02	2.79e-01	4.72e-01	2.13e-01	1.60e-02	3.41e-04	8.35e-06	0.00e+00	0.00e+00	0.00e+00	0.00e+00	0.00e+00
 3.29137e+22	2.76e-21	1.15e-10	2.37e-07	2.98e-05	6.67e-04	3.41e-03	1.71e-02	2.91e-01	4.70e-01	2.02e-01	1.45e-02	2.96e-04	7.08e-06	0.00e+00	0.00e+00	0.00e+00	0.00e+00	0.00e+00
 3.36702e+22	3.56e-21	1.42e-10	2.87e-07	3.51e-05	7.61e-04	3.77e-03	1.85e-02	3.03e-01	4.68e-01	1.92e-01	1.32e-02	2.57e-04	6.02e-06	0.00e+00	0.00e+00	0.00e+00	0.00e+00	0.00e+00
 3.46538e+22	4.95e-21	1.88e-10	3.70e-07	4.36e-05	9.06e-04	4.32e-03	2.05e-02	3.18e-01	4.64e-01	1.80e-01	1.16e-02	2.16e-04	4.91e-06	0.00e+00	0.00e+00	0.00e+00	0.00e+00	0.00e+00
 3.55920e+22	6.94e-21	2.50e-10	4.79e-07	5.47e-05	1.09e-03	5.00e-03	2.29e-02	3.33e-01	4.59e-01	1.68e-01	1.02e-02	1.81e-04	4.01e-06	0.00e+00	0.00e+00	0.00e+00	0.00e+00	0.00e+00
 3.62374e+22	8.53e-21	2.99e-10	5.62e-07	6.26e-05	1.21e-03	5.42e-03	2.43e-02	3.43e-01	4.55e-01	1.61e-01	9.44e-03	1.62e-04	3.53e-06	0.00e+00	0.00e+00	0.00e+00	0.00e+00	0.00e+00
 3.68426e+22	1.03e-20	3.49e-10	6.44e-07	7.03e-05	1.33e-03	5.80e-03	2.56e-02	3.52e-01	4.52e-01	1.55e-01	8.75e-03	1.46e-04	3.13e-06	0.00e+00	0.00e+00	0.00e+00	0.00e+00	0.00e+00
 3.76293e+22	1.33e-20	4.29e-10	7.74e-07	8.23e-05	1.50e-03	6.38e-03	2.75e-02	3.63e-01	4.47e-01	1.47e-01	7.94e-03	1.28e-04	2.68e-06	0.00e+00	0.00e+00	0.00e+00	0.00e+00	0.00e+00
 3.86521e+22	1.82e-20	5.57e-10	9.74e-07	1.00e-04	1.76e-03	7.18e-03	3.00e-02	3.77e-01	4.40e-01	1.37e-01	7.02e-03	1.08e-04	2.21e-06	0.00e+00	0.00e+00	0.00e+00	0.00e+00	0.00e+00
 3.97141e+22	2.54e-20	7.40e-10	1.25e-06	1.24e-04	2.09e-03	8.20e-03	3.30e-02	3.91e-01	4.32e-01	1.28e-01	6.16e-03	9.10e-05	1.81e-06	0.00e+00	0.00e+00	0.00e+00	0.00e+00	0.00e+00
 4.05900e+22	3.27e-20	9.23e-10	1.52e-06	1.47e-04	2.37e-03	9.03e-03	3.54e-02	4.02e-01	4.25e-01	1.20e-01	5.55e-03	7.91e-05	1.54e-06	0.00e+00	0.00e+00	0.00e+00	0.00e+00	0.00e+00
 4.14916e+22	4.19e-20	1.14e-09	1.82e-06	1.71e-04	2.66e-03	9.83e-03	3.77e-02	4.13e-01	4.19e-01	1.13e-01	5.01e-03	6.89e-05	1.32e-06	0.00e+00	0.00e+00	0.00e+00	0.00e+00	0.00e+00
 4.26637e+22	5.86e-20	1.49e-09	2.30e-06	2.08e-04	3.11e-03	1.10e-02	4.09e-02	4.26e-01	4.09e-01	1.05e-01	4.39e-03	5.78e-05	1.08e-06	0.00e+00	0.00e+00	0.00e+00	0.00e+00	0.00e+00
 4.38639e+22	8.23e-20	1.99e-09	2.95e-06	2.58e-04	3.69e-03	1.26e-02	4.47e-02	4.39e-01	3.99e-01	9.70e-02	3.83e-03	4.82e-05	8.77e-07	0.00e+00	0.00e+00	0.00e+00	0.00e+00	0.00e+00
 4.48135e+22	1.05e-19	2.47e-09	3.55e-06	3.02e-04	4.16e-03	1.37e-02	4.75e-02	4.48e-01	3.91e-01	9.12e-02	3.45e-03	4.20e-05	7.50e-07	0.00e+00	0.00e+00	0.00e+00	0.00e+00	0.00e+00
 4.57607e+22	1.33e-19	3.01e-09	4.20e-06	3.47e-04	4.62e-03	1.48e-02	5.01e-02	4.58e-01	3.83e-01	8.59e-02	3.12e-03	3.68e-05	6.45e-07	0.00e+00	0.00e+00	0.00e+00	0.00e+00	0.00e+00
 4.69921e+22	1.83e-19	3.89e-09	5.23e-06	4.18e-04	5.33e-03	1.64e-02	5.38e-02	4.69e-01	3.73e-01	7.95e-02	2.74e-03	3.11e-05	5.32e-07	0.00e+00	0.00e+00	0.00e+00	0.00e+00	0.00e+00
 4.83168e+22	2.56e-19	5.15e-09	6.64e-06	5.13e-04	6.24e-03	1.84e-02	5.80e-02	4.79e-01	3.62e-01	7.32e-02	2.39e-03	2.60e-05	4.35e-07	0.00e+00	0.00e+00	0.00e+00	0.00e+00	0.00e+00
 4.94804e+22	3.38e-19	6.51e-09	8.12e-06	6.07e-04	7.10e-03	2.02e-02	6.18e-02	4.88e-01	3.52e-01	6.80e-02	2.11e-03	2.22e-05	3.64e-07	0.00e+00	0.00e+00	0.00e+00	0.00e+00	0.00e+00
 5.07106e+22	4.43e-19	8.16e-09	9.81e-06	7.11e-04	8.00e-03	2.20e-02	6.54e-02	4.97e-01	3.42e-01	6.31e-02	1.87e-03	1.90e-05	3.05e-07	0.00e+00	0.00e+00	0.00e+00	0.00e+00	0.00e+00
 5.23099e+22	6.30e-19	1.09e-08	1.25e-05	8.73e-04	9.34e-03	2.45e-02	7.03e-02	5.07e-01	3.29e-01	5.75e-02	1.61e-03	1.57e-05	2.45e-07	0.00e+00	0.00e+00	0.00e+00	0.00e+00	0.00e+00
 5.39828e+22	9.15e-19	1.49e-08	1.63e-05	1.09e-03	1.11e-02	2.78e-02	7.60e-02	5.15e-01	3.16e-01	5.19e-02	1.36e-03	1.27e-05	1.94e-07	0.00e+00	0.00e+00	0.00e+00	0.00e+00	0.00e+00
 5.53647e+22	1.22e-18	1.90e-08	2.00e-05	1.30e-03	1.26e-02	3.04e-02	8.05e-02	5.22e-01	3.05e-01	4.77e-02	1.19e-03	1.08e-05	1.61e-07	0.00e+00	0.00e+00	0.00e+00	0.00e+00	0.00e+00
 5.67744e+22	1.59e-18	2.37e-08	2.40e-05	1.51e-03	1.41e-02	3.28e-02	8.44e-02	5.28e-01	2.94e-01	4.41e-02	1.06e-03	9.22e-06	1.35e-07	0.00e+00	0.00e+00	0.00e+00	0.00e+00	0.00e+00
 5.86070e+22	2.25e-18	3.15e-08	3.05e-05	1.84e-03	1.63e-02	3.63e-02	8.99e-02	5.34e-01	2.81e-01	3.98e-02	8.99e-04	7.54e-06	0.00e+00	0.00e+00	0.00e+00	0.00e+00	0.00e+00	0.00e+00
 6.05864e+22	3.29e-18	4.32e-08	3.97e-05	2.29e-03	1.92e-02	4.07e-02	9.64e-02	5.38e-01	2.67e-01	3.56e-02	7.54e-04	6.06e-06	0.00e+00	0.00e+00	0.00e+00	0.00e+00	0.00e+00	0.00e+00
 6.22935e+22	4.42e-18	5.57e-08	4.91e-05	2.73e-03	2.19e-02	4.46e-02	1.02e-01	5.41e-01	2.55e-01	3.23e-02	6.50e-04	5.05e-06	0.00e+00	0.00e+00	0.00e+00	0.00e+00	0.00e+00	0.00e+00
 6.40495e+22	5.88e-18	7.04e-08	5.95e-05	3.20e-03	2.46e-02	4.80e-02	1.06e-01	5.44e-01	2.44e-01	2.94e-02	5.64e-04	4.24e-06	0.00e+00	0.00e+00	0.00e+00	0.00e+00	0.00e+00	0.00e+00
 6.63323e+22	8.55e-18	9.50e-08	7.61e-05	3.92e-03	2.85e-02	5.29e-02	1.13e-01	5.45e-01	2.30e-01	2.62e-02	4.71e-04	3.41e-06	0.00e+00	0.00e+00	0.00e+00	0.00e+00	0.00e+00	0.00e+00
 6.87642e+22	1.27e-17	1.32e-07	9.99e-05	4.91e-03	3.36e-02	5.92e-02	1.20e-01	5.44e-01	2.15e-01	2.29e-02	3.87e-04	2.69e-06	0.00e+00	0.00e+00	0.00e+00	0.00e+00	0.00e+00	0.00e+00
 7.08143e+22	1.71e-17	1.71e-07	1.23e-04	5.83e-03	3.80e-02	6.42e-02	1.25e-01	5.42e-01	2.03e-01	2.06e-02	3.30e-04	2.21e-06	0.00e+00	0.00e+00	0.00e+00	0.00e+00	0.00e+00	0.00e+00
 7.29036e+22	2.28e-17	2.15e-07	1.49e-04	6.78e-03	4.23e-02	6.85e-02	1.30e-01	5.40e-01	1.93e-01	1.86e-02	2.84e-04	1.85e-06	0.00e+00	0.00e+00	0.00e+00	0.00e+00	0.00e+00	0.00e+00
 7.56198e+22	3.32e-17	2.89e-07	1.89e-04	8.24e-03	4.85e-02	7.47e-02	1.36e-01	5.36e-01	1.80e-01	1.63e-02	2.34e-04	1.47e-06	0.00e+00	0.00e+00	0.00e+00	0.00e+00	0.00e+00	0.00e+00
 7.84151e+22	4.86e-17	3.96e-07	2.46e-04	1.02e-02	5.64e-02	8.24e-02	1.43e-01	5.27e-01	1.66e-01	1.42e-02	1.91e-04	1.15e-06	0.00e+00	0.00e+00	0.00e+00	0.00e+00	0.00e+00	0.00e+00
 8.06877e+22	6.40e-17	4.99e-07	2.96e-04	1.18e-02	6.26e-02	8.78e-02	1.47e-01	5.21e-01	1.56e-01	1.27e-02	1.63e-04	9.58e-07	0.00e+00	0.00e+00	0.00e+00	0.00e+00	0.00e+00	0.00e+00
 8.30165e+22	8.32e-17	6.16e-07	3.50e-04	1.35e-02	6.85e-02	9.25e-02	1.51e-01	5.15e-01	1.47e-01	1.14e-02	1.40e-04	8.04e-07	0.00e+00	0.00e+00	0.00e+00	0.00e+00	0.00e+00	0.00e+00
 8.60439e+22	1.19e-16	8.02e-07	4.33e-04	1.60e-02	7.69e-02	9.90e-02	1.56e-01	5.05e-01	1.37e-01	1.00e-02	1.16e-04	6.46e-07	0.00e+00	0.00e+00	0.00e+00	0.00e+00	0.00e+00	0.00e+00
 8.95719e+22	1.74e-16	1.09e-06	5.54e-04	1.94e-02	8.79e-02	1.07e-01	1.61e-01	4.91e-01	1.24e-01	8.56e-03	9.30e-05	4.98e-07	0.00e+00	0.00e+00	0.00e+00	0.00e+00	0.00e+00	0.00e+00
 9.29990e+22	2.46e-16	1.45e-06	6.96e-04	2.32e-02	9.92e-02	1.15e-01	1.65e-01	4.76e-01	1.13e-01	7.33e-03	7.50e-05	3.89e-07	0.00e+00	0.00e+00	0.00e+00	0.00e+00	0.00e+00	0.00e+00
 9.58606e+22	3.22e-16	1.80e-06	8.30e-04	2.67e-02	1.09e-01	1.21e-01	1.68e-01	4.63e-01	1.05e-01	6.48e-03	6.32e-05	3.20e-07	0.00e+00	0.00e+00	0.00e+00	0.00e+00	0.00e+00	0.00e+00
 9.87385e+22	4.14e-16	2.19e-06	9.67e-04	3.00e-02	1.17e-01	1.25e-01	1.70e-01	4.53e-01	9.80e-02	5.78e-03	5.40e-05	2.67e-07	0.00e+00	0.00e+00	0.00e+00	0.00e+00	0.00e+00	0.00e+00
 1.02434e+23	5.84e-16	2.79e-06	1.17e-03	3.47e-02	1.29e-01	1.31e-01	1.72e-01	4.37e-01	8.95e-02	5.01e-03	4.44e-05	2.14e-07	0.00e+00	0.00e+00	0.00e+00	0.00e+00	0.00e+00	0.00e+00
 1.06477e+23	8.36e-16	3.63e-06	1.44e-03	4.08e-02	1.43e-01	1.39e-01	1.74e-01	4.17e-01	8.05e-02	4.24e-03	3.55e-05	1.66e-07	0.00e+00	0.00e+00	0.00e+00	0.00e+00	0.00e+00	0.00e+00
 1.10160e+23	1.11e-15	4.55e-06	1.72e-03	4.66e-02	1.55e-01	1.44e-01	1.75e-01	4.00e-01	7.32e-02	3.66e-03	2.91e-05	1.33e-07	0.00e+00	0.00e+00	0.00e+00	0.00e+00	0.00e+00	0.00e+00
 1.13568e+23	1.44e-15	5.48e-06	1.99e-03	5.20e-02	1.66e-01	1.48e-01	1.76e-01	3.86e-01	6.75e-02	3.24e-03	2.47e-05	0.00e+00	0.00e+00	0.00e+00	0.00e+00	0.00e+00	0.00e+00	0.00e+00
 1.17479e+23	1.86e-15	6.66e-06	2.31e-03	5.81e-02	1.77e-01	1.52e-01	1.75e-01	3.71e-01	6.18e-02	2.83e-03	2.06e-05	0.00e+00	0.00e+00	0.00e+00	0.00e+00	0.00e+00	0.00e+00	0.00e+00
 1.22145e+23	2.60e-15	8.33e-06	2.75e-03	6.61e-02	1.91e-01	1.57e-01	1.75e-01	3.51e-01	5.54e-02	2.41e-03	1.67e-05	0.00e+00	0.00e+00	0.00e+00	0.00e+00	0.00e+00	0.00e+00	0.00e+00
 1.26921e+23	3.59e-15	1.04e-05	3.25e-03	7.48e-02	2.05e-01	1.61e-01	1.73e-01	3.32e-01	4.96e-02	2.05e-03	1.35e-05	0.00e+00	0.00e+00	0.00e+00	0.00e+00	0.00e+00	0.00e+00	0.00e+00
 1.31514e+23	4.68e-15	1.25e-05	3.76e-03	8.31e-02	2.17e-01	1.64e-01	1.71e-01	3.15e-01	4.50e-02	1.77e-03	1.12e-05	0.00e+00	0.00e+00	0.00e+00	0.00e+00	0.00e+00	0.00e+00	0.00e+00
 1.36524e+23	6.22e-15	1.51e-05	4.33e-03	9.19e-02	2.28e-01	1.66e-01	1.69e-01	2.99e-01	4.06e-02	1.53e-03	9.22e-06	0.00e+00	0.00e+00	0.00e+00	0.00e+00	0.00e+00	0.00e+00	0.00e+00
 1.42108e+23	8.58e-15	1.84e-05	5.05e-03	1.03e-01	2.42e-01	1.68e-01	1.66e-01	2.80e-01	3.61e-02	1.29e-03	7.44e-06	0.00e+00	0.00e+00	0.00e+00	0.00e+00	0.00e+00	0.00e+00	0.00e+00
 1.47916e+23	1.24e-14	2.22e-05	5.81e-03	1.13e-01	2.54e-01	1.69e-01	1.62e-01	2.63e-01	3.23e-02	1.10e-03	6.08e-06	0.00e+00	0.00e+00	0.00e+00	0.00e+00	0.00e+00	0.00e+00	0.00e+00
 1.53956e+23	1.70e-14	2.66e-05	6.65e-03	1.24e-01	2.65e-01	1.70e-01	1.59e-01	2.46e-01	2.89e-02	9.40e-04	4.98e-06	0.00e+00	0.00e+00	0.00e+00	0.00e+00	0.00e+00	0.00e+00	0.00e+00
 1.60238e+23	2.36e-14	3.15e-05	7.55e-03	1.35e-01	2.76e-01	1.70e-01	1.55e-01	2.31e-01	2.59e-02	8.06e-04	4.10e-06	0.00e+00	0.00e+00	0.00e+00	0.00e+00	0.00e+00	0.00e+00	0.00e+00
 1.66771e+23	3.35e-14	3.70e-05	8.52e-03	1.47e-01	2.85e-01	1.69e-01	1.51e-01	2.16e-01	2.32e-02	6.94e-04	3.40e-06	0.00e+00	0.00e+00	0.00e+00	0.00e+00	0.00e+00	0.00e+00	0.00e+00
 1.73565e+23	4.88e-14	4.32e-05	9.55e-03	1.58e-01	2.94e-01	1.68e-01	1.46e-01	2.02e-01	2.09e-02	6.00e-04	2.83e-06	0.00e+00	0.00e+00	0.00e+00	0.00e+00	0.00e+00	0.00e+00	0.00e+00
 1.80631e+23	7.31e-14	4.99e-05	1.06e-02	1.69e-01	3.02e-01	1.67e-01	1.42e-01	1.90e-01	1.88e-02	5.21e-04	2.38e-06	0.00e+00	0.00e+00	0.00e+00	0.00e+00	0.00e+00	0.00e+00	0.00e+00
 1.87980e+23	1.13e-13	5.73e-05	1.18e-02	1.81e-01	3.08e-01	1.65e-01	1.38e-01	1.78e-01	1.70e-02	4.55e-04	2.01e-06	0.00e+00	0.00e+00	0.00e+00	0.00e+00	0.00e+00	0.00e+00	0.00e+00
 1.95622e+23	1.81e-13	6.52e-05	1.30e-02	1.92e-01	3.14e-01	1.63e-01	1.34e-01	1.68e-01	1.55e-02	4.00e-04	1.72e-06	0.00e+00	0.00e+00	0.00e+00	0.00e+00	0.00e+00	0.00e+00	0.00e+00
 2.03571e+23	3.03e-13	7.37e-05	1.42e-02	2.02e-01	3.19e-01	1.61e-01	1.30e-01	1.58e-01	1.41e-02	3.54e-04	1.48e-06	0.00e+00	0.00e+00	0.00e+00	0.00e+00	0.00e+00	0.00e+00	0.00e+00
 2.11837e+23	5.25e-13	8.26e-05	1.54e-02	2.13e-01	3.23e-01	1.59e-01	1.26e-01	1.50e-01	1.30e-02	3.15e-04	1.28e-06	0.00e+00	0.00e+00	0.00e+00	0.00e+00	0.00e+00	0.00e+00	0.00e+00
 2.20434e+23	9.26e-13	9.19e-05	1.67e-02	2.23e-01	3.27e-01	1.57e-01	1.23e-01	1.42e-01	1.20e-02	2.84e-04	1.13e-06	0.00e+00	0.00e+00	0.00e+00	0.00e+00	0.00e+00	0.00e+00	0.00e+00
