#depth	S	S+	S+2	S+3	S+4	S+5	S+6	S+7	S+8	S+9	S+10	S+11	S+12	S+13	S+14	S+15	S+16
 6.17135e+19	0.00e+00	0.00e+00	8.04e-28	5.27e-24	2.25e-20	3.79e-17	9.37e-13	1.96e-09	1.44e-06	7.30e-05	1.80e-03	1.50e-02	5.05e-02	1.28e-01	6.34e-01	1.59e-01	1.23e-02
 1.87609e+20	0.00e+00	0.00e+00	4.56e-27	2.57e-23	9.49e-20	1.33e-16	3.25e-12	5.47e-09	2.99e-06	1.33e-04	2.94e-03	2.19e-02	6.50e-02	1.43e-01	6.21e-01	1.37e-01	9.32e-03
 2.83882e+20	0.00e+00	4.42e-31	2.05e-26	1.01e-22	3.17e-19	3.64e-16	8.21e-12	1.17e-08	5.08e-06	2.04e-04	4.18e-03	2.87e-02	7.76e-02	1.54e-01	6.07e-01	1.21e-01	7.52e-03
 3.32478e+20	0.00e+00	1.03e-30	4.50e-26	2.03e-22	5.84e-19	6.03e-16	1.27e-11	1.68e-08	6.52e-06	2.50e-04	4.93e-03	3.26e-02	8.42e-02	1.59e-01	5.99e-01	1.14e-01	6.76e-03
 3.58327e+20	0.00e+00	1.55e-30	6.60e-26	2.86e-22	7.85e-19	7.69e-16	1.58e-11	2.01e-08	7.42e-06	2.78e-04	5.36e-03	3.48e-02	8.78e-02	1.61e-01	5.94e-01	1.11e-01	6.39e-03
 3.79820e+20	0.00e+00	2.13e-30	8.83e-26	3.73e-22	9.90e-19	9.38e-16	1.90e-11	2.35e-08	8.25e-06	3.03e-04	5.75e-03	3.67e-02	9.08e-02	1.63e-01	5.90e-01	1.08e-01	6.09e-03
 4.07760e+20	0.00e+00	3.17e-30	1.27e-25	5.20e-22	1.33e-18	1.21e-15	2.43e-11	2.88e-08	9.48e-06	3.39e-04	6.30e-03	3.93e-02	9.50e-02	1.66e-01	5.84e-01	1.04e-01	5.72e-03
 4.44081e+20	0.00e+00	5.23e-30	2.02e-25	7.91e-22	1.94e-18	1.68e-15	3.31e-11	3.71e-08	1.13e-05	3.92e-04	7.07e-03	4.29e-02	1.00e-01	1.69e-01	5.76e-01	9.88e-02	5.27e-03
 4.81873e+20	0.00e+00	8.85e-30	3.28e-25	1.23e-21	2.87e-18	2.34e-15	4.51e-11	4.81e-08	1.36e-05	4.54e-04	7.96e-03	4.70e-02	1.06e-01	1.73e-01	5.67e-01	9.39e-02	4.83e-03
 5.13082e+20	0.00e+00	1.36e-29	4.88e-25	1.75e-21	3.93e-18	3.04e-15	5.75e-11	5.89e-08	1.57e-05	5.11e-04	8.75e-03	5.05e-02	1.11e-01	1.75e-01	5.59e-01	9.00e-02	4.50e-03
 5.45163e+20	0.00e+00	2.06e-29	7.13e-25	2.47e-21	5.32e-18	3.95e-15	7.32e-11	7.22e-08	1.81e-05	5.74e-04	9.60e-03	5.41e-02	1.16e-01	1.78e-01	5.52e-01	8.62e-02	4.19e-03
 5.86867e+20	0.00e+00	3.45e-29	1.15e-24	3.80e-21	7.80e-18	5.48e-15	9.96e-11	9.35e-08	2.18e-05	6.66e-04	1.08e-02	5.92e-02	1.23e-01	1.81e-01	5.41e-01	8.13e-02	3.81e-03
 6.28503e+20	0.00e+00	5.82e-29	1.86e-24	5.87e-21	1.14e-17	7.58e-15	1.34e-10	1.20e-07	2.61e-05	7.72e-04	1.22e-02	6.47e-02	1.30e-01	1.83e-01	5.29e-01	7.67e-02	3.46e-03
 6.60217e+20	0.00e+00	8.63e-29	2.66e-24	8.11e-21	1.52e-17	9.60e-15	1.65e-10	1.44e-07	2.98e-05	8.60e-04	1.32e-02	6.89e-02	1.35e-01	1.85e-01	5.20e-01	7.33e-02	3.22e-03
 6.91614e+20	0.00e+00	1.24e-28	3.70e-24	1.09e-20	1.97e-17	1.20e-14	2.02e-10	1.71e-07	3.38e-05	9.52e-04	1.43e-02	7.32e-02	1.40e-01	1.87e-01	5.12e-01	7.02e-02	3.00e-03
 7.32430e+20	0.00e+00	1.94e-28	5.59e-24	1.58e-20	2.73e-17	1.59e-14	2.62e-10	2.13e-07	3.98e-05	1.09e-03	1.59e-02	7.90e-02	1.46e-01	1.89e-01	5.00e-01	6.62e-02	2.74e-03
 7.73172e+20	0.00e+00	3.05e-28	8.49e-24	2.30e-20	3.79e-17	2.09e-14	3.35e-10	2.64e-07	4.66e-05	1.24e-03	1.76e-02	8.51e-02	1.53e-01	1.91e-01	4.88e-01	6.24e-02	2.49e-03
 8.04276e+20	0.00e+00	4.30e-28	1.16e-23	3.04e-20	4.83e-17	2.57e-14	4.01e-10	3.08e-07	5.24e-05	1.36e-03	1.89e-02	8.99e-02	1.58e-01	1.92e-01	4.79e-01	5.97e-02	2.32e-03
 8.35169e+20	0.00e+00	5.89e-28	1.55e-23	3.94e-20	6.05e-17	3.10e-14	4.76e-10	3.57e-07	5.87e-05	1.49e-03	2.03e-02	9.46e-02	1.62e-01	1.93e-01	4.70e-01	5.71e-02	2.17e-03
 8.75330e+20	0.00e+00	8.74e-28	2.22e-23	5.44e-20	8.04e-17	3.96e-14	5.91e-10	4.30e-07	6.77e-05	1.67e-03	2.22e-02	1.01e-01	1.68e-01	1.94e-01	4.58e-01	5.39e-02	1.98e-03
 9.18372e+20	0.00e+00	1.34e-27	3.27e-23	7.70e-20	1.09e-16	5.11e-14	7.41e-10	5.23e-07	7.87e-05	1.88e-03	2.44e-02	1.08e-01	1.75e-01	1.94e-01	4.44e-01	5.06e-02	1.80e-03
 9.55619e+20	0.00e+00	1.92e-27	4.56e-23	1.03e-19	1.41e-16	6.33e-14	8.92e-10	6.16e-07	8.93e-05	2.08e-03	2.63e-02	1.14e-01	1.80e-01	1.95e-01	4.33e-01	4.79e-02	1.65e-03
 9.94502e+20	0.00e+00	2.73e-27	6.28e-23	1.38e-19	1.80e-16	7.82e-14	1.07e-09	7.24e-07	1.01e-04	2.30e-03	2.84e-02	1.21e-01	1.85e-01	1.95e-01	4.22e-01	4.52e-02	1.52e-03
 1.04505e+21	0.00e+00	4.23e-27	9.38e-23	1.97e-19	2.47e-16	1.02e-13	1.36e-09	8.88e-07	1.19e-04	2.61e-03	3.13e-02	1.29e-01	1.92e-01	1.95e-01	4.07e-01	4.20e-02	1.36e-03
 1.09667e+21	0.00e+00	6.67e-27	1.42e-22	2.86e-19	3.40e-16	1.34e-13	1.71e-09	1.09e-06	1.39e-04	2.97e-03	3.45e-02	1.38e-01	1.99e-01	1.94e-01	3.91e-01	3.89e-02	1.21e-03
 1.13778e+21	0.00e+00	9.52e-27	1.97e-22	3.81e-19	4.36e-16	1.65e-13	2.04e-09	1.27e-06	1.57e-04	3.27e-03	3.70e-02	1.45e-01	2.04e-01	1.94e-01	3.79e-01	3.66e-02	1.11e-03
 1.17932e+21	0.00e+00	1.33e-26	2.66e-22	4.99e-19	5.49e-16	2.00e-13	2.41e-09	1.47e-06	1.77e-04	3.59e-03	3.97e-02	1.52e-01	2.09e-01	1.93e-01	3.67e-01	3.44e-02	1.01e-03
 1.23332e+21	0.00e+00	2.01e-26	3.88e-22	7.00e-19	7.37e-16	2.57e-13	2.99e-09	1.77e-06	2.06e-04	4.04e-03	4.34e-02	1.62e-01	2.15e-01	1.91e-01	3.52e-01	3.18e-02	9.00e-04
 1.28635e+21	0.00e+00	3.05e-26	5.69e-22	9.83e-19	9.89e-16	3.29e-13	3.67e-09	2.12e-06	2.38e-04	4.53e-03	4.71e-02	1.71e-01	2.20e-01	1.89e-01	3.37e-01	2.93e-02	8.01e-04
 1.32563e+21	0.00e+00	4.14e-26	7.51e-22	1.26e-18	1.22e-15	3.91e-13	4.24e-09	2.41e-06	2.63e-04	4.91e-03	5.00e-02	1.78e-01	2.24e-01	1.88e-01	3.26e-01	2.77e-02	7.37e-04
 1.36418e+21	0.00e+00	5.46e-26	9.66e-22	1.57e-18	1.47e-15	4.60e-13	4.86e-09	2.72e-06	2.90e-04	5.30e-03	5.28e-02	1.85e-01	2.27e-01	1.86e-01	3.16e-01	2.62e-02	6.79e-04
 1.41430e+21	0.00e+00	7.73e-26	1.33e-21	2.08e-18	1.88e-15	5.65e-13	5.79e-09	3.17e-06	3.28e-04	5.83e-03	5.66e-02	1.93e-01	2.32e-01	1.84e-01	3.03e-01	2.43e-02	6.10e-04
 1.46899e+21	0.00e+00	1.13e-25	1.88e-21	2.83e-18	2.45e-15	7.07e-13	6.97e-09	3.73e-06	3.75e-04	6.47e-03	6.10e-02	2.03e-01	2.36e-01	1.82e-01	2.89e-01	2.24e-02	5.43e-04
 1.51782e+21	0.00e+00	1.59e-25	2.55e-21	3.72e-18	3.09e-15	8.58e-13	8.18e-09	4.29e-06	4.20e-04	7.06e-03	6.49e-02	2.11e-01	2.39e-01	1.79e-01	2.77e-01	2.08e-02	4.90e-04
 1.56952e+21	0.00e+00	2.21e-25	3.45e-21	4.86e-18	3.89e-15	1.04e-12	9.63e-09	4.94e-06	4.71e-04	7.72e-03	6.91e-02	2.20e-01	2.42e-01	1.76e-01	2.65e-01	1.93e-02	4.40e-04
 1.63673e+21	0.00e+00	3.37e-25	5.06e-21	6.82e-18	5.21e-15	1.33e-12	1.18e-08	5.92e-06	5.45e-04	8.64e-03	7.48e-02	2.31e-01	2.46e-01	1.72e-01	2.50e-01	1.74e-02	3.83e-04
 1.70501e+21	0.00e+00	5.20e-25	7.51e-21	9.69e-18	7.03e-15	1.72e-12	1.45e-08	7.07e-06	6.30e-04	9.65e-03	8.07e-02	2.42e-01	2.49e-01	1.68e-01	2.35e-01	1.57e-02	3.32e-04
 1.75916e+21	0.00e+00	7.30e-25	1.02e-20	1.27e-17	8.83e-15	2.08e-12	1.69e-08	8.09e-06	7.03e-04	1.05e-02	8.55e-02	2.50e-01	2.51e-01	1.64e-01	2.23e-01	1.45e-02	2.97e-04
 1.81403e+21	0.00e+00	1.00e-24	1.36e-20	1.64e-17	1.10e-14	2.49e-12	1.97e-08	9.23e-06	7.83e-04	1.14e-02	9.04e-02	2.58e-01	2.52e-01	1.61e-01	2.13e-01	1.34e-02	2.66e-04
 1.87548e+21	0.00e+00	1.43e-24	1.89e-20	2.18e-17	1.40e-14	3.06e-12	2.33e-08	1.07e-05	8.81e-04	1.24e-02	9.60e-02	2.67e-01	2.53e-01	1.57e-01	2.01e-01	1.22e-02	2.34e-04
 1.93200e+21	0.00e+00	1.98e-24	2.54e-20	2.84e-17	1.75e-14	3.68e-12	2.71e-08	1.21e-05	9.78e-04	1.35e-02	1.01e-01	2.75e-01	2.54e-01	1.53e-01	1.90e-01	1.12e-02	2.09e-04
 1.98365e+21	0.00e+00	2.65e-24	3.30e-20	3.57e-17	2.12e-14	4.33e-12	3.09e-08	1.36e-05	1.07e-03	1.44e-02	1.06e-01	2.82e-01	2.55e-01	1.49e-01	1.81e-01	1.04e-02	1.88e-04
 2.04244e+21	0.00e+00	3.62e-24	4.38e-20	4.58e-17	2.62e-14	5.18e-12	3.58e-08	1.55e-05	1.19e-03	1.56e-02	1.11e-01	2.90e-01	2.55e-01	1.45e-01	1.72e-01	9.56e-03	1.68e-04
 2.11887e+21	0.00e+00	5.36e-24	6.26e-20	6.29e-17	3.44e-14	6.52e-12	4.31e-08	1.81e-05	1.36e-03	1.72e-02	1.19e-01	3.00e-01	2.55e-01	1.40e-01	1.60e-01	8.55e-03	1.44e-04
 2.19616e+21	0.00e+00	8.07e-24	9.08e-20	8.74e-17	4.54e-14	8.22e-12	5.19e-08	2.12e-05	1.54e-03	1.89e-02	1.26e-01	3.09e-01	2.54e-01	1.35e-01	1.48e-01	7.62e-03	1.23e-04
 2.25464e+21	0.00e+00	1.10e-23	1.20e-19	1.12e-16	5.55e-14	9.73e-12	5.94e-08	2.38e-05	1.69e-03	2.02e-02	1.32e-01	3.16e-01	2.53e-01	1.31e-01	1.40e-01	7.00e-03	1.10e-04
 2.31074e+21	0.00e+00	1.44e-23	1.54e-19	1.39e-16	6.65e-14	1.13e-11	6.73e-08	2.65e-05	1.84e-03	2.15e-02	1.37e-01	3.22e-01	2.52e-01	1.27e-01	1.33e-01	6.46e-03	9.89e-05
 2.38367e+21	0.00e+00	2.04e-23	2.10e-19	1.83e-16	8.42e-14	1.38e-11	7.91e-08	3.04e-05	2.06e-03	2.33e-02	1.44e-01	3.29e-01	2.50e-01	1.22e-01	1.24e-01	5.82e-03	8.60e-05
 2.46123e+21	0.00e+00	2.96e-23	2.95e-19	2.47e-16	1.08e-13	1.71e-11	9.35e-08	3.51e-05	2.31e-03	2.53e-02	1.51e-01	3.37e-01	2.47e-01	1.17e-01	1.15e-01	5.20e-03	7.40e-05
 2.52241e+21	0.00e+00	3.99e-23	3.88e-19	3.13e-16	1.32e-13	2.01e-11	1.06e-07	3.91e-05	2.52e-03	2.70e-02	1.57e-01	3.42e-01	2.45e-01	1.13e-01	1.08e-01	4.75e-03	6.57e-05
 2.57047e+21	0.00e+00	4.97e-23	4.74e-19	3.72e-16	1.52e-13	2.27e-11	1.17e-07	4.25e-05	2.69e-03	2.83e-02	1.62e-01	3.46e-01	2.43e-01	1.10e-01	1.04e-01	4.44e-03	6.02e-05
 2.62388e+21	0.00e+00	6.28e-23	5.86e-19	4.49e-16	1.78e-13	2.59e-11	1.31e-07	4.66e-05	2.89e-03	2.98e-02	1.67e-01	3.50e-01	2.41e-01	1.07e-01	9.84e-02	4.12e-03	5.45e-05
 2.69331e+21	0.00e+00	8.47e-23	7.69e-19	5.71e-16	2.19e-13	3.08e-11	1.50e-07	5.23e-05	3.17e-03	3.18e-02	1.73e-01	3.55e-01	2.38e-01	1.03e-01	9.21e-02	3.74e-03	4.79e-05
 2.76876e+21	0.00e+00	1.18e-22	1.04e-18	7.43e-16	2.73e-13	3.71e-11	1.74e-07	5.92e-05	3.50e-03	3.41e-02	1.80e-01	3.60e-01	2.35e-01	9.82e-02	8.56e-02	3.36e-03	4.17e-05
 2.83416e+21	0.00e+00	1.56e-22	1.34e-18	9.32e-16	3.29e-13	4.34e-11	1.97e-07	6.57e-05	3.79e-03	3.61e-02	1.86e-01	3.64e-01	2.32e-01	9.45e-02	8.04e-02	3.07e-03	3.70e-05
 2.90131e+21	0.00e+00	2.06e-22	1.72e-18	1.16e-15	3.95e-13	5.07e-11	2.24e-07	7.29e-05	4.12e-03	3.82e-02	1.92e-01	3.68e-01	2.28e-01	9.08e-02	7.55e-02	2.80e-03	3.28e-05
 2.98859e+21	0.00e+00	2.91e-22	2.36e-18	1.53e-15	5.00e-13	6.18e-11	2.62e-07	8.32e-05	4.57e-03	4.11e-02	2.00e-01	3.72e-01	2.24e-01	8.62e-02	6.94e-02	2.48e-03	2.81e-05
 3.07759e+21	2.28e-31	4.19e-22	3.29e-18	2.05e-15	6.39e-13	7.58e-11	3.08e-07	9.50e-05	5.07e-03	4.41e-02	2.08e-01	3.76e-01	2.19e-01	8.17e-02	6.37e-02	2.20e-03	2.39e-05
 3.14654e+21	3.04e-31	5.54e-22	4.24e-18	2.56e-15	7.66e-13	8.82e-11	3.47e-07	1.05e-04	5.48e-03	4.65e-02	2.14e-01	3.79e-01	2.15e-01	7.83e-02	5.97e-02	2.00e-03	2.12e-05
 3.20391e+21	3.81e-31	6.92e-22	5.19e-18	3.05e-15	8.85e-13	9.98e-11	3.84e-07	1.14e-04	5.83e-03	4.86e-02	2.19e-01	3.80e-01	2.12e-01	7.56e-02	5.66e-02	1.85e-03	1.92e-05
 3.26848e+21	4.87e-31	8.78e-22	6.44e-18	3.69e-15	1.04e-12	1.14e-10	4.28e-07	1.25e-04	6.25e-03	5.09e-02	2.25e-01	3.82e-01	2.08e-01	7.27e-02	5.33e-02	1.70e-03	1.72e-05
 3.35242e+21	6.65e-31	1.19e-21	8.48e-18	4.70e-15	1.28e-12	1.36e-10	4.92e-07	1.40e-04	6.83e-03	5.40e-02	2.32e-01	3.84e-01	2.03e-01	6.91e-02	4.93e-02	1.53e-03	1.49e-05
 3.44000e+21	9.23e-31	1.64e-21	1.14e-17	6.09e-15	1.59e-12	1.63e-10	5.67e-07	1.57e-04	7.47e-03	5.74e-02	2.39e-01	3.86e-01	1.98e-01	6.54e-02	4.54e-02	1.36e-03	1.29e-05
 3.51103e+21	1.21e-30	2.13e-21	1.44e-17	7.48e-15	1.88e-12	1.88e-10	6.35e-07	1.72e-04	8.02e-03	6.02e-02	2.44e-01	3.87e-01	1.94e-01	6.26e-02	4.25e-02	1.24e-03	1.14e-05
 3.58209e+21	1.55e-30	2.72e-21	1.80e-17	9.08e-15	2.21e-12	2.15e-10	7.10e-07	1.88e-04	8.59e-03	6.30e-02	2.50e-01	3.87e-01	1.90e-01	5.99e-02	3.99e-02	1.13e-03	1.02e-05
 3.67447e+21	2.13e-30	3.71e-21	2.38e-17	1.17e-14	2.73e-12	2.57e-10	8.19e-07	2.12e-04	9.39e-03	6.67e-02	2.57e-01	3.88e-01	1.85e-01	5.66e-02	3.66e-02	1.00e-03	8.73e-06
 3.77186e+21	2.99e-30	5.16e-21	3.22e-17	1.52e-14	3.41e-12	3.10e-10	9.48e-07	2.38e-04	1.03e-02	7.08e-02	2.64e-01	3.88e-01	1.79e-01	5.32e-02	3.35e-02	8.89e-04	7.46e-06
 3.85329e+21	3.96e-30	6.77e-21	4.12e-17	1.88e-14	4.07e-12	3.60e-10	1.07e-06	2.63e-04	1.10e-02	7.42e-02	2.70e-01	3.87e-01	1.74e-01	5.06e-02	3.11e-02	8.03e-04	6.55e-06
 3.93671e+21	5.18e-30	8.80e-21	5.22e-17	2.32e-14	4.85e-12	4.18e-10	1.21e-06	2.89e-04	1.19e-02	7.78e-02	2.76e-01	3.87e-01	1.70e-01	4.81e-02	2.89e-02	7.25e-04	5.75e-06
 4.04515e+21	7.32e-30	1.23e-20	7.07e-17	3.03e-14	6.08e-12	5.06e-10	1.41e-06	3.27e-04	1.30e-02	8.25e-02	2.83e-01	3.85e-01	1.64e-01	4.49e-02	2.62e-02	6.34e-04	4.85e-06
 4.15952e+21	1.05e-29	1.76e-20	9.79e-17	4.04e-14	7.75e-12	6.20e-10	1.65e-06	3.72e-04	1.43e-02	8.77e-02	2.91e-01	3.83e-01	1.57e-01	4.18e-02	2.37e-02	5.51e-04	4.06e-06
 4.25074e+21	1.41e-29	2.33e-20	1.26e-16	5.06e-14	9.34e-12	7.25e-10	1.87e-06	4.11e-04	1.54e-02	9.18e-02	2.96e-01	3.82e-01	1.53e-01	3.95e-02	2.19e-02	4.94e-04	3.53e-06
 4.32684e+21	1.77e-29	2.92e-20	1.55e-16	6.05e-14	1.08e-11	8.22e-10	2.06e-06	4.46e-04	1.64e-02	9.53e-02	3.01e-01	3.80e-01	1.49e-01	3.77e-02	2.05e-02	4.51e-04	3.15e-06
 4.41419e+21	2.29e-29	3.74e-20	1.94e-16	7.37e-14	1.28e-11	9.47e-10	2.31e-06	4.88e-04	1.75e-02	9.94e-02	3.06e-01	3.77e-01	1.44e-01	3.57e-02	1.90e-02	4.07e-04	2.76e-06
 4.52773e+21	3.16e-29	5.13e-20	2.59e-16	9.51e-14	1.59e-11	1.14e-09	2.68e-06	5.48e-04	1.91e-02	1.05e-01	3.12e-01	3.74e-01	1.38e-01	3.32e-02	1.72e-02	3.56e-04	2.33e-06
 4.64778e+21	4.47e-29	7.22e-20	3.53e-16	1.25e-13	2.01e-11	1.38e-09	3.12e-06	6.18e-04	2.08e-02	1.11e-01	3.19e-01	3.70e-01	1.32e-01	3.08e-02	1.55e-02	3.09e-04	1.95e-06
 4.74613e+21	5.93e-29	9.49e-20	4.52e-16	1.56e-13	2.41e-11	1.61e-09	3.52e-06	6.81e-04	2.23e-02	1.15e-01	3.23e-01	3.67e-01	1.28e-01	2.90e-02	1.42e-02	2.75e-04	1.69e-06
 4.84382e+21	7.69e-29	1.22e-19	5.69e-16	1.91e-13	2.86e-11	1.86e-09	3.96e-06	7.47e-04	2.39e-02	1.20e-01	3.28e-01	3.63e-01	1.23e-01	2.73e-02	1.31e-02	2.46e-04	1.47e-06
 4.97082e+21	1.08e-28	1.70e-19	7.67e-16	2.48e-13	3.58e-11	2.25e-09	4.60e-06	8.41e-04	2.60e-02	1.26e-01	3.34e-01	3.58e-01	1.18e-01	2.52e-02	1.18e-02	2.13e-04	1.22e-06
 5.10585e+21	1.53e-28	2.42e-19	1.06e-15	3.30e-13	4.57e-11	2.76e-09	5.39e-06	9.53e-04	2.85e-02	1.33e-01	3.39e-01	3.53e-01	1.12e-01	2.32e-02	1.05e-02	1.82e-04	1.01e-06
 5.21922e+21	2.05e-28	3.23e-19	1.37e-15	4.15e-13	5.55e-11	3.24e-09	6.13e-06	1.05e-03	3.06e-02	1.39e-01	3.43e-01	3.48e-01	1.07e-01	2.16e-02	9.54e-03	1.61e-04	8.57e-07
 5.33446e+21	2.73e-28	4.26e-19	1.76e-15	5.19e-13	6.70e-11	3.81e-09	6.97e-06	1.17e-03	3.28e-02	1.45e-01	3.47e-01	3.43e-01	1.02e-01	2.01e-02	8.68e-03	1.41e-04	7.29e-07
 5.48428e+21	3.92e-28	6.09e-19	2.44e-15	6.92e-13	8.58e-11	4.69e-09	8.21e-06	1.33e-03	3.60e-02	1.52e-01	3.52e-01	3.36e-01	9.65e-02	1.83e-02	7.66e-03	1.19e-04	5.91e-07
 5.63888e+21	5.70e-28	8.87e-19	3.44e-15	9.39e-13	1.11e-10	5.83e-09	9.71e-06	1.51e-03	3.94e-02	1.60e-01	3.56e-01	3.28e-01	9.08e-02	1.66e-02	6.72e-03	1.00e-04	4.76e-07
 5.75310e+21	7.47e-28	1.16e-18	4.39e-15	1.17e-12	1.34e-10	6.81e-09	1.10e-05	1.66e-03	4.21e-02	1.66e-01	3.59e-01	3.23e-01	8.68e-02	1.55e-02	6.12e-03	8.85e-05	4.07e-07
 5.83926e+21	9.15e-28	1.41e-18	5.24e-15	1.36e-12	1.53e-10	7.62e-09	1.20e-05	1.78e-03	4.41e-02	1.71e-01	3.61e-01	3.18e-01	8.38e-02	1.47e-02	5.70e-03	8.05e-05	3.61e-07
 5.93555e+21	1.12e-27	1.74e-18	6.35e-15	1.62e-12	1.77e-10	8.62e-09	1.32e-05	1.92e-03	4.65e-02	1.76e-01	3.63e-01	3.13e-01	8.07e-02	1.38e-02	5.27e-03	7.26e-05	3.17e-07
 6.06072e+21	1.48e-27	2.29e-18	8.16e-15	2.02e-12	2.14e-10	1.01e-08	1.50e-05	2.12e-03	4.98e-02	1.82e-01	3.65e-01	3.07e-01	7.67e-02	1.28e-02	4.76e-03	6.34e-05	2.68e-07
 6.19924e+21	2.00e-27	3.12e-18	1.08e-14	2.60e-12	2.66e-10	1.21e-08	1.73e-05	2.36e-03	5.35e-02	1.89e-01	3.67e-01	3.00e-01	7.24e-02	1.18e-02	4.25e-03	5.44e-05	2.22e-07
 6.32501e+21	2.62e-27	4.09e-18	1.38e-14	3.24e-12	3.22e-10	1.43e-08	1.95e-05	2.59e-03	5.71e-02	1.96e-01	3.68e-01	2.93e-01	6.88e-02	1.09e-02	3.83e-03	4.75e-05	1.87e-07
 6.44087e+21	3.31e-27	5.21e-18	1.72e-14	3.94e-12	3.80e-10	1.64e-08	2.19e-05	2.82e-03	6.05e-02	2.01e-01	3.69e-01	2.87e-01	6.56e-02	1.01e-02	3.50e-03	4.20e-05	1.61e-07
 6.57393e+21	4.32e-27	6.84e-18	2.21e-14	4.92e-12	4.61e-10	1.93e-08	2.48e-05	3.11e-03	6.46e-02	2.08e-01	3.70e-01	2.80e-01	6.21e-02	9.33e-03	3.14e-03	3.65e-05	1.35e-07
 6.74692e+21	6.06e-27	9.69e-18	3.04e-14	6.54e-12	5.90e-10	2.38e-08	2.92e-05	3.53e-03	7.01e-02	2.17e-01	3.70e-01	2.71e-01	5.77e-02	8.39e-03	2.73e-03	3.04e-05	0.00e+00
 6.92205e+21	8.55e-27	1.39e-17	4.22e-14	8.81e-12	7.63e-10	2.96e-08	3.44e-05	4.00e-03	7.61e-02	2.25e-01	3.70e-01	2.61e-01	5.35e-02	7.51e-03	2.37e-03	2.51e-05	0.00e+00
 7.05772e+21	1.10e-26	1.81e-17	5.39e-14	1.10e-11	9.22e-10	3.47e-08	3.90e-05	4.39e-03	8.09e-02	2.32e-01	3.69e-01	2.54e-01	5.05e-02	6.91e-03	2.13e-03	2.18e-05	0.00e+00
 7.19183e+21	1.40e-26	2.32e-17	6.77e-14	1.34e-11	1.10e-09	4.03e-08	4.39e-05	4.80e-03	8.57e-02	2.38e-01	3.68e-01	2.47e-01	4.77e-02	6.37e-03	1.91e-03	1.90e-05	0.00e+00
 7.36616e+21	1.90e-26	3.22e-17	9.13e-14	1.76e-11	1.39e-09	4.93e-08	5.13e-05	5.40e-03	9.24e-02	2.46e-01	3.66e-01	2.38e-01	4.43e-02	5.72e-03	1.67e-03	1.58e-05	0.00e+00
 7.55215e+21	2.64e-26	4.57e-17	1.26e-13	2.36e-11	1.80e-09	6.12e-08	6.05e-05	6.11e-03	9.99e-02	2.55e-01	3.64e-01	2.28e-01	4.08e-02	5.09e-03	1.44e-03	1.30e-05	0.00e+00
 7.71071e+21	3.45e-26	6.10e-17	1.65e-13	3.01e-11	2.21e-09	7.32e-08	6.94e-05	6.78e-03	1.06e-01	2.62e-01	3.61e-01	2.20e-01	3.80e-02	4.61e-03	1.27e-03	1.10e-05	0.00e+00
 7.87425e+21	4.46e-26	8.07e-17	2.13e-13	3.80e-11	2.71e-09	8.72e-08	7.96e-05	7.51e-03	1.13e-01	2.68e-01	3.58e-01	2.12e-01	3.54e-02	4.17e-03	1.11e-03	9.34e-06	0.00e+00
 8.08687e+21	6.19e-26	1.16e-16	2.99e-13	5.16e-11	3.55e-09	1.10e-07	9.51e-05	8.58e-03	1.23e-01	2.77e-01	3.53e-01	2.02e-01	3.22e-02	3.66e-03	9.43e-04	7.51e-06	0.00e+00
 8.30598e+21	8.64e-26	1.70e-16	4.25e-13	7.14e-11	4.72e-09	1.40e-07	1.14e-04	9.83e-03	1.33e-01	2.85e-01	3.47e-01	1.91e-01	2.91e-02	3.19e-03	7.92e-04	5.98e-06	0.00e+00
 8.46831e+21	1.10e-25	2.23e-16	5.49e-13	9.02e-11	5.80e-09	1.67e-07	1.31e-04	1.09e-02	1.42e-01	2.91e-01	3.43e-01	1.83e-01	2.70e-02	2.88e-03	6.95e-04	5.04e-06	0.00e+00
 8.59121e+21	1.30e-25	2.69e-16	6.55e-13	1.06e-10	6.67e-09	1.89e-07	1.44e-04	1.17e-02	1.48e-01	2.96e-01	3.39e-01	1.77e-01	2.55e-02	2.67e-03	6.33e-04	4.47e-06	0.00e+00
 8.72812e+21	1.56e-25	3.33e-16	7.97e-13	1.27e-10	7.81e-09	2.17e-07	1.60e-04	1.26e-02	1.54e-01	3.00e-01	3.35e-01	1.71e-01	2.40e-02	2.45e-03	5.70e-04	3.90e-06	0.00e+00
 8.90610e+21	1.97e-25	4.37e-16	1.03e-12	1.61e-10	9.63e-09	2.60e-07	1.84e-04	1.40e-02	1.64e-01	3.06e-01	3.29e-01	1.63e-01	2.21e-02	2.20e-03	4.96e-04	3.26e-06	0.00e+00
 9.10502e+21	2.55e-25	5.92e-16	1.37e-12	2.09e-10	1.22e-08	3.19e-07	2.15e-04	1.56e-02	1.74e-01	3.11e-01	3.22e-01	1.54e-01	2.01e-02	1.94e-03	4.24e-04	2.66e-06	0.00e+00
 9.28829e+21	3.20e-25	7.76e-16	1.77e-12	2.65e-10	1.50e-08	3.83e-07	2.47e-04	1.73e-02	1.85e-01	3.16e-01	3.15e-01	1.46e-01	1.84e-02	1.73e-03	3.67e-04	2.21e-06	0.00e+00
 9.45674e+21	3.92e-25	9.85e-16	2.22e-12	3.27e-10	1.81e-08	4.51e-07	2.80e-04	1.89e-02	1.94e-01	3.20e-01	3.08e-01	1.40e-01	1.70e-02	1.56e-03	3.23e-04	1.87e-06	0.00e+00
 9.64880e+21	4.87e-25	1.28e-15	2.84e-12	4.12e-10	2.22e-08	5.40e-07	3.21e-04	2.09e-02	2.05e-01	3.24e-01	3.01e-01	1.32e-01	1.55e-02	1.38e-03	2.78e-04	1.55e-06	0.00e+00
 9.89847e+21	6.39e-25	1.78e-15	3.90e-12	5.54e-10	2.89e-08	6.81e-07	3.84e-04	2.38e-02	2.19e-01	3.29e-01	2.90e-01	1.22e-01	1.37e-02	1.18e-03	2.30e-04	1.21e-06	0.00e+00
 1.01502e+22	8.39e-25	2.50e-15	5.39e-12	7.52e-10	3.80e-08	8.66e-07	4.59e-04	2.70e-02	2.34e-01	3.32e-01	2.80e-01	1.13e-01	1.21e-02	1.01e-03	1.89e-04	9.45e-07	0.00e+00
 1.03437e+22	1.02e-24	3.18e-15	6.80e-12	9.35e-10	4.62e-08	1.03e-06	5.23e-04	2.97e-02	2.45e-01	3.35e-01	2.71e-01	1.07e-01	1.10e-02	8.91e-04	1.63e-04	7.83e-07	0.00e+00
 1.05343e+22	1.23e-24	3.97e-15	8.42e-12	1.14e-09	5.52e-08	1.21e-06	5.92e-04	3.24e-02	2.56e-01	3.36e-01	2.63e-01	1.00e-01	1.01e-02	7.93e-04	1.41e-04	6.53e-07	0.00e+00
 1.07820e+22	1.55e-24	5.29e-15	1.11e-11	1.49e-09	6.99e-08	1.49e-06	6.93e-04	3.62e-02	2.71e-01	3.38e-01	2.52e-01	9.27e-02	8.90e-03	6.79e-04	1.17e-04	5.16e-07	0.00e+00
 1.10456e+22	1.97e-24	7.16e-15	1.49e-11	1.97e-09	9.01e-08	1.87e-06	8.19e-04	4.07e-02	2.86e-01	3.38e-01	2.41e-01	8.50e-02	7.80e-03	5.75e-04	9.58e-05	4.01e-07	0.00e+00
 1.12683e+22	2.40e-24	9.12e-15	1.89e-11	2.46e-09	1.10e-07	2.23e-06	9.37e-04	4.47e-02	2.99e-01	3.38e-01	2.31e-01	7.89e-02	6.99e-03	5.01e-04	8.11e-05	3.25e-07	0.00e+00
 1.14961e+22	2.90e-24	1.15e-14	2.36e-11	3.04e-09	1.33e-07	2.65e-06	1.07e-03	4.90e-02	3.11e-01	3.37e-01	2.22e-01	7.32e-02	6.25e-03	4.36e-04	6.87e-05	2.64e-07	0.00e+00
 1.17922e+22	3.67e-24	1.54e-14	3.15e-11	4.00e-09	1.71e-07	3.32e-06	1.26e-03	5.49e-02	3.28e-01	3.35e-01	2.09e-01	6.62e-02	5.41e-03	3.64e-04	5.54e-05	2.01e-07	0.00e+00
 1.20952e+22	4.68e-24	2.07e-14	4.22e-11	5.32e-09	2.21e-07	4.17e-06	1.49e-03	6.15e-02	3.44e-01	3.32e-01	1.97e-01	5.96e-02	4.64e-03	3.01e-04	4.43e-05	1.52e-07	0.00e+00
 1.23344e+22	5.63e-24	2.58e-14	5.25e-11	6.54e-09	2.67e-07	4.94e-06	1.69e-03	6.69e-02	3.56e-01	3.29e-01	1.87e-01	5.49e-02	4.13e-03	2.61e-04	3.73e-05	1.23e-07	0.00e+00
 1.25388e+22	6.55e-24	3.08e-14	6.25e-11	7.74e-09	3.10e-07	5.67e-06	1.87e-03	7.16e-02	3.65e-01	3.26e-01	1.80e-01	5.12e-02	3.74e-03	2.31e-04	3.23e-05	0.00e+00	0.00e+00
 1.27704e+22	7.71e-24	3.74e-14	7.58e-11	9.31e-09	3.66e-07	6.59e-06	2.09e-03	7.71e-02	3.76e-01	3.23e-01	1.71e-01	4.73e-02	3.34e-03	2.01e-04	2.75e-05	0.00e+00	0.00e+00
 1.30716e+22	9.49e-24	4.78e-14	9.68e-11	1.18e-08	4.53e-07	8.00e-06	2.41e-03	8.47e-02	3.89e-01	3.17e-01	1.60e-01	4.26e-02	2.89e-03	1.68e-04	2.23e-05	0.00e+00	0.00e+00
 1.33669e+22	1.17e-23	6.09e-14	1.23e-10	1.49e-08	5.62e-07	9.70e-06	2.77e-03	9.25e-02	4.02e-01	3.12e-01	1.50e-01	3.84e-02	2.50e-03	1.41e-04	1.81e-05	0.00e+00	0.00e+00
 1.35831e+22	1.35e-23	7.19e-14	1.46e-10	1.75e-08	6.48e-07	1.10e-05	3.04e-03	9.83e-02	4.10e-01	3.07e-01	1.43e-01	3.56e-02	2.25e-03	1.24e-04	1.57e-05	0.00e+00	0.00e+00
 1.37925e+22	1.54e-23	8.34e-14	1.69e-10	2.01e-08	7.36e-07	1.24e-05	3.32e-03	1.04e-01	4.18e-01	3.03e-01	1.37e-01	3.31e-02	2.04e-03	1.10e-04	1.36e-05	0.00e+00	0.00e+00
 1.40648e+22	1.83e-23	1.01e-13	2.05e-10	2.43e-08	8.72e-07	1.45e-05	3.71e-03	1.12e-01	4.27e-01	2.97e-01	1.29e-01	3.01e-02	1.80e-03	9.46e-05	1.14e-05	0.00e+00	0.00e+00
 1.43622e+22	2.21e-23	1.25e-13	2.53e-10	2.99e-08	1.05e-06	1.72e-05	4.18e-03	1.20e-01	4.37e-01	2.90e-01	1.20e-01	2.72e-02	1.56e-03	7.98e-05	9.36e-06	0.00e+00	0.00e+00
 1.46269e+22	2.59e-23	1.49e-13	3.03e-10	3.56e-08	1.23e-06	1.98e-05	4.63e-03	1.28e-01	4.44e-01	2.83e-01	1.13e-01	2.48e-02	1.38e-03	6.87e-05	7.88e-06	0.00e+00	0.00e+00
 1.49059e+22	3.04e-23	1.78e-13	3.62e-10	4.21e-08	1.43e-06	2.28e-05	5.13e-03	1.36e-01	4.51e-01	2.77e-01	1.06e-01	2.25e-02	1.22e-03	5.90e-05	6.61e-06	0.00e+00	0.00e+00
 1.52685e+22	3.73e-23	2.22e-13	4.53e-10	5.24e-08	1.75e-06	2.73e-05	5.83e-03	1.47e-01	4.60e-01	2.68e-01	9.81e-02	1.99e-02	1.03e-03	4.85e-05	5.27e-06	0.00e+00	0.00e+00
 1.56367e+22	4.61e-23	2.79e-13	5.72e-10	6.57e-08	2.14e-06	3.28e-05	6.62e-03	1.59e-01	4.67e-01	2.59e-01	9.00e-02	1.75e-02	8.71e-04	3.96e-05	4.18e-06	0.00e+00	0.00e+00
 1.59260e+22	5.39e-23	3.30e-13	6.78e-10	7.76e-08	2.49e-06	3.76e-05	7.29e-03	1.68e-01	4.72e-01	2.51e-01	8.42e-02	1.59e-02	7.64e-04	3.39e-05	3.50e-06	0.00e+00	0.00e+00
 1.62162e+22	6.28e-23	3.86e-13	7.94e-10	9.02e-08	2.84e-06	4.25e-05	7.96e-03	1.77e-01	4.77e-01	2.44e-01	7.90e-02	1.45e-02	6.75e-04	2.93e-05	2.95e-06	0.00e+00	0.00e+00
 1.65935e+22	7.60e-23	4.72e-13	9.75e-10	1.10e-07	3.40e-06	5.01e-05	8.93e-03	1.89e-01	4.81e-01	2.35e-01	7.25e-02	1.28e-02	5.73e-04	2.41e-05	2.36e-06	0.00e+00	0.00e+00
 1.69936e+22	9.31e-23	5.85e-13	1.21e-09	1.36e-07	4.12e-06	5.96e-05	1.00e-02	2.02e-01	4.85e-01	2.25e-01	6.61e-02	1.12e-02	4.82e-04	1.96e-05	1.87e-06	0.00e+00	0.00e+00
 1.73298e+22	1.10e-22	6.95e-13	1.45e-09	1.61e-07	4.79e-06	6.84e-05	1.10e-02	2.13e-01	4.87e-01	2.17e-01	6.12e-02	9.99e-03	4.17e-04	1.66e-05	1.54e-06	0.00e+00	0.00e+00
 1.76734e+22	1.29e-22	8.15e-13	1.70e-09	1.88e-07	5.50e-06	7.79e-05	1.21e-02	2.24e-01	4.89e-01	2.09e-01	5.67e-02	8.95e-03	3.62e-04	1.40e-05	1.27e-06	0.00e+00	0.00e+00
 1.81199e+22	1.57e-22	1.00e-12	2.10e-09	2.31e-07	6.60e-06	9.22e-05	1.36e-02	2.38e-01	4.90e-01	1.99e-01	5.13e-02	7.76e-03	3.01e-04	1.13e-05	9.96e-07	0.00e+00	0.00e+00
 1.85808e+22	1.94e-22	1.24e-12	2.63e-09	2.87e-07	8.01e-06	1.10e-04	1.52e-02	2.53e-01	4.90e-01	1.89e-01	4.62e-02	6.70e-03	2.49e-04	9.04e-06	7.74e-07	0.00e+00	0.00e+00
 1.89516e+22	2.27e-22	1.46e-12	3.11e-09	3.37e-07	9.25e-06	1.25e-04	1.66e-02	2.65e-01	4.89e-01	1.81e-01	4.24e-02	5.95e-03	2.14e-04	7.57e-06	6.33e-07	0.00e+00	0.00e+00
 1.93249e+22	2.66e-22	1.71e-12	3.63e-09	3.91e-07	1.05e-05	1.41e-04	1.81e-02	2.76e-01	4.87e-01	1.74e-01	3.92e-02	5.32e-03	1.86e-04	6.41e-06	5.24e-07	0.00e+00	0.00e+00
 1.98102e+22	3.23e-22	2.08e-12	4.44e-09	4.74e-07	1.25e-05	1.65e-04	2.01e-02	2.92e-01	4.84e-01	1.64e-01	3.52e-02	4.58e-03	1.54e-04	5.15e-06	4.08e-07	0.00e+00	0.00e+00
 2.03241e+22	3.97e-22	2.56e-12	5.51e-09	5.84e-07	1.50e-05	1.96e-04	2.24e-02	3.08e-01	4.80e-01	1.54e-01	3.14e-02	3.92e-03	1.26e-04	4.08e-06	3.14e-07	0.00e+00	0.00e+00
 2.07565e+22	4.67e-22	3.02e-12	6.54e-09	6.89e-07	1.74e-05	2.24e-04	2.44e-02	3.21e-01	4.76e-01	1.46e-01	2.85e-02	3.43e-03	1.07e-04	3.37e-06	2.53e-07	0.00e+00	0.00e+00
 2.11102e+22	5.34e-22	3.46e-12	7.50e-09	7.83e-07	1.94e-05	2.48e-04	2.61e-02	3.31e-01	4.72e-01	1.41e-01	2.65e-02	3.10e-03	9.38e-05	2.90e-06	2.13e-07	0.00e+00	0.00e+00
 2.14798e+22	6.13e-22	3.94e-12	8.56e-09	8.88e-07	2.17e-05	2.75e-04	2.80e-02	3.42e-01	4.68e-01	1.35e-01	2.45e-02	2.79e-03	8.20e-05	2.48e-06	1.79e-07	0.00e+00	0.00e+00
 2.19603e+22	7.24e-22	4.66e-12	1.02e-08	1.05e-06	2.50e-05	3.14e-04	3.05e-02	3.55e-01	4.62e-01	1.27e-01	2.21e-02	2.43e-03	6.89e-05	2.03e-06	1.43e-07	0.00e+00	0.00e+00
 2.24612e+22	8.67e-22	5.58e-12	1.22e-08	1.25e-06	2.92e-05	3.61e-04	3.33e-02	3.69e-01	4.55e-01	1.20e-01	1.99e-02	2.10e-03	5.75e-05	1.65e-06	0.00e+00	0.00e+00	0.00e+00
 2.28738e+22	9.99e-22	6.42e-12	1.41e-08	1.43e-06	3.29e-05	4.02e-04	3.56e-02	3.81e-01	4.49e-01	1.14e-01	1.83e-02	1.87e-03	4.98e-05	1.40e-06	0.00e+00	0.00e+00	0.00e+00
 2.32955e+22	1.14e-21	7.33e-12	1.62e-08	1.62e-06	3.66e-05	4.46e-04	3.81e-02	3.92e-01	4.43e-01	1.08e-01	1.68e-02	1.66e-03	4.31e-05	1.18e-06	0.00e+00	0.00e+00	0.00e+00
 2.38436e+22	1.36e-21	8.71e-12	1.93e-08	1.92e-06	4.23e-05	5.09e-04	4.15e-02	4.05e-01	4.35e-01	1.01e-01	1.50e-02	1.43e-03	3.58e-05	9.58e-07	0.00e+00	0.00e+00	0.00e+00
 2.44200e+22	1.64e-21	1.05e-11	2.33e-08	2.29e-06	4.94e-05	5.87e-04	4.52e-02	4.20e-01	4.25e-01	9.46e-02	1.33e-02	1.22e-03	2.94e-05	7.66e-07	0.00e+00	0.00e+00	0.00e+00
 2.48986e+22	1.91e-21	1.22e-11	2.71e-08	2.64e-06	5.57e-05	6.55e-04	4.84e-02	4.31e-01	4.17e-01	8.94e-02	1.21e-02	1.08e-03	2.51e-05	6.40e-07	0.00e+00	0.00e+00	0.00e+00
 2.53862e+22	2.20e-21	1.40e-11	3.11e-08	3.00e-06	6.21e-05	7.25e-04	5.17e-02	4.42e-01	4.09e-01	8.44e-02	1.10e-02	9.50e-04	2.15e-05	5.36e-07	0.00e+00	0.00e+00	0.00e+00
 2.60201e+22	2.64e-21	1.68e-11	3.74e-08	3.56e-06	7.18e-05	8.29e-04	5.61e-02	4.56e-01	3.98e-01	7.84e-02	9.74e-03	8.08e-04	1.76e-05	4.27e-07	0.00e+00	0.00e+00	0.00e+00
 2.66791e+22	3.23e-21	2.05e-11	4.56e-08	4.28e-06	8.39e-05	9.55e-04	6.10e-02	4.69e-01	3.87e-01	7.25e-02	8.57e-03	6.82e-04	1.43e-05	3.37e-07	0.00e+00	0.00e+00	0.00e+00
 2.72153e+22	3.77e-21	2.39e-11	5.30e-08	4.92e-06	9.43e-05	1.06e-03	6.50e-02	4.80e-01	3.78e-01	6.81e-02	7.74e-03	5.97e-04	1.21e-05	2.80e-07	0.00e+00	0.00e+00	0.00e+00
 2.77569e+22	4.36e-21	2.75e-11	6.10e-08	5.59e-06	1.05e-04	1.17e-03	6.91e-02	4.89e-01	3.69e-01	6.40e-02	7.01e-03	5.23e-04	1.03e-05	2.33e-07	0.00e+00	0.00e+00	0.00e+00
 2.84609e+22	5.28e-21	3.31e-11	7.32e-08	6.61e-06	1.20e-04	1.33e-03	7.46e-02	5.01e-01	3.57e-01	5.91e-02	6.16e-03	4.43e-04	8.42e-06	1.85e-07	0.00e+00	0.00e+00	0.00e+00
 2.92057e+22	6.51e-21	4.07e-11	8.96e-08	7.94e-06	1.40e-04	1.53e-03	8.08e-02	5.13e-01	3.44e-01	5.42e-02	5.38e-03	3.70e-04	6.77e-06	1.45e-07	0.00e+00	0.00e+00	0.00e+00
 2.98304e+22	7.72e-21	4.81e-11	1.05e-07	9.18e-06	1.58e-04	1.70e-03	8.60e-02	5.23e-01	3.34e-01	5.05e-02	4.81e-03	3.20e-04	5.67e-06	1.19e-07	0.00e+00	0.00e+00	0.00e+00
 3.04693e+22	9.05e-21	5.61e-11	1.22e-07	1.05e-05	1.76e-04	1.88e-03	9.13e-02	5.31e-01	3.24e-01	4.70e-02	4.30e-03	2.77e-04	4.76e-06	0.00e+00	0.00e+00	0.00e+00	0.00e+00
 3.13000e+22	1.12e-20	6.88e-11	1.48e-07	1.25e-05	2.03e-04	2.14e-03	9.84e-02	5.41e-01	3.11e-01	4.30e-02	3.74e-03	2.31e-04	3.81e-06	0.00e+00	0.00e+00	0.00e+00	0.00e+00
 3.21771e+22	1.41e-20	8.62e-11	1.84e-07	1.51e-05	2.37e-04	2.46e-03	1.06e-01	5.51e-01	2.97e-01	3.90e-02	3.22e-03	1.90e-04	3.01e-06	0.00e+00	0.00e+00	0.00e+00	0.00e+00
 3.29137e+22	1.70e-20	1.03e-10	2.18e-07	1.76e-05	2.68e-04	2.74e-03	1.13e-01	5.59e-01	2.86e-01	3.60e-02	2.85e-03	1.63e-04	2.49e-06	0.00e+00	0.00e+00	0.00e+00	0.00e+00
 3.36702e+22	2.03e-20	1.23e-10	2.55e-07	2.02e-05	2.98e-04	3.02e-03	1.20e-01	5.65e-01	2.76e-01	3.33e-02	2.52e-03	1.39e-04	2.06e-06	0.00e+00	0.00e+00	0.00e+00	0.00e+00
 3.46538e+22	2.57e-20	1.54e-10	3.15e-07	2.43e-05	3.45e-04	3.44e-03	1.28e-01	5.73e-01	2.63e-01	3.01e-02	2.16e-03	1.14e-04	1.63e-06	0.00e+00	0.00e+00	0.00e+00	0.00e+00
 3.55920e+22	3.26e-20	1.94e-10	3.90e-07	2.94e-05	4.02e-04	3.92e-03	1.38e-01	5.79e-01	2.50e-01	2.72e-02	1.86e-03	9.41e-05	1.29e-06	0.00e+00	0.00e+00	0.00e+00	0.00e+00
 3.62374e+22	3.78e-20	2.25e-10	4.46e-07	3.29e-05	4.39e-04	4.23e-03	1.43e-01	5.83e-01	2.42e-01	2.55e-02	1.68e-03	8.31e-05	1.11e-06	0.00e+00	0.00e+00	0.00e+00	0.00e+00
 3.68426e+22	4.31e-20	2.54e-10	4.99e-07	3.62e-05	4.72e-04	4.53e-03	1.49e-01	5.86e-01	2.35e-01	2.40e-02	1.54e-03	7.41e-05	9.66e-07	0.00e+00	0.00e+00	0.00e+00	0.00e+00
 3.76293e+22	5.20e-20	3.01e-10	5.82e-07	4.14e-05	5.23e-04	4.96e-03	1.57e-01	5.89e-01	2.25e-01	2.22e-02	1.37e-03	6.38e-05	8.08e-07	0.00e+00	0.00e+00	0.00e+00	0.00e+00
 3.86521e+22	6.54e-20	3.74e-10	7.06e-07	4.88e-05	5.95e-04	5.54e-03	1.66e-01	5.92e-01	2.14e-01	2.01e-02	1.18e-03	5.30e-05	6.47e-07	0.00e+00	0.00e+00	0.00e+00	0.00e+00
 3.97141e+22	8.40e-20	4.73e-10	8.72e-07	5.86e-05	6.85e-04	6.24e-03	1.76e-01	5.95e-01	2.03e-01	1.81e-02	1.01e-03	4.37e-05	5.13e-07	0.00e+00	0.00e+00	0.00e+00	0.00e+00
 4.05900e+22	1.01e-19	5.68e-10	1.02e-06	6.72e-05	7.61e-04	6.83e-03	1.85e-01	5.96e-01	1.94e-01	1.67e-02	8.97e-04	3.74e-05	4.26e-07	0.00e+00	0.00e+00	0.00e+00	0.00e+00
 4.14916e+22	1.21e-19	6.75e-10	1.19e-06	7.63e-05	8.37e-04	7.42e-03	1.93e-01	5.97e-01	1.86e-01	1.54e-02	7.95e-04	3.21e-05	3.56e-07	0.00e+00	0.00e+00	0.00e+00	0.00e+00
 4.26637e+22	1.57e-19	8.48e-10	1.46e-06	9.04e-05	9.51e-04	8.26e-03	2.04e-01	5.97e-01	1.75e-01	1.38e-02	6.81e-04	2.65e-05	2.83e-07	0.00e+00	0.00e+00	0.00e+00	0.00e+00
 4.38639e+22	2.05e-19	1.08e-09	1.81e-06	1.09e-04	1.09e-03	9.27e-03	2.16e-01	5.96e-01	1.65e-01	1.24e-02	5.81e-04	2.17e-05	2.23e-07	0.00e+00	0.00e+00	0.00e+00	0.00e+00
 4.48135e+22	2.48e-19	1.30e-09	2.12e-06	1.24e-04	1.21e-03	1.01e-02	2.24e-01	5.95e-01	1.57e-01	1.14e-02	5.15e-04	1.87e-05	1.86e-07	0.00e+00	0.00e+00	0.00e+00	0.00e+00
 4.57607e+22	2.97e-19	1.54e-09	2.44e-06	1.39e-04	1.32e-03	1.08e-02	2.33e-01	5.93e-01	1.51e-01	1.05e-02	4.58e-04	1.61e-05	1.57e-07	0.00e+00	0.00e+00	0.00e+00	0.00e+00
 4.69921e+22	3.81e-19	1.91e-09	2.95e-06	1.63e-04	1.48e-03	1.19e-02	2.44e-01	5.90e-01	1.42e-01	9.47e-03	3.95e-04	1.34e-05	1.26e-07	0.00e+00	0.00e+00	0.00e+00	0.00e+00
 4.83168e+22	5.03e-19	2.45e-09	3.64e-06	1.95e-04	1.69e-03	1.32e-02	2.56e-01	5.87e-01	1.33e-01	8.49e-03	3.38e-04	1.10e-05	0.00e+00	0.00e+00	0.00e+00	0.00e+00	0.00e+00
 4.94804e+22	6.25e-19	2.99e-09	4.32e-06	2.25e-04	1.88e-03	1.44e-02	2.67e-01	5.83e-01	1.26e-01	7.70e-03	2.94e-04	9.29e-06	0.00e+00	0.00e+00	0.00e+00	0.00e+00	0.00e+00
 5.07106e+22	7.76e-19	3.64e-09	5.10e-06	2.57e-04	2.07e-03	1.56e-02	2.77e-01	5.78e-01	1.19e-01	6.99e-03	2.56e-04	7.84e-06	0.00e+00	0.00e+00	0.00e+00	0.00e+00	0.00e+00
 5.23099e+22	1.04e-18	4.69e-09	6.33e-06	3.07e-04	2.35e-03	1.73e-02	2.91e-01	5.72e-01	1.11e-01	6.19e-03	2.16e-04	6.34e-06	0.00e+00	0.00e+00	0.00e+00	0.00e+00	0.00e+00
 5.39828e+22	1.42e-18	6.19e-09	8.01e-06	3.73e-04	2.72e-03	1.94e-02	3.05e-01	5.65e-01	1.03e-01	5.44e-03	1.80e-04	5.07e-06	0.00e+00	0.00e+00	0.00e+00	0.00e+00	0.00e+00
 5.53647e+22	1.79e-18	7.68e-09	9.59e-06	4.33e-04	3.03e-03	2.11e-02	3.16e-01	5.58e-01	9.65e-02	4.90e-03	1.55e-04	4.24e-06	0.00e+00	0.00e+00	0.00e+00	0.00e+00	0.00e+00
 5.67744e+22	2.24e-18	9.34e-09	1.13e-05	4.94e-04	3.32e-03	2.27e-02	3.27e-01	5.51e-01	9.10e-02	4.43e-03	1.35e-04	3.58e-06	0.00e+00	0.00e+00	0.00e+00	0.00e+00	0.00e+00
 5.86070e+22	3.03e-18	1.21e-08	1.40e-05	5.88e-04	3.76e-03	2.50e-02	3.40e-01	5.42e-01	8.42e-02	3.91e-03	1.13e-04	2.88e-06	0.00e+00	0.00e+00	0.00e+00	0.00e+00	0.00e+00
 6.05864e+22	4.19e-18	1.61e-08	1.78e-05	7.16e-04	4.34e-03	2.79e-02	3.55e-01	5.31e-01	7.74e-02	3.40e-03	9.37e-05	2.28e-06	0.00e+00	0.00e+00	0.00e+00	0.00e+00	0.00e+00
 6.22935e+22	5.41e-18	2.02e-08	2.15e-05	8.37e-04	4.85e-03	3.03e-02	3.67e-01	5.22e-01	7.20e-02	3.03e-03	7.98e-05	1.88e-06	0.00e+00	0.00e+00	0.00e+00	0.00e+00	0.00e+00
 6.40495e+22	6.93e-18	2.50e-08	2.56e-05	9.64e-04	5.34e-03	3.27e-02	3.79e-01	5.12e-01	6.71e-02	2.70e-03	6.84e-05	1.56e-06	0.00e+00	0.00e+00	0.00e+00	0.00e+00	0.00e+00
 6.63323e+22	9.67e-18	3.30e-08	3.22e-05	1.16e-03	6.09e-03	3.60e-02	3.93e-01	5.00e-01	6.14e-02	2.35e-03	5.64e-05	1.23e-06	0.00e+00	0.00e+00	0.00e+00	0.00e+00	0.00e+00
 6.87642e+22	1.38e-17	4.47e-08	4.14e-05	1.42e-03	7.04e-03	4.01e-02	4.08e-01	4.85e-01	5.58e-02	2.01e-03	4.58e-05	9.61e-07	0.00e+00	0.00e+00	0.00e+00	0.00e+00	0.00e+00
 7.08143e+22	1.79e-17	5.68e-08	5.04e-05	1.66e-03	7.85e-03	4.34e-02	4.20e-01	4.74e-01	5.15e-02	1.78e-03	3.87e-05	7.85e-07	0.00e+00	0.00e+00	0.00e+00	0.00e+00	0.00e+00
 7.29036e+22	2.32e-17	7.05e-08	6.01e-05	1.91e-03	8.63e-03	4.66e-02	4.31e-01	4.62e-01	4.77e-02	1.58e-03	3.30e-05	6.48e-07	0.00e+00	0.00e+00	0.00e+00	0.00e+00	0.00e+00
 7.56198e+22	3.28e-17	9.33e-08	7.56e-05	2.29e-03	9.79e-03	5.11e-02	4.44e-01	4.48e-01	4.34e-02	1.36e-03	2.71e-05	5.11e-07	0.00e+00	0.00e+00	0.00e+00	0.00e+00	0.00e+00
 7.84151e+22	4.65e-17	1.26e-07	9.67e-05	2.80e-03	1.13e-02	5.63e-02	4.57e-01	4.32e-01	3.91e-02	1.16e-03	2.19e-05	3.97e-07	0.00e+00	0.00e+00	0.00e+00	0.00e+00	0.00e+00
 8.06877e+22	5.99e-17	1.57e-07	1.15e-04	3.22e-03	1.24e-02	6.02e-02	4.67e-01	4.20e-01	3.61e-02	1.03e-03	1.87e-05	3.28e-07	0.00e+00	0.00e+00	0.00e+00	0.00e+00	0.00e+00
 8.30165e+22	7.66e-17	1.92e-07	1.36e-04	3.65e-03	1.35e-02	6.40e-02	4.76e-01	4.08e-01	3.35e-02	9.18e-04	1.60e-05	2.74e-07	0.00e+00	0.00e+00	0.00e+00	0.00e+00	0.00e+00
 8.60439e+22	1.08e-16	2.49e-07	1.68e-04	4.32e-03	1.51e-02	6.93e-02	4.86e-01	3.94e-01	3.04e-02	7.96e-04	1.33e-05	2.19e-07	0.00e+00	0.00e+00	0.00e+00	0.00e+00	0.00e+00
 8.95719e+22	1.55e-16	3.36e-07	2.14e-04	5.24e-03	1.72e-02	7.59e-02	4.97e-01	3.76e-01	2.72e-02	6.72e-04	1.06e-05	1.68e-07	0.00e+00	0.00e+00	0.00e+00	0.00e+00	0.00e+00
 9.29990e+22	2.17e-16	4.45e-07	2.69e-04	6.27e-03	1.94e-02	8.24e-02	5.07e-01	3.60e-01	2.43e-02	5.72e-04	8.60e-06	1.31e-07	0.00e+00	0.00e+00	0.00e+00	0.00e+00	0.00e+00
 9.58606e+22	2.80e-16	5.51e-07	3.20e-04	7.18e-03	2.12e-02	8.74e-02	5.14e-01	3.47e-01	2.23e-02	5.04e-04	7.29e-06	0.00e+00	0.00e+00	0.00e+00	0.00e+00	0.00e+00	0.00e+00
 9.87385e+22	3.59e-16	6.70e-07	3.74e-04	8.09e-03	2.30e-02	9.23e-02	5.20e-01	3.35e-01	2.06e-02	4.47e-04	6.24e-06	0.00e+00	0.00e+00	0.00e+00	0.00e+00	0.00e+00	0.00e+00
 1.02434e+23	5.05e-16	8.59e-07	4.57e-04	9.46e-03	2.55e-02	9.89e-02	5.26e-01	3.21e-01	1.86e-02	3.86e-04	5.17e-06	0.00e+00	0.00e+00	0.00e+00	0.00e+00	0.00e+00	0.00e+00
 1.06477e+23	7.23e-16	1.12e-06	5.68e-04	1.12e-02	2.85e-02	1.06e-01	5.31e-01	3.05e-01	1.66e-02	3.28e-04	4.19e-06	0.00e+00	0.00e+00	0.00e+00	0.00e+00	0.00e+00	0.00e+00
 1.10160e+23	9.62e-16	1.41e-06	6.82e-04	1.29e-02	3.12e-02	1.13e-01	5.36e-01	2.91e-01	1.50e-02	2.84e-04	3.49e-06	0.00e+00	0.00e+00	0.00e+00	0.00e+00	0.00e+00	0.00e+00
 1.13568e+23	1.25e-15	1.71e-06	7.95e-04	1.45e-02	3.36e-02	1.18e-01	5.39e-01	2.80e-01	1.38e-02	2.52e-04	2.98e-06	0.00e+00	0.00e+00	0.00e+00	0.00e+00	0.00e+00	0.00e+00
 1.17479e+23	1.62e-15	2.11e-06	9.37e-04	1.65e-02	3.65e-02	1.25e-01	5.41e-01	2.68e-01	1.25e-02	2.21e-04	2.52e-06	0.00e+00	0.00e+00	0.00e+00	0.00e+00	0.00e+00	0.00e+00
 1.22145e+23	2.29e-15	2.68e-06	1.14e-03	1.92e-02	4.01e-02	1.33e-01	5.42e-01	2.54e-01	1.12e-02	1.89e-04	2.08e-06	0.00e+00	0.00e+00	0.00e+00	0.00e+00	0.00e+00	0.00e+00
 1.26921e+23	3.21e-15	3.38e-06	1.37e-03	2.21e-02	4.39e-02	1.40e-01	5.42e-01	2.40e-01	1.01e-02	1.63e-04	1.72e-06	0.00e+00	0.00e+00	0.00e+00	0.00e+00	0.00e+00	0.00e+00
 1.31514e+23	4.23e-15	4.14e-06	1.60e-03	2.49e-02	4.73e-02	1.46e-01	5.42e-01	2.29e-01	9.12e-03	1.42e-04	1.45e-06	0.00e+00	0.00e+00	0.00e+00	0.00e+00	0.00e+00	0.00e+00
 1.36524e+23	5.70e-15	5.07e-06	1.89e-03	2.82e-02	5.10e-02	1.53e-01	5.40e-01	2.17e-01	8.24e-03	1.24e-04	1.22e-06	0.00e+00	0.00e+00	0.00e+00	0.00e+00	0.00e+00	0.00e+00
 1.42108e+23	8.00e-15	6.33e-06	2.25e-03	3.22e-02	5.53e-02	1.61e-01	5.37e-01	2.05e-01	7.36e-03	1.06e-04	1.01e-06	0.00e+00	0.00e+00	0.00e+00	0.00e+00	0.00e+00	0.00e+00
 1.47916e+23	1.18e-14	7.77e-06	2.65e-03	3.64e-02	5.95e-02	1.68e-01	5.34e-01	1.94e-01	6.63e-03	9.22e-05	8.43e-07	0.00e+00	0.00e+00	0.00e+00	0.00e+00	0.00e+00	0.00e+00
 1.53956e+23	1.64e-14	9.48e-06	3.09e-03	4.09e-02	6.38e-02	1.74e-01	5.29e-01	1.83e-01	5.96e-03	8.00e-05	7.07e-07	0.00e+00	0.00e+00	0.00e+00	0.00e+00	0.00e+00	0.00e+00
 1.60238e+23	2.33e-14	1.15e-05	3.59e-03	4.57e-02	6.80e-02	1.81e-01	5.24e-01	1.73e-01	5.38e-03	6.98e-05	5.97e-07	0.00e+00	0.00e+00	0.00e+00	0.00e+00	0.00e+00	0.00e+00
 1.66771e+23	3.37e-14	1.37e-05	4.14e-03	5.07e-02	7.22e-02	1.86e-01	5.18e-01	1.63e-01	4.87e-03	6.11e-05	5.08e-07	0.00e+00	0.00e+00	0.00e+00	0.00e+00	0.00e+00	0.00e+00
 1.73565e+23	4.99e-14	1.63e-05	4.75e-03	5.60e-02	7.63e-02	1.92e-01	5.12e-01	1.55e-01	4.42e-03	5.38e-05	4.34e-07	0.00e+00	0.00e+00	0.00e+00	0.00e+00	0.00e+00	0.00e+00
 1.80631e+23	7.61e-14	1.92e-05	5.40e-03	6.15e-02	8.03e-02	1.97e-01	5.05e-01	1.47e-01	4.02e-03	4.76e-05	3.73e-07	0.00e+00	0.00e+00	0.00e+00	0.00e+00	0.00e+00	0.00e+00
 1.87980e+23	1.20e-13	2.25e-05	6.10e-03	6.71e-02	8.41e-02	2.02e-01	4.98e-01	1.39e-01	3.68e-03	4.23e-05	3.24e-07	0.00e+00	0.00e+00	0.00e+00	0.00e+00	0.00e+00	0.00e+00
 1.95622e+23	1.95e-13	2.60e-05	6.83e-03	7.27e-02	8.78e-02	2.06e-01	4.91e-01	1.32e-01	3.38e-03	3.79e-05	2.83e-07	0.00e+00	0.00e+00	0.00e+00	0.00e+00	0.00e+00	0.00e+00
 2.03571e+23	3.32e-13	2.98e-05	7.61e-03	7.84e-02	9.12e-02	2.09e-01	4.84e-01	1.26e-01	3.11e-03	3.41e-05	2.49e-07	0.00e+00	0.00e+00	0.00e+00	0.00e+00	0.00e+00	0.00e+00
 2.11837e+23	5.83e-13	3.39e-05	8.42e-03	8.41e-02	9.44e-02	2.13e-01	4.77e-01	1.21e-01	2.88e-03	3.09e-05	2.21e-07	0.00e+00	0.00e+00	0.00e+00	0.00e+00	0.00e+00	0.00e+00
 2.20434e+23	1.04e-12	3.82e-05	9.25e-03	8.96e-02	9.73e-02	2.16e-01	4.70e-01	1.15e-01	2.69e-03	2.82e-05	1.99e-07	0.00e+00	0.00e+00	0.00e+00	0.00e+00	0.00e+00	0.00e+00
 2.28850e+23	2.13e-12	4.26e-05	1.01e-02	9.48e-02	9.98e-02	2.18e-01	4.64e-01	1.11e-01	2.52e-03	2.60e-05	1.80e-07	0.00e+00	0.00e+00	0.00e+00	0.00e+00	0.00e+00	0.00e+00
 2.36513e+23	4.54e-12	4.67e-05	1.08e-02	9.92e-02	1.02e-01	2.19e-01	4.59e-01	1.07e-01	2.39e-03	2.42e-05	1.65e-07	0.00e+00	0.00e+00	0.00e+00	0.00e+00	0.00e+00	0.00e+00
 2.43410e+23	5.99e-12	5.03e-05	1.15e-02	1.03e-01	1.03e-01	2.20e-01	4.55e-01	1.05e-01	2.29e-03	2.30e-05	1.55e-07	0.00e+00	0.00e+00	0.00e+00	0.00e+00	0.00e+00	0.00e+00
 2.49617e+23	7.43e-12	5.35e-05	1.20e-02	1.06e-01	1.04e-01	2.21e-01	4.52e-01	1.02e-01	2.21e-03	2.19e-05	1.47e-07	0.00e+00	0.00e+00	0.00e+00	0.00e+00	0.00e+00	0.00e+00
 2.55203e+23	8.88e-12	5.63e-05	1.25e-02	1.08e-01	1.05e-01	2.22e-01	4.49e-01	1.01e-01	2.15e-03	2.11e-05	1.40e-07	0.00e+00	0.00e+00	0.00e+00	0.00e+00	0.00e+00	0.00e+00
 2.60231e+23	1.04e-11	5.88e-05	1.30e-02	1.11e-01	1.06e-01	2.22e-01	4.47e-01	9.92e-02	2.09e-03	2.05e-05	1.35e-07	0.00e+00	0.00e+00	0.00e+00	0.00e+00	0.00e+00	0.00e+00
 2.64756e+23	1.16e-11	6.09e-05	1.33e-02	1.12e-01	1.06e-01	2.22e-01	4.45e-01	9.82e-02	2.06e-03	2.00e-05	1.32e-07	0.00e+00	0.00e+00	0.00e+00	0.00e+00	0.00e+00	0.00e+00
 2.68829e+23	1.25e-11	6.24e-05	1.36e-02	1.14e-01	1.07e-01	2.22e-01	4.44e-01	9.75e-02	2.04e-03	1.97e-05	1.30e-07	0.00e+00	0.00e+00	0.00e+00	0.00e+00	0.00e+00	0.00e+00
 2.72494e+23	1.38e-11	6.40e-05	1.39e-02	1.15e-01	1.07e-01	2.23e-01	4.43e-01	9.67e-02	2.01e-03	1.94e-05	1.27e-07	0.00e+00	0.00e+00	0.00e+00	0.00e+00	0.00e+00	0.00e+00
 2.75793e+23	1.63e-11	6.63e-05	1.43e-02	1.17e-01	1.08e-01	2.23e-01	4.41e-01	9.55e-02	1.97e-03	1.89e-05	1.23e-07	0.00e+00	0.00e+00	0.00e+00	0.00e+00	0.00e+00	0.00e+00
 2.78883e+23	1.71e-11	6.72e-05	1.44e-02	1.17e-01	1.08e-01	2.23e-01	4.40e-01	9.52e-02	1.96e-03	1.88e-05	0.00e+00	0.00e+00	0.00e+00	0.00e+00	0.00e+00	0.00e+00	0.00e+00
 2.81938e+23	1.79e-11	6.82e-05	1.46e-02	1.18e-01	1.08e-01	2.23e-01	4.39e-01	9.49e-02	1.96e-03	1.87e-05	0.00e+00	0.00e+00	0.00e+00	0.00e+00	0.00e+00	0.00e+00	0.00e+00
 2.84992e+23	1.91e-11	6.92e-05	1.48e-02	1.19e-01	1.08e-01	2.23e-01	4.39e-01	9.46e-02	1.95e-03	1.86e-05	0.00e+00	0.00e+00	0.00e+00	0.00e+00	0.00e+00	0.00e+00	0.00e+00
