#depth	Si	Si+	Si+2	Si+3	Si+4	Si+5	Si+6	Si+7	Si+8	Si+9	Si+10	Si+11	Si+12	Si+13	Si+14
 6.17135e+19	0.00e+00	0.00e+00	1.16e-27	1.53e-23	1.62e-18	1.88e-14	8.57e-11	5.31e-08	1.45e-05	4.21e-04	4.78e-03	3.59e-02	5.55e-01	3.42e-01	6.18e-02
 1.87609e+20	0.00e+00	0.00e+00	5.32e-27	5.93e-23	6.37e-18	6.78e-14	2.74e-10	1.35e-07	2.72e-05	6.86e-04	6.65e-03	4.32e-02	5.83e-01	3.16e-01	5.03e-02
 2.83882e+20	0.00e+00	5.01e-31	1.75e-26	1.68e-22	1.77e-17	1.77e-13	6.55e-10	2.71e-07	4.28e-05	9.78e-04	8.46e-03	4.94e-02	6.02e-01	2.96e-01	4.28e-02
 3.32478e+20	0.00e+00	9.60e-31	3.13e-26	2.77e-22	2.87e-17	2.79e-13	9.90e-10	3.77e-07	5.31e-05	1.16e-03	9.47e-03	5.26e-02	6.10e-01	2.87e-01	3.96e-02
 3.58327e+20	0.00e+00	1.32e-30	4.17e-26	3.55e-22	3.65e-17	3.50e-13	1.21e-09	4.44e-07	5.93e-05	1.26e-03	1.00e-02	5.43e-02	6.15e-01	2.82e-01	3.79e-02
 3.79820e+20	0.00e+00	1.72e-30	5.28e-26	4.36e-22	4.49e-17	4.25e-13	1.45e-09	5.11e-07	6.50e-05	1.35e-03	1.05e-02	5.57e-02	6.18e-01	2.78e-01	3.66e-02
 4.07760e+20	0.00e+00	2.42e-30	7.16e-26	5.71e-22	5.91e-17	5.51e-13	1.83e-09	6.16e-07	7.33e-05	1.49e-03	1.12e-02	5.77e-02	6.22e-01	2.72e-01	3.50e-02
 4.44081e+20	0.00e+00	3.70e-30	1.05e-25	8.00e-22	8.33e-17	7.62e-13	2.46e-09	7.78e-07	8.55e-05	1.67e-03	1.22e-02	6.03e-02	6.28e-01	2.65e-01	3.29e-02
 4.81873e+20	0.00e+00	5.75e-30	1.56e-25	1.13e-21	1.18e-16	1.06e-12	3.31e-09	9.88e-07	1.00e-04	1.89e-03	1.32e-02	6.31e-02	6.33e-01	2.58e-01	3.09e-02
 5.13082e+20	0.00e+00	8.17e-30	2.13e-25	1.48e-21	1.55e-16	1.37e-12	4.18e-09	1.19e-06	1.14e-04	2.09e-03	1.42e-02	6.54e-02	6.37e-01	2.52e-01	2.94e-02
 5.45163e+20	0.00e+00	1.16e-29	2.90e-25	1.94e-21	2.04e-16	1.77e-12	5.28e-09	1.44e-06	1.29e-04	2.30e-03	1.51e-02	6.78e-02	6.41e-01	2.46e-01	2.79e-02
 5.86867e+20	0.00e+00	1.80e-29	4.30e-25	2.73e-21	2.90e-16	2.48e-12	7.13e-09	1.83e-06	1.51e-04	2.61e-03	1.65e-02	7.09e-02	6.45e-01	2.39e-01	2.60e-02
 6.28503e+20	0.00e+00	2.78e-29	6.34e-25	3.82e-21	4.08e-16	3.41e-12	9.54e-09	2.30e-06	1.78e-04	2.96e-03	1.80e-02	7.42e-02	6.49e-01	2.31e-01	2.43e-02
 6.60217e+20	0.00e+00	3.83e-29	8.44e-25	4.89e-21	5.22e-16	4.30e-12	1.17e-08	2.73e-06	2.00e-04	3.24e-03	1.91e-02	7.67e-02	6.52e-01	2.26e-01	2.31e-02
 6.91614e+20	0.00e+00	5.19e-29	1.10e-24	6.16e-21	6.61e-16	5.38e-12	1.44e-08	3.20e-06	2.24e-04	3.54e-03	2.03e-02	7.91e-02	6.54e-01	2.21e-01	2.20e-02
 7.32430e+20	0.00e+00	7.61e-29	1.55e-24	8.28e-21	8.96e-16	7.16e-12	1.85e-08	3.93e-06	2.58e-04	3.96e-03	2.19e-02	8.23e-02	6.57e-01	2.14e-01	2.06e-02
 7.73172e+20	0.00e+00	1.12e-28	2.18e-24	1.11e-20	1.20e-15	9.44e-12	2.38e-08	4.81e-06	2.98e-04	4.42e-03	2.36e-02	8.56e-02	6.59e-01	2.07e-01	1.93e-02
 8.04276e+20	0.00e+00	1.48e-28	2.80e-24	1.37e-20	1.49e-15	1.15e-11	2.85e-08	5.56e-06	3.31e-04	4.79e-03	2.49e-02	8.81e-02	6.61e-01	2.03e-01	1.84e-02
 8.35169e+20	0.00e+00	1.94e-28	3.54e-24	1.68e-20	1.83e-15	1.40e-11	3.39e-08	6.39e-06	3.66e-04	5.18e-03	2.63e-02	9.05e-02	6.62e-01	1.98e-01	1.75e-02
 8.75330e+20	0.00e+00	2.72e-28	4.78e-24	2.17e-20	2.38e-15	1.80e-11	4.23e-08	7.64e-06	4.16e-04	5.73e-03	2.81e-02	9.37e-02	6.63e-01	1.92e-01	1.64e-02
 9.18372e+20	0.00e+00	3.90e-28	6.57e-24	2.86e-20	3.14e-15	2.33e-11	5.32e-08	9.21e-06	4.77e-04	6.37e-03	3.02e-02	9.72e-02	6.64e-01	1.86e-01	1.54e-02
 9.55619e+20	0.00e+00	5.29e-28	8.61e-24	3.60e-20	3.95e-15	2.88e-11	6.44e-08	1.08e-05	5.35e-04	6.95e-03	3.21e-02	1.00e-01	6.65e-01	1.81e-01	1.45e-02
 9.94502e+20	0.00e+00	7.17e-28	1.13e-23	4.52e-20	4.98e-15	3.58e-11	7.80e-08	1.26e-05	6.00e-04	7.60e-03	3.40e-02	1.03e-01	6.65e-01	1.75e-01	1.37e-02
 1.04505e+21	0.00e+00	1.05e-27	1.58e-23	6.05e-20	6.69e-15	4.71e-11	9.95e-08	1.53e-05	6.95e-04	8.51e-03	3.67e-02	1.07e-01	6.65e-01	1.69e-01	1.27e-02
 1.09667e+21	0.00e+00	1.56e-27	2.23e-23	8.13e-20	8.96e-15	6.19e-11	1.27e-07	1.86e-05	8.05e-04	9.53e-03	3.96e-02	1.11e-01	6.64e-01	1.62e-01	1.18e-02
 1.13778e+21	0.00e+00	2.12e-27	2.92e-23	1.02e-19	1.12e-14	7.62e-11	1.52e-07	2.16e-05	9.01e-04	1.04e-02	4.20e-02	1.15e-01	6.64e-01	1.57e-01	1.11e-02
 1.17932e+21	0.00e+00	2.84e-27	3.78e-23	1.27e-19	1.39e-14	9.33e-11	1.81e-07	2.50e-05	1.00e-03	1.13e-02	4.44e-02	1.18e-01	6.62e-01	1.53e-01	1.04e-02
 1.23332e+21	0.00e+00	4.11e-27	5.24e-23	1.69e-19	1.84e-14	1.21e-10	2.27e-07	3.00e-05	1.16e-03	1.26e-02	4.77e-02	1.22e-01	6.60e-01	1.47e-01	9.64e-03
 1.28635e+21	0.00e+00	5.94e-27	7.26e-23	2.23e-19	2.41e-14	1.55e-10	2.83e-07	3.59e-05	1.32e-03	1.39e-02	5.11e-02	1.26e-01	6.58e-01	1.41e-01	8.93e-03
 1.32563e+21	0.00e+00	7.77e-27	9.20e-23	2.72e-19	2.92e-14	1.85e-10	3.29e-07	4.07e-05	1.46e-03	1.50e-02	5.36e-02	1.29e-01	6.56e-01	1.37e-01	8.45e-03
 1.36418e+21	0.00e+00	9.97e-27	1.15e-22	3.29e-19	3.50e-14	2.19e-10	3.81e-07	4.58e-05	1.59e-03	1.61e-02	5.61e-02	1.32e-01	6.54e-01	1.33e-01	8.01e-03
 1.41430e+21	0.00e+00	1.37e-26	1.52e-22	4.18e-19	4.43e-14	2.71e-10	4.59e-07	5.34e-05	1.79e-03	1.76e-02	5.95e-02	1.35e-01	6.50e-01	1.28e-01	7.47e-03
 1.46899e+21	0.00e+00	1.94e-26	2.06e-22	5.43e-19	5.70e-14	3.41e-10	5.59e-07	6.29e-05	2.03e-03	1.93e-02	6.33e-02	1.39e-01	6.46e-01	1.23e-01	6.92e-03
 1.51782e+21	0.00e+00	2.63e-26	2.70e-22	6.84e-19	7.08e-14	4.17e-10	6.64e-07	7.24e-05	2.26e-03	2.10e-02	6.68e-02	1.43e-01	6.42e-01	1.18e-01	6.47e-03
 1.56952e+21	0.00e+00	3.58e-26	3.55e-22	8.65e-19	8.86e-14	5.11e-10	7.90e-07	8.35e-05	2.53e-03	2.28e-02	7.05e-02	1.46e-01	6.38e-01	1.14e-01	6.04e-03
 1.63673e+21	0.00e+00	5.31e-26	5.03e-22	1.17e-18	1.18e-13	6.62e-10	9.85e-07	1.00e-04	2.91e-03	2.53e-02	7.55e-02	1.51e-01	6.32e-01	1.08e-01	5.52e-03
 1.70501e+21	0.00e+00	7.95e-26	7.20e-22	1.59e-18	1.57e-13	8.58e-10	1.23e-06	1.20e-04	3.35e-03	2.82e-02	8.08e-02	1.55e-01	6.24e-01	1.03e-01	5.03e-03
 1.75916e+21	0.00e+00	1.09e-25	9.54e-22	2.01e-18	1.95e-13	1.05e-09	1.45e-06	1.38e-04	3.72e-03	3.05e-02	8.50e-02	1.59e-01	6.19e-01	9.87e-02	4.68e-03
 1.81403e+21	0.00e+00	1.48e-25	1.25e-21	2.54e-18	2.42e-13	1.27e-09	1.71e-06	1.58e-04	4.13e-03	3.29e-02	8.92e-02	1.62e-01	6.13e-01	9.47e-02	4.36e-03
 1.87548e+21	0.00e+00	2.08e-25	1.69e-21	3.29e-18	3.08e-13	1.58e-09	2.04e-06	1.83e-04	4.64e-03	3.59e-02	9.42e-02	1.66e-01	6.05e-01	9.04e-02	4.02e-03
 1.93200e+21	0.00e+00	2.84e-25	2.23e-21	4.17e-18	3.82e-13	1.92e-09	2.40e-06	2.09e-04	5.14e-03	3.88e-02	9.88e-02	1.69e-01	5.98e-01	8.66e-02	3.74e-03
 1.98365e+21	0.00e+00	3.76e-25	2.85e-21	5.16e-18	4.63e-13	2.28e-09	2.77e-06	2.35e-04	5.63e-03	4.15e-02	1.03e-01	1.71e-01	5.91e-01	8.33e-02	3.49e-03
 2.04244e+21	0.00e+00	5.10e-25	3.75e-21	6.52e-18	5.75e-13	2.76e-09	3.24e-06	2.68e-04	6.23e-03	4.47e-02	1.08e-01	1.74e-01	5.84e-01	7.97e-02	3.24e-03
 2.11887e+21	0.00e+00	7.53e-25	5.30e-21	8.81e-18	7.56e-13	3.52e-09	3.96e-06	3.17e-04	7.08e-03	4.91e-02	1.14e-01	1.78e-01	5.73e-01	7.52e-02	2.94e-03
 2.19616e+21	0.00e+00	1.13e-24	7.58e-21	1.20e-17	9.96e-13	4.50e-09	4.84e-06	3.73e-04	8.04e-03	5.38e-02	1.21e-01	1.82e-01	5.62e-01	7.08e-02	2.66e-03
 2.25464e+21	0.00e+00	1.52e-24	9.93e-21	1.51e-17	1.22e-12	5.38e-09	5.59e-06	4.21e-04	8.82e-03	5.76e-02	1.26e-01	1.84e-01	5.53e-01	6.77e-02	2.47e-03
 2.31074e+21	0.00e+00	2.01e-24	1.27e-20	1.86e-17	1.47e-12	6.36e-09	6.39e-06	4.70e-04	9.60e-03	6.12e-02	1.30e-01	1.86e-01	5.45e-01	6.49e-02	2.31e-03
 2.38367e+21	0.00e+00	2.84e-24	1.73e-20	2.44e-17	1.88e-12	7.88e-09	7.59e-06	5.42e-04	1.07e-02	6.62e-02	1.36e-01	1.89e-01	5.34e-01	6.14e-02	2.10e-03
 2.46123e+21	0.00e+00	4.15e-24	2.42e-20	3.26e-17	2.43e-12	9.88e-09	9.08e-06	6.29e-04	1.20e-02	7.18e-02	1.43e-01	1.91e-01	5.22e-01	5.78e-02	1.91e-03
 2.52241e+21	0.00e+00	5.59e-24	3.16e-20	4.09e-17	2.96e-12	1.18e-08	1.04e-05	7.05e-04	1.31e-02	7.65e-02	1.48e-01	1.93e-01	5.12e-01	5.50e-02	1.77e-03
 2.57047e+21	0.00e+00	7.02e-24	3.88e-20	4.88e-17	3.45e-12	1.34e-08	1.16e-05	7.67e-04	1.40e-02	8.00e-02	1.52e-01	1.94e-01	5.04e-01	5.31e-02	1.67e-03
 2.62388e+21	0.00e+00	8.93e-24	4.81e-20	5.88e-17	4.07e-12	1.55e-08	1.30e-05	8.43e-04	1.50e-02	8.41e-02	1.56e-01	1.95e-01	4.96e-01	5.09e-02	1.56e-03
 2.69331e+21	0.00e+00	1.22e-23	6.35e-20	7.49e-17	5.05e-12	1.87e-08	1.50e-05	9.50e-04	1.64e-02	8.97e-02	1.62e-01	1.97e-01	4.85e-01	4.82e-02	1.43e-03
 2.76876e+21	1.21e-31	1.71e-23	8.63e-20	9.77e-17	6.37e-12	2.28e-08	1.75e-05	1.08e-03	1.81e-02	9.59e-02	1.68e-01	1.98e-01	4.72e-01	4.54e-02	1.31e-03
 2.83416e+21	1.62e-31	2.27e-23	1.11e-19	1.21e-16	7.67e-12	2.69e-08	1.99e-05	1.20e-03	1.96e-02	1.01e-01	1.73e-01	1.99e-01	4.62e-01	4.32e-02	1.21e-03
 2.90131e+21	2.18e-31	3.03e-23	1.44e-19	1.52e-16	9.32e-12	3.18e-08	2.27e-05	1.34e-03	2.12e-02	1.07e-01	1.78e-01	2.00e-01	4.51e-01	4.10e-02	1.11e-03
 2.98859e+21	3.22e-31	4.42e-23	2.01e-19	2.04e-16	1.21e-11	3.98e-08	2.68e-05	1.53e-03	2.35e-02	1.15e-01	1.84e-01	2.00e-01	4.36e-01	3.82e-02	1.00e-03
 3.07759e+21	4.74e-31	6.45e-23	2.83e-19	2.73e-16	1.56e-11	4.94e-08	3.16e-05	1.75e-03	2.60e-02	1.23e-01	1.91e-01	2.01e-01	4.22e-01	3.56e-02	8.99e-04
 3.14654e+21	6.42e-31	8.63e-23	3.67e-19	3.42e-16	1.89e-11	5.82e-08	3.57e-05	1.94e-03	2.80e-02	1.29e-01	1.95e-01	2.00e-01	4.10e-01	3.37e-02	8.28e-04
 3.20391e+21	8.19e-31	1.10e-22	4.55e-19	4.12e-16	2.21e-11	6.66e-08	3.94e-05	2.10e-03	2.98e-02	1.35e-01	1.99e-01	2.00e-01	4.01e-01	3.22e-02	7.73e-04
 3.26848e+21	1.06e-30	1.41e-22	5.71e-19	5.03e-16	2.63e-11	7.71e-08	4.40e-05	2.30e-03	3.18e-02	1.41e-01	2.03e-01	2.00e-01	3.91e-01	3.06e-02	7.17e-04
 3.35242e+21	1.48e-30	1.94e-22	7.62e-19	6.46e-16	3.28e-11	9.29e-08	5.06e-05	2.58e-03	3.46e-02	1.49e-01	2.08e-01	1.99e-01	3.78e-01	2.86e-02	6.49e-04
 3.44000e+21	2.10e-30	2.74e-22	1.04e-18	8.44e-16	4.12e-11	1.13e-07	5.83e-05	2.90e-03	3.77e-02	1.57e-01	2.13e-01	1.98e-01	3.64e-01	2.67e-02	5.85e-04
 3.51103e+21	2.80e-30	3.60e-22	1.33e-18	1.04e-15	4.93e-11	1.31e-07	6.52e-05	3.17e-03	4.03e-02	1.64e-01	2.17e-01	1.97e-01	3.53e-01	2.52e-02	5.38e-04
 3.58209e+21	3.67e-30	4.69e-22	1.68e-18	1.28e-15	5.89e-11	1.52e-07	7.27e-05	3.47e-03	4.29e-02	1.71e-01	2.21e-01	1.96e-01	3.42e-01	2.38e-02	4.95e-04
 3.67447e+21	5.16e-30	6.51e-22	2.26e-18	1.66e-15	7.35e-11	1.84e-07	8.36e-05	3.88e-03	4.66e-02	1.80e-01	2.25e-01	1.94e-01	3.28e-01	2.21e-02	4.44e-04
 3.77186e+21	7.41e-30	9.26e-22	3.10e-18	2.19e-15	9.31e-11	2.24e-07	9.63e-05	4.36e-03	5.06e-02	1.89e-01	2.29e-01	1.92e-01	3.14e-01	2.04e-02	3.97e-04
 3.85329e+21	9.99e-30	1.24e-21	4.02e-18	2.74e-15	1.12e-10	2.62e-07	1.08e-04	4.78e-03	5.41e-02	1.97e-01	2.32e-01	1.89e-01	3.03e-01	1.91e-02	3.61e-04
 3.93671e+21	1.34e-29	1.64e-21	5.18e-18	3.42e-15	1.36e-10	3.07e-07	1.21e-04	5.24e-03	5.77e-02	2.05e-01	2.35e-01	1.87e-01	2.91e-01	1.79e-02	3.29e-04
 4.04515e+21	1.91e-29	2.31e-21	7.04e-18	4.45e-15	1.70e-10	3.71e-07	1.40e-04	5.89e-03	6.27e-02	2.15e-01	2.39e-01	1.84e-01	2.77e-01	1.64e-02	2.90e-04
 4.15952e+21	2.84e-29	3.41e-21	9.99e-18	6.04e-15	2.21e-10	4.60e-07	1.62e-04	6.64e-03	6.82e-02	2.26e-01	2.42e-01	1.80e-01	2.61e-01	1.49e-02	2.54e-04
 4.25074e+21	3.88e-29	4.60e-21	1.31e-17	7.62e-15	2.68e-10	5.39e-07	1.82e-04	7.28e-03	7.27e-02	2.35e-01	2.44e-01	1.77e-01	2.50e-01	1.38e-02	2.29e-04
 4.32684e+21	4.97e-29	5.85e-21	1.62e-17	9.18e-15	3.13e-10	6.13e-07	2.00e-04	7.85e-03	7.65e-02	2.41e-01	2.46e-01	1.74e-01	2.41e-01	1.30e-02	2.10e-04
 4.41419e+21	6.51e-29	7.59e-21	2.05e-17	1.12e-14	3.72e-10	7.07e-07	2.22e-04	8.53e-03	8.10e-02	2.49e-01	2.47e-01	1.71e-01	2.30e-01	1.21e-02	1.90e-04
 4.52773e+21	9.17e-29	1.06e-20	2.76e-17	1.46e-14	4.64e-10	8.47e-07	2.53e-04	9.48e-03	8.71e-02	2.59e-01	2.48e-01	1.67e-01	2.17e-01	1.10e-02	1.67e-04
 4.64778e+21	1.32e-28	1.51e-20	3.79e-17	1.92e-14	5.82e-10	1.02e-06	2.90e-04	1.06e-02	9.37e-02	2.70e-01	2.49e-01	1.62e-01	2.04e-01	9.96e-03	1.46e-04
 4.74613e+21	1.78e-28	2.01e-20	4.90e-17	2.38e-14	6.97e-10	1.18e-06	3.23e-04	1.15e-02	9.92e-02	2.78e-01	2.50e-01	1.59e-01	1.94e-01	9.17e-03	1.30e-04
 4.84382e+21	2.34e-28	2.62e-20	6.22e-17	2.93e-14	8.29e-10	1.36e-06	3.59e-04	1.25e-02	1.05e-01	2.85e-01	2.50e-01	1.55e-01	1.84e-01	8.46e-03	1.17e-04
 4.97082e+21	3.29e-28	3.65e-20	8.34e-17	3.77e-14	1.02e-09	1.62e-06	4.09e-04	1.39e-02	1.12e-01	2.95e-01	2.49e-01	1.50e-01	1.72e-01	7.61e-03	1.01e-04
 5.10585e+21	4.75e-28	5.26e-20	1.16e-16	4.99e-14	1.29e-09	1.96e-06	4.69e-04	1.55e-02	1.20e-01	3.05e-01	2.48e-01	1.44e-01	1.60e-01	6.79e-03	8.67e-05
 5.21922e+21	6.41e-28	7.04e-20	1.50e-16	6.22e-14	1.54e-09	2.27e-06	5.24e-04	1.69e-02	1.27e-01	3.13e-01	2.47e-01	1.39e-01	1.50e-01	6.17e-03	7.63e-05
 5.33446e+21	8.58e-28	9.34e-20	1.92e-16	7.70e-14	1.84e-09	2.62e-06	5.84e-04	1.84e-02	1.34e-01	3.21e-01	2.45e-01	1.35e-01	1.41e-01	5.60e-03	6.70e-05
 5.48428e+21	1.24e-27	1.34e-19	2.65e-16	1.01e-13	2.31e-09	3.15e-06	6.71e-04	2.05e-02	1.44e-01	3.30e-01	2.42e-01	1.29e-01	1.29e-01	4.93e-03	5.65e-05
 5.63888e+21	1.80e-27	1.94e-19	3.67e-16	1.34e-13	2.89e-09	3.78e-06	7.71e-04	2.28e-02	1.54e-01	3.39e-01	2.39e-01	1.22e-01	1.18e-01	4.31e-03	4.73e-05
 5.75310e+21	2.36e-27	2.53e-19	4.65e-16	1.63e-13	3.39e-09	4.31e-06	8.52e-04	2.47e-02	1.61e-01	3.45e-01	2.36e-01	1.18e-01	1.10e-01	3.91e-03	4.16e-05
 5.83926e+21	2.91e-27	3.08e-19	5.53e-16	1.89e-13	3.81e-09	4.74e-06	9.17e-04	2.61e-02	1.67e-01	3.49e-01	2.34e-01	1.14e-01	1.05e-01	3.63e-03	3.77e-05
 5.93555e+21	3.57e-27	3.79e-19	6.64e-16	2.21e-13	4.33e-09	5.26e-06	9.93e-04	2.78e-02	1.73e-01	3.54e-01	2.31e-01	1.11e-01	9.94e-02	3.34e-03	3.38e-05
 6.06072e+21	4.66e-27	4.95e-19	8.40e-16	2.69e-13	5.09e-09	6.00e-06	1.10e-03	3.01e-02	1.81e-01	3.59e-01	2.27e-01	1.06e-01	9.23e-02	3.00e-03	2.94e-05
 6.19924e+21	6.26e-27	6.65e-19	1.09e-15	3.35e-13	6.06e-09	6.91e-06	1.23e-03	3.27e-02	1.90e-01	3.65e-01	2.23e-01	1.01e-01	8.49e-02	2.66e-03	2.51e-05
 6.32501e+21	8.15e-27	8.64e-19	1.37e-15	4.06e-13	7.06e-09	7.83e-06	1.35e-03	3.53e-02	1.99e-01	3.69e-01	2.18e-01	9.64e-02	7.86e-02	2.38e-03	2.17e-05
 6.44087e+21	1.02e-26	1.09e-18	1.68e-15	4.82e-13	8.11e-09	8.76e-06	1.48e-03	3.77e-02	2.06e-01	3.73e-01	2.14e-01	9.24e-02	7.34e-02	2.16e-03	1.91e-05
 6.57393e+21	1.33e-26	1.42e-18	2.11e-15	5.84e-13	9.46e-09	9.93e-06	1.63e-03	4.07e-02	2.15e-01	3.76e-01	2.09e-01	8.79e-02	6.77e-02	1.92e-03	1.64e-05
 6.74692e+21	1.84e-26	1.97e-18	2.82e-15	7.45e-13	1.15e-08	1.16e-05	1.84e-03	4.48e-02	2.26e-01	3.80e-01	2.03e-01	8.23e-02	6.09e-02	1.65e-03	1.35e-05
 6.92205e+21	2.56e-26	2.76e-18	3.79e-15	9.54e-13	1.39e-08	1.36e-05	2.09e-03	4.92e-02	2.38e-01	3.83e-01	1.96e-01	7.68e-02	5.45e-02	1.41e-03	1.10e-05
 7.05772e+21	3.27e-26	3.57e-18	4.73e-15	1.15e-12	1.61e-08	1.53e-05	2.29e-03	5.28e-02	2.47e-01	3.84e-01	1.90e-01	7.28e-02	5.01e-02	1.25e-03	9.46e-06
 7.19183e+21	4.12e-26	4.52e-18	5.82e-15	1.37e-12	1.85e-08	1.71e-05	2.50e-03	5.65e-02	2.55e-01	3.85e-01	1.85e-01	6.90e-02	4.61e-02	1.12e-03	8.16e-06
 7.36616e+21	5.54e-26	6.15e-18	7.61e-15	1.71e-12	2.21e-08	1.98e-05	2.80e-03	6.15e-02	2.66e-01	3.85e-01	1.78e-01	6.43e-02	4.14e-02	9.59e-04	6.70e-06
 7.55215e+21	7.58e-26	8.56e-18	1.01e-14	2.17e-12	2.66e-08	2.30e-05	3.16e-03	6.73e-02	2.78e-01	3.85e-01	1.70e-01	5.95e-02	3.67e-02	8.12e-04	5.42e-06
 7.71071e+21	9.84e-26	1.13e-17	1.29e-14	2.66e-12	3.10e-08	2.61e-05	3.48e-03	7.25e-02	2.87e-01	3.84e-01	1.63e-01	5.57e-02	3.32e-02	7.06e-04	4.53e-06
 7.87425e+21	1.27e-25	1.47e-17	1.63e-14	3.23e-12	3.62e-08	2.96e-05	3.84e-03	7.79e-02	2.97e-01	3.82e-01	1.57e-01	5.21e-02	2.99e-02	6.13e-04	3.78e-06
 8.08687e+21	1.74e-25	2.09e-17	2.20e-14	4.16e-12	4.41e-08	3.47e-05	4.35e-03	8.55e-02	3.09e-01	3.79e-01	1.48e-01	4.76e-02	2.61e-02	5.08e-04	2.98e-06
 8.30598e+21	2.41e-25	3.00e-17	3.02e-14	5.42e-12	5.40e-08	4.08e-05	4.95e-03	9.40e-02	3.21e-01	3.74e-01	1.39e-01	4.32e-02	2.26e-02	4.17e-04	2.32e-06
 8.46831e+21	3.08e-25	3.93e-17	3.82e-14	6.59e-12	6.27e-08	4.60e-05	5.43e-03	1.01e-01	3.30e-01	3.70e-01	1.33e-01	4.02e-02	2.03e-02	3.60e-04	1.93e-06
 8.59121e+21	3.65e-25	4.74e-17	4.50e-14	7.56e-12	6.98e-08	5.01e-05	5.80e-03	1.06e-01	3.36e-01	3.67e-01	1.28e-01	3.81e-02	1.88e-02	3.24e-04	1.69e-06
 8.72812e+21	4.38e-25	5.83e-17	5.38e-14	8.81e-12	7.87e-08	5.51e-05	6.24e-03	1.11e-01	3.43e-01	3.63e-01	1.23e-01	3.59e-02	1.72e-02	2.88e-04	1.46e-06
 8.90610e+21	5.57e-25	7.63e-17	6.81e-14	1.07e-11	9.18e-08	6.22e-05	6.86e-03	1.19e-01	3.51e-01	3.57e-01	1.16e-01	3.32e-02	1.54e-02	2.46e-04	1.20e-06
 9.10502e+21	7.26e-25	1.03e-16	8.88e-14	1.34e-11	1.09e-07	7.13e-05	7.61e-03	1.28e-01	3.60e-01	3.50e-01	1.09e-01	3.03e-02	1.35e-02	2.07e-04	9.58e-07
 9.28829e+21	9.23e-25	1.36e-16	1.13e-13	1.64e-11	1.27e-07	8.06e-05	8.36e-03	1.37e-01	3.68e-01	3.43e-01	1.03e-01	2.79e-02	1.19e-02	1.76e-04	7.82e-07
 9.45674e+21	1.14e-24	1.74e-16	1.40e-13	1.97e-11	1.47e-07	9.00e-05	9.09e-03	1.45e-01	3.74e-01	3.37e-01	9.75e-02	2.58e-02	1.07e-02	1.52e-04	6.51e-07
 9.64880e+21	1.45e-24	2.28e-16	1.77e-13	2.41e-11	1.72e-07	1.02e-04	9.97e-03	1.55e-01	3.81e-01	3.29e-01	9.15e-02	2.37e-02	9.46e-03	1.29e-04	5.30e-07
 9.89847e+21	1.95e-24	3.22e-16	2.41e-13	3.13e-11	2.10e-07	1.19e-04	1.12e-02	1.68e-01	3.89e-01	3.18e-01	8.41e-02	2.11e-02	8.05e-03	1.04e-04	4.05e-07
 1.01502e+22	2.64e-24	4.60e-16	3.29e-13	4.09e-11	2.58e-07	1.40e-04	1.26e-02	1.82e-01	3.96e-01	3.06e-01	7.69e-02	1.87e-02	6.80e-03	8.31e-05	3.07e-07
 1.03437e+22	3.32e-24	5.98e-16	4.15e-13	4.98e-11	3.00e-07	1.57e-04	1.38e-02	1.93e-01	4.01e-01	2.97e-01	7.18e-02	1.71e-02	6.00e-03	7.03e-05	2.50e-07
 1.05343e+22	4.10e-24	7.64e-16	5.15e-13	5.99e-11	3.47e-07	1.75e-04	1.49e-02	2.04e-01	4.05e-01	2.89e-01	6.72e-02	1.57e-02	5.32e-03	6.00e-05	2.05e-07
 1.07820e+22	5.39e-24	1.05e-15	6.81e-13	7.63e-11	4.19e-07	2.02e-04	1.66e-02	2.18e-01	4.09e-01	2.77e-01	6.14e-02	1.40e-02	4.53e-03	4.87e-05	1.59e-07
 1.10456e+22	7.20e-24	1.47e-15	9.20e-13	9.89e-11	5.11e-07	2.35e-04	1.85e-02	2.33e-01	4.12e-01	2.64e-01	5.57e-02	1.23e-02	3.82e-03	3.89e-05	1.20e-07
 1.12683e+22	9.15e-24	1.94e-15	1.18e-12	1.22e-10	6.02e-07	2.66e-04	2.02e-02	2.47e-01	4.14e-01	2.54e-01	5.13e-02	1.11e-02	3.31e-03	3.23e-05	0.00e+00
 1.14961e+22	1.16e-23	2.53e-15	1.49e-12	1.50e-10	7.06e-07	3.00e-04	2.20e-02	2.60e-01	4.15e-01	2.43e-01	4.72e-02	9.99e-03	2.87e-03	2.68e-05	0.00e+00
 1.17922e+22	1.56e-23	3.56e-15	2.02e-12	1.95e-10	8.67e-07	3.50e-04	2.45e-02	2.77e-01	4.15e-01	2.30e-01	4.23e-02	8.70e-03	2.38e-03	2.11e-05	0.00e+00
 1.20952e+22	2.12e-23	5.05e-15	2.76e-12	2.56e-10	1.07e-06	4.09e-04	2.73e-02	2.96e-01	4.13e-01	2.16e-01	3.77e-02	7.54e-03	1.97e-03	1.65e-05	0.00e+00
 1.23344e+22	2.69e-23	6.56e-15	3.49e-12	3.14e-10	1.25e-06	4.60e-04	2.96e-02	3.10e-01	4.12e-01	2.06e-01	3.44e-02	6.74e-03	1.69e-03	1.36e-05	0.00e+00
 1.25388e+22	3.27e-23	8.13e-15	4.23e-12	3.71e-10	1.42e-06	5.06e-04	3.16e-02	3.21e-01	4.10e-01	1.97e-01	3.19e-02	6.14e-03	1.50e-03	1.16e-05	0.00e+00
 1.27704e+22	4.06e-23	1.03e-14	5.22e-12	4.47e-10	1.65e-06	5.63e-04	3.40e-02	3.35e-01	4.07e-01	1.88e-01	2.93e-02	5.53e-03	1.30e-03	9.71e-06	0.00e+00
 1.30716e+22	5.34e-23	1.39e-14	6.85e-12	5.67e-10	1.98e-06	6.44e-04	3.72e-02	3.51e-01	4.02e-01	1.76e-01	2.62e-02	4.82e-03	1.09e-03	7.71e-06	0.00e+00
 1.33669e+22	7.03e-23	1.88e-14	8.96e-12	7.16e-10	2.36e-06	7.33e-04	4.06e-02	3.68e-01	3.97e-01	1.65e-01	2.34e-02	4.20e-03	9.09e-04	6.14e-06	0.00e+00
 1.35831e+22	8.53e-23	2.30e-14	1.08e-11	8.42e-10	2.68e-06	8.02e-04	4.31e-02	3.79e-01	3.93e-01	1.58e-01	2.16e-02	3.81e-03	8.01e-04	5.23e-06	0.00e+00
 1.37925e+22	1.02e-22	2.78e-14	1.28e-11	9.76e-10	3.01e-06	8.72e-04	4.55e-02	3.90e-01	3.88e-01	1.51e-01	2.01e-02	3.48e-03	7.11e-04	4.49e-06	0.00e+00
 1.40648e+22	1.29e-22	3.55e-14	1.59e-11	1.19e-09	3.49e-06	9.71e-04	4.89e-02	4.04e-01	3.82e-01	1.42e-01	1.81e-02	3.09e-03	6.08e-04	3.69e-06	0.00e+00
 1.43622e+22	1.66e-22	4.63e-14	2.02e-11	1.46e-09	4.10e-06	1.09e-03	5.27e-02	4.18e-01	3.75e-01	1.33e-01	1.63e-02	2.70e-03	5.12e-04	2.97e-06	0.00e+00
 1.46269e+22	2.06e-22	5.81e-14	2.48e-11	1.75e-09	4.71e-06	1.20e-03	5.61e-02	4.31e-01	3.69e-01	1.26e-01	1.48e-02	2.41e-03	4.41e-04	2.46e-06	0.00e+00
 1.49059e+22	2.57e-22	7.27e-14	3.04e-11	2.10e-09	5.41e-06	1.33e-03	5.98e-02	4.43e-01	3.62e-01	1.18e-01	1.34e-02	2.14e-03	3.79e-04	2.03e-06	0.00e+00
 1.52685e+22	3.41e-22	9.71e-14	3.95e-11	2.64e-09	6.46e-06	1.51e-03	6.48e-02	4.59e-01	3.52e-01	1.09e-01	1.18e-02	1.83e-03	3.11e-04	1.58e-06	0.00e+00
 1.56367e+22	4.54e-22	1.30e-13	5.16e-11	3.34e-09	7.70e-06	1.71e-03	7.00e-02	4.74e-01	3.42e-01	1.01e-01	1.03e-02	1.57e-03	2.54e-04	1.23e-06	0.00e+00
 1.59260e+22	5.66e-22	1.62e-13	6.31e-11	3.99e-09	8.82e-06	1.88e-03	7.43e-02	4.85e-01	3.34e-01	9.43e-02	9.30e-03	1.39e-03	2.18e-04	1.01e-06	0.00e+00
 1.62162e+22	6.94e-22	1.99e-13	7.58e-11	4.70e-09	1.00e-05	2.05e-03	7.84e-02	4.95e-01	3.26e-01	8.87e-02	8.45e-03	1.23e-03	1.88e-04	8.43e-07	0.00e+00
 1.65935e+22	9.06e-22	2.59e-13	9.65e-11	5.82e-09	1.18e-05	2.30e-03	8.41e-02	5.08e-01	3.15e-01	8.17e-02	7.43e-03	1.06e-03	1.55e-04	6.62e-07	0.00e+00
 1.69936e+22	1.20e-21	3.43e-13	1.25e-10	7.30e-09	1.40e-05	2.58e-03	9.02e-02	5.21e-01	3.04e-01	7.48e-02	6.48e-03	9.02e-04	1.26e-04	5.13e-07	0.00e+00
 1.73298e+22	1.51e-21	4.30e-13	1.53e-10	8.76e-09	1.60e-05	2.84e-03	9.55e-02	5.31e-01	2.95e-01	6.95e-02	5.79e-03	7.90e-04	1.07e-04	4.16e-07	0.00e+00
 1.76734e+22	1.88e-21	5.33e-13	1.86e-10	1.04e-08	1.83e-05	3.12e-03	1.01e-01	5.40e-01	2.86e-01	6.46e-02	5.18e-03	6.93e-04	9.07e-05	3.39e-07	0.00e+00
 1.81199e+22	2.50e-21	7.02e-13	2.40e-10	1.31e-08	2.17e-05	3.50e-03	1.08e-01	5.51e-01	2.74e-01	5.87e-02	4.48e-03	5.84e-04	7.33e-05	2.60e-07	0.00e+00
 1.85808e+22	3.34e-21	9.34e-13	3.11e-10	1.65e-08	2.58e-05	3.94e-03	1.16e-01	5.61e-01	2.62e-01	5.32e-02	3.86e-03	4.90e-04	5.88e-05	1.98e-07	0.00e+00
 1.89516e+22	4.18e-21	1.16e-12	3.81e-10	1.97e-08	2.95e-05	4.31e-03	1.22e-01	5.69e-01	2.52e-01	4.91e-02	3.43e-03	4.26e-04	4.94e-05	1.59e-07	0.00e+00
 1.93249e+22	5.17e-21	1.42e-12	4.58e-10	2.33e-08	3.34e-05	4.70e-03	1.28e-01	5.75e-01	2.43e-01	4.56e-02	3.07e-03	3.74e-04	4.20e-05	1.30e-07	0.00e+00
 1.98102e+22	6.79e-21	1.85e-12	5.84e-10	2.89e-08	3.93e-05	5.24e-03	1.36e-01	5.83e-01	2.32e-01	4.12e-02	2.64e-03	3.15e-04	3.38e-05	0.00e+00	0.00e+00
 2.03241e+22	9.07e-21	2.45e-12	7.56e-10	3.64e-08	4.67e-05	5.87e-03	1.45e-01	5.90e-01	2.20e-01	3.71e-02	2.26e-03	2.62e-04	2.70e-05	0.00e+00	0.00e+00
 2.07565e+22	1.14e-20	3.07e-12	9.31e-10	4.38e-08	5.36e-05	6.44e-03	1.52e-01	5.95e-01	2.10e-01	3.39e-02	1.98e-03	2.25e-04	2.23e-05	0.00e+00	0.00e+00
 2.11102e+22	1.37e-20	3.65e-12	1.09e-09	5.05e-08	5.96e-05	6.92e-03	1.58e-01	5.98e-01	2.03e-01	3.17e-02	1.79e-03	2.01e-04	1.93e-05	0.00e+00	0.00e+00
 2.14798e+22	1.65e-20	4.35e-12	1.28e-09	5.84e-08	6.65e-05	7.44e-03	1.64e-01	6.01e-01	1.96e-01	2.95e-02	1.62e-03	1.78e-04	1.66e-05	0.00e+00	0.00e+00
 2.19603e+22	2.09e-20	5.44e-12	1.58e-09	7.05e-08	7.64e-05	8.15e-03	1.73e-01	6.04e-01	1.86e-01	2.68e-02	1.41e-03	1.52e-04	1.37e-05	0.00e+00	0.00e+00
 2.24612e+22	2.67e-20	6.89e-12	1.97e-09	8.58e-08	8.82e-05	8.96e-03	1.81e-01	6.07e-01	1.77e-01	2.43e-02	1.22e-03	1.29e-04	1.12e-05	0.00e+00	0.00e+00
 2.28738e+22	3.23e-20	8.29e-12	2.33e-09	1.00e-07	9.88e-05	9.66e-03	1.89e-01	6.08e-01	1.70e-01	2.24e-02	1.09e-03	1.13e-04	9.51e-06	0.00e+00	0.00e+00
 2.32955e+22	3.89e-20	9.89e-12	2.75e-09	1.16e-07	1.10e-04	1.04e-02	1.96e-01	6.09e-01	1.63e-01	2.07e-02	9.77e-04	9.94e-05	8.10e-06	0.00e+00	0.00e+00
 2.38436e+22	4.94e-20	1.24e-11	3.40e-09	1.41e-07	1.27e-04	1.14e-02	2.05e-01	6.10e-01	1.54e-01	1.87e-02	8.46e-04	8.41e-05	6.60e-06	0.00e+00	0.00e+00
 2.44200e+22	6.34e-20	1.58e-11	4.25e-09	1.72e-07	1.47e-04	1.25e-02	2.15e-01	6.10e-01	1.45e-01	1.68e-02	7.26e-04	7.07e-05	5.32e-06	0.00e+00	0.00e+00
 2.48986e+22	7.74e-20	1.91e-11	5.08e-09	2.02e-07	1.66e-04	1.35e-02	2.23e-01	6.09e-01	1.38e-01	1.54e-02	6.43e-04	6.14e-05	4.47e-06	0.00e+00	0.00e+00
 2.53862e+22	9.35e-20	2.29e-11	6.01e-09	2.36e-07	1.86e-04	1.46e-02	2.31e-01	6.08e-01	1.32e-01	1.41e-02	5.70e-04	5.35e-05	3.78e-06	0.00e+00	0.00e+00
 2.60201e+22	1.19e-19	2.89e-11	7.47e-09	2.87e-07	2.15e-04	1.60e-02	2.42e-01	6.05e-01	1.24e-01	1.27e-02	4.88e-04	4.48e-05	3.04e-06	0.00e+00	0.00e+00
 2.66791e+22	1.54e-19	3.68e-11	9.39e-09	3.53e-07	2.49e-04	1.76e-02	2.53e-01	6.02e-01	1.16e-01	1.13e-02	4.15e-04	3.73e-05	2.42e-06	0.00e+00	0.00e+00
 2.72153e+22	1.87e-19	4.45e-11	1.12e-08	4.15e-07	2.80e-04	1.89e-02	2.62e-01	5.99e-01	1.10e-01	1.03e-02	3.66e-04	3.23e-05	2.03e-06	0.00e+00	0.00e+00
 2.77569e+22	2.25e-19	5.31e-11	1.32e-08	4.82e-07	3.14e-04	2.03e-02	2.70e-01	5.95e-01	1.04e-01	9.41e-03	3.23e-04	2.80e-05	1.71e-06	0.00e+00	0.00e+00
 2.84609e+22	2.85e-19	6.66e-11	1.64e-08	5.86e-07	3.61e-04	2.22e-02	2.82e-01	5.90e-01	9.73e-02	8.38e-03	2.76e-04	2.34e-05	1.37e-06	0.00e+00	0.00e+00
 2.92057e+22	3.67e-19	8.49e-11	2.05e-08	7.21e-07	4.19e-04	2.44e-02	2.93e-01	5.84e-01	9.05e-02	7.42e-03	2.33e-04	1.94e-05	1.08e-06	0.00e+00	0.00e+00
 2.98304e+22	4.49e-19	1.03e-10	2.46e-08	8.51e-07	4.72e-04	2.63e-02	3.03e-01	5.78e-01	8.52e-02	6.71e-03	2.04e-04	1.66e-05	8.98e-07	0.00e+00	0.00e+00
 3.04693e+22	5.44e-19	1.24e-10	2.93e-08	9.97e-07	5.31e-04	2.82e-02	3.13e-01	5.72e-01	8.03e-02	6.08e-03	1.78e-04	1.43e-05	7.46e-07	0.00e+00	0.00e+00
 3.13000e+22	6.95e-19	1.56e-10	3.65e-08	1.22e-06	6.14e-04	3.09e-02	3.25e-01	5.64e-01	7.44e-02	5.36e-03	1.50e-04	1.18e-05	5.90e-07	0.00e+00	0.00e+00
 3.21771e+22	9.02e-19	2.01e-10	4.62e-08	1.51e-06	7.15e-04	3.40e-02	3.38e-01	5.54e-01	6.85e-02	4.69e-03	1.26e-04	9.62e-06	4.60e-07	0.00e+00	0.00e+00
 3.29137e+22	1.11e-18	2.45e-10	5.57e-08	1.79e-06	8.08e-04	3.66e-02	3.48e-01	5.46e-01	6.41e-02	4.21e-03	1.09e-04	8.16e-06	3.77e-07	0.00e+00	0.00e+00
 3.36702e+22	1.35e-18	2.96e-10	6.66e-08	2.11e-06	9.11e-04	3.94e-02	3.58e-01	5.38e-01	5.99e-02	3.78e-03	9.41e-05	6.94e-06	3.09e-07	0.00e+00	0.00e+00
 3.46538e+22	1.74e-18	3.77e-10	8.35e-08	2.60e-06	1.06e-03	4.31e-02	3.71e-01	5.27e-01	5.51e-02	3.30e-03	7.86e-05	5.67e-06	2.42e-07	0.00e+00	0.00e+00
 3.55920e+22	2.22e-18	4.79e-10	1.05e-07	3.20e-06	1.22e-03	4.70e-02	3.83e-01	5.15e-01	5.05e-02	2.89e-03	6.58e-05	4.64e-06	1.89e-07	0.00e+00	0.00e+00
 3.62374e+22	2.58e-18	5.58e-10	1.20e-07	3.63e-06	1.34e-03	4.96e-02	3.91e-01	5.08e-01	4.79e-02	2.65e-03	5.88e-05	4.09e-06	1.62e-07	0.00e+00	0.00e+00
 3.68426e+22	2.97e-18	6.36e-10	1.36e-07	4.07e-06	1.45e-03	5.22e-02	3.98e-01	5.01e-01	4.55e-02	2.45e-03	5.29e-05	3.64e-06	1.40e-07	0.00e+00	0.00e+00
 3.76293e+22	3.58e-18	7.56e-10	1.60e-07	4.73e-06	1.62e-03	5.56e-02	4.07e-01	4.91e-01	4.26e-02	2.21e-03	4.62e-05	3.13e-06	0.00e+00	0.00e+00	0.00e+00
 3.86521e+22	4.48e-18	9.38e-10	1.96e-07	5.69e-06	1.84e-03	6.01e-02	4.18e-01	4.79e-01	3.92e-02	1.94e-03	3.91e-05	2.59e-06	0.00e+00	0.00e+00	0.00e+00
 3.97141e+22	5.69e-18	1.18e-09	2.43e-07	6.91e-06	2.11e-03	6.51e-02	4.29e-01	4.67e-01	3.59e-02	1.70e-03	3.28e-05	2.13e-06	0.00e+00	0.00e+00	0.00e+00
 4.05900e+22	6.78e-18	1.41e-09	2.87e-07	8.04e-06	2.35e-03	6.93e-02	4.37e-01	4.56e-01	3.34e-02	1.53e-03	2.85e-05	1.82e-06	0.00e+00	0.00e+00	0.00e+00
 4.14916e+22	8.09e-18	1.67e-09	3.36e-07	9.30e-06	2.61e-03	7.36e-02	4.45e-01	4.46e-01	3.12e-02	1.37e-03	2.48e-05	1.56e-06	0.00e+00	0.00e+00	0.00e+00
 4.26637e+22	1.03e-17	2.07e-09	4.11e-07	1.12e-05	2.97e-03	7.93e-02	4.55e-01	4.33e-01	2.85e-02	1.20e-03	2.09e-05	1.29e-06	0.00e+00	0.00e+00	0.00e+00
 4.38639e+22	1.30e-17	2.60e-09	5.09e-07	1.35e-05	3.38e-03	8.55e-02	4.65e-01	4.19e-01	2.59e-02	1.04e-03	1.75e-05	1.05e-06	0.00e+00	0.00e+00	0.00e+00
 4.48135e+22	1.54e-17	3.07e-09	5.95e-07	1.56e-05	3.73e-03	9.04e-02	4.72e-01	4.08e-01	2.42e-02	9.39e-04	1.53e-05	9.07e-07	0.00e+00	0.00e+00	0.00e+00
 4.57607e+22	1.81e-17	3.58e-09	6.86e-07	1.78e-05	4.10e-03	9.54e-02	4.79e-01	3.98e-01	2.25e-02	8.48e-04	1.34e-05	7.85e-07	0.00e+00	0.00e+00	0.00e+00
 4.69921e+22	2.26e-17	4.37e-09	8.26e-07	2.11e-05	4.61e-03	1.02e-01	4.87e-01	3.85e-01	2.06e-02	7.45e-04	1.13e-05	6.52e-07	0.00e+00	0.00e+00	0.00e+00
 4.83168e+22	2.87e-17	5.44e-09	1.01e-06	2.52e-05	5.21e-03	1.09e-01	4.95e-01	3.72e-01	1.88e-02	6.50e-04	9.54e-06	5.38e-07	0.00e+00	0.00e+00	0.00e+00
 4.94804e+22	3.45e-17	6.51e-09	1.19e-06	2.94e-05	5.79e-03	1.16e-01	5.01e-01	3.60e-01	1.73e-02	5.76e-04	8.18e-06	4.54e-07	0.00e+00	0.00e+00	0.00e+00
 5.07106e+22	4.15e-17	7.74e-09	1.40e-06	3.41e-05	6.43e-03	1.22e-01	5.07e-01	3.48e-01	1.59e-02	5.11e-04	7.03e-06	3.84e-07	0.00e+00	0.00e+00	0.00e+00
 5.23099e+22	5.29e-17	9.67e-09	1.72e-06	4.11e-05	7.30e-03	1.31e-01	5.13e-01	3.33e-01	1.43e-02	4.40e-04	5.82e-06	3.11e-07	0.00e+00	0.00e+00	0.00e+00
 5.39828e+22	6.83e-17	1.23e-08	2.15e-06	5.00e-05	8.33e-03	1.41e-01	5.20e-01	3.18e-01	1.28e-02	3.76e-04	4.77e-06	2.50e-07	0.00e+00	0.00e+00	0.00e+00
 5.53647e+22	8.27e-17	1.48e-08	2.55e-06	5.84e-05	9.25e-03	1.49e-01	5.24e-01	3.06e-01	1.17e-02	3.31e-04	4.07e-06	2.09e-07	0.00e+00	0.00e+00	0.00e+00
 5.67744e+22	9.96e-17	1.75e-08	2.97e-06	6.71e-05	1.02e-02	1.57e-01	5.27e-01	2.95e-01	1.07e-02	2.94e-04	3.50e-06	1.77e-07	0.00e+00	0.00e+00	0.00e+00
 5.86070e+22	1.27e-16	2.17e-08	3.62e-06	8.04e-05	1.15e-02	1.67e-01	5.31e-01	2.80e-01	9.59e-03	2.52e-04	2.89e-06	1.43e-07	0.00e+00	0.00e+00	0.00e+00
 6.05864e+22	1.64e-16	2.76e-08	4.51e-06	9.79e-05	1.31e-02	1.79e-01	5.34e-01	2.66e-01	8.49e-03	2.13e-04	2.35e-06	0.00e+00	0.00e+00	0.00e+00	0.00e+00
 6.22935e+22	2.00e-16	3.35e-08	5.39e-06	1.15e-04	1.46e-02	1.88e-01	5.36e-01	2.53e-01	7.67e-03	1.86e-04	1.97e-06	0.00e+00	0.00e+00	0.00e+00	0.00e+00
 6.40495e+22	2.43e-16	4.00e-08	6.34e-06	1.33e-04	1.61e-02	1.98e-01	5.37e-01	2.42e-01	6.94e-03	1.62e-04	1.67e-06	0.00e+00	0.00e+00	0.00e+00	0.00e+00
 6.63323e+22	3.15e-16	5.03e-08	7.79e-06	1.60e-04	1.82e-02	2.11e-01	5.37e-01	2.28e-01	6.13e-03	1.37e-04	1.36e-06	0.00e+00	0.00e+00	0.00e+00	0.00e+00
 6.87642e+22	4.14e-16	6.44e-08	9.77e-06	1.96e-04	2.08e-02	2.24e-01	5.36e-01	2.13e-01	5.35e-03	1.15e-04	1.09e-06	0.00e+00	0.00e+00	0.00e+00	0.00e+00
 7.08143e+22	5.06e-16	7.84e-08	1.17e-05	2.30e-04	2.30e-02	2.36e-01	5.34e-01	2.02e-01	4.79e-03	9.91e-05	9.08e-07	0.00e+00	0.00e+00	0.00e+00	0.00e+00
 7.29036e+22	6.16e-16	9.35e-08	1.37e-05	2.65e-04	2.53e-02	2.47e-01	5.32e-01	1.92e-01	4.31e-03	8.63e-05	7.65e-07	0.00e+00	0.00e+00	0.00e+00	0.00e+00
 7.56198e+22	8.03e-16	1.17e-07	1.67e-05	3.17e-04	2.85e-02	2.60e-01	5.28e-01	1.79e-01	3.77e-03	7.26e-05	6.19e-07	0.00e+00	0.00e+00	0.00e+00	0.00e+00
 7.84151e+22	1.04e-15	1.49e-07	2.09e-05	3.85e-04	3.21e-02	2.75e-01	5.23e-01	1.67e-01	3.27e-03	6.05e-05	4.95e-07	0.00e+00	0.00e+00	0.00e+00	0.00e+00
 8.06877e+22	1.27e-15	1.78e-07	2.45e-05	4.42e-04	3.51e-02	2.86e-01	5.18e-01	1.57e-01	2.94e-03	5.27e-05	4.17e-07	0.00e+00	0.00e+00	0.00e+00	0.00e+00
 8.30165e+22	1.52e-15	2.10e-07	2.82e-05	5.04e-04	3.83e-02	2.97e-01	5.13e-01	1.49e-01	2.64e-03	4.61e-05	3.54e-07	0.00e+00	0.00e+00	0.00e+00	0.00e+00
 8.60439e+22	1.97e-15	2.58e-07	3.39e-05	5.92e-04	4.23e-02	3.10e-01	5.06e-01	1.39e-01	2.32e-03	3.92e-05	2.90e-07	0.00e+00	0.00e+00	0.00e+00	0.00e+00
 8.95719e+22	2.58e-15	3.27e-07	4.20e-05	7.14e-04	4.76e-02	3.25e-01	4.97e-01	1.28e-01	1.99e-03	3.23e-05	2.29e-07	0.00e+00	0.00e+00	0.00e+00	0.00e+00
 9.29990e+22	3.31e-15	4.09e-07	5.13e-05	8.52e-04	5.30e-02	3.39e-01	4.87e-01	1.18e-01	1.72e-03	2.70e-05	1.83e-07	0.00e+00	0.00e+00	0.00e+00	0.00e+00
 9.58606e+22	4.01e-15	4.88e-07	5.99e-05	9.74e-04	5.76e-02	3.50e-01	4.79e-01	1.11e-01	1.53e-03	2.34e-05	1.54e-07	0.00e+00	0.00e+00	0.00e+00	0.00e+00
 9.87385e+22	4.80e-15	5.68e-07	6.85e-05	1.10e-03	6.21e-02	3.60e-01	4.71e-01	1.04e-01	1.37e-03	2.04e-05	1.31e-07	0.00e+00	0.00e+00	0.00e+00	0.00e+00
 1.02434e+23	6.24e-15	6.90e-07	8.13e-05	1.28e-03	6.80e-02	3.72e-01	4.61e-01	9.62e-02	1.20e-03	1.74e-05	0.00e+00	0.00e+00	0.00e+00	0.00e+00	0.00e+00
 1.06477e+23	8.17e-15	8.53e-07	9.82e-05	1.51e-03	7.50e-02	3.85e-01	4.49e-01	8.83e-02	1.03e-03	1.45e-05	0.00e+00	0.00e+00	0.00e+00	0.00e+00	0.00e+00
 1.10160e+23	1.01e-14	1.03e-06	1.15e-04	1.73e-03	8.15e-02	3.97e-01	4.37e-01	8.18e-02	9.02e-04	1.24e-05	0.00e+00	0.00e+00	0.00e+00	0.00e+00	0.00e+00
 1.13568e+23	1.23e-14	1.20e-06	1.32e-04	1.95e-03	8.74e-02	4.06e-01	4.28e-01	7.65e-02	8.05e-04	1.08e-05	0.00e+00	0.00e+00	0.00e+00	0.00e+00	0.00e+00
 1.17479e+23	1.49e-14	1.40e-06	1.52e-04	2.20e-03	9.40e-02	4.15e-01	4.17e-01	7.12e-02	7.12e-04	9.36e-06	0.00e+00	0.00e+00	0.00e+00	0.00e+00	0.00e+00
 1.22145e+23	1.93e-14	1.69e-06	1.79e-04	2.54e-03	1.02e-01	4.25e-01	4.04e-01	6.54e-02	6.17e-04	7.92e-06	0.00e+00	0.00e+00	0.00e+00	0.00e+00	0.00e+00
 1.26921e+23	2.52e-14	2.05e-06	2.10e-04	2.91e-03	1.10e-01	4.34e-01	3.91e-01	6.01e-02	5.37e-04	6.73e-06	0.00e+00	0.00e+00	0.00e+00	0.00e+00	0.00e+00
 1.31514e+23	3.13e-14	2.41e-06	2.42e-04	3.28e-03	1.18e-01	4.42e-01	3.80e-01	5.57e-02	4.73e-04	5.82e-06	0.00e+00	0.00e+00	0.00e+00	0.00e+00	0.00e+00
 1.36524e+23	3.92e-14	2.82e-06	2.78e-04	3.70e-03	1.26e-01	4.50e-01	3.68e-01	5.14e-02	4.16e-04	5.01e-06	0.00e+00	0.00e+00	0.00e+00	0.00e+00	0.00e+00
 1.42108e+23	5.12e-14	3.38e-06	3.24e-04	4.22e-03	1.36e-01	4.57e-01	3.55e-01	4.71e-02	3.61e-04	4.27e-06	0.00e+00	0.00e+00	0.00e+00	0.00e+00	0.00e+00
 1.47916e+23	7.10e-14	3.99e-06	3.74e-04	4.75e-03	1.45e-01	4.64e-01	3.42e-01	4.34e-02	3.16e-04	3.67e-06	0.00e+00	0.00e+00	0.00e+00	0.00e+00	0.00e+00
 1.53956e+23	9.26e-14	4.69e-06	4.29e-04	5.34e-03	1.54e-01	4.69e-01	3.30e-01	3.99e-02	2.77e-04	3.16e-06	0.00e+00	0.00e+00	0.00e+00	0.00e+00	0.00e+00
 1.60238e+23	1.24e-13	5.48e-06	4.90e-04	5.96e-03	1.64e-01	4.74e-01	3.19e-01	3.68e-02	2.44e-04	2.74e-06	0.00e+00	0.00e+00	0.00e+00	0.00e+00	0.00e+00
 1.66771e+23	1.70e-13	6.37e-06	5.56e-04	6.62e-03	1.73e-01	4.78e-01	3.07e-01	3.41e-02	2.15e-04	2.39e-06	0.00e+00	0.00e+00	0.00e+00	0.00e+00	0.00e+00
 1.73565e+23	2.40e-13	7.35e-06	6.28e-04	7.31e-03	1.82e-01	4.82e-01	2.97e-01	3.15e-02	1.91e-04	2.09e-06	0.00e+00	0.00e+00	0.00e+00	0.00e+00	0.00e+00
 1.80631e+23	3.49e-13	8.44e-06	7.05e-04	8.04e-03	1.91e-01	4.84e-01	2.86e-01	2.93e-02	1.71e-04	1.84e-06	0.00e+00	0.00e+00	0.00e+00	0.00e+00	0.00e+00
 1.87980e+23	5.27e-13	9.62e-06	7.87e-04	8.78e-03	2.00e-01	4.86e-01	2.77e-01	2.73e-02	1.53e-04	1.63e-06	0.00e+00	0.00e+00	0.00e+00	0.00e+00	0.00e+00
 1.95622e+23	8.26e-13	1.09e-05	8.73e-04	9.53e-03	2.08e-01	4.88e-01	2.68e-01	2.55e-02	1.38e-04	1.46e-06	0.00e+00	0.00e+00	0.00e+00	0.00e+00	0.00e+00
 2.03571e+23	1.35e-12	1.23e-05	9.63e-04	1.03e-02	2.16e-01	4.89e-01	2.59e-01	2.40e-02	1.25e-04	1.31e-06	0.00e+00	0.00e+00	0.00e+00	0.00e+00	0.00e+00
 2.11837e+23	2.30e-12	1.37e-05	1.06e-03	1.11e-02	2.24e-01	4.89e-01	2.52e-01	2.26e-02	1.14e-04	1.19e-06	0.00e+00	0.00e+00	0.00e+00	0.00e+00	0.00e+00
 2.20434e+23	4.00e-12	1.52e-05	1.15e-03	1.18e-02	2.31e-01	4.90e-01	2.45e-01	2.13e-02	1.05e-04	1.09e-06	0.00e+00	0.00e+00	0.00e+00	0.00e+00	0.00e+00
 2.28850e+23	8.02e-12	1.68e-05	1.25e-03	1.25e-02	2.38e-01	4.90e-01	2.38e-01	2.03e-02	9.76e-05	9.99e-07	0.00e+00	0.00e+00	0.00e+00	0.00e+00	0.00e+00
 2.36513e+23	1.67e-11	1.83e-05	1.34e-03	1.32e-02	2.43e-01	4.89e-01	2.33e-01	1.94e-02	9.14e-05	9.31e-07	0.00e+00	0.00e+00	0.00e+00	0.00e+00	0.00e+00
 2.43410e+23	2.18e-11	1.96e-05	1.42e-03	1.37e-02	2.48e-01	4.89e-01	2.29e-01	1.87e-02	8.69e-05	8.81e-07	0.00e+00	0.00e+00	0.00e+00	0.00e+00	0.00e+00
 2.49617e+23	2.67e-11	2.08e-05	1.49e-03	1.42e-02	2.52e-01	4.89e-01	2.25e-01	1.82e-02	8.32e-05	8.40e-07	0.00e+00	0.00e+00	0.00e+00	0.00e+00	0.00e+00
 2.55203e+23	3.16e-11	2.18e-05	1.54e-03	1.45e-02	2.55e-01	4.89e-01	2.23e-01	1.78e-02	8.05e-05	8.10e-07	0.00e+00	0.00e+00	0.00e+00	0.00e+00	0.00e+00
 2.60231e+23	3.66e-11	2.27e-05	1.60e-03	1.49e-02	2.57e-01	4.88e-01	2.20e-01	1.74e-02	7.82e-05	7.85e-07	0.00e+00	0.00e+00	0.00e+00	0.00e+00	0.00e+00
 2.64756e+23	4.09e-11	2.35e-05	1.64e-03	1.51e-02	2.59e-01	4.88e-01	2.19e-01	1.72e-02	7.67e-05	7.69e-07	0.00e+00	0.00e+00	0.00e+00	0.00e+00	0.00e+00
 2.68829e+23	4.43e-11	2.41e-05	1.68e-03	1.53e-02	2.60e-01	4.88e-01	2.18e-01	1.70e-02	7.57e-05	7.58e-07	0.00e+00	0.00e+00	0.00e+00	0.00e+00	0.00e+00
 2.72494e+23	4.85e-11	2.47e-05	1.71e-03	1.55e-02	2.62e-01	4.88e-01	2.16e-01	1.69e-02	7.46e-05	7.46e-07	0.00e+00	0.00e+00	0.00e+00	0.00e+00	0.00e+00
 2.75793e+23	5.69e-11	2.55e-05	1.75e-03	1.58e-02	2.64e-01	4.87e-01	2.15e-01	1.66e-02	7.28e-05	7.26e-07	0.00e+00	0.00e+00	0.00e+00	0.00e+00	0.00e+00
 2.78883e+23	5.96e-11	2.59e-05	1.78e-03	1.58e-02	2.64e-01	4.87e-01	2.14e-01	1.65e-02	7.25e-05	7.23e-07	0.00e+00	0.00e+00	0.00e+00	0.00e+00	0.00e+00
 2.81938e+23	6.25e-11	2.63e-05	1.80e-03	1.59e-02	2.65e-01	4.87e-01	2.14e-01	1.65e-02	7.21e-05	7.19e-07	0.00e+00	0.00e+00	0.00e+00	0.00e+00	0.00e+00
 2.84992e+23	6.64e-11	2.67e-05	1.82e-03	1.60e-02	2.65e-01	4.87e-01	2.13e-01	1.64e-02	7.17e-05	7.14e-07	0.00e+00	0.00e+00	0.00e+00	0.00e+00	0.00e+00
 2.88047e+23	7.33e-11	2.71e-05	1.84e-03	1.61e-02	2.66e-01	4.87e-01	2.13e-01	1.63e-02	7.13e-05	7.09e-07	0.00e+00	0.00e+00	0.00e+00	0.00e+00	0.00e+00
 2.91102e+23	7.61e-11	2.74e-05	1.86e-03	1.62e-02	2.66e-01	4.87e-01	2.12e-01	1.63e-02	7.12e-05	7.08e-07	0.00e+00	0.00e+00	0.00e+00	0.00e+00	0.00e+00
 2.94157e+23	8.33e-11	2.77e-05	1.87e-03	1.62e-02	2.66e-01	4.87e-01	2.12e-01	1.63e-02	7.10e-05	7.06e-07	0.00e+00	0.00e+00	0.00e+00	0.00e+00	0.00e+00
 2.97212e+23	8.63e-11	2.81e-05	1.89e-03	1.62e-02	2.66e-01	4.87e-01	2.12e-01	1.63e-02	7.10e-05	7.07e-07	0.00e+00	0.00e+00	0.00e+00	0.00e+00	0.00e+00
 3.00267e+23	9.32e-11	2.85e-05	1.91e-03	1.63e-02	2.66e-01	4.87e-01	2.12e-01	1.63e-02	7.12e-05	7.08e-07	0.00e+00	0.00e+00	0.00e+00	0.00e+00	0.00e+00
 3.03321e+23	1.02e-10	2.90e-05	1.94e-03	1.63e-02	2.67e-01	4.87e-01	2.12e-01	1.62e-02	7.10e-05	7.06e-07	0.00e+00	0.00e+00	0.00e+00	0.00e+00	0.00e+00
 3.05165e+23	1.18e-10	3.03e-05	2.01e-03	1.66e-02	2.68e-01	4.86e-01	2.11e-01	1.60e-02	6.98e-05	6.92e-07	0.00e+00	0.00e+00	0.00e+00	0.00e+00	0.00e+00
