#depth	Si	Si+	Si+2	Si+3	Si+4	Si+5	Si+6	Si+7	Si+8	Si+9	Si+10	Si+11	Si+12	Si+13	Si+14
 6.17135e+19	0.00e+00	0.00e+00	0.00e+00	0.00e+00	0.00e+00	0.00e+00	0.00e+00	0.00e+00	8.41e-26	6.30e-21	3.17e-16	9.99e-12	6.35e-07	1.51e-03	9.98e-01
 1.87609e+20	0.00e+00	0.00e+00	0.00e+00	0.00e+00	0.00e+00	0.00e+00	0.00e+00	0.00e+00	1.35e-25	9.35e-21	4.34e-16	1.26e-11	7.43e-07	1.64e-03	9.98e-01
 3.18540e+20	0.00e+00	0.00e+00	0.00e+00	0.00e+00	0.00e+00	0.00e+00	0.00e+00	0.00e+00	2.16e-25	1.38e-20	5.93e-16	1.60e-11	8.68e-07	1.77e-03	9.98e-01
 4.54709e+20	0.00e+00	0.00e+00	0.00e+00	0.00e+00	0.00e+00	0.00e+00	0.00e+00	0.00e+00	3.44e-25	2.04e-20	8.09e-16	2.02e-11	1.01e-06	1.91e-03	9.98e-01
 5.96324e+20	0.00e+00	0.00e+00	0.00e+00	0.00e+00	0.00e+00	0.00e+00	0.00e+00	0.00e+00	5.47e-25	3.00e-20	1.10e-15	2.54e-11	1.18e-06	2.06e-03	9.98e-01
 7.43604e+20	0.00e+00	0.00e+00	0.00e+00	0.00e+00	0.00e+00	0.00e+00	0.00e+00	0.00e+00	8.73e-25	4.43e-20	1.51e-15	3.21e-11	1.38e-06	2.23e-03	9.98e-01
 8.96775e+20	0.00e+00	0.00e+00	0.00e+00	0.00e+00	0.00e+00	0.00e+00	0.00e+00	0.00e+00	1.39e-24	6.53e-20	2.05e-15	4.06e-11	1.61e-06	2.41e-03	9.98e-01
 1.05607e+21	0.00e+00	0.00e+00	0.00e+00	0.00e+00	0.00e+00	0.00e+00	0.00e+00	0.00e+00	2.22e-24	9.63e-20	2.80e-15	5.12e-11	1.89e-06	2.61e-03	9.97e-01
 1.22174e+21	0.00e+00	0.00e+00	0.00e+00	0.00e+00	0.00e+00	0.00e+00	0.00e+00	0.00e+00	3.54e-24	1.42e-19	3.83e-15	6.46e-11	2.20e-06	2.82e-03	9.97e-01
 1.39404e+21	0.00e+00	0.00e+00	0.00e+00	0.00e+00	0.00e+00	0.00e+00	0.00e+00	0.00e+00	5.64e-24	2.10e-19	5.22e-15	8.16e-11	2.57e-06	3.04e-03	9.97e-01
 1.57323e+21	0.00e+00	0.00e+00	0.00e+00	0.00e+00	0.00e+00	0.00e+00	0.00e+00	1.16e-28	8.99e-24	3.09e-19	7.12e-15	1.03e-10	3.00e-06	3.29e-03	9.97e-01
 1.74532e+21	0.00e+00	0.00e+00	0.00e+00	0.00e+00	0.00e+00	0.00e+00	0.00e+00	1.91e-28	1.39e-23	4.43e-19	9.50e-15	1.28e-10	3.47e-06	3.53e-03	9.96e-01
 1.90456e+21	0.00e+00	0.00e+00	0.00e+00	0.00e+00	0.00e+00	0.00e+00	0.00e+00	3.00e-28	2.04e-23	6.11e-19	1.23e-14	1.55e-10	3.94e-06	3.77e-03	9.96e-01
 2.08445e+21	0.00e+00	0.00e+00	0.00e+00	0.00e+00	0.00e+00	0.00e+00	0.00e+00	4.90e-28	3.10e-23	8.67e-19	1.62e-14	1.91e-10	4.54e-06	4.04e-03	9.96e-01
 2.28610e+21	0.00e+00	0.00e+00	0.00e+00	0.00e+00	0.00e+00	0.00e+00	0.00e+00	8.35e-28	4.89e-23	1.27e-18	2.20e-14	2.40e-10	5.28e-06	4.36e-03	9.96e-01
 2.47812e+21	0.00e+00	0.00e+00	0.00e+00	0.00e+00	0.00e+00	0.00e+00	0.00e+00	1.36e-27	7.44e-23	1.80e-18	2.91e-14	2.96e-10	6.07e-06	4.67e-03	9.95e-01
 2.68298e+21	0.00e+00	0.00e+00	0.00e+00	0.00e+00	0.00e+00	0.00e+00	0.00e+00	2.24e-27	1.14e-22	2.57e-18	3.87e-14	3.66e-10	7.00e-06	5.01e-03	9.95e-01
 2.90534e+21	0.00e+00	0.00e+00	0.00e+00	0.00e+00	0.00e+00	0.00e+00	0.00e+00	3.80e-27	1.79e-22	3.74e-18	5.22e-14	4.58e-10	8.13e-06	5.40e-03	9.95e-01
 3.11561e+21	0.00e+00	0.00e+00	0.00e+00	0.00e+00	0.00e+00	0.00e+00	0.00e+00	6.13e-27	2.70e-22	5.27e-18	6.87e-14	5.63e-10	9.32e-06	5.78e-03	9.94e-01
 3.34269e+21	0.00e+00	0.00e+00	0.00e+00	0.00e+00	0.00e+00	0.00e+00	0.00e+00	1.01e-26	4.14e-22	7.51e-18	9.12e-14	6.96e-10	1.07e-05	6.21e-03	9.94e-01
 3.59079e+21	0.00e+00	0.00e+00	0.00e+00	0.00e+00	0.00e+00	0.00e+00	0.00e+00	1.71e-26	6.52e-22	1.10e-17	1.23e-13	8.73e-10	1.25e-05	6.69e-03	9.93e-01
 3.82509e+21	0.00e+00	0.00e+00	0.00e+00	0.00e+00	0.00e+00	0.00e+00	0.00e+00	2.76e-26	9.83e-22	1.54e-17	1.62e-13	1.07e-09	1.43e-05	7.16e-03	9.93e-01
 4.07780e+21	0.00e+00	0.00e+00	0.00e+00	0.00e+00	0.00e+00	0.00e+00	0.00e+00	4.54e-26	1.51e-21	2.20e-17	2.15e-13	1.33e-09	1.65e-05	7.69e-03	9.92e-01
 4.35856e+21	0.00e+00	0.00e+00	0.00e+00	0.00e+00	0.00e+00	0.00e+00	0.00e+00	7.77e-26	2.39e-21	3.23e-17	2.93e-13	1.67e-09	1.92e-05	8.29e-03	9.92e-01
 4.62493e+21	0.00e+00	0.00e+00	0.00e+00	0.00e+00	0.00e+00	0.00e+00	0.00e+00	1.27e-25	3.64e-21	4.59e-17	3.87e-13	2.05e-09	2.21e-05	8.89e-03	9.91e-01
 4.90772e+21	0.00e+00	0.00e+00	0.00e+00	0.00e+00	0.00e+00	0.00e+00	0.00e+00	2.09e-25	5.58e-21	6.56e-17	5.15e-13	2.54e-09	2.55e-05	9.54e-03	9.90e-01
 5.21939e+21	0.00e+00	0.00e+00	0.00e+00	0.00e+00	0.00e+00	0.00e+00	0.00e+00	3.58e-25	8.84e-21	9.62e-17	6.99e-13	3.20e-09	2.96e-05	1.03e-02	9.90e-01
 5.51844e+21	0.00e+00	0.00e+00	0.00e+00	0.00e+00	0.00e+00	0.00e+00	0.00e+00	5.87e-25	1.35e-20	1.37e-16	9.27e-13	3.95e-09	3.41e-05	1.10e-02	9.89e-01
 5.78246e+21	0.00e+00	0.00e+00	0.00e+00	0.00e+00	0.00e+00	0.00e+00	0.00e+00	8.98e-25	1.94e-20	1.85e-16	1.18e-12	4.73e-09	3.85e-05	1.17e-02	9.88e-01
 6.05824e+21	0.00e+00	0.00e+00	0.00e+00	0.00e+00	0.00e+00	0.00e+00	0.00e+00	1.38e-24	2.81e-20	2.52e-16	1.50e-12	5.68e-09	4.35e-05	1.25e-02	9.88e-01
 6.40012e+21	0.00e+00	0.00e+00	0.00e+00	0.00e+00	0.00e+00	0.00e+00	0.00e+00	2.31e-24	4.37e-20	3.64e-16	2.02e-12	7.08e-09	5.03e-05	1.34e-02	9.87e-01
 6.73252e+21	0.00e+00	0.00e+00	0.00e+00	0.00e+00	0.00e+00	0.00e+00	0.00e+00	3.76e-24	6.64e-20	5.16e-16	2.67e-12	8.71e-09	5.77e-05	1.43e-02	9.86e-01
 7.00396e+21	0.00e+00	0.00e+00	0.00e+00	0.00e+00	0.00e+00	0.00e+00	1.16e-28	5.52e-24	9.22e-20	6.78e-16	3.32e-12	1.03e-08	6.44e-05	1.51e-02	9.85e-01
 7.29154e+21	0.00e+00	0.00e+00	0.00e+00	0.00e+00	0.00e+00	0.00e+00	1.82e-28	8.21e-24	1.30e-19	8.99e-16	4.15e-12	1.21e-08	7.21e-05	1.60e-02	9.84e-01
 7.66487e+21	0.00e+00	0.00e+00	0.00e+00	0.00e+00	0.00e+00	0.00e+00	3.24e-28	1.36e-23	1.99e-19	1.29e-15	5.53e-12	1.50e-08	8.31e-05	1.72e-02	9.83e-01
 8.04797e+21	0.00e+00	0.00e+00	0.00e+00	0.00e+00	0.00e+00	0.00e+00	5.74e-28	2.24e-23	3.06e-19	1.84e-15	7.35e-12	1.86e-08	9.56e-05	1.84e-02	9.81e-01
 8.36379e+21	0.00e+00	0.00e+00	0.00e+00	0.00e+00	0.00e+00	0.00e+00	9.04e-28	3.33e-23	4.30e-19	2.44e-15	9.21e-12	2.20e-08	1.07e-04	1.95e-02	9.80e-01
 8.69384e+21	0.00e+00	0.00e+00	0.00e+00	0.00e+00	0.00e+00	0.00e+00	1.44e-27	5.00e-23	6.09e-19	3.26e-15	1.16e-11	2.61e-08	1.20e-04	2.06e-02	9.79e-01
 9.11971e+21	0.00e+00	0.00e+00	0.00e+00	0.00e+00	0.00e+00	0.00e+00	2.57e-27	8.31e-23	9.41e-19	4.69e-15	1.55e-11	3.24e-08	1.38e-04	2.21e-02	9.78e-01
 9.55315e+21	0.00e+00	0.00e+00	0.00e+00	0.00e+00	0.00e+00	0.00e+00	4.60e-27	1.38e-22	1.45e-18	6.73e-15	2.06e-11	4.02e-08	1.60e-04	2.37e-02	9.76e-01
 9.87883e+21	0.00e+00	0.00e+00	0.00e+00	0.00e+00	0.00e+00	0.00e+00	7.01e-27	2.00e-22	1.99e-18	8.76e-15	2.54e-11	4.70e-08	1.77e-04	2.50e-02	9.75e-01
 1.01393e+22	0.00e+00	0.00e+00	0.00e+00	0.00e+00	0.00e+00	0.00e+00	9.77e-27	2.67e-22	2.56e-18	1.08e-14	3.00e-11	5.31e-08	1.92e-04	2.60e-02	9.74e-01
 1.04359e+22	0.00e+00	0.00e+00	0.00e+00	0.00e+00	0.00e+00	0.00e+00	1.41e-26	3.68e-22	3.36e-18	1.35e-14	3.59e-11	6.08e-08	2.10e-04	2.72e-02	9.73e-01
 1.08214e+22	0.00e+00	0.00e+00	0.00e+00	0.00e+00	0.00e+00	0.00e+00	2.24e-26	5.51e-22	4.76e-18	1.81e-14	4.52e-11	7.22e-08	2.36e-04	2.87e-02	9.71e-01
 1.12289e+22	0.00e+00	0.00e+00	0.00e+00	0.00e+00	0.00e+00	0.00e+00	3.67e-26	8.49e-22	6.89e-18	2.46e-14	5.77e-11	8.66e-08	2.66e-04	3.05e-02	9.69e-01
 1.15728e+22	0.00e+00	0.00e+00	0.00e+00	0.00e+00	0.00e+00	0.00e+00	5.49e-26	1.21e-21	9.32e-18	3.16e-14	7.05e-11	1.01e-07	2.93e-04	3.20e-02	9.68e-01
 1.19279e+22	0.00e+00	0.00e+00	0.00e+00	0.00e+00	0.00e+00	0.00e+00	8.21e-26	1.71e-21	1.26e-17	4.06e-14	8.59e-11	1.17e-07	3.24e-04	3.36e-02	9.66e-01
 1.23894e+22	0.00e+00	0.00e+00	0.00e+00	0.00e+00	0.00e+00	0.00e+00	1.36e-25	2.67e-21	1.84e-17	5.57e-14	1.10e-10	1.41e-07	3.66e-04	3.57e-02	9.64e-01
 1.28546e+22	0.00e+00	0.00e+00	0.00e+00	0.00e+00	0.00e+00	0.00e+00	2.29e-25	4.20e-21	2.71e-17	7.70e-14	1.43e-10	1.70e-07	4.16e-04	3.80e-02	9.62e-01
 1.32164e+22	0.00e+00	0.00e+00	0.00e+00	0.00e+00	0.00e+00	0.00e+00	3.36e-25	5.88e-21	3.62e-17	9.78e-14	1.73e-10	1.96e-07	4.57e-04	3.98e-02	9.60e-01
 1.35142e+22	0.00e+00	0.00e+00	0.00e+00	0.00e+00	0.00e+00	0.00e+00	4.65e-25	7.81e-21	4.61e-17	1.20e-13	2.02e-10	2.21e-07	4.94e-04	4.13e-02	9.58e-01
 1.38373e+22	0.00e+00	0.00e+00	0.00e+00	0.00e+00	0.00e+00	0.00e+00	6.44e-25	1.04e-20	5.88e-17	1.47e-13	2.38e-10	2.49e-07	5.35e-04	4.30e-02	9.56e-01
 1.42574e+22	0.00e+00	0.00e+00	0.00e+00	0.00e+00	0.00e+00	0.00e+00	9.76e-25	1.49e-20	8.04e-17	1.90e-13	2.92e-10	2.90e-07	5.92e-04	4.51e-02	9.54e-01
 1.46934e+22	0.00e+00	0.00e+00	0.00e+00	0.00e+00	0.00e+00	0.00e+00	1.52e-24	2.20e-20	1.12e-16	2.51e-13	3.64e-10	3.42e-07	6.59e-04	4.76e-02	9.52e-01
 1.50475e+22	0.00e+00	0.00e+00	0.00e+00	0.00e+00	0.00e+00	0.00e+00	2.16e-24	2.99e-20	1.46e-16	3.12e-13	4.32e-10	3.88e-07	7.17e-04	4.96e-02	9.50e-01
 1.53577e+22	0.00e+00	0.00e+00	0.00e+00	0.00e+00	0.00e+00	0.00e+00	2.93e-24	3.90e-20	1.83e-16	3.78e-13	5.03e-10	4.35e-07	7.73e-04	5.14e-02	9.48e-01
 1.57139e+22	0.00e+00	0.00e+00	0.00e+00	0.00e+00	0.00e+00	0.00e+00	4.08e-24	5.21e-20	2.35e-16	4.64e-13	5.91e-10	4.91e-07	8.37e-04	5.34e-02	9.46e-01
 1.61770e+22	0.00e+00	0.00e+00	0.00e+00	0.00e+00	0.00e+00	1.44e-28	6.21e-24	7.52e-20	3.22e-16	6.03e-13	7.28e-10	5.73e-07	9.27e-04	5.61e-02	9.43e-01
 1.66553e+22	0.00e+00	0.00e+00	0.00e+00	0.00e+00	0.00e+00	2.40e-28	9.77e-24	1.12e-19	4.52e-16	8.01e-13	9.10e-10	6.76e-07	1.03e-03	5.92e-02	9.40e-01
 1.70374e+22	0.00e+00	0.00e+00	0.00e+00	0.00e+00	0.00e+00	3.55e-28	1.38e-23	1.51e-19	5.86e-16	9.94e-13	1.08e-09	7.68e-07	1.12e-03	6.16e-02	9.37e-01
 1.73450e+22	0.00e+00	0.00e+00	0.00e+00	0.00e+00	0.00e+00	4.88e-28	1.83e-23	1.94e-19	7.24e-16	1.19e-12	1.24e-09	8.52e-07	1.20e-03	6.37e-02	9.35e-01
 1.76717e+22	0.00e+00	0.00e+00	0.00e+00	0.00e+00	0.00e+00	6.68e-28	2.42e-23	2.47e-19	8.92e-16	1.41e-12	1.42e-09	9.43e-07	1.29e-03	6.57e-02	9.33e-01
 1.80964e+22	0.00e+00	0.00e+00	0.00e+00	0.00e+00	0.00e+00	1.00e-27	3.46e-23	3.37e-19	1.17e-15	1.76e-12	1.70e-09	1.08e-06	1.40e-03	6.85e-02	9.30e-01
 1.85392e+22	0.00e+00	0.00e+00	0.00e+00	0.00e+00	0.00e+00	1.55e-27	5.11e-23	4.74e-19	1.56e-15	2.25e-12	2.06e-09	1.24e-06	1.54e-03	7.16e-02	9.27e-01
 1.88995e+22	0.00e+00	0.00e+00	0.00e+00	0.00e+00	0.00e+00	2.19e-27	6.92e-23	6.18e-19	1.96e-15	2.72e-12	2.39e-09	1.39e-06	1.66e-03	7.42e-02	9.24e-01
 1.92620e+22	0.00e+00	0.00e+00	0.00e+00	0.00e+00	0.00e+00	3.06e-27	9.32e-23	8.02e-19	2.45e-15	3.28e-12	2.77e-09	1.55e-06	1.78e-03	7.68e-02	9.21e-01
 1.97332e+22	0.00e+00	0.00e+00	0.00e+00	0.00e+00	0.00e+00	4.66e-27	1.35e-22	1.11e-18	3.25e-15	4.14e-12	3.33e-09	1.77e-06	1.95e-03	8.01e-02	9.18e-01
 2.02110e+22	0.00e+00	0.00e+00	0.00e+00	0.00e+00	0.00e+00	7.31e-27	2.02e-22	1.58e-18	4.38e-15	5.32e-12	4.05e-09	2.05e-06	2.14e-03	8.38e-02	9.14e-01
 2.05796e+22	0.00e+00	0.00e+00	0.00e+00	0.00e+00	0.00e+00	1.02e-26	2.71e-22	2.04e-18	5.47e-15	6.40e-12	4.69e-09	2.29e-06	2.30e-03	8.67e-02	9.11e-01
 2.09411e+22	0.00e+00	0.00e+00	0.00e+00	0.00e+00	0.00e+00	1.39e-26	3.57e-22	2.60e-18	6.74e-15	7.62e-12	5.37e-09	2.53e-06	2.45e-03	8.95e-02	9.08e-01
 2.13445e+22	0.00e+00	0.00e+00	0.00e+00	0.00e+00	0.00e+00	1.99e-26	4.89e-22	3.42e-18	8.54e-15	9.28e-12	6.28e-09	2.84e-06	2.64e-03	9.27e-02	9.05e-01
 2.17147e+22	0.00e+00	0.00e+00	0.00e+00	0.00e+00	0.00e+00	2.74e-26	6.51e-22	4.39e-18	1.06e-14	1.11e-11	7.23e-09	3.16e-06	2.83e-03	9.57e-02	9.01e-01
 2.20511e+22	0.00e+00	0.00e+00	0.00e+00	0.00e+00	0.00e+00	3.64e-26	8.36e-22	5.46e-18	1.28e-14	1.30e-11	8.18e-09	3.46e-06	3.00e-03	9.84e-02	8.99e-01
 2.24312e+22	0.00e+00	0.00e+00	0.00e+00	0.00e+00	0.00e+00	5.01e-26	1.11e-21	7.01e-18	1.58e-14	1.55e-11	9.41e-09	3.84e-06	3.22e-03	1.02e-01	8.95e-01
 2.28583e+22	0.00e+00	0.00e+00	0.00e+00	0.00e+00	0.00e+00	7.07e-26	1.51e-21	9.15e-18	1.99e-14	1.88e-11	1.09e-08	4.30e-06	3.46e-03	1.05e-01	8.91e-01
 2.32670e+22	0.00e+00	0.00e+00	0.00e+00	0.00e+00	0.00e+00	9.96e-26	2.04e-21	1.19e-17	2.50e-14	2.28e-11	1.27e-08	4.80e-06	3.72e-03	1.09e-01	8.88e-01
 2.36492e+22	0.00e+00	0.00e+00	0.00e+00	0.00e+00	0.00e+00	1.36e-25	2.69e-21	1.52e-17	3.08e-14	2.71e-11	1.46e-08	5.32e-06	3.97e-03	1.12e-01	8.84e-01
 2.40173e+22	0.00e+00	0.00e+00	0.00e+00	0.00e+00	0.00e+00	1.82e-25	3.48e-21	1.90e-17	3.74e-14	3.19e-11	1.66e-08	5.84e-06	4.22e-03	1.15e-01	8.80e-01
 2.44369e+22	0.00e+00	0.00e+00	0.00e+00	0.00e+00	0.00e+00	2.50e-25	4.62e-21	2.44e-17	4.63e-14	3.81e-11	1.90e-08	6.48e-06	4.51e-03	1.19e-01	8.76e-01
 2.49057e+22	0.00e+00	0.00e+00	0.00e+00	0.00e+00	0.00e+00	3.63e-25	6.42e-21	3.25e-17	5.94e-14	4.69e-11	2.24e-08	7.32e-06	4.88e-03	1.23e-01	8.72e-01
 2.53297e+22	0.00e+00	0.00e+00	0.00e+00	0.00e+00	0.00e+00	5.02e-25	8.57e-21	4.19e-17	7.39e-14	5.64e-11	2.59e-08	8.14e-06	5.22e-03	1.27e-01	8.67e-01
 2.57088e+22	0.00e+00	0.00e+00	0.00e+00	0.00e+00	0.00e+00	6.70e-25	1.11e-20	5.24e-17	8.96e-14	6.62e-11	2.94e-08	8.94e-06	5.55e-03	1.31e-01	8.64e-01
 2.61382e+22	0.00e+00	0.00e+00	0.00e+00	0.00e+00	0.00e+00	9.10e-25	1.45e-20	6.65e-17	1.10e-13	7.86e-11	3.36e-08	9.88e-06	5.92e-03	1.35e-01	8.59e-01
 2.66183e+22	0.00e+00	0.00e+00	0.00e+00	0.00e+00	0.00e+00	1.30e-24	2.00e-20	8.80e-17	1.40e-13	9.62e-11	3.94e-08	1.11e-05	6.38e-03	1.40e-01	8.54e-01
 2.70533e+22	0.00e+00	0.00e+00	0.00e+00	0.00e+00	0.00e+00	1.79e-24	2.64e-20	1.13e-16	1.73e-13	1.15e-10	4.53e-08	1.23e-05	6.82e-03	1.44e-01	8.49e-01
 2.74420e+22	0.00e+00	0.00e+00	0.00e+00	0.00e+00	0.00e+00	2.36e-24	3.38e-20	1.40e-16	2.09e-13	1.34e-10	5.11e-08	1.35e-05	7.22e-03	1.48e-01	8.45e-01
 2.78813e+22	0.00e+00	0.00e+00	0.00e+00	0.00e+00	0.00e+00	3.17e-24	4.39e-20	1.76e-16	2.54e-13	1.59e-10	5.82e-08	1.48e-05	7.68e-03	1.52e-01	8.41e-01
 2.84523e+22	0.00e+00	0.00e+00	0.00e+00	0.00e+00	0.00e+00	4.72e-24	6.25e-20	2.39e-16	3.32e-13	1.98e-10	6.94e-08	1.69e-05	8.34e-03	1.58e-01	8.34e-01
 2.90259e+22	0.00e+00	0.00e+00	0.00e+00	0.00e+00	1.52e-28	7.02e-24	8.89e-20	3.26e-16	4.34e-13	2.48e-10	8.27e-08	1.92e-05	9.06e-03	1.63e-01	8.27e-01
 2.94582e+22	0.00e+00	0.00e+00	0.00e+00	0.00e+00	2.10e-28	9.39e-24	1.15e-19	4.09e-16	5.29e-13	2.93e-10	9.40e-08	2.11e-05	9.63e-03	1.68e-01	8.22e-01
 2.98757e+22	0.00e+00	0.00e+00	0.00e+00	0.00e+00	2.83e-28	1.23e-23	1.46e-19	5.04e-16	6.33e-13	3.41e-10	1.06e-07	2.31e-05	1.02e-02	1.72e-01	8.18e-01
 3.04184e+22	0.00e+00	0.00e+00	0.00e+00	0.00e+00	4.16e-28	1.74e-23	1.99e-19	6.61e-16	8.01e-13	4.15e-10	1.23e-07	2.58e-05	1.09e-02	1.78e-01	8.11e-01
 3.09910e+22	0.00e+00	0.00e+00	0.00e+00	0.00e+00	6.27e-28	2.51e-23	2.76e-19	8.81e-16	1.03e-12	5.11e-10	1.45e-07	2.91e-05	1.18e-02	1.84e-01	8.04e-01
 3.14742e+22	0.00e+00	0.00e+00	0.00e+00	0.00e+00	8.80e-28	3.41e-23	3.62e-19	1.12e-15	1.26e-12	6.07e-10	1.66e-07	3.22e-05	1.26e-02	1.89e-01	7.98e-01
 3.19744e+22	0.00e+00	0.00e+00	0.00e+00	0.00e+00	1.23e-27	4.60e-23	4.72e-19	1.41e-15	1.55e-12	7.20e-10	1.90e-07	3.55e-05	1.34e-02	1.94e-01	7.92e-01
 3.26246e+22	0.00e+00	0.00e+00	0.00e+00	0.00e+00	1.89e-27	6.76e-23	6.65e-19	1.91e-15	2.00e-12	8.95e-10	2.25e-07	4.02e-05	1.45e-02	2.01e-01	7.85e-01
 3.32707e+22	0.00e+00	0.00e+00	0.00e+00	0.00e+00	2.91e-27	9.99e-23	9.41e-19	2.59e-15	2.61e-12	1.12e-09	2.68e-07	4.57e-05	1.57e-02	2.08e-01	7.76e-01
 3.37606e+22	0.00e+00	0.00e+00	0.00e+00	0.00e+00	4.00e-27	1.33e-22	1.21e-18	3.24e-15	3.17e-12	1.32e-09	3.04e-07	5.02e-05	1.66e-02	2.13e-01	7.70e-01
 3.42467e+22	0.00e+00	0.00e+00	0.00e+00	0.00e+00	5.40e-27	1.74e-22	1.54e-18	4.00e-15	3.81e-12	1.53e-09	3.42e-07	5.48e-05	1.76e-02	2.18e-01	7.64e-01
 3.48786e+22	0.00e+00	0.00e+00	0.00e+00	0.00e+00	7.93e-27	2.46e-22	2.10e-18	5.24e-15	4.81e-12	1.87e-09	3.99e-07	6.13e-05	1.89e-02	2.25e-01	7.56e-01
 3.55406e+22	0.00e+00	0.00e+00	0.00e+00	0.00e+00	1.19e-26	3.56e-22	2.91e-18	6.99e-15	6.18e-12	2.30e-09	4.70e-07	6.91e-05	2.03e-02	2.32e-01	7.48e-01
 3.60910e+22	0.00e+00	0.00e+00	0.00e+00	0.00e+00	1.66e-26	4.78e-22	3.79e-18	8.81e-15	7.56e-12	2.73e-09	5.36e-07	7.61e-05	2.16e-02	2.38e-01	7.40e-01
 3.66557e+22	0.00e+00	0.00e+00	0.00e+00	0.00e+00	2.26e-26	6.32e-22	4.85e-18	1.10e-14	9.13e-12	3.19e-09	6.07e-07	8.32e-05	2.29e-02	2.44e-01	7.34e-01
 3.73898e+22	0.00e+00	0.00e+00	0.00e+00	0.00e+00	3.44e-26	9.23e-22	6.79e-18	1.47e-14	1.18e-11	3.97e-09	7.18e-07	9.41e-05	2.47e-02	2.51e-01	7.24e-01
 3.81286e+22	0.00e+00	0.00e+00	0.00e+00	0.00e+00	5.23e-26	1.35e-21	9.52e-18	1.98e-14	1.53e-11	4.92e-09	8.49e-07	1.06e-04	2.66e-02	2.59e-01	7.14e-01
 3.86961e+22	0.00e+00	0.00e+00	0.00e+00	0.00e+00	7.14e-26	1.78e-21	1.22e-17	2.47e-14	1.85e-11	5.78e-09	9.62e-07	1.16e-04	2.81e-02	2.65e-01	7.07e-01
 3.92565e+22	0.00e+00	0.00e+00	0.00e+00	0.00e+00	9.55e-26	2.32e-21	1.54e-17	3.03e-14	2.21e-11	6.71e-09	1.08e-06	1.27e-04	2.97e-02	2.71e-01	7.00e-01
 3.99849e+22	0.00e+00	0.00e+00	0.00e+00	0.00e+00	1.38e-25	3.23e-21	2.08e-17	3.94e-14	2.77e-11	8.11e-09	1.25e-06	1.41e-04	3.17e-02	2.78e-01	6.90e-01
 4.07653e+22	0.00e+00	0.00e+00	0.00e+00	0.00e+00	2.07e-25	4.65e-21	2.87e-17	5.23e-14	3.55e-11	9.98e-09	1.47e-06	1.58e-04	3.40e-02	2.86e-01	6.80e-01
 4.14389e+22	0.00e+00	0.00e+00	0.00e+00	0.00e+00	2.89e-25	6.30e-21	3.76e-17	6.64e-14	4.37e-11	1.19e-08	1.68e-06	1.75e-04	3.61e-02	2.92e-01	6.71e-01
 4.21403e+22	0.00e+00	0.00e+00	0.00e+00	0.00e+00	4.02e-25	8.47e-21	4.89e-17	8.37e-14	5.34e-11	1.41e-08	1.92e-06	1.92e-04	3.83e-02	2.99e-01	6.63e-01
 4.30522e+22	0.00e+00	0.00e+00	0.00e+00	0.00e+00	6.12e-25	1.24e-20	6.86e-17	1.13e-13	6.91e-11	1.74e-08	2.26e-06	2.17e-04	4.12e-02	3.07e-01	6.51e-01
 4.39899e+22	0.00e+00	0.00e+00	0.00e+00	0.00e+00	9.49e-25	1.84e-20	9.76e-17	1.54e-13	9.06e-11	2.19e-08	2.70e-06	2.46e-04	4.45e-02	3.16e-01	6.39e-01
 4.47105e+22	0.00e+00	0.00e+00	0.00e+00	0.00e+00	1.32e-24	2.47e-20	1.27e-16	1.94e-13	1.11e-10	2.59e-08	3.07e-06	2.70e-04	4.71e-02	3.23e-01	6.30e-01
 4.53057e+22	0.00e+00	0.00e+00	0.00e+00	0.00e+00	1.70e-24	3.10e-20	1.56e-16	2.32e-13	1.29e-10	2.95e-08	3.40e-06	2.90e-04	4.92e-02	3.28e-01	6.22e-01
 4.59885e+22	0.00e+00	0.00e+00	0.00e+00	0.00e+00	2.27e-24	4.04e-20	1.97e-16	2.85e-13	1.55e-10	3.43e-08	3.82e-06	3.15e-04	5.18e-02	3.34e-01	6.14e-01
 4.68761e+22	0.00e+00	0.00e+00	0.00e+00	0.00e+00	3.24e-24	5.57e-20	2.62e-16	3.67e-13	1.93e-10	4.11e-08	4.39e-06	3.49e-04	5.50e-02	3.41e-01	6.03e-01
 4.78511e+22	0.00e+00	0.00e+00	0.00e+00	0.00e+00	4.84e-24	8.00e-20	3.62e-16	4.87e-13	2.47e-10	5.05e-08	5.15e-06	3.91e-04	5.89e-02	3.50e-01	5.91e-01
 4.87175e+22	0.00e+00	0.00e+00	0.00e+00	0.00e+00	6.85e-24	1.09e-19	4.79e-16	6.23e-13	3.05e-10	6.03e-08	5.91e-06	4.31e-04	6.24e-02	3.57e-01	5.81e-01
 4.94852e+22	0.00e+00	0.00e+00	0.00e+00	0.00e+00	9.20e-24	1.43e-19	6.07e-16	7.68e-13	3.66e-10	7.02e-08	6.64e-06	4.68e-04	6.56e-02	3.63e-01	5.71e-01
 5.03468e+22	0.00e+00	0.00e+00	0.00e+00	0.00e+00	1.25e-23	1.89e-19	7.79e-16	9.55e-13	4.42e-10	8.21e-08	7.49e-06	5.10e-04	6.90e-02	3.69e-01	5.62e-01
 5.14668e+22	0.00e+00	0.00e+00	0.00e+00	1.58e-28	1.88e-23	2.72e-19	1.08e-15	1.27e-12	5.66e-10	1.01e-07	8.79e-06	5.71e-04	7.38e-02	3.77e-01	5.49e-01
 5.25809e+22	0.00e+00	0.00e+00	0.00e+00	2.48e-28	2.84e-23	3.95e-19	1.51e-15	1.71e-12	7.31e-10	1.25e-07	1.03e-05	6.41e-04	7.89e-02	3.85e-01	5.36e-01
 5.34218e+22	0.00e+00	0.00e+00	0.00e+00	3.41e-28	3.81e-23	5.15e-19	1.91e-15	2.10e-12	8.75e-10	1.45e-07	1.16e-05	6.95e-04	8.28e-02	3.91e-01	5.26e-01
 5.42495e+22	0.00e+00	0.00e+00	0.00e+00	4.57e-28	4.98e-23	6.57e-19	2.37e-15	2.54e-12	1.03e-09	1.66e-07	1.29e-05	7.48e-04	8.64e-02	3.96e-01	5.17e-01
 5.53254e+22	0.00e+00	0.00e+00	0.00e+00	6.69e-28	7.07e-23	9.01e-19	3.14e-15	3.25e-12	1.28e-09	1.99e-07	1.48e-05	8.24e-04	9.14e-02	4.02e-01	5.06e-01
 5.65055e+22	0.00e+00	0.00e+00	0.00e+00	1.02e-27	1.04e-22	1.27e-18	4.28e-15	4.27e-12	1.62e-09	2.42e-07	1.72e-05	9.15e-04	9.71e-02	4.09e-01	4.93e-01
 5.75558e+22	0.00e+00	0.00e+00	0.00e+00	1.46e-27	1.45e-22	1.73e-18	5.60e-15	5.41e-12	1.98e-09	2.87e-07	1.96e-05	1.00e-03	1.02e-01	4.15e-01	4.82e-01
 5.85100e+22	0.00e+00	0.00e+00	0.00e+00	2.01e-27	1.94e-22	2.24e-18	7.08e-15	6.65e-12	2.37e-09	3.32e-07	2.19e-05	1.08e-03	1.07e-01	4.20e-01	4.72e-01
 5.96041e+22	0.00e+00	0.00e+00	0.00e+00	2.83e-27	2.66e-22	2.98e-18	9.13e-15	8.31e-12	2.87e-09	3.90e-07	2.47e-05	1.18e-03	1.12e-01	4.25e-01	4.61e-01
 6.10265e+22	0.00e+00	0.00e+00	0.00e+00	4.35e-27	3.95e-22	4.27e-18	1.26e-14	1.10e-11	3.66e-09	4.76e-07	2.88e-05	1.31e-03	1.19e-01	4.32e-01	4.48e-01
 6.24520e+22	0.00e+00	0.00e+00	0.00e+00	6.85e-27	6.00e-22	6.23e-18	1.76e-14	1.48e-11	4.73e-09	5.89e-07	3.39e-05	1.47e-03	1.27e-01	4.38e-01	4.33e-01
 6.35293e+22	0.00e+00	0.00e+00	0.00e+00	9.48e-27	8.09e-22	8.16e-18	2.24e-14	1.83e-11	5.68e-09	6.85e-07	3.80e-05	1.59e-03	1.33e-01	4.43e-01	4.23e-01
 6.45774e+22	0.00e+00	0.00e+00	0.00e+00	1.27e-26	1.05e-21	1.04e-17	2.77e-14	2.20e-11	6.67e-09	7.82e-07	4.20e-05	1.70e-03	1.38e-01	4.46e-01	4.14e-01
 6.59399e+22	0.00e+00	0.00e+00	0.00e+00	1.84e-26	1.49e-21	1.42e-17	3.67e-14	2.81e-11	8.24e-09	9.30e-07	4.80e-05	1.87e-03	1.45e-01	4.51e-01	4.02e-01
 6.74368e+22	0.00e+00	0.00e+00	0.00e+00	1.90e-26	2.19e-21	2.01e-17	5.00e-14	3.69e-11	1.04e-08	1.13e-06	5.56e-05	2.06e-03	1.53e-01	4.56e-01	3.89e-01
 6.87661e+22	0.00e+00	0.00e+00	0.00e+00	2.72e-26	3.05e-21	2.71e-17	6.54e-14	4.68e-11	1.28e-08	1.34e-06	6.31e-05	2.25e-03	1.61e-01	4.60e-01	3.77e-01
 6.99667e+22	0.00e+00	0.00e+00	0.00e+00	3.70e-26	4.06e-21	3.51e-17	8.24e-14	5.72e-11	1.52e-08	1.54e-06	7.03e-05	2.42e-03	1.67e-01	4.63e-01	3.67e-01
 7.13426e+22	0.00e+00	0.00e+00	0.00e+00	5.17e-26	5.53e-21	4.64e-17	1.06e-13	7.11e-11	1.83e-08	1.80e-06	7.90e-05	2.62e-03	1.75e-01	4.66e-01	3.57e-01
 7.31312e+22	0.00e+00	0.00e+00	0.00e+00	7.80e-26	8.08e-21	6.55e-17	1.44e-13	9.30e-11	2.31e-08	2.17e-06	9.11e-05	2.89e-03	1.84e-01	4.69e-01	3.44e-01
 7.50343e+22	0.00e+00	0.00e+00	0.00e+00	1.25e-25	1.25e-20	9.69e-17	2.04e-13	1.26e-10	3.01e-08	2.70e-06	1.07e-04	3.23e-03	1.95e-01	4.72e-01	3.29e-01
 7.66046e+22	0.00e+00	0.00e+00	0.00e+00	1.81e-25	1.75e-20	1.32e-16	2.69e-13	1.61e-10	3.71e-08	3.21e-06	1.22e-04	3.52e-03	2.04e-01	4.75e-01	3.18e-01
 7.78946e+22	0.00e+00	0.00e+00	0.00e+00	2.42e-25	2.30e-20	1.69e-16	3.35e-13	1.95e-10	4.37e-08	3.67e-06	1.35e-04	3.76e-03	2.11e-01	4.76e-01	3.09e-01
 7.93018e+22	0.00e+00	0.00e+00	0.00e+00	3.25e-25	3.02e-20	2.16e-16	4.17e-13	2.37e-10	5.16e-08	4.21e-06	1.50e-04	4.03e-03	2.19e-01	4.77e-01	3.00e-01
 8.11310e+22	0.00e+00	0.00e+00	0.00e+00	4.68e-25	4.23e-20	2.94e-16	5.48e-13	3.01e-10	6.33e-08	4.97e-06	1.70e-04	4.38e-03	2.28e-01	4.78e-01	2.89e-01
 8.31478e+22	0.00e+00	0.00e+00	0.00e+00	7.11e-25	6.23e-20	4.17e-16	7.50e-13	3.95e-10	8.02e-08	6.03e-06	1.96e-04	4.82e-03	2.39e-01	4.79e-01	2.76e-01
 8.49458e+22	0.00e+00	0.00e+00	0.00e+00	1.03e-24	8.76e-20	5.68e-16	9.89e-13	5.03e-10	9.87e-08	7.15e-06	2.23e-04	5.24e-03	2.49e-01	4.79e-01	2.66e-01
 8.65531e+22	0.00e+00	0.00e+00	0.00e+00	1.39e-24	1.16e-19	7.35e-16	1.25e-12	6.16e-10	1.17e-07	8.23e-06	2.47e-04	5.61e-03	2.58e-01	4.79e-01	2.57e-01
 8.83752e+22	0.00e+00	0.00e+00	0.00e+00	1.91e-24	1.56e-19	9.60e-16	1.58e-12	7.58e-10	1.40e-07	9.51e-06	2.75e-04	6.02e-03	2.67e-01	4.79e-01	2.48e-01
 9.07439e+22	0.00e+00	0.00e+00	0.00e+00	2.87e-24	2.28e-19	1.36e-15	2.15e-12	9.93e-10	1.77e-07	1.15e-05	3.17e-04	6.60e-03	2.79e-01	4.78e-01	2.36e-01
 9.31997e+22	0.00e+00	0.00e+00	2.13e-28	4.51e-24	3.47e-19	1.98e-15	3.03e-12	1.34e-09	2.28e-07	1.42e-05	3.70e-04	7.29e-03	2.93e-01	4.76e-01	2.24e-01
 9.50181e+22	0.00e+00	0.00e+00	3.08e-28	6.25e-24	4.70e-19	2.62e-15	3.87e-12	1.66e-09	2.75e-07	1.65e-05	4.14e-04	7.83e-03	3.03e-01	4.74e-01	2.15e-01
 9.63769e+22	0.00e+00	0.00e+00	3.95e-28	7.78e-24	5.77e-19	3.15e-15	4.58e-12	1.92e-09	3.11e-07	1.82e-05	4.46e-04	8.21e-03	3.10e-01	4.73e-01	2.09e-01
 9.78894e+22	0.00e+00	0.00e+00	5.19e-28	9.88e-24	7.23e-19	3.88e-15	5.51e-12	2.26e-09	3.57e-07	2.04e-05	4.84e-04	8.66e-03	3.17e-01	4.71e-01	2.02e-01
 9.98556e+22	0.00e+00	0.00e+00	7.16e-28	1.31e-23	9.42e-19	4.93e-15	6.83e-12	2.72e-09	4.19e-07	2.32e-05	5.33e-04	9.21e-03	3.26e-01	4.69e-01	1.95e-01
 1.02412e+23	0.00e+00	0.00e+00	1.08e-27	1.88e-23	1.32e-18	6.71e-15	9.00e-12	3.47e-09	5.16e-07	2.75e-05	6.03e-04	9.96e-03	3.38e-01	4.66e-01	1.86e-01
 1.04896e+23	0.00e+00	0.00e+00	1.70e-27	2.79e-23	1.91e-18	9.40e-15	1.22e-11	4.51e-09	6.47e-07	3.30e-05	6.90e-04	1.08e-02	3.51e-01	4.62e-01	1.76e-01
 1.06568e+23	0.00e+00	0.00e+00	2.28e-27	3.61e-23	2.43e-18	1.17e-14	1.49e-11	5.37e-09	7.50e-07	3.72e-05	7.54e-04	1.15e-02	3.60e-01	4.59e-01	1.69e-01
 1.08022e+23	0.00e+00	0.00e+00	2.82e-27	4.35e-23	2.91e-18	1.38e-14	1.72e-11	6.10e-09	8.36e-07	4.06e-05	8.03e-04	1.19e-02	3.66e-01	4.56e-01	1.65e-01
 1.09912e+23	0.00e+00	0.00e+00	3.70e-27	5.51e-23	3.63e-18	1.69e-14	2.06e-11	7.15e-09	9.58e-07	4.54e-05	8.71e-04	1.25e-02	3.74e-01	4.53e-01	1.59e-01
 1.12028e+23	0.00e+00	0.00e+00	5.08e-27	7.28e-23	4.72e-18	2.15e-14	2.56e-11	8.63e-09	1.13e-06	5.17e-05	9.58e-04	1.33e-02	3.83e-01	4.50e-01	1.53e-01
 1.13909e+23	0.00e+00	0.00e+00	6.80e-27	9.38e-23	6.00e-18	2.68e-14	3.12e-11	1.02e-08	1.30e-06	5.82e-05	1.04e-03	1.40e-02	3.92e-01	4.46e-01	1.47e-01
 1.15483e+23	0.00e+00	0.00e+00	8.44e-27	1.13e-22	7.17e-18	3.16e-14	3.61e-11	1.17e-08	1.46e-06	6.35e-05	1.11e-03	1.46e-02	3.99e-01	4.43e-01	1.43e-01
 1.17188e+23	0.00e+00	0.00e+00	1.06e-26	1.38e-22	8.69e-18	3.77e-14	4.24e-11	1.34e-08	1.64e-06	6.99e-05	1.19e-03	1.53e-02	4.06e-01	4.40e-01	1.38e-01
 1.19404e+23	0.00e+00	0.00e+00	1.39e-26	1.75e-22	1.08e-17	4.61e-14	5.08e-11	1.57e-08	1.87e-06	7.79e-05	1.29e-03	1.60e-02	4.14e-01	4.36e-01	1.33e-01
 1.22285e+23	0.00e+00	0.00e+00	1.97e-26	2.36e-22	1.45e-17	6.02e-14	6.46e-11	1.93e-08	2.24e-06	9.00e-05	1.44e-03	1.71e-02	4.24e-01	4.30e-01	1.27e-01
 1.25133e+23	0.00e+00	0.00e+00	2.94e-26	3.34e-22	2.01e-17	8.15e-14	8.49e-11	2.46e-08	2.75e-06	1.06e-04	1.62e-03	1.84e-02	4.36e-01	4.24e-01	1.20e-01
 1.27098e+23	0.00e+00	0.00e+00	3.10e-26	4.25e-22	2.53e-17	1.01e-13	1.03e-10	2.90e-08	3.17e-06	1.19e-04	1.76e-03	1.93e-02	4.45e-01	4.19e-01	1.15e-01
 1.28491e+23	0.00e+00	0.00e+00	3.66e-26	4.92e-22	2.92e-17	1.15e-13	1.16e-10	3.21e-08	3.46e-06	1.28e-04	1.85e-03	1.99e-02	4.50e-01	4.16e-01	1.12e-01
 1.29982e+23	0.00e+00	0.00e+00	4.29e-26	5.64e-22	3.33e-17	1.30e-13	1.29e-10	3.54e-08	3.76e-06	1.36e-04	1.94e-03	2.05e-02	4.55e-01	4.13e-01	1.09e-01
 1.31919e+23	0.00e+00	0.00e+00	5.28e-26	6.74e-22	3.96e-17	1.52e-13	1.49e-10	4.02e-08	4.18e-06	1.49e-04	2.06e-03	2.13e-02	4.61e-01	4.10e-01	1.06e-01
 1.34438e+23	0.00e+00	0.00e+00	6.73e-26	8.32e-22	4.85e-17	1.84e-13	1.77e-10	4.65e-08	4.74e-06	1.64e-04	2.22e-03	2.22e-02	4.68e-01	4.05e-01	1.02e-01
 1.37713e+23	0.00e+00	0.00e+00	9.22e-26	1.09e-21	6.31e-17	2.34e-13	2.20e-10	5.63e-08	5.58e-06	1.87e-04	2.44e-03	2.35e-02	4.78e-01	3.99e-01	9.70e-02
 1.41000e+23	0.00e+00	0.00e+00	1.34e-25	1.50e-21	8.58e-17	3.12e-13	2.85e-10	7.07e-08	6.77e-06	2.19e-04	2.73e-03	2.51e-02	4.89e-01	3.92e-01	9.13e-02
 1.43321e+23	0.00e+00	0.00e+00	1.77e-25	1.91e-21	1.08e-16	3.87e-13	3.47e-10	8.38e-08	7.82e-06	2.45e-04	2.96e-03	2.63e-02	4.97e-01	3.86e-01	8.72e-02
 1.44999e+23	0.00e+00	0.00e+00	2.07e-25	2.18e-21	1.24e-16	4.38e-13	3.88e-10	9.23e-08	8.49e-06	2.62e-04	3.11e-03	2.71e-02	5.02e-01	3.82e-01	8.49e-02
 1.46821e+23	0.00e+00	0.00e+00	2.40e-25	2.48e-21	1.40e-16	4.92e-13	4.31e-10	1.01e-07	9.18e-06	2.79e-04	3.25e-03	2.78e-02	5.07e-01	3.79e-01	8.28e-02
 1.49191e+23	0.00e+00	0.00e+00	2.91e-25	2.92e-21	1.65e-16	5.72e-13	4.95e-10	1.14e-07	1.02e-05	3.02e-04	3.44e-03	2.88e-02	5.12e-01	3.75e-01	8.01e-02
 1.52271e+23	0.00e+00	0.00e+00	3.68e-25	3.57e-21	2.01e-16	6.89e-13	5.85e-10	1.32e-07	1.15e-05	3.34e-04	3.70e-03	3.00e-02	5.19e-01	3.70e-01	7.69e-02
 1.55747e+23	0.00e+00	0.00e+00	4.97e-25	4.60e-21	2.58e-16	8.71e-13	7.24e-10	1.59e-07	1.35e-05	3.79e-04	4.05e-03	3.16e-02	5.28e-01	3.63e-01	7.29e-02
 1.58790e+23	0.00e+00	0.00e+00	6.55e-25	5.82e-21	3.25e-16	1.08e-12	8.82e-10	1.89e-07	1.56e-05	4.26e-04	4.40e-03	3.32e-02	5.36e-01	3.57e-01	6.94e-02
 1.61162e+23	0.00e+00	0.00e+00	8.05e-25	6.94e-21	3.87e-16	1.27e-12	1.02e-09	2.15e-07	1.74e-05	4.65e-04	4.69e-03	3.44e-02	5.42e-01	3.52e-01	6.68e-02
 1.63610e+23	0.00e+00	0.00e+00	9.37e-25	7.90e-21	4.42e-16	1.44e-12	1.15e-09	2.37e-07	1.89e-05	4.96e-04	4.91e-03	3.53e-02	5.46e-01	3.48e-01	6.49e-02
 1.66792e+23	0.00e+00	0.00e+00	1.15e-24	9.39e-21	5.26e-16	1.70e-12	1.33e-09	2.70e-07	2.11e-05	5.42e-04	5.23e-03	3.66e-02	5.52e-01	3.43e-01	6.24e-02
 1.70929e+23	0.00e+00	0.00e+00	1.44e-24	1.14e-20	6.38e-16	2.03e-12	1.57e-09	3.12e-07	2.38e-05	5.96e-04	5.60e-03	3.81e-02	5.58e-01	3.38e-01	5.98e-02
 1.76307e+23	0.00e+00	0.00e+00	1.92e-24	1.45e-20	8.12e-16	2.55e-12	1.93e-09	3.73e-07	2.78e-05	6.74e-04	6.11e-03	4.00e-02	5.66e-01	3.31e-01	5.66e-02
 1.81848e+23	0.00e+00	0.00e+00	2.84e-24	2.01e-20	1.13e-15	3.50e-12	2.57e-09	4.81e-07	3.44e-05	7.99e-04	6.90e-03	4.28e-02	5.76e-01	3.21e-01	5.23e-02
 1.85693e+23	0.00e+00	0.00e+00	3.80e-24	2.57e-20	1.44e-15	4.40e-12	3.17e-09	5.76e-07	4.01e-05	9.02e-04	7.52e-03	4.50e-02	5.84e-01	3.14e-01	4.94e-02
 1.88116e+23	0.00e+00	0.00e+00	4.37e-24	2.89e-20	1.63e-15	4.94e-12	3.52e-09	6.31e-07	4.32e-05	9.57e-04	7.84e-03	4.60e-02	5.87e-01	3.10e-01	4.80e-02
 1.90598e+23	0.00e+00	0.00e+00	4.86e-24	3.16e-20	1.79e-15	5.40e-12	3.83e-09	6.78e-07	4.59e-05	1.00e-03	8.12e-03	4.69e-02	5.90e-01	3.07e-01	4.68e-02
 1.93825e+23	0.00e+00	0.00e+00	5.57e-24	3.54e-20	2.02e-15	6.05e-12	4.24e-09	7.43e-07	4.96e-05	1.07e-03	8.48e-03	4.81e-02	5.93e-01	3.03e-01	4.55e-02
 1.98020e+23	0.00e+00	0.00e+00	6.48e-24	4.02e-20	2.30e-15	6.84e-12	4.75e-09	8.19e-07	5.39e-05	1.14e-03	8.88e-03	4.93e-02	5.97e-01	2.99e-01	4.40e-02
 2.03474e+23	0.00e+00	0.00e+00	7.70e-24	4.64e-20	2.67e-15	7.88e-12	5.41e-09	9.17e-07	5.92e-05	1.23e-03	9.36e-03	5.08e-02	6.01e-01	2.95e-01	4.24e-02
 2.10563e+23	0.00e+00	3.36e-28	9.41e-24	5.49e-20	3.17e-15	9.28e-12	6.28e-09	1.05e-06	6.61e-05	1.34e-03	9.96e-03	5.26e-02	6.06e-01	2.89e-01	4.06e-02
 2.18923e+23	0.00e+00	4.55e-28	1.22e-23	6.82e-20	3.96e-15	1.15e-11	7.64e-09	1.24e-06	7.63e-05	1.50e-03	1.08e-02	5.50e-02	6.12e-01	2.82e-01	3.83e-02
 2.26880e+23	0.00e+00	6.48e-28	1.66e-23	8.78e-20	5.13e-15	1.47e-11	9.58e-09	1.51e-06	9.00e-05	1.71e-03	1.18e-02	5.79e-02	6.18e-01	2.74e-01	3.58e-02
 2.33027e+23	0.00e+00	8.58e-28	2.11e-23	1.07e-19	6.32e-15	1.79e-11	1.15e-08	1.77e-06	1.03e-04	1.90e-03	1.28e-02	6.02e-02	6.23e-01	2.68e-01	3.39e-02
 2.37981e+23	0.00e+00	9.87e-28	2.38e-23	1.19e-19	7.03e-15	1.98e-11	1.26e-08	1.92e-06	1.10e-04	2.00e-03	1.32e-02	6.15e-02	6.26e-01	2.65e-01	3.29e-02
 2.43523e+23	0.00e+00	1.06e-27	2.53e-23	1.25e-19	7.43e-15	2.09e-11	1.32e-08	2.00e-06	1.14e-04	2.06e-03	1.35e-02	6.21e-02	6.27e-01	2.63e-01	3.24e-02
 2.49597e+23	0.00e+00	1.25e-27	2.91e-23	1.40e-19	8.37e-15	2.34e-11	1.47e-08	2.20e-06	1.23e-04	2.19e-03	1.41e-02	6.36e-02	6.30e-01	2.59e-01	3.14e-02
 2.55186e+23	0.00e+00	1.42e-27	3.24e-23	1.53e-19	9.18e-15	2.56e-11	1.59e-08	2.36e-06	1.31e-04	2.29e-03	1.46e-02	6.48e-02	6.32e-01	2.56e-01	3.06e-02
 2.60215e+23	0.00e+00	1.58e-27	3.56e-23	1.66e-19	9.96e-15	2.76e-11	1.71e-08	2.51e-06	1.37e-04	2.39e-03	1.50e-02	6.58e-02	6.33e-01	2.54e-01	2.99e-02
 2.64742e+23	0.00e+00	1.75e-27	3.87e-23	1.77e-19	1.07e-14	2.97e-11	1.83e-08	2.66e-06	1.44e-04	2.48e-03	1.54e-02	6.67e-02	6.35e-01	2.51e-01	2.93e-02
 2.68816e+23	0.00e+00	1.87e-27	4.11e-23	1.86e-19	1.13e-14	3.11e-11	1.91e-08	2.76e-06	1.49e-04	2.54e-03	1.57e-02	6.74e-02	6.36e-01	2.50e-01	2.89e-02
 2.72482e+23	0.00e+00	1.99e-27	4.33e-23	1.95e-19	1.18e-14	3.26e-11	1.99e-08	2.86e-06	1.54e-04	2.61e-03	1.59e-02	6.80e-02	6.37e-01	2.48e-01	2.85e-02
 2.75782e+23	0.00e+00	2.10e-27	4.53e-23	2.02e-19	1.23e-14	3.37e-11	2.06e-08	2.94e-06	1.57e-04	2.65e-03	1.61e-02	6.85e-02	6.37e-01	2.47e-01	2.82e-02
 2.78873e+23	0.00e+00	2.16e-27	4.65e-23	2.06e-19	1.26e-14	3.45e-11	2.10e-08	3.00e-06	1.60e-04	2.69e-03	1.63e-02	6.88e-02	6.38e-01	2.46e-01	2.80e-02
 2.81928e+23	0.00e+00	2.21e-27	4.73e-23	2.10e-19	1.28e-14	3.50e-11	2.13e-08	3.03e-06	1.61e-04	2.70e-03	1.64e-02	6.90e-02	6.38e-01	2.46e-01	2.79e-02
 2.84983e+23	0.00e+00	2.24e-27	4.80e-23	2.12e-19	1.29e-14	3.54e-11	2.15e-08	3.06e-06	1.62e-04	2.72e-03	1.64e-02	6.91e-02	6.38e-01	2.45e-01	2.78e-02
 2.88037e+23	0.00e+00	2.29e-27	4.88e-23	2.15e-19	1.31e-14	3.59e-11	2.18e-08	3.09e-06	1.64e-04	2.74e-03	1.65e-02	6.93e-02	6.39e-01	2.45e-01	2.77e-02
 2.91092e+23	0.00e+00	2.34e-27	4.98e-23	2.19e-19	1.33e-14	3.65e-11	2.21e-08	3.14e-06	1.66e-04	2.77e-03	1.66e-02	6.95e-02	6.39e-01	2.44e-01	2.75e-02
 2.94147e+23	0.00e+00	2.36e-27	5.00e-23	2.20e-19	1.34e-14	3.66e-11	2.22e-08	3.14e-06	1.66e-04	2.77e-03	1.66e-02	6.96e-02	6.39e-01	2.44e-01	2.75e-02
 2.97202e+23	0.00e+00	2.37e-27	5.03e-23	2.21e-19	1.35e-14	3.68e-11	2.23e-08	3.16e-06	1.67e-04	2.78e-03	1.67e-02	6.97e-02	6.39e-01	2.44e-01	2.75e-02
 3.00257e+23	0.00e+00	2.39e-27	5.06e-23	2.22e-19	1.35e-14	3.70e-11	2.24e-08	3.17e-06	1.67e-04	2.79e-03	1.67e-02	6.97e-02	6.39e-01	2.44e-01	2.74e-02
 3.03311e+23	0.00e+00	2.40e-27	5.09e-23	2.23e-19	1.36e-14	3.72e-11	2.25e-08	3.18e-06	1.67e-04	2.79e-03	1.67e-02	6.98e-02	6.39e-01	2.44e-01	2.74e-02
 3.05160e+23	0.00e+00	2.72e-27	5.67e-23	2.43e-19	1.49e-14	4.05e-11	2.44e-08	3.41e-06	1.78e-04	2.92e-03	1.73e-02	7.10e-02	6.41e-01	2.41e-01	2.67e-02
