#depth	Si	Si+	Si+2	Si+3	Si+4	Si+5	Si+6	Si+7	Si+8	Si+9	Si+10	Si+11	Si+12	Si+13	Si+14
 6.17135e+19	0.00e+00	0.00e+00	0.00e+00	0.00e+00	0.00e+00	0.00e+00	1.54e-28	7.21e-24	1.18e-19	8.41e-16	3.95e-12	1.13e-08	6.69e-05	1.54e-02	9.85e-01
 1.87609e+20	0.00e+00	0.00e+00	0.00e+00	0.00e+00	0.00e+00	0.00e+00	2.95e-28	1.27e-23	1.92e-19	1.26e-15	5.46e-12	1.44e-08	7.86e-05	1.67e-02	9.83e-01
 3.18540e+20	0.00e+00	0.00e+00	0.00e+00	0.00e+00	0.00e+00	0.00e+00	5.68e-28	2.26e-23	3.13e-19	1.90e-15	7.56e-12	1.84e-08	9.24e-05	1.81e-02	9.82e-01
 4.54709e+20	0.00e+00	0.00e+00	0.00e+00	0.00e+00	0.00e+00	0.00e+00	1.10e-27	4.01e-23	5.12e-19	2.86e-15	1.05e-11	2.35e-08	1.09e-04	1.96e-02	9.80e-01
 5.74411e+20	0.00e+00	0.00e+00	0.00e+00	0.00e+00	0.00e+00	0.00e+00	1.92e-27	6.55e-23	7.79e-19	4.06e-15	1.38e-11	2.89e-08	1.25e-04	2.10e-02	9.79e-01
 6.66685e+20	0.00e+00	0.00e+00	0.00e+00	0.00e+00	0.00e+00	0.00e+00	2.93e-27	9.47e-23	1.07e-18	5.28e-15	1.71e-11	3.38e-08	1.38e-04	2.21e-02	9.78e-01
 7.48882e+20	0.00e+00	0.00e+00	0.00e+00	0.00e+00	0.00e+00	0.00e+00	4.24e-27	1.31e-22	1.41e-18	6.64e-15	2.05e-11	3.88e-08	1.52e-04	2.31e-02	9.77e-01
 8.41357e+20	0.00e+00	0.00e+00	0.00e+00	0.00e+00	0.00e+00	0.00e+00	6.36e-27	1.86e-22	1.91e-18	8.56e-15	2.50e-11	4.50e-08	1.67e-04	2.43e-02	9.76e-01
 9.61574e+20	0.00e+00	0.00e+00	0.00e+00	0.00e+00	0.00e+00	0.00e+00	1.07e-26	2.93e-22	2.81e-18	1.18e-14	3.23e-11	5.45e-08	1.90e-04	2.59e-02	9.74e-01
 1.08324e+21	0.00e+00	0.00e+00	0.00e+00	0.00e+00	0.00e+00	0.00e+00	1.78e-26	4.58e-22	4.12e-18	1.62e-14	4.16e-11	6.58e-08	2.16e-04	2.75e-02	9.72e-01
 1.17841e+21	0.00e+00	0.00e+00	0.00e+00	0.00e+00	0.00e+00	0.00e+00	2.62e-26	6.43e-22	5.52e-18	2.07e-14	5.05e-11	7.60e-08	2.37e-04	2.88e-02	9.71e-01
 1.27376e+21	0.00e+00	0.00e+00	0.00e+00	0.00e+00	0.00e+00	0.00e+00	3.86e-26	9.00e-22	7.36e-18	2.63e-14	6.11e-11	8.77e-08	2.61e-04	3.02e-02	9.70e-01
 1.39771e+21	0.00e+00	0.00e+00	0.00e+00	0.00e+00	0.00e+00	0.00e+00	6.30e-26	1.38e-21	1.06e-17	3.57e-14	7.79e-11	1.05e-07	2.94e-04	3.20e-02	9.68e-01
 1.52616e+21	0.00e+00	0.00e+00	0.00e+00	0.00e+00	0.00e+00	0.00e+00	1.04e-25	2.14e-21	1.54e-17	4.87e-14	9.96e-11	1.26e-07	3.32e-04	3.40e-02	9.66e-01
 1.63080e+21	0.00e+00	0.00e+00	0.00e+00	0.00e+00	0.00e+00	0.00e+00	1.54e-25	3.02e-21	2.08e-17	6.24e-14	1.21e-10	1.46e-07	3.66e-04	3.57e-02	9.64e-01
 1.73722e+21	0.00e+00	0.00e+00	0.00e+00	0.00e+00	0.00e+00	0.00e+00	2.29e-25	4.27e-21	2.80e-17	7.99e-14	1.47e-10	1.69e-07	4.03e-04	3.74e-02	9.62e-01
 1.84877e+21	0.00e+00	0.00e+00	0.00e+00	0.00e+00	0.00e+00	0.00e+00	3.46e-25	6.12e-21	3.80e-17	1.03e-13	1.81e-10	1.97e-07	4.45e-04	3.93e-02	9.60e-01
 1.94277e+21	0.00e+00	0.00e+00	0.00e+00	0.00e+00	0.00e+00	0.00e+00	4.84e-25	8.22e-21	4.90e-17	1.27e-13	2.13e-10	2.23e-07	4.83e-04	4.09e-02	9.59e-01
 2.04073e+21	0.00e+00	0.00e+00	0.00e+00	0.00e+00	0.00e+00	0.00e+00	6.88e-25	1.12e-20	6.37e-17	1.59e-13	2.54e-10	2.53e-07	5.26e-04	4.26e-02	9.57e-01
 2.16808e+21	0.00e+00	0.00e+00	0.00e+00	0.00e+00	0.00e+00	0.00e+00	1.07e-24	1.65e-20	8.89e-17	2.09e-13	3.16e-10	2.98e-07	5.86e-04	4.49e-02	9.54e-01
 2.29610e+21	0.00e+00	0.00e+00	0.00e+00	0.00e+00	0.00e+00	0.00e+00	1.67e-24	2.42e-20	1.24e-16	2.76e-13	3.93e-10	3.51e-07	6.53e-04	4.73e-02	9.52e-01
 2.39468e+21	0.00e+00	0.00e+00	0.00e+00	0.00e+00	0.00e+00	0.00e+00	2.33e-24	3.25e-20	1.59e-16	3.40e-13	4.64e-10	3.97e-07	7.08e-04	4.93e-02	9.50e-01
 2.49251e+21	0.00e+00	0.00e+00	0.00e+00	0.00e+00	0.00e+00	0.00e+00	3.24e-24	4.32e-20	2.03e-16	4.17e-13	5.45e-10	4.48e-07	7.66e-04	5.12e-02	9.48e-01
 2.61970e+21	0.00e+00	0.00e+00	0.00e+00	0.00e+00	0.00e+00	1.08e-28	4.89e-24	6.20e-20	2.77e-16	5.39e-13	6.68e-10	5.21e-07	8.47e-04	5.37e-02	9.45e-01
 2.75179e+21	0.00e+00	0.00e+00	0.00e+00	0.00e+00	0.00e+00	1.77e-28	7.56e-24	9.07e-20	3.84e-16	7.08e-13	8.29e-10	6.12e-07	9.41e-04	5.65e-02	9.43e-01
 2.85994e+21	0.00e+00	0.00e+00	0.00e+00	0.00e+00	0.00e+00	2.61e-28	1.07e-23	1.23e-19	4.97e-16	8.78e-13	9.83e-10	6.94e-07	1.02e-03	5.89e-02	9.40e-01
 2.94880e+21	0.00e+00	0.00e+00	0.00e+00	0.00e+00	0.00e+00	3.62e-28	1.43e-23	1.58e-19	6.18e-16	1.05e-12	1.13e-09	7.72e-07	1.10e-03	6.09e-02	9.38e-01
 3.04292e+21	0.00e+00	0.00e+00	0.00e+00	0.00e+00	0.00e+00	5.01e-28	1.90e-23	2.03e-19	7.67e-16	1.26e-12	1.31e-09	8.58e-07	1.18e-03	6.29e-02	9.36e-01
 3.16527e+21	0.00e+00	0.00e+00	0.00e+00	0.00e+00	0.00e+00	7.67e-28	2.78e-23	2.83e-19	1.02e-15	1.60e-12	1.57e-09	9.86e-07	1.29e-03	6.58e-02	9.33e-01
 3.28917e+21	0.00e+00	0.00e+00	0.00e+00	0.00e+00	0.00e+00	1.17e-27	4.03e-23	3.91e-19	1.35e-15	2.01e-12	1.89e-09	1.13e-06	1.41e-03	6.87e-02	9.30e-01
 3.38839e+21	0.00e+00	0.00e+00	0.00e+00	0.00e+00	0.00e+00	1.65e-27	5.48e-23	5.12e-19	1.70e-15	2.44e-12	2.20e-09	1.27e-06	1.52e-03	7.11e-02	9.27e-01
 3.49071e+21	0.00e+00	0.00e+00	0.00e+00	0.00e+00	0.00e+00	2.32e-27	7.41e-23	6.67e-19	2.13e-15	2.95e-12	2.55e-09	1.41e-06	1.63e-03	7.36e-02	9.25e-01
 3.60585e+21	0.00e+00	0.00e+00	0.00e+00	0.00e+00	0.00e+00	3.41e-27	1.04e-22	8.98e-19	2.75e-15	3.65e-12	3.02e-09	1.60e-06	1.77e-03	7.66e-02	9.22e-01
 3.71332e+21	0.00e+00	0.00e+00	0.00e+00	0.00e+00	0.00e+00	4.87e-27	1.43e-22	1.18e-18	3.48e-15	4.45e-12	3.53e-09	1.80e-06	1.91e-03	7.94e-02	9.19e-01
 3.81157e+21	0.00e+00	0.00e+00	0.00e+00	0.00e+00	0.00e+00	6.69e-27	1.89e-22	1.51e-18	4.30e-15	5.31e-12	4.06e-09	1.99e-06	2.04e-03	8.20e-02	9.16e-01
 3.92217e+21	0.00e+00	0.00e+00	0.00e+00	0.00e+00	0.00e+00	9.56e-27	2.59e-22	1.99e-18	5.45e-15	6.47e-12	4.74e-09	2.24e-06	2.20e-03	8.50e-02	9.13e-01
 4.04541e+21	0.00e+00	0.00e+00	0.00e+00	0.00e+00	0.00e+00	1.41e-26	3.67e-22	2.70e-18	7.08e-15	8.05e-12	5.63e-09	2.54e-06	2.39e-03	8.84e-02	9.09e-01
 4.15238e+21	0.00e+00	0.00e+00	0.00e+00	0.00e+00	0.00e+00	1.98e-26	4.95e-22	3.51e-18	8.87e-15	9.72e-12	6.53e-09	2.84e-06	2.57e-03	9.14e-02	9.06e-01
 4.24069e+21	0.00e+00	0.00e+00	0.00e+00	0.00e+00	0.00e+00	2.61e-26	6.31e-22	4.34e-18	1.07e-14	1.13e-11	7.36e-09	3.10e-06	2.72e-03	9.40e-02	9.03e-01
 4.33744e+21	0.00e+00	0.00e+00	0.00e+00	0.00e+00	0.00e+00	3.53e-26	8.25e-22	5.49e-18	1.30e-14	1.34e-11	8.40e-09	3.42e-06	2.90e-03	9.68e-02	9.00e-01
 4.46322e+21	0.00e+00	0.00e+00	0.00e+00	0.00e+00	0.00e+00	5.17e-26	1.16e-21	7.38e-18	1.68e-14	1.66e-11	9.93e-09	3.88e-06	3.15e-03	1.01e-01	8.96e-01
 4.59248e+21	0.00e+00	0.00e+00	0.00e+00	0.00e+00	0.00e+00	7.64e-26	1.64e-21	1.00e-17	2.18e-14	2.06e-11	1.18e-08	4.40e-06	3.42e-03	1.05e-01	8.92e-01
 4.69760e+21	0.00e+00	0.00e+00	0.00e+00	0.00e+00	0.00e+00	1.05e-25	2.16e-21	1.28e-17	2.70e-14	2.46e-11	1.35e-08	4.88e-06	3.65e-03	1.08e-01	8.89e-01
 4.78994e+21	0.00e+00	0.00e+00	0.00e+00	0.00e+00	0.00e+00	1.38e-25	2.76e-21	1.58e-17	3.24e-14	2.87e-11	1.53e-08	5.34e-06	3.87e-03	1.11e-01	8.85e-01
 4.89439e+21	0.00e+00	0.00e+00	0.00e+00	0.00e+00	0.00e+00	1.87e-25	3.62e-21	2.00e-17	3.97e-14	3.40e-11	1.75e-08	5.89e-06	4.13e-03	1.14e-01	8.82e-01
 5.03017e+21	0.00e+00	0.00e+00	0.00e+00	0.00e+00	0.00e+00	2.76e-25	5.12e-21	2.71e-17	5.16e-14	4.23e-11	2.07e-08	6.70e-06	4.48e-03	1.19e-01	8.77e-01
 5.16659e+21	0.00e+00	0.00e+00	0.00e+00	0.00e+00	0.00e+00	4.09e-25	7.25e-21	3.68e-17	6.72e-14	5.28e-11	2.46e-08	7.61e-06	4.87e-03	1.23e-01	8.72e-01
 5.27334e+21	0.00e+00	0.00e+00	0.00e+00	0.00e+00	0.00e+00	5.54e-25	9.48e-21	4.66e-17	8.23e-14	6.25e-11	2.82e-08	8.40e-06	5.19e-03	1.27e-01	8.68e-01
 5.38161e+21	0.00e+00	0.00e+00	0.00e+00	0.00e+00	0.00e+00	7.50e-25	1.24e-20	5.89e-17	1.01e-13	7.41e-11	3.22e-08	9.28e-06	5.53e-03	1.31e-01	8.64e-01
 5.50321e+21	0.00e+00	0.00e+00	0.00e+00	0.00e+00	0.00e+00	1.05e-24	1.67e-20	7.66e-17	1.26e-13	8.96e-11	3.73e-08	1.04e-05	5.93e-03	1.35e-01	8.59e-01
 5.61735e+21	0.00e+00	0.00e+00	0.00e+00	0.00e+00	0.00e+00	1.44e-24	2.21e-20	9.77e-17	1.56e-13	1.07e-10	4.29e-08	1.15e-05	6.33e-03	1.39e-01	8.55e-01
 5.72348e+21	0.00e+00	0.00e+00	0.00e+00	0.00e+00	0.00e+00	1.92e-24	2.85e-20	1.22e-16	1.89e-13	1.26e-10	4.87e-08	1.26e-05	6.73e-03	1.43e-01	8.50e-01
 5.84399e+21	0.00e+00	0.00e+00	0.00e+00	0.00e+00	0.00e+00	2.65e-24	3.80e-20	1.57e-16	2.35e-13	1.51e-10	5.61e-08	1.40e-05	7.20e-03	1.47e-01	8.45e-01
 5.97766e+21	0.00e+00	0.00e+00	0.00e+00	0.00e+00	0.00e+00	3.77e-24	5.20e-20	2.07e-16	2.99e-13	1.84e-10	6.56e-08	1.57e-05	7.75e-03	1.52e-01	8.40e-01
 6.10070e+21	0.00e+00	0.00e+00	0.00e+00	0.00e+00	1.07e-28	5.21e-24	6.93e-20	2.67e-16	3.72e-13	2.21e-10	7.57e-08	1.75e-05	8.29e-03	1.57e-01	8.35e-01
 6.21464e+21	0.00e+00	0.00e+00	0.00e+00	0.00e+00	1.49e-28	7.00e-24	9.00e-20	3.35e-16	4.54e-13	2.62e-10	8.63e-08	1.93e-05	8.82e-03	1.61e-01	8.30e-01
 6.34452e+21	0.00e+00	0.00e+00	0.00e+00	0.00e+00	2.15e-28	9.75e-24	1.21e-19	4.34e-16	5.67e-13	3.16e-10	9.99e-08	2.15e-05	9.45e-03	1.66e-01	8.24e-01
 6.48396e+21	0.00e+00	0.00e+00	0.00e+00	0.00e+00	3.19e-28	1.39e-23	1.65e-19	5.72e-16	7.20e-13	3.86e-10	1.17e-07	2.41e-05	1.02e-02	1.72e-01	8.18e-01
 6.60585e+21	0.00e+00	0.00e+00	0.00e+00	0.00e+00	4.47e-28	1.88e-23	2.17e-19	7.26e-16	8.85e-13	4.59e-10	1.34e-07	2.66e-05	1.08e-02	1.77e-01	8.12e-01
 6.73434e+21	0.00e+00	0.00e+00	0.00e+00	0.00e+00	6.34e-28	2.58e-23	2.86e-19	9.27e-16	1.10e-12	5.48e-10	1.54e-07	2.95e-05	1.16e-02	1.82e-01	8.06e-01
 6.87810e+21	0.00e+00	0.00e+00	0.00e+00	0.00e+00	9.34e-28	3.65e-23	3.90e-19	1.22e-15	1.39e-12	6.69e-10	1.80e-07	3.31e-05	1.24e-02	1.88e-01	8.00e-01
 7.01212e+21	0.00e+00	0.00e+00	0.00e+00	0.00e+00	1.33e-27	5.03e-23	5.19e-19	1.56e-15	1.72e-12	8.03e-10	2.07e-07	3.67e-05	1.33e-02	1.93e-01	7.93e-01
 7.13671e+21	0.00e+00	0.00e+00	0.00e+00	0.00e+00	1.86e-27	6.78e-23	6.77e-19	1.98e-15	2.11e-12	9.53e-10	2.37e-07	4.05e-05	1.41e-02	1.99e-01	7.87e-01
 7.27862e+21	0.00e+00	0.00e+00	0.00e+00	0.00e+00	2.66e-27	9.35e-23	9.01e-19	2.54e-15	2.63e-12	1.14e-09	2.73e-07	4.50e-05	1.51e-02	2.04e-01	7.80e-01
 7.43465e+21	0.00e+00	0.00e+00	0.00e+00	0.00e+00	3.95e-27	1.34e-22	1.24e-18	3.36e-15	3.35e-12	1.40e-09	3.20e-07	5.06e-05	1.63e-02	2.11e-01	7.73e-01
 7.57180e+21	0.00e+00	0.00e+00	0.00e+00	0.00e+00	5.61e-27	1.83e-22	1.64e-18	4.31e-15	4.16e-12	1.68e-09	3.69e-07	5.61e-05	1.74e-02	2.17e-01	7.66e-01
 7.69043e+21	0.00e+00	0.00e+00	0.00e+00	0.00e+00	7.45e-27	2.36e-22	2.06e-18	5.26e-15	4.95e-12	1.95e-09	4.13e-07	6.10e-05	1.83e-02	2.22e-01	7.60e-01
 7.82226e+21	0.00e+00	0.00e+00	0.00e+00	0.00e+00	1.02e-26	3.15e-22	2.65e-18	6.58e-15	6.01e-12	2.29e-09	4.69e-07	6.70e-05	1.94e-02	2.27e-01	7.53e-01
 7.99363e+21	0.00e+00	0.00e+00	0.00e+00	0.00e+00	1.53e-26	4.53e-22	3.67e-18	8.76e-15	7.71e-12	2.83e-09	5.52e-07	7.54e-05	2.09e-02	2.35e-01	7.45e-01
 8.17009e+21	0.00e+00	0.00e+00	0.00e+00	0.00e+00	2.31e-26	6.56e-22	5.11e-18	1.17e-14	9.93e-12	3.50e-09	6.52e-07	8.51e-05	2.25e-02	2.42e-01	7.35e-01
 8.31234e+21	0.00e+00	0.00e+00	0.00e+00	0.00e+00	3.20e-26	8.79e-22	6.63e-18	1.47e-14	1.21e-11	4.14e-09	7.43e-07	9.37e-05	2.39e-02	2.48e-01	7.28e-01
 8.45645e+21	0.00e+00	0.00e+00	0.00e+00	0.00e+00	4.41e-26	1.17e-21	8.58e-18	1.85e-14	1.48e-11	4.89e-09	8.45e-07	1.03e-04	2.53e-02	2.54e-01	7.21e-01
 8.64378e+21	0.00e+00	0.00e+00	0.00e+00	0.00e+00	6.63e-26	1.70e-21	1.19e-17	2.47e-14	1.90e-11	6.04e-09	9.96e-07	1.16e-04	2.73e-02	2.62e-01	7.11e-01
 8.83278e+21	0.00e+00	0.00e+00	0.00e+00	0.00e+00	9.95e-26	2.45e-21	1.65e-17	3.30e-14	2.44e-11	7.46e-09	1.17e-06	1.31e-04	2.94e-02	2.69e-01	7.01e-01
 8.98233e+21	0.00e+00	0.00e+00	0.00e+00	0.00e+00	1.36e-25	3.25e-21	2.13e-17	4.12e-14	2.97e-11	8.78e-09	1.33e-06	1.43e-04	3.11e-02	2.76e-01	6.93e-01
 9.13512e+21	0.00e+00	0.00e+00	0.00e+00	0.00e+00	1.86e-25	4.31e-21	2.74e-17	5.15e-14	3.60e-11	1.03e-08	1.51e-06	1.57e-04	3.29e-02	2.82e-01	6.85e-01
 9.33374e+21	0.00e+00	0.00e+00	0.00e+00	0.00e+00	2.77e-25	6.16e-21	3.77e-17	6.82e-14	4.60e-11	1.27e-08	1.77e-06	1.76e-04	3.53e-02	2.90e-01	6.75e-01
 9.54210e+21	0.00e+00	0.00e+00	0.00e+00	0.00e+00	4.18e-25	8.94e-21	5.25e-17	9.13e-14	5.93e-11	1.57e-08	2.09e-06	1.98e-04	3.80e-02	2.98e-01	6.64e-01
 9.71781e+21	0.00e+00	0.00e+00	0.00e+00	0.00e+00	5.86e-25	1.21e-20	6.89e-17	1.16e-13	7.31e-11	1.87e-08	2.39e-06	2.19e-04	4.03e-02	3.05e-01	6.55e-01
 9.87201e+21	0.00e+00	0.00e+00	0.00e+00	0.00e+00	7.83e-25	1.58e-20	8.70e-17	1.43e-13	8.74e-11	2.17e-08	2.69e-06	2.38e-04	4.25e-02	3.11e-01	6.47e-01
 1.00435e+22	0.00e+00	0.00e+00	0.00e+00	0.00e+00	1.07e-24	2.09e-20	1.12e-16	1.78e-13	1.06e-10	2.56e-08	3.05e-06	2.61e-04	4.49e-02	3.17e-01	6.38e-01
 1.02665e+22	0.00e+00	0.00e+00	0.00e+00	0.00e+00	1.60e-24	3.01e-20	1.55e-16	2.37e-13	1.36e-10	3.15e-08	3.58e-06	2.92e-04	4.81e-02	3.25e-01	6.26e-01
 1.04939e+22	0.00e+00	0.00e+00	0.00e+00	0.00e+00	2.39e-24	4.32e-20	2.14e-16	3.15e-13	1.74e-10	3.87e-08	4.20e-06	3.28e-04	5.16e-02	3.33e-01	6.15e-01
 1.06777e+22	0.00e+00	0.00e+00	0.00e+00	0.00e+00	3.28e-24	5.75e-20	2.76e-16	3.95e-13	2.12e-10	4.56e-08	4.77e-06	3.59e-04	5.44e-02	3.40e-01	6.05e-01
 1.08674e+22	0.00e+00	0.00e+00	0.00e+00	0.00e+00	4.51e-24	7.67e-20	3.57e-16	4.95e-13	2.58e-10	5.37e-08	5.41e-06	3.93e-04	5.75e-02	3.46e-01	5.96e-01
 1.11140e+22	0.00e+00	0.00e+00	0.00e+00	0.00e+00	6.75e-24	1.10e-19	4.95e-16	6.59e-13	3.31e-10	6.61e-08	6.35e-06	4.41e-04	6.15e-02	3.55e-01	5.83e-01
 1.13666e+22	0.00e+00	0.00e+00	0.00e+00	0.00e+00	1.01e-23	1.60e-19	6.87e-16	8.81e-13	4.25e-10	8.16e-08	7.47e-06	4.94e-04	6.59e-02	3.63e-01	5.71e-01
 1.15641e+22	0.00e+00	0.00e+00	0.00e+00	1.10e-28	1.38e-23	2.11e-19	8.84e-16	1.10e-12	5.15e-10	9.57e-08	8.45e-06	5.39e-04	6.94e-02	3.69e-01	5.61e-01
 1.17580e+22	0.00e+00	0.00e+00	0.00e+00	1.52e-28	1.86e-23	2.77e-19	1.12e-15	1.36e-12	6.19e-10	1.11e-07	9.50e-06	5.86e-04	7.29e-02	3.75e-01	5.51e-01
 1.20100e+22	0.00e+00	0.00e+00	0.00e+00	2.29e-28	2.72e-23	3.89e-19	1.52e-15	1.77e-12	7.81e-10	1.35e-07	1.10e-05	6.51e-04	7.76e-02	3.83e-01	5.39e-01
 1.22722e+22	0.00e+00	0.00e+00	0.00e+00	3.49e-28	4.00e-23	5.52e-19	2.08e-15	2.34e-12	9.91e-10	1.65e-07	1.28e-05	7.25e-04	8.26e-02	3.90e-01	5.27e-01
 1.24913e+22	0.00e+00	0.00e+00	0.00e+00	4.92e-28	5.49e-23	7.35e-19	2.69e-15	2.92e-12	1.20e-09	1.94e-07	1.45e-05	7.91e-04	8.69e-02	3.96e-01	5.16e-01
 1.27197e+22	0.00e+00	0.00e+00	0.00e+00	6.97e-28	7.57e-23	9.83e-19	3.48e-15	3.67e-12	1.47e-09	2.28e-07	1.65e-05	8.64e-04	9.15e-02	4.02e-01	5.06e-01
 1.30167e+22	0.00e+00	0.00e+00	0.00e+00	1.08e-27	1.14e-22	1.42e-18	4.84e-15	4.90e-12	1.88e-09	2.81e-07	1.93e-05	9.66e-04	9.76e-02	4.09e-01	4.92e-01
 1.33188e+22	0.00e+00	0.00e+00	0.00e+00	1.69e-27	1.71e-22	2.06e-18	6.73e-15	6.55e-12	2.42e-09	3.46e-07	2.27e-05	1.08e-03	1.04e-01	4.17e-01	4.78e-01
 1.35627e+22	0.00e+00	0.00e+00	0.00e+00	2.40e-27	2.36e-22	2.75e-18	8.73e-15	8.23e-12	2.95e-09	4.07e-07	2.57e-05	1.18e-03	1.09e-01	4.22e-01	4.67e-01
 1.38147e+22	0.00e+00	0.00e+00	0.00e+00	3.41e-27	3.26e-22	3.69e-18	1.13e-14	1.03e-11	3.59e-09	4.80e-07	2.91e-05	1.29e-03	1.15e-01	4.28e-01	4.56e-01
 1.40955e+22	0.00e+00	0.00e+00	0.00e+00	5.02e-27	4.66e-22	5.09e-18	1.51e-14	1.33e-11	4.46e-09	5.75e-07	3.34e-05	1.41e-03	1.21e-01	4.33e-01	4.44e-01
 1.43567e+22	0.00e+00	0.00e+00	0.00e+00	7.14e-27	6.44e-22	6.82e-18	1.96e-14	1.68e-11	5.44e-09	6.77e-07	3.78e-05	1.54e-03	1.27e-01	4.38e-01	4.33e-01
 1.46015e+22	0.00e+00	0.00e+00	0.00e+00	9.88e-27	8.69e-22	8.95e-18	2.50e-14	2.07e-11	6.54e-09	7.88e-07	4.25e-05	1.67e-03	1.33e-01	4.43e-01	4.23e-01
 1.48820e+22	0.00e+00	0.00e+00	0.00e+00	1.41e-26	1.20e-21	1.20e-17	3.25e-14	2.61e-11	7.97e-09	9.28e-07	4.81e-05	1.82e-03	1.40e-01	4.47e-01	4.11e-01
 1.52467e+22	0.00e+00	0.00e+00	0.00e+00	2.24e-26	1.85e-21	1.77e-17	4.60e-14	3.53e-11	1.04e-08	1.15e-06	5.67e-05	2.03e-03	1.48e-01	4.53e-01	3.97e-01
 1.56055e+22	0.00e+00	0.00e+00	0.00e+00	3.50e-26	2.79e-21	2.57e-17	6.41e-14	4.73e-11	1.33e-08	1.42e-06	6.63e-05	2.26e-03	1.57e-01	4.58e-01	3.83e-01
 1.58794e+22	0.00e+00	0.00e+00	0.00e+00	4.87e-26	3.79e-21	3.39e-17	8.21e-14	5.87e-11	1.61e-08	1.65e-06	7.45e-05	2.45e-03	1.64e-01	4.61e-01	3.72e-01
 1.61583e+22	0.00e+00	0.00e+00	0.00e+00	6.77e-26	5.13e-21	4.47e-17	1.05e-13	7.28e-11	1.93e-08	1.92e-06	8.36e-05	2.65e-03	1.71e-01	4.64e-01	3.62e-01
 1.65207e+22	0.00e+00	0.00e+00	0.00e+00	1.03e-25	7.55e-21	6.34e-17	1.44e-13	9.57e-11	2.44e-08	2.33e-06	9.67e-05	2.93e-03	1.81e-01	4.68e-01	3.48e-01
 1.69039e+22	0.00e+00	0.00e+00	0.00e+00	1.59e-25	1.13e-20	9.14e-17	1.99e-13	1.27e-10	3.13e-08	2.86e-06	1.13e-04	3.24e-03	1.91e-01	4.71e-01	3.35e-01
 1.72053e+22	0.00e+00	0.00e+00	0.00e+00	2.24e-25	1.55e-20	1.21e-16	2.56e-13	1.59e-10	3.78e-08	3.34e-06	1.27e-04	3.51e-03	1.99e-01	4.73e-01	3.24e-01
 1.74427e+22	0.00e+00	0.00e+00	0.00e+00	2.89e-25	1.96e-20	1.51e-16	3.11e-13	1.88e-10	4.37e-08	3.76e-06	1.39e-04	3.72e-03	2.05e-01	4.75e-01	3.16e-01
 1.77055e+22	0.00e+00	0.00e+00	0.00e+00	3.85e-25	2.55e-20	1.91e-16	3.85e-13	2.27e-10	5.14e-08	4.29e-06	1.53e-04	3.98e-03	2.12e-01	4.76e-01	3.08e-01
 1.80471e+22	0.00e+00	0.00e+00	0.00e+00	5.47e-25	3.54e-20	2.57e-16	5.01e-13	2.86e-10	6.25e-08	5.04e-06	1.73e-04	4.31e-03	2.21e-01	4.77e-01	2.97e-01
 1.84177e+22	0.00e+00	0.00e+00	0.00e+00	8.10e-25	5.10e-20	3.58e-16	6.74e-13	3.70e-10	7.82e-08	6.05e-06	1.98e-04	4.72e-03	2.32e-01	4.78e-01	2.85e-01
 1.87380e+22	0.00e+00	0.00e+00	0.00e+00	1.12e-24	6.91e-20	4.72e-16	8.63e-13	4.60e-10	9.41e-08	7.05e-06	2.22e-04	5.09e-03	2.41e-01	4.79e-01	2.75e-01
 1.89980e+22	0.00e+00	0.00e+00	0.00e+00	1.46e-24	8.81e-20	5.89e-16	1.05e-12	5.46e-10	1.09e-07	7.95e-06	2.43e-04	5.40e-03	2.48e-01	4.79e-01	2.67e-01
 1.92675e+22	0.00e+00	0.00e+00	0.00e+00	1.91e-24	1.13e-19	7.38e-16	1.29e-12	6.52e-10	1.27e-07	8.99e-06	2.66e-04	5.74e-03	2.55e-01	4.79e-01	2.60e-01
 1.96180e+22	0.00e+00	0.00e+00	1.13e-28	2.66e-24	1.53e-19	9.75e-16	1.65e-12	8.09e-10	1.53e-07	1.05e-05	2.98e-04	6.17e-03	2.65e-01	4.79e-01	2.50e-01
 1.99827e+22	0.00e+00	0.00e+00	1.69e-28	3.80e-24	2.14e-19	1.32e-15	2.17e-12	1.03e-09	1.88e-07	1.24e-05	3.37e-04	6.70e-03	2.75e-01	4.78e-01	2.40e-01
 2.02753e+22	0.00e+00	0.00e+00	2.32e-28	5.01e-24	2.78e-19	1.67e-15	2.67e-12	1.24e-09	2.20e-07	1.41e-05	3.71e-04	7.12e-03	2.84e-01	4.77e-01	2.32e-01
 2.05650e+22	0.00e+00	0.00e+00	3.14e-28	6.56e-24	3.57e-19	2.10e-15	3.28e-12	1.48e-09	2.56e-07	1.59e-05	4.07e-04	7.56e-03	2.92e-01	4.76e-01	2.24e-01
 2.08745e+22	0.00e+00	0.00e+00	4.33e-28	8.69e-24	4.65e-19	2.67e-15	4.07e-12	1.78e-09	3.01e-07	1.81e-05	4.48e-04	8.05e-03	3.00e-01	4.74e-01	2.17e-01
 2.11448e+22	0.00e+00	0.00e+00	5.73e-28	1.11e-23	5.85e-19	3.30e-15	4.91e-12	2.10e-09	3.46e-07	2.03e-05	4.88e-04	8.50e-03	3.08e-01	4.73e-01	2.10e-01
 2.13932e+22	0.00e+00	0.00e+00	7.35e-28	1.38e-23	7.18e-19	3.98e-15	5.80e-12	2.43e-09	3.92e-07	2.25e-05	5.26e-04	8.91e-03	3.15e-01	4.71e-01	2.04e-01
 2.16780e+22	0.00e+00	0.00e+00	9.78e-28	1.78e-23	9.08e-19	4.93e-15	7.04e-12	2.87e-09	4.53e-07	2.53e-05	5.73e-04	9.42e-03	3.23e-01	4.69e-01	1.98e-01
 2.19971e+22	0.00e+00	0.00e+00	1.33e-27	2.33e-23	1.17e-18	6.21e-15	8.66e-12	3.44e-09	5.28e-07	2.87e-05	6.28e-04	9.98e-03	3.32e-01	4.67e-01	1.91e-01
 2.23000e+22	0.00e+00	0.00e+00	1.81e-27	3.04e-23	1.50e-18	7.81e-15	1.06e-11	4.12e-09	6.17e-07	3.25e-05	6.89e-04	1.06e-02	3.40e-01	4.65e-01	1.84e-01
 2.25785e+22	0.00e+00	0.00e+00	2.37e-27	3.86e-23	1.88e-18	9.59e-15	1.28e-11	4.84e-09	7.08e-07	3.63e-05	7.48e-04	1.11e-02	3.48e-01	4.62e-01	1.78e-01
 2.28861e+22	0.00e+00	0.00e+00	3.15e-27	4.95e-23	2.38e-18	1.19e-14	1.55e-11	5.72e-09	8.16e-07	4.08e-05	8.14e-04	1.18e-02	3.57e-01	4.59e-01	1.72e-01
 2.32859e+22	0.00e+00	0.00e+00	4.59e-27	6.87e-23	3.25e-18	1.58e-14	2.00e-11	7.16e-09	9.89e-07	4.76e-05	9.12e-04	1.26e-02	3.68e-01	4.55e-01	1.63e-01
 2.36611e+22	0.00e+00	0.00e+00	6.57e-27	9.39e-23	4.37e-18	2.08e-14	2.56e-11	8.88e-09	1.19e-06	5.53e-05	1.02e-03	1.35e-02	3.78e-01	4.51e-01	1.56e-01
 2.39150e+22	0.00e+00	0.00e+00	8.24e-27	1.15e-22	5.27e-18	2.46e-14	2.99e-11	1.01e-08	1.33e-06	6.06e-05	1.09e-03	1.41e-02	3.85e-01	4.48e-01	1.51e-01
 2.41560e+22	0.00e+00	0.00e+00	1.03e-26	1.39e-22	6.33e-18	2.92e-14	3.48e-11	1.16e-08	1.49e-06	6.65e-05	1.16e-03	1.47e-02	3.92e-01	4.45e-01	1.47e-01
 2.44693e+22	0.00e+00	0.00e+00	1.35e-26	1.76e-22	7.93e-18	3.59e-14	4.18e-11	1.36e-08	1.71e-06	7.42e-05	1.26e-03	1.54e-02	4.00e-01	4.42e-01	1.42e-01
 2.48231e+22	0.00e+00	0.00e+00	1.86e-26	2.32e-22	1.03e-17	4.58e-14	5.22e-11	1.65e-08	2.02e-06	8.48e-05	1.39e-03	1.64e-02	4.10e-01	4.37e-01	1.35e-01
 2.51445e+22	0.00e+00	0.00e+00	2.47e-26	2.97e-22	1.31e-17	5.70e-14	6.36e-11	1.96e-08	2.34e-06	9.54e-05	1.51e-03	1.73e-02	4.18e-01	4.33e-01	1.30e-01
 2.54268e+22	0.00e+00	0.00e+00	3.16e-26	3.67e-22	1.61e-17	6.88e-14	7.53e-11	2.27e-08	2.65e-06	1.06e-04	1.63e-03	1.81e-02	4.26e-01	4.29e-01	1.26e-01
 2.57431e+22	0.00e+00	0.00e+00	4.13e-26	4.63e-22	2.01e-17	8.45e-14	9.08e-11	2.68e-08	3.05e-06	1.18e-04	1.77e-03	1.90e-02	4.34e-01	4.24e-01	1.21e-01
 2.61543e+22	0.00e+00	0.00e+00	5.83e-26	6.24e-22	2.68e-17	1.10e-13	1.15e-10	3.30e-08	3.65e-06	1.36e-04	1.96e-03	2.02e-02	4.45e-01	4.18e-01	1.15e-01
 2.65526e+22	0.00e+00	0.00e+00	8.17e-26	8.34e-22	3.55e-17	1.43e-13	1.46e-10	4.06e-08	4.35e-06	1.57e-04	2.18e-03	2.15e-02	4.55e-01	4.12e-01	1.09e-01
 2.68416e+22	0.00e+00	0.00e+00	1.04e-25	1.03e-21	4.34e-17	1.73e-13	1.73e-10	4.71e-08	4.94e-06	1.74e-04	2.34e-03	2.25e-02	4.63e-01	4.08e-01	1.05e-01
 2.71250e+22	0.00e+00	0.00e+00	1.31e-25	1.25e-21	5.26e-17	2.07e-13	2.04e-10	5.42e-08	5.57e-06	1.92e-04	2.51e-03	2.34e-02	4.70e-01	4.03e-01	1.01e-01
 2.74933e+22	0.00e+00	0.00e+00	1.76e-25	1.61e-21	6.74e-17	2.60e-13	2.51e-10	6.51e-08	6.51e-06	2.17e-04	2.75e-03	2.47e-02	4.79e-01	3.97e-01	9.62e-02
 2.78770e+22	0.00e+00	0.00e+00	2.40e-25	2.10e-21	8.73e-17	3.32e-13	3.13e-10	7.89e-08	7.67e-06	2.48e-04	3.02e-03	2.61e-02	4.88e-01	3.91e-01	9.14e-02
 2.81944e+22	0.00e+00	0.00e+00	3.10e-25	2.61e-21	1.08e-16	4.06e-13	3.77e-10	9.27e-08	8.80e-06	2.76e-04	3.27e-03	2.74e-02	4.96e-01	3.86e-01	8.75e-02
 2.84777e+22	0.00e+00	0.00e+00	3.84e-25	3.14e-21	1.30e-16	4.81e-13	4.40e-10	1.06e-07	9.86e-06	3.03e-04	3.49e-03	2.84e-02	5.02e-01	3.81e-01	8.43e-02
 2.88029e+22	0.00e+00	0.00e+00	4.93e-25	3.87e-21	1.61e-16	5.86e-13	5.26e-10	1.24e-07	1.13e-05	3.37e-04	3.77e-03	2.98e-02	5.10e-01	3.75e-01	8.07e-02
 2.92257e+22	0.00e+00	0.00e+00	6.77e-25	5.07e-21	2.10e-16	7.55e-13	6.62e-10	1.52e-07	1.34e-05	3.86e-04	4.16e-03	3.15e-02	5.19e-01	3.68e-01	7.63e-02
 2.96523e+22	0.00e+00	0.00e+00	9.36e-25	6.67e-21	2.77e-16	9.78e-13	8.39e-10	1.87e-07	1.59e-05	4.45e-04	4.60e-03	3.34e-02	5.29e-01	3.61e-01	7.19e-02
 2.99846e+22	0.00e+00	0.00e+00	1.21e-24	8.25e-21	3.43e-16	1.20e-12	1.01e-09	2.20e-07	1.83e-05	4.97e-04	4.99e-03	3.50e-02	5.37e-01	3.54e-01	6.85e-02
 3.03173e+22	0.00e+00	0.00e+00	1.53e-24	1.01e-20	4.21e-16	1.46e-12	1.21e-09	2.57e-07	2.09e-05	5.52e-04	5.38e-03	3.65e-02	5.44e-01	3.49e-01	6.54e-02
 3.07498e+22	0.00e+00	0.00e+00	2.07e-24	1.30e-20	5.45e-16	1.86e-12	1.51e-09	3.12e-07	2.46e-05	6.29e-04	5.90e-03	3.85e-02	5.52e-01	3.41e-01	6.17e-02
 3.12024e+22	0.00e+00	0.00e+00	2.86e-24	1.70e-20	7.18e-16	2.41e-12	1.92e-09	3.85e-07	2.94e-05	7.25e-04	6.54e-03	4.08e-02	5.61e-01	3.33e-01	5.79e-02
 3.15751e+22	0.00e+00	0.00e+00	3.72e-24	2.12e-20	9.00e-16	3.00e-12	2.34e-09	4.58e-07	3.41e-05	8.15e-04	7.11e-03	4.28e-02	5.68e-01	3.26e-01	5.48e-02
 3.18982e+22	0.00e+00	1.41e-28	4.64e-24	2.55e-20	1.09e-15	3.60e-12	2.77e-09	5.31e-07	3.86e-05	9.00e-04	7.63e-03	4.46e-02	5.74e-01	3.20e-01	5.23e-02
 3.22630e+22	0.00e+00	1.86e-28	5.88e-24	3.10e-20	1.34e-15	4.37e-12	3.31e-09	6.20e-07	4.40e-05	9.99e-04	8.22e-03	4.65e-02	5.81e-01	3.14e-01	4.98e-02
 3.27372e+22	0.00e+00	2.65e-28	7.98e-24	3.99e-20	1.74e-15	5.62e-12	4.18e-09	7.61e-07	5.23e-05	1.15e-03	9.06e-03	4.91e-02	5.89e-01	3.05e-01	4.66e-02
 3.32353e+22	0.00e+00	3.86e-28	1.10e-23	5.21e-20	2.30e-15	7.35e-12	5.36e-09	9.44e-07	6.28e-05	1.32e-03	1.00e-02	5.20e-02	5.97e-01	2.97e-01	4.33e-02
 3.36538e+22	0.00e+00	5.27e-28	1.43e-23	6.48e-20	2.90e-15	9.17e-12	6.57e-09	1.13e-06	7.29e-05	1.49e-03	1.09e-02	5.45e-02	6.03e-01	2.89e-01	4.08e-02
 3.40085e+22	0.00e+00	6.83e-28	1.79e-23	7.76e-20	3.51e-15	1.10e-11	7.81e-09	1.31e-06	8.28e-05	1.65e-03	1.18e-02	5.67e-02	6.08e-01	2.83e-01	3.87e-02
 3.43910e+22	0.00e+00	8.87e-28	2.23e-23	9.32e-20	4.26e-15	1.33e-11	9.27e-09	1.53e-06	9.39e-05	1.82e-03	1.26e-02	5.90e-02	6.13e-01	2.77e-01	3.67e-02
 3.48882e+22	0.00e+00	1.24e-27	2.97e-23	1.18e-19	5.47e-15	1.69e-11	1.16e-08	1.86e-06	1.11e-04	2.07e-03	1.38e-02	6.20e-02	6.19e-01	2.68e-01	3.43e-02
 3.53988e+22	0.00e+00	1.75e-27	3.99e-23	1.50e-19	7.07e-15	2.17e-11	1.46e-08	2.27e-06	1.31e-04	2.37e-03	1.52e-02	6.53e-02	6.25e-01	2.60e-01	3.19e-02
 3.58104e+22	0.00e+00	2.30e-27	5.02e-23	1.81e-19	8.65e-15	2.63e-11	1.74e-08	2.66e-06	1.49e-04	2.63e-03	1.64e-02	6.80e-02	6.30e-01	2.53e-01	3.00e-02
 3.62290e+22	0.00e+00	2.99e-27	6.27e-23	2.17e-19	1.05e-14	3.17e-11	2.07e-08	3.10e-06	1.70e-04	2.91e-03	1.76e-02	7.07e-02	6.33e-01	2.47e-01	2.84e-02
 3.67733e+22	0.00e+00	4.17e-27	8.30e-23	2.73e-19	1.34e-14	4.02e-11	2.58e-08	3.76e-06	1.99e-04	3.30e-03	1.92e-02	7.42e-02	6.38e-01	2.39e-01	2.64e-02
 3.73425e+22	0.00e+00	5.90e-27	1.11e-22	3.47e-19	1.73e-14	5.15e-11	3.25e-08	4.60e-06	2.35e-04	3.77e-03	2.11e-02	7.80e-02	6.42e-01	2.30e-01	2.44e-02
 3.78174e+22	0.00e+00	7.82e-27	1.42e-22	4.22e-19	2.13e-14	6.29e-11	3.92e-08	5.41e-06	2.70e-04	4.19e-03	2.27e-02	8.12e-02	6.45e-01	2.23e-01	2.29e-02
 3.83083e+22	0.00e+00	1.03e-26	1.79e-22	5.10e-19	2.60e-14	7.64e-11	4.69e-08	6.35e-06	3.08e-04	4.65e-03	2.44e-02	8.44e-02	6.48e-01	2.17e-01	2.14e-02
 3.89463e+22	0.00e+00	1.46e-26	2.40e-22	6.49e-19	3.35e-14	9.77e-11	5.89e-08	7.76e-06	3.63e-04	5.29e-03	2.67e-02	8.86e-02	6.51e-01	2.08e-01	1.98e-02
 3.96067e+22	0.00e+00	2.09e-26	3.26e-22	8.34e-19	4.35e-14	1.26e-10	7.46e-08	9.54e-06	4.31e-04	6.05e-03	2.93e-02	9.30e-02	6.53e-01	2.00e-01	1.81e-02
 4.01486e+22	0.00e+00	2.79e-26	4.17e-22	1.02e-18	5.36e-14	1.54e-10	8.98e-08	1.12e-05	4.93e-04	6.72e-03	3.16e-02	9.67e-02	6.54e-01	1.93e-01	1.69e-02
 4.06188e+22	0.00e+00	3.56e-26	5.13e-22	1.21e-18	6.39e-14	1.82e-10	1.05e-07	1.30e-05	5.53e-04	7.36e-03	3.36e-02	9.99e-02	6.55e-01	1.88e-01	1.59e-02
 4.11434e+22	0.00e+00	4.59e-26	6.37e-22	1.44e-18	7.67e-14	2.17e-10	1.24e-07	1.49e-05	6.22e-04	8.06e-03	3.58e-02	1.03e-01	6.56e-01	1.82e-01	1.49e-02
 4.18254e+22	0.00e+00	6.35e-26	8.41e-22	1.81e-18	9.67e-14	2.72e-10	1.52e-07	1.79e-05	7.22e-04	9.05e-03	3.87e-02	1.07e-01	6.56e-01	1.75e-01	1.38e-02
 4.25169e+22	0.00e+00	8.87e-26	1.12e-21	2.29e-18	1.23e-13	3.42e-10	1.88e-07	2.16e-05	8.41e-04	1.02e-02	4.20e-02	1.12e-01	6.55e-01	1.67e-01	1.27e-02
 4.30616e+22	0.00e+00	1.15e-25	1.40e-21	2.75e-18	1.47e-13	4.08e-10	2.22e-07	2.50e-05	9.47e-04	1.12e-02	4.47e-02	1.16e-01	6.54e-01	1.61e-01	1.18e-02
 4.36106e+22	0.00e+00	1.47e-25	1.72e-21	3.27e-18	1.74e-13	4.79e-10	2.58e-07	2.85e-05	1.05e-03	1.21e-02	4.73e-02	1.19e-01	6.53e-01	1.57e-01	1.11e-02
 4.43243e+22	0.00e+00	2.00e-25	2.24e-21	4.06e-18	2.16e-13	5.90e-10	3.13e-07	3.37e-05	1.21e-03	1.35e-02	5.08e-02	1.23e-01	6.51e-01	1.50e-01	1.03e-02
 4.50831e+22	0.00e+00	2.78e-25	2.98e-21	5.15e-18	2.72e-13	7.35e-10	3.84e-07	4.04e-05	1.40e-03	1.51e-02	5.48e-02	1.28e-01	6.48e-01	1.43e-01	9.43e-03
 4.57329e+22	0.00e+00	3.68e-25	3.79e-21	6.28e-18	3.30e-13	8.86e-10	4.56e-07	4.71e-05	1.58e-03	1.66e-02	5.84e-02	1.32e-01	6.45e-01	1.38e-01	8.74e-03
 4.63200e+22	0.00e+00	4.67e-25	4.65e-21	7.46e-18	3.89e-13	1.04e-09	5.27e-07	5.34e-05	1.75e-03	1.79e-02	6.14e-02	1.35e-01	6.42e-01	1.33e-01	8.21e-03
 4.69932e+22	0.00e+00	6.10e-25	5.86e-21	9.03e-18	4.67e-13	1.23e-09	6.19e-07	6.15e-05	1.96e-03	1.95e-02	6.50e-02	1.39e-01	6.39e-01	1.28e-01	7.64e-03
 4.77321e+22	0.00e+00	8.19e-25	7.55e-21	1.12e-17	5.70e-13	1.49e-09	7.38e-07	7.18e-05	2.22e-03	2.15e-02	6.92e-02	1.43e-01	6.34e-01	1.23e-01	7.06e-03
 4.83981e+22	0.00e+00	1.06e-24	9.47e-21	1.35e-17	6.81e-13	1.77e-09	8.63e-07	8.24e-05	2.48e-03	2.34e-02	7.31e-02	1.47e-01	6.30e-01	1.18e-01	6.57e-03
 4.90074e+22	0.00e+00	1.34e-24	1.15e-20	1.59e-17	7.95e-13	2.04e-09	9.87e-07	9.27e-05	2.72e-03	2.51e-02	7.66e-02	1.50e-01	6.26e-01	1.14e-01	6.17e-03
 4.97012e+22	0.00e+00	1.72e-24	1.44e-20	1.91e-17	9.42e-13	2.40e-09	1.14e-06	1.06e-04	3.02e-03	2.71e-02	8.05e-02	1.53e-01	6.21e-01	1.10e-01	5.76e-03
 5.06032e+22	0.00e+00	2.37e-24	1.89e-20	2.41e-17	1.17e-12	2.94e-09	1.38e-06	1.24e-04	3.44e-03	2.99e-02	8.57e-02	1.57e-01	6.14e-01	1.04e-01	5.27e-03
 5.15395e+22	0.00e+00	3.31e-24	2.54e-20	3.09e-17	1.46e-12	3.63e-09	1.67e-06	1.47e-04	3.94e-03	3.31e-02	9.14e-02	1.62e-01	6.06e-01	9.87e-02	4.79e-03
 5.23079e+22	0.00e+00	4.33e-24	3.21e-20	3.76e-17	1.75e-12	4.30e-09	1.95e-06	1.68e-04	4.38e-03	3.58e-02	9.61e-02	1.65e-01	5.99e-01	9.45e-02	4.44e-03
 5.30945e+22	0.00e+00	5.62e-24	4.02e-20	4.55e-17	2.07e-12	5.06e-09	2.27e-06	1.92e-04	4.86e-03	3.86e-02	1.01e-01	1.69e-01	5.92e-01	9.04e-02	4.12e-03
 5.41172e+22	0.00e+00	7.77e-24	5.34e-20	5.79e-17	2.57e-12	6.19e-09	2.72e-06	2.25e-04	5.50e-03	4.24e-02	1.07e-01	1.72e-01	5.83e-01	8.56e-02	3.75e-03
 5.52084e+22	0.00e+00	1.11e-23	7.27e-20	7.53e-17	3.25e-12	7.70e-09	3.32e-06	2.67e-04	6.30e-03	4.68e-02	1.13e-01	1.77e-01	5.73e-01	8.06e-02	3.38e-03
 5.61382e+22	0.00e+00	1.48e-23	9.39e-20	9.36e-17	3.94e-12	9.21e-09	3.91e-06	3.08e-04	7.04e-03	5.07e-02	1.19e-01	1.80e-01	5.63e-01	7.65e-02	3.10e-03
 5.69341e+22	0.00e+00	1.89e-23	1.16e-19	1.12e-16	4.62e-12	1.07e-08	4.47e-06	3.45e-04	7.70e-03	5.42e-02	1.24e-01	1.82e-01	5.56e-01	7.33e-02	2.89e-03
 5.78067e+22	0.00e+00	2.44e-23	1.45e-19	1.36e-16	5.46e-12	1.25e-08	5.14e-06	3.90e-04	8.46e-03	5.80e-02	1.29e-01	1.85e-01	5.47e-01	7.00e-02	2.67e-03
 5.89410e+22	0.00e+00	3.34e-23	1.91e-19	1.72e-16	6.72e-12	1.51e-08	6.11e-06	4.52e-04	9.50e-03	6.30e-02	1.35e-01	1.88e-01	5.36e-01	6.60e-02	2.43e-03
 6.01530e+22	0.00e+00	4.72e-23	2.59e-19	2.22e-16	8.43e-12	1.86e-08	7.37e-06	5.32e-04	1.08e-02	6.89e-02	1.43e-01	1.91e-01	5.23e-01	6.18e-02	2.18e-03
 6.11940e+22	0.00e+00	6.30e-23	3.34e-19	2.76e-16	1.02e-11	2.22e-08	8.62e-06	6.08e-04	1.19e-02	7.42e-02	1.49e-01	1.93e-01	5.11e-01	5.84e-02	2.00e-03
 6.22754e+22	0.00e+00	8.32e-23	4.27e-19	3.41e-16	1.22e-11	2.62e-08	1.00e-05	6.91e-04	1.32e-02	7.95e-02	1.55e-01	1.95e-01	5.00e-01	5.53e-02	1.83e-03
 6.36812e+22	1.63e-28	1.18e-22	5.80e-19	4.43e-16	1.54e-11	3.22e-08	1.20e-05	8.08e-04	1.48e-02	8.65e-02	1.62e-01	1.97e-01	4.86e-01	5.15e-02	1.64e-03
 6.51842e+22	2.50e-28	1.72e-22	8.10e-19	5.90e-16	1.96e-11	4.04e-08	1.47e-05	9.60e-04	1.69e-02	9.47e-02	1.70e-01	1.99e-01	4.70e-01	4.76e-02	1.44e-03
 6.64814e+22	3.56e-28	2.36e-22	1.07e-18	7.50e-16	2.42e-11	4.88e-08	1.74e-05	1.11e-03	1.88e-02	1.02e-01	1.77e-01	2.00e-01	4.56e-01	4.45e-02	1.30e-03
 6.78357e+22	5.01e-28	3.21e-22	1.40e-18	9.45e-16	2.95e-11	5.84e-08	2.04e-05	1.27e-03	2.08e-02	1.09e-01	1.83e-01	2.01e-01	4.42e-01	4.16e-02	1.17e-03
 6.93415e+22	7.30e-28	4.50e-22	1.89e-18	1.22e-15	3.68e-11	7.13e-08	2.43e-05	1.47e-03	2.33e-02	1.18e-01	1.90e-01	2.01e-01	4.27e-01	3.86e-02	1.04e-03
 7.07397e+22	1.04e-27	6.15e-22	2.49e-18	1.55e-15	4.50e-11	8.55e-08	2.86e-05	1.68e-03	2.58e-02	1.26e-01	1.97e-01	2.01e-01	4.12e-01	3.59e-02	9.35e-04
 7.20439e+22	1.41e-27	8.08e-22	3.17e-18	1.90e-15	5.37e-11	1.00e-07	3.29e-05	1.89e-03	2.81e-02	1.34e-01	2.02e-01	2.01e-01	3.99e-01	3.36e-02	8.49e-04
 7.35303e+22	1.97e-27	1.09e-21	4.14e-18	2.39e-15	6.52e-11	1.19e-07	3.83e-05	2.15e-03	3.09e-02	1.42e-01	2.08e-01	2.01e-01	3.84e-01	3.12e-02	7.60e-04
 7.51988e+22	2.84e-27	1.52e-21	5.53e-18	3.07e-15	8.07e-11	1.45e-07	4.53e-05	2.47e-03	3.42e-02	1.52e-01	2.14e-01	2.00e-01	3.68e-01	2.88e-02	6.73e-04
 7.67713e+22	3.99e-27	2.06e-21	7.24e-18	3.87e-15	9.81e-11	1.72e-07	5.28e-05	2.80e-03	3.75e-02	1.61e-01	2.20e-01	1.98e-01	3.53e-01	2.66e-02	6.00e-04
 7.82476e+22	5.41e-27	2.70e-21	9.21e-18	4.76e-15	1.17e-10	2.01e-07	6.04e-05	3.14e-03	4.07e-02	1.70e-01	2.24e-01	1.97e-01	3.40e-01	2.48e-02	5.41e-04
 7.99315e+22	7.54e-27	3.64e-21	1.20e-17	5.95e-15	1.41e-10	2.38e-07	7.00e-05	3.54e-03	4.45e-02	1.79e-01	2.29e-01	1.95e-01	3.25e-01	2.28e-02	4.81e-04
 8.21205e+22	1.12e-26	5.19e-21	1.64e-17	7.80e-15	1.78e-10	2.92e-07	8.34e-05	4.09e-03	4.93e-02	1.91e-01	2.34e-01	1.92e-01	3.08e-01	2.07e-02	4.17e-04
 8.43999e+22	1.74e-26	7.69e-21	2.32e-17	1.05e-14	2.28e-10	3.64e-07	1.01e-04	4.79e-03	5.52e-02	2.05e-01	2.39e-01	1.88e-01	2.89e-01	1.85e-02	3.55e-04
 8.62373e+22	2.45e-26	1.04e-20	3.03e-17	1.32e-14	2.76e-10	4.32e-07	1.17e-04	5.41e-03	6.01e-02	2.15e-01	2.43e-01	1.85e-01	2.74e-01	1.69e-02	3.12e-04
 8.80666e+22	3.30e-26	1.36e-20	3.84e-17	1.61e-14	3.27e-10	5.02e-07	1.33e-04	6.00e-03	6.46e-02	2.25e-01	2.46e-01	1.82e-01	2.61e-01	1.56e-02	2.79e-04
 9.04447e+22	4.81e-26	1.91e-20	5.16e-17	2.08e-14	4.04e-10	6.04e-07	1.56e-04	6.84e-03	7.07e-02	2.36e-01	2.49e-01	1.78e-01	2.45e-01	1.40e-02	2.40e-04
 9.30322e+22	7.32e-26	2.78e-20	7.17e-17	2.75e-14	5.11e-10	7.43e-07	1.86e-04	7.90e-03	7.81e-02	2.50e-01	2.51e-01	1.73e-01	2.28e-01	1.24e-02	2.03e-04
 9.53061e+22	1.05e-25	3.82e-20	9.49e-17	3.50e-14	6.23e-10	8.84e-07	2.16e-04	8.91e-03	8.47e-02	2.61e-01	2.53e-01	1.68e-01	2.13e-01	1.12e-02	1.75e-04
 9.76767e+22	1.46e-25	5.13e-20	1.23e-16	4.37e-14	7.48e-10	1.04e-06	2.48e-04	9.96e-03	9.13e-02	2.72e-01	2.54e-01	1.63e-01	2.00e-01	1.01e-02	1.52e-04
 1.00255e+23	2.10e-25	7.11e-20	1.64e-16	5.57e-14	9.16e-10	1.24e-06	2.88e-04	1.12e-02	9.88e-02	2.83e-01	2.54e-01	1.58e-01	1.86e-01	8.99e-03	1.30e-04
 1.02541e+23	2.90e-25	9.47e-20	2.11e-16	6.90e-14	1.09e-09	1.44e-06	3.29e-04	1.25e-02	1.06e-01	2.93e-01	2.54e-01	1.53e-01	1.74e-01	8.09e-03	1.13e-04
 1.04590e+23	3.76e-25	1.20e-19	2.59e-16	8.22e-14	1.26e-09	1.64e-06	3.65e-04	1.36e-02	1.12e-01	3.01e-01	2.53e-01	1.49e-01	1.65e-01	7.42e-03	1.01e-04
 1.06898e+23	5.00e-25	1.54e-19	3.24e-16	9.91e-14	1.47e-09	1.87e-06	4.09e-04	1.49e-02	1.19e-01	3.09e-01	2.52e-01	1.44e-01	1.55e-01	6.74e-03	8.83e-05
 1.09897e+23	6.98e-25	2.08e-19	4.20e-16	1.24e-13	1.76e-09	2.19e-06	4.67e-04	1.65e-02	1.27e-01	3.18e-01	2.50e-01	1.38e-01	1.43e-01	6.01e-03	7.57e-05
 1.13207e+23	1.03e-24	2.94e-19	5.68e-16	1.60e-13	2.17e-09	2.62e-06	5.44e-04	1.86e-02	1.37e-01	3.29e-01	2.47e-01	1.32e-01	1.31e-01	5.23e-03	6.29e-05
 1.16132e+23	1.44e-24	3.97e-19	7.39e-16	2.00e-13	2.60e-09	3.07e-06	6.21e-04	2.07e-02	1.46e-01	3.37e-01	2.44e-01	1.26e-01	1.21e-01	4.63e-03	5.35e-05
 1.18700e+23	1.90e-24	5.07e-19	9.15e-16	2.39e-13	3.01e-09	3.48e-06	6.90e-04	2.25e-02	1.53e-01	3.44e-01	2.41e-01	1.21e-01	1.13e-01	4.18e-03	4.67e-05
 1.21595e+23	2.50e-24	6.48e-19	1.14e-15	2.87e-13	3.49e-09	3.95e-06	7.67e-04	2.44e-02	1.61e-01	3.50e-01	2.38e-01	1.17e-01	1.05e-01	3.76e-03	4.06e-05
 1.25358e+23	3.48e-24	8.71e-19	1.47e-15	3.57e-13	4.16e-09	4.60e-06	8.70e-04	2.69e-02	1.71e-01	3.57e-01	2.33e-01	1.11e-01	9.63e-02	3.31e-03	3.44e-05
 1.30096e+23	5.18e-24	1.24e-18	2.01e-15	4.64e-13	5.13e-09	5.51e-06	1.01e-03	3.03e-02	1.83e-01	3.65e-01	2.27e-01	1.04e-01	8.65e-02	2.83e-03	2.79e-05
 1.34880e+23	8.04e-24	1.84e-18	2.82e-15	6.19e-13	6.47e-09	6.71e-06	1.19e-03	3.44e-02	1.96e-01	3.72e-01	2.20e-01	9.68e-02	7.64e-02	2.37e-03	2.21e-05
 1.38705e+23	1.12e-23	2.47e-18	3.65e-15	7.68e-13	7.69e-09	7.77e-06	1.34e-03	3.78e-02	2.07e-01	3.77e-01	2.14e-01	9.14e-02	6.95e-02	2.07e-03	1.85e-05
 1.42509e+23	1.47e-23	3.15e-18	4.52e-15	9.20e-13	8.88e-09	8.78e-06	1.49e-03	4.08e-02	2.16e-01	3.80e-01	2.09e-01	8.69e-02	6.41e-02	1.84e-03	1.59e-05
 1.47453e+23	2.01e-23	4.18e-18	5.78e-15	1.13e-12	1.05e-08	1.01e-05	1.67e-03	4.45e-02	2.26e-01	3.83e-01	2.03e-01	8.19e-02	5.83e-02	1.60e-03	1.33e-05
 1.53314e+23	2.93e-23	5.86e-18	7.76e-15	1.45e-12	1.28e-08	1.19e-05	1.91e-03	4.94e-02	2.39e-01	3.86e-01	1.95e-01	7.61e-02	5.18e-02	1.36e-03	1.08e-05
 1.59240e+23	4.30e-23	8.25e-18	1.05e-14	1.87e-12	1.56e-08	1.41e-05	2.19e-03	5.48e-02	2.51e-01	3.87e-01	1.87e-01	7.04e-02	4.59e-02	1.14e-03	8.63e-06
 1.64745e+23	5.94e-23	1.10e-17	1.35e-14	2.31e-12	1.85e-08	1.63e-05	2.45e-03	5.97e-02	2.62e-01	3.88e-01	1.80e-01	6.58e-02	4.13e-02	9.87e-04	7.13e-06
 1.70801e+23	7.88e-23	1.42e-17	1.68e-14	2.79e-12	2.14e-08	1.84e-05	2.71e-03	6.43e-02	2.72e-01	3.88e-01	1.73e-01	6.19e-02	3.76e-02	8.66e-04	6.03e-06
 1.77756e+23	1.10e-22	1.92e-17	2.19e-14	3.49e-12	2.56e-08	2.13e-05	3.04e-03	7.02e-02	2.83e-01	3.86e-01	1.66e-01	5.75e-02	3.35e-02	7.39e-04	4.92e-06
 1.84729e+23	1.51e-22	2.56e-17	2.81e-14	4.31e-12	3.02e-08	2.44e-05	3.40e-03	7.62e-02	2.93e-01	3.85e-01	1.58e-01	5.34e-02	3.00e-02	6.34e-04	4.05e-06
 1.91980e+23	1.98e-22	3.26e-17	3.48e-14	5.16e-12	3.48e-08	2.75e-05	3.73e-03	8.15e-02	3.02e-01	3.82e-01	1.52e-01	5.01e-02	2.73e-02	5.56e-04	3.43e-06
 1.99782e+23	2.60e-22	4.18e-17	4.33e-14	6.21e-12	4.03e-08	3.09e-05	4.10e-03	8.74e-02	3.11e-01	3.79e-01	1.46e-01	4.69e-02	2.47e-02	4.85e-04	2.88e-06
 2.07897e+23	3.35e-22	5.26e-17	5.29e-14	7.37e-12	4.61e-08	3.46e-05	4.47e-03	9.30e-02	3.19e-01	3.76e-01	1.40e-01	4.40e-02	2.25e-02	4.27e-04	2.45e-06
 2.16336e+23	4.23e-22	6.50e-17	6.37e-14	8.63e-12	5.23e-08	3.82e-05	4.83e-03	9.85e-02	3.27e-01	3.73e-01	1.35e-01	4.15e-02	2.06e-02	3.80e-04	2.11e-06
 2.24881e+23	5.26e-22	7.93e-17	7.58e-14	1.00e-11	5.87e-08	4.20e-05	5.21e-03	1.04e-01	3.33e-01	3.69e-01	1.30e-01	3.93e-02	1.90e-02	3.39e-04	1.83e-06
 2.32941e+23	6.40e-22	9.49e-17	8.88e-14	1.15e-11	6.53e-08	4.58e-05	5.56e-03	1.09e-01	3.39e-01	3.66e-01	1.25e-01	3.73e-02	1.76e-02	3.06e-04	1.61e-06
 2.40195e+23	7.51e-22	1.10e-16	1.01e-13	1.28e-11	7.12e-08	4.91e-05	5.87e-03	1.13e-01	3.44e-01	3.63e-01	1.21e-01	3.57e-02	1.65e-02	2.81e-04	1.45e-06
 2.46724e+23	8.55e-22	1.24e-16	1.12e-13	1.40e-11	7.64e-08	5.19e-05	6.13e-03	1.17e-01	3.48e-01	3.60e-01	1.19e-01	3.45e-02	1.57e-02	2.63e-04	1.33e-06
 2.52600e+23	9.50e-22	1.36e-16	1.22e-13	1.50e-11	8.09e-08	5.44e-05	6.35e-03	1.20e-01	3.51e-01	3.58e-01	1.16e-01	3.35e-02	1.51e-02	2.48e-04	1.24e-06
 2.57888e+23	1.03e-21	1.47e-16	1.31e-13	1.59e-11	8.47e-08	5.64e-05	6.53e-03	1.22e-01	3.53e-01	3.56e-01	1.14e-01	3.27e-02	1.46e-02	2.37e-04	1.17e-06
 2.62647e+23	1.11e-21	1.57e-16	1.39e-13	1.67e-11	8.81e-08	5.82e-05	6.69e-03	1.24e-01	3.55e-01	3.55e-01	1.13e-01	3.21e-02	1.42e-02	2.28e-04	1.11e-06
 2.66931e+23	1.17e-21	1.65e-16	1.45e-13	1.74e-11	9.07e-08	5.96e-05	6.81e-03	1.26e-01	3.57e-01	3.54e-01	1.11e-01	3.16e-02	1.39e-02	2.22e-04	1.07e-06
 2.70786e+23	1.23e-21	1.72e-16	1.50e-13	1.80e-11	9.31e-08	6.08e-05	6.92e-03	1.27e-01	3.58e-01	3.52e-01	1.10e-01	3.12e-02	1.36e-02	2.16e-04	1.04e-06
 2.74255e+23	1.28e-21	1.79e-16	1.55e-13	1.85e-11	9.52e-08	6.19e-05	7.02e-03	1.28e-01	3.59e-01	3.51e-01	1.10e-01	3.08e-02	1.34e-02	2.11e-04	1.01e-06
 2.77426e+23	1.32e-21	1.84e-16	1.59e-13	1.89e-11	9.69e-08	6.28e-05	7.09e-03	1.29e-01	3.60e-01	3.51e-01	1.09e-01	3.06e-02	1.32e-02	2.08e-04	9.89e-07
 2.80481e+23	1.34e-21	1.87e-16	1.62e-13	1.91e-11	9.78e-08	6.33e-05	7.13e-03	1.30e-01	3.61e-01	3.50e-01	1.08e-01	3.04e-02	1.31e-02	2.06e-04	9.78e-07
 2.83536e+23	1.36e-21	1.90e-16	1.63e-13	1.93e-11	9.85e-08	6.36e-05	7.16e-03	1.30e-01	3.61e-01	3.50e-01	1.08e-01	3.03e-02	1.31e-02	2.04e-04	9.70e-07
 2.86591e+23	1.38e-21	1.92e-16	1.65e-13	1.95e-11	9.93e-08	6.41e-05	7.20e-03	1.31e-01	3.61e-01	3.50e-01	1.08e-01	3.02e-02	1.30e-02	2.03e-04	9.59e-07
 2.89646e+23	1.41e-21	1.96e-16	1.68e-13	1.98e-11	1.00e-07	6.46e-05	7.25e-03	1.31e-01	3.62e-01	3.49e-01	1.07e-01	3.00e-02	1.29e-02	2.00e-04	9.46e-07
 2.92700e+23	1.41e-21	1.97e-16	1.69e-13	1.98e-11	1.01e-07	6.47e-05	7.26e-03	1.31e-01	3.62e-01	3.49e-01	1.07e-01	3.00e-02	1.28e-02	2.00e-04	9.44e-07
 2.95755e+23	1.42e-21	1.98e-16	1.70e-13	1.99e-11	1.01e-07	6.49e-05	7.27e-03	1.32e-01	3.62e-01	3.49e-01	1.07e-01	2.99e-02	1.28e-02	1.99e-04	9.39e-07
 2.98810e+23	1.43e-21	1.99e-16	1.70e-13	2.00e-11	1.01e-07	6.51e-05	7.29e-03	1.32e-01	3.62e-01	3.49e-01	1.07e-01	2.98e-02	1.28e-02	1.99e-04	9.35e-07
 3.01865e+23	1.43e-21	1.99e-16	1.71e-13	2.00e-11	1.01e-07	6.52e-05	7.29e-03	1.32e-01	3.62e-01	3.49e-01	1.07e-01	2.98e-02	1.28e-02	1.98e-04	9.34e-07
 3.04437e+23	1.49e-21	2.07e-16	1.77e-13	2.06e-11	1.04e-07	6.63e-05	7.40e-03	1.33e-01	3.63e-01	3.48e-01	1.06e-01	2.95e-02	1.25e-02	1.94e-04	9.07e-07
