#depth	Mg	Mg+	Mg+2	Mg+3	Mg+4	Mg+5	Mg+6	Mg+7	Mg+8	Mg+9	Mg+10	Mg+11	Mg+12
 6.17135e+19	0.00e+00	0.00e+00	0.00e+00	0.00e+00	0.00e+00	3.33e-28	4.10e-23	1.70e-18	3.65e-14	4.11e-10	8.70e-06	5.73e-03	9.94e-01
 1.87609e+20	0.00e+00	0.00e+00	0.00e+00	0.00e+00	0.00e+00	5.89e-28	6.68e-23	2.55e-18	5.03e-14	5.23e-10	1.02e-05	6.22e-03	9.94e-01
 3.18540e+20	0.00e+00	0.00e+00	0.00e+00	0.00e+00	0.00e+00	1.04e-27	1.09e-22	3.84e-18	6.95e-14	6.65e-10	1.20e-05	6.74e-03	9.93e-01
 4.54709e+20	0.00e+00	0.00e+00	0.00e+00	0.00e+00	0.00e+00	1.86e-27	1.78e-22	5.77e-18	9.61e-14	8.46e-10	1.41e-05	7.31e-03	9.93e-01
 5.74411e+20	0.00e+00	0.00e+00	0.00e+00	0.00e+00	0.00e+00	3.04e-27	2.71e-22	8.18e-18	1.27e-13	1.04e-09	1.62e-05	7.84e-03	9.92e-01
 6.66685e+20	0.00e+00	0.00e+00	0.00e+00	0.00e+00	0.00e+00	4.40e-27	3.72e-22	1.06e-17	1.56e-13	1.21e-09	1.80e-05	8.26e-03	9.92e-01
 7.48882e+20	0.00e+00	0.00e+00	0.00e+00	0.00e+00	0.00e+00	6.08e-27	4.90e-22	1.34e-17	1.87e-13	1.39e-09	1.97e-05	8.64e-03	9.91e-01
 8.41357e+20	0.00e+00	0.00e+00	0.00e+00	0.00e+00	0.00e+00	8.68e-27	6.65e-22	1.72e-17	2.28e-13	1.61e-09	2.18e-05	9.09e-03	9.91e-01
 9.61574e+20	0.00e+00	0.00e+00	0.00e+00	0.00e+00	0.00e+00	1.36e-26	9.78e-22	2.37e-17	2.94e-13	1.94e-09	2.48e-05	9.68e-03	9.90e-01
 1.08324e+21	0.00e+00	0.00e+00	0.00e+00	0.00e+00	0.00e+00	2.14e-26	1.43e-21	3.25e-17	3.78e-13	2.34e-09	2.81e-05	1.03e-02	9.90e-01
 1.17841e+21	0.00e+00	0.00e+00	0.00e+00	0.00e+00	0.00e+00	3.01e-26	1.92e-21	4.15e-17	4.58e-13	2.70e-09	3.09e-05	1.08e-02	9.89e-01
 1.27376e+21	0.00e+00	0.00e+00	0.00e+00	0.00e+00	0.00e+00	4.22e-26	2.56e-21	5.26e-17	5.54e-13	3.10e-09	3.39e-05	1.13e-02	9.89e-01
 1.39771e+21	0.00e+00	0.00e+00	0.00e+00	0.00e+00	0.00e+00	6.49e-26	3.71e-21	7.14e-17	7.04e-13	3.70e-09	3.83e-05	1.21e-02	9.88e-01
 1.52616e+21	0.00e+00	0.00e+00	0.00e+00	0.00e+00	0.00e+00	1.01e-25	5.38e-21	9.73e-17	8.99e-13	4.44e-09	4.33e-05	1.28e-02	9.87e-01
 1.63080e+21	0.00e+00	0.00e+00	0.00e+00	0.00e+00	0.00e+00	1.43e-25	7.25e-21	1.24e-16	1.09e-12	5.12e-09	4.77e-05	1.35e-02	9.86e-01
 1.73722e+21	0.00e+00	0.00e+00	0.00e+00	0.00e+00	0.00e+00	2.02e-25	9.77e-21	1.59e-16	1.33e-12	5.91e-09	5.25e-05	1.41e-02	9.86e-01
 1.84877e+21	0.00e+00	0.00e+00	0.00e+00	0.00e+00	0.00e+00	2.91e-25	1.33e-20	2.06e-16	1.62e-12	6.86e-09	5.81e-05	1.49e-02	9.85e-01
 1.94277e+21	0.00e+00	0.00e+00	0.00e+00	0.00e+00	0.00e+00	3.91e-25	1.71e-20	2.54e-16	1.91e-12	7.75e-09	6.31e-05	1.55e-02	9.84e-01
 2.04073e+21	0.00e+00	0.00e+00	0.00e+00	0.00e+00	0.00e+00	5.33e-25	2.23e-20	3.16e-16	2.27e-12	8.80e-09	6.87e-05	1.62e-02	9.84e-01
 2.16808e+21	0.00e+00	0.00e+00	0.00e+00	0.00e+00	0.00e+00	7.90e-25	3.12e-20	4.16e-16	2.83e-12	1.03e-08	7.66e-05	1.71e-02	9.83e-01
 2.29610e+21	0.00e+00	0.00e+00	0.00e+00	0.00e+00	0.00e+00	1.17e-24	4.35e-20	5.48e-16	3.51e-12	1.21e-08	8.54e-05	1.80e-02	9.82e-01
 2.39468e+21	0.00e+00	0.00e+00	0.00e+00	0.00e+00	0.00e+00	1.57e-24	5.60e-20	6.76e-16	4.14e-12	1.37e-08	9.27e-05	1.88e-02	9.81e-01
 2.49251e+21	0.00e+00	0.00e+00	0.00e+00	0.00e+00	0.00e+00	2.10e-24	7.17e-20	8.29e-16	4.86e-12	1.54e-08	1.00e-04	1.95e-02	9.80e-01
 2.61970e+21	0.00e+00	0.00e+00	0.00e+00	0.00e+00	0.00e+00	3.02e-24	9.80e-20	1.07e-15	5.96e-12	1.79e-08	1.11e-04	2.05e-02	9.79e-01
 2.75179e+21	0.00e+00	0.00e+00	0.00e+00	0.00e+00	0.00e+00	4.45e-24	1.36e-19	1.41e-15	7.38e-12	2.09e-08	1.23e-04	2.17e-02	9.78e-01
 2.85994e+21	0.00e+00	0.00e+00	0.00e+00	0.00e+00	0.00e+00	6.06e-24	1.77e-19	1.75e-15	8.74e-12	2.37e-08	1.34e-04	2.26e-02	9.77e-01
 2.94880e+21	0.00e+00	0.00e+00	0.00e+00	0.00e+00	0.00e+00	7.83e-24	2.21e-19	2.10e-15	1.01e-11	2.63e-08	1.44e-04	2.34e-02	9.76e-01
 3.04292e+21	0.00e+00	0.00e+00	0.00e+00	0.00e+00	0.00e+00	1.01e-23	2.75e-19	2.51e-15	1.16e-11	2.92e-08	1.55e-04	2.42e-02	9.76e-01
 3.16527e+21	0.00e+00	0.00e+00	0.00e+00	0.00e+00	1.33e-28	1.42e-23	3.66e-19	3.19e-15	1.40e-11	3.35e-08	1.70e-04	2.54e-02	9.74e-01
 3.28917e+21	0.00e+00	0.00e+00	0.00e+00	0.00e+00	1.95e-28	1.98e-23	4.86e-19	4.03e-15	1.68e-11	3.84e-08	1.86e-04	2.65e-02	9.73e-01
 3.38839e+21	0.00e+00	0.00e+00	0.00e+00	0.00e+00	2.68e-28	2.61e-23	6.15e-19	4.90e-15	1.96e-11	4.29e-08	2.00e-04	2.75e-02	9.72e-01
 3.49071e+21	0.00e+00	0.00e+00	0.00e+00	0.00e+00	3.66e-28	3.42e-23	7.74e-19	5.93e-15	2.28e-11	4.79e-08	2.16e-04	2.86e-02	9.71e-01
 3.60585e+21	0.00e+00	0.00e+00	0.00e+00	0.00e+00	5.21e-28	4.64e-23	1.00e-18	7.35e-15	2.70e-11	5.42e-08	2.34e-04	2.98e-02	9.70e-01
 3.71332e+21	0.00e+00	0.00e+00	0.00e+00	0.00e+00	7.22e-28	6.16e-23	1.28e-18	8.98e-15	3.15e-11	6.08e-08	2.53e-04	3.09e-02	9.69e-01
 3.81157e+21	0.00e+00	0.00e+00	0.00e+00	0.00e+00	9.65e-28	7.93e-23	1.59e-18	1.07e-14	3.63e-11	6.74e-08	2.71e-04	3.20e-02	9.68e-01
 3.92217e+21	0.00e+00	0.00e+00	0.00e+00	0.00e+00	1.34e-27	1.05e-22	2.02e-18	1.31e-14	4.25e-11	7.56e-08	2.93e-04	3.32e-02	9.66e-01
 4.04541e+21	0.00e+00	0.00e+00	0.00e+00	0.00e+00	1.92e-27	1.44e-22	2.65e-18	1.64e-14	5.05e-11	8.59e-08	3.19e-04	3.47e-02	9.65e-01
 4.15238e+21	0.00e+00	0.00e+00	0.00e+00	0.00e+00	2.63e-27	1.89e-22	3.33e-18	1.98e-14	5.87e-11	9.59e-08	3.43e-04	3.59e-02	9.64e-01
 4.24069e+21	0.00e+00	0.00e+00	0.00e+00	0.00e+00	3.38e-27	2.36e-22	4.02e-18	2.32e-14	6.63e-11	1.05e-07	3.65e-04	3.70e-02	9.63e-01
 4.33744e+21	0.00e+00	0.00e+00	0.00e+00	0.00e+00	4.47e-27	3.01e-22	4.95e-18	2.75e-14	7.58e-11	1.16e-07	3.89e-04	3.82e-02	9.61e-01
 4.46322e+21	0.00e+00	0.00e+00	0.00e+00	0.00e+00	6.37e-27	4.09e-22	6.44e-18	3.42e-14	8.99e-11	1.31e-07	4.23e-04	3.98e-02	9.60e-01
 4.59248e+21	0.00e+00	0.00e+00	0.00e+00	0.00e+00	9.16e-27	5.61e-22	8.43e-18	4.27e-14	1.07e-10	1.49e-07	4.61e-04	4.15e-02	9.58e-01
 4.69760e+21	0.00e+00	0.00e+00	0.00e+00	0.00e+00	1.23e-26	7.23e-22	1.05e-17	5.12e-14	1.23e-10	1.65e-07	4.94e-04	4.29e-02	9.57e-01
 4.78994e+21	0.00e+00	0.00e+00	0.00e+00	0.00e+00	1.58e-26	9.03e-22	1.27e-17	5.99e-14	1.39e-10	1.81e-07	5.24e-04	4.42e-02	9.55e-01
 4.89439e+21	0.00e+00	0.00e+00	0.00e+00	0.00e+00	2.11e-26	1.16e-21	1.56e-17	7.14e-14	1.60e-10	2.00e-07	5.60e-04	4.57e-02	9.54e-01
 5.03017e+21	0.00e+00	0.00e+00	0.00e+00	0.00e+00	3.04e-26	1.59e-21	2.05e-17	8.94e-14	1.91e-10	2.28e-07	6.11e-04	4.76e-02	9.52e-01
 5.16659e+21	0.00e+00	0.00e+00	0.00e+00	0.00e+00	4.39e-26	2.19e-21	2.70e-17	1.12e-13	2.28e-10	2.60e-07	6.65e-04	4.97e-02	9.50e-01
 5.27334e+21	0.00e+00	0.00e+00	0.00e+00	0.00e+00	5.83e-26	2.80e-21	3.33e-17	1.34e-13	2.61e-10	2.87e-07	7.11e-04	5.13e-02	9.48e-01
 5.38161e+21	0.00e+00	0.00e+00	0.00e+00	0.00e+00	7.75e-26	3.59e-21	4.12e-17	1.59e-13	3.00e-10	3.18e-07	7.60e-04	5.30e-02	9.46e-01
 5.50321e+21	0.00e+00	0.00e+00	0.00e+00	0.00e+00	1.06e-25	4.73e-21	5.22e-17	1.94e-13	3.50e-10	3.55e-07	8.19e-04	5.49e-02	9.44e-01
 5.61735e+21	0.00e+00	0.00e+00	0.00e+00	0.00e+00	1.43e-25	6.12e-21	6.50e-17	2.33e-13	4.03e-10	3.95e-07	8.77e-04	5.68e-02	9.42e-01
 5.72348e+21	0.00e+00	0.00e+00	0.00e+00	0.00e+00	1.88e-25	7.75e-21	7.96e-17	2.75e-13	4.60e-10	4.35e-07	9.35e-04	5.85e-02	9.41e-01
 5.84399e+21	0.00e+00	0.00e+00	0.00e+00	0.00e+00	2.55e-25	1.01e-20	9.99e-17	3.32e-13	5.33e-10	4.85e-07	1.00e-03	6.06e-02	9.38e-01
 5.97766e+21	0.00e+00	0.00e+00	0.00e+00	0.00e+00	3.57e-25	1.35e-20	1.28e-16	4.09e-13	6.28e-10	5.46e-07	1.09e-03	6.29e-02	9.36e-01
 6.10070e+21	0.00e+00	0.00e+00	0.00e+00	0.00e+00	4.85e-25	1.77e-20	1.61e-16	4.95e-13	7.28e-10	6.09e-07	1.17e-03	6.51e-02	9.34e-01
 6.21464e+21	0.00e+00	0.00e+00	0.00e+00	0.00e+00	6.42e-25	2.26e-20	1.99e-16	5.89e-13	8.35e-10	6.74e-07	1.24e-03	6.72e-02	9.32e-01
 6.34452e+21	0.00e+00	0.00e+00	0.00e+00	0.00e+00	8.80e-25	2.97e-20	2.52e-16	7.16e-13	9.73e-10	7.54e-07	1.34e-03	6.96e-02	9.29e-01
 6.48396e+21	0.00e+00	0.00e+00	0.00e+00	0.00e+00	1.23e-24	3.98e-20	3.24e-16	8.83e-13	1.15e-09	8.50e-07	1.45e-03	7.23e-02	9.26e-01
 6.60585e+21	0.00e+00	0.00e+00	0.00e+00	0.00e+00	1.65e-24	5.13e-20	4.02e-16	1.06e-12	1.32e-09	9.43e-07	1.55e-03	7.46e-02	9.24e-01
 6.73434e+21	0.00e+00	0.00e+00	0.00e+00	0.00e+00	2.23e-24	6.66e-20	5.03e-16	1.27e-12	1.53e-09	1.05e-06	1.66e-03	7.72e-02	9.21e-01
 6.87810e+21	0.00e+00	0.00e+00	0.00e+00	0.00e+00	3.11e-24	8.91e-20	6.46e-16	1.57e-12	1.80e-09	1.18e-06	1.80e-03	8.01e-02	9.18e-01
 7.01212e+21	0.00e+00	0.00e+00	0.00e+00	0.00e+00	4.23e-24	1.16e-19	8.13e-16	1.90e-12	2.09e-09	1.32e-06	1.93e-03	8.28e-02	9.15e-01
 7.13671e+21	0.00e+00	0.00e+00	0.00e+00	0.00e+00	5.64e-24	1.50e-19	1.01e-15	2.27e-12	2.40e-09	1.46e-06	2.06e-03	8.55e-02	9.12e-01
 7.27862e+21	0.00e+00	0.00e+00	0.00e+00	0.00e+00	7.67e-24	1.96e-19	1.27e-15	2.75e-12	2.79e-09	1.64e-06	2.22e-03	8.84e-02	9.09e-01
 7.43465e+21	0.00e+00	0.00e+00	0.00e+00	0.00e+00	1.08e-23	2.64e-19	1.64e-15	3.41e-12	3.30e-09	1.85e-06	2.40e-03	9.18e-02	9.06e-01
 7.57180e+21	0.00e+00	0.00e+00	0.00e+00	1.22e-28	1.47e-23	3.44e-19	2.06e-15	4.13e-12	3.83e-09	2.06e-06	2.58e-03	9.50e-02	9.02e-01
 7.69043e+21	0.00e+00	0.00e+00	0.00e+00	1.61e-28	1.87e-23	4.26e-19	2.48e-15	4.81e-12	4.32e-09	2.25e-06	2.73e-03	9.75e-02	9.00e-01
 7.82226e+21	0.00e+00	0.00e+00	0.00e+00	2.20e-28	2.47e-23	5.42e-19	3.05e-15	5.72e-12	4.94e-09	2.49e-06	2.91e-03	1.01e-01	8.97e-01
 7.99363e+21	0.00e+00	0.00e+00	0.00e+00	3.27e-28	3.51e-23	7.36e-19	3.97e-15	7.13e-12	5.87e-09	2.83e-06	3.16e-03	1.04e-01	8.92e-01
 8.17009e+21	0.00e+00	0.00e+00	0.00e+00	4.91e-28	5.02e-23	1.01e-18	5.19e-15	8.92e-12	7.00e-09	3.21e-06	3.43e-03	1.09e-01	8.88e-01
 8.31234e+21	0.00e+00	0.00e+00	0.00e+00	6.77e-28	6.66e-23	1.29e-18	6.42e-15	1.06e-11	8.05e-09	3.56e-06	3.67e-03	1.12e-01	8.84e-01
 8.45645e+21	0.00e+00	0.00e+00	0.00e+00	9.29e-28	8.81e-23	1.64e-18	7.92e-15	1.27e-11	9.23e-09	3.94e-06	3.91e-03	1.15e-01	8.81e-01
 8.64378e+21	0.00e+00	0.00e+00	0.00e+00	1.39e-27	1.26e-22	2.24e-18	1.03e-14	1.59e-11	1.10e-08	4.48e-06	4.25e-03	1.20e-01	8.76e-01
 8.83278e+21	0.00e+00	0.00e+00	0.00e+00	2.08e-27	1.79e-22	3.05e-18	1.35e-14	1.98e-11	1.31e-08	5.09e-06	4.61e-03	1.24e-01	8.71e-01
 8.98233e+21	0.00e+00	0.00e+00	0.00e+00	2.83e-27	2.36e-22	3.88e-18	1.66e-14	2.35e-11	1.50e-08	5.62e-06	4.92e-03	1.28e-01	8.67e-01
 9.13512e+21	0.00e+00	0.00e+00	0.00e+00	3.86e-27	3.10e-22	4.92e-18	2.04e-14	2.80e-11	1.71e-08	6.20e-06	5.24e-03	1.32e-01	8.63e-01
 9.33374e+21	0.00e+00	0.00e+00	0.00e+00	5.71e-27	4.38e-22	6.65e-18	2.64e-14	3.47e-11	2.03e-08	7.02e-06	5.68e-03	1.37e-01	8.57e-01
 9.54210e+21	0.00e+00	0.00e+00	0.00e+00	8.58e-27	6.27e-22	9.10e-18	3.46e-14	4.36e-11	2.43e-08	8.00e-06	6.17e-03	1.42e-01	8.52e-01
 9.71781e+21	0.00e+00	0.00e+00	0.00e+00	1.20e-26	8.42e-22	1.18e-17	4.33e-14	5.24e-11	2.81e-08	8.90e-06	6.60e-03	1.47e-01	8.47e-01
 9.87201e+21	0.00e+00	0.00e+00	0.00e+00	1.60e-26	1.08e-21	1.47e-17	5.23e-14	6.15e-11	3.18e-08	9.75e-06	7.00e-03	1.51e-01	8.42e-01
 1.00435e+22	0.00e+00	0.00e+00	0.00e+00	2.18e-26	1.43e-21	1.87e-17	6.44e-14	7.31e-11	3.64e-08	1.08e-05	7.46e-03	1.55e-01	8.38e-01
 1.02665e+22	0.00e+00	0.00e+00	0.00e+00	3.23e-26	2.02e-21	2.53e-17	8.37e-14	9.11e-11	4.33e-08	1.22e-05	8.09e-03	1.61e-01	8.31e-01
 1.04939e+22	0.00e+00	0.00e+00	0.00e+00	4.81e-26	2.87e-21	3.44e-17	1.09e-13	1.14e-10	5.14e-08	1.39e-05	8.77e-03	1.67e-01	8.25e-01
 1.06777e+22	0.00e+00	0.00e+00	0.00e+00	6.58e-26	3.79e-21	4.38e-17	1.34e-13	1.35e-10	5.89e-08	1.53e-05	9.34e-03	1.71e-01	8.19e-01
 1.08674e+22	0.00e+00	0.00e+00	0.00e+00	9.01e-26	5.00e-21	5.58e-17	1.66e-13	1.61e-10	6.76e-08	1.69e-05	9.96e-03	1.76e-01	8.14e-01
 1.11140e+22	0.00e+00	0.00e+00	0.00e+00	1.34e-25	7.12e-21	7.60e-17	2.16e-13	2.01e-10	8.05e-08	1.92e-05	1.08e-02	1.83e-01	8.06e-01
 1.13666e+22	0.00e+00	0.00e+00	0.00e+00	2.01e-25	1.02e-20	1.04e-16	2.82e-13	2.52e-10	9.59e-08	2.19e-05	1.17e-02	1.89e-01	7.99e-01
 1.15641e+22	0.00e+00	0.00e+00	0.00e+00	2.73e-25	1.33e-20	1.31e-16	3.47e-13	2.99e-10	1.10e-07	2.41e-05	1.25e-02	1.95e-01	7.93e-01
 1.17580e+22	0.00e+00	0.00e+00	0.00e+00	3.66e-25	1.73e-20	1.65e-16	4.22e-13	3.52e-10	1.25e-07	2.65e-05	1.32e-02	2.00e-01	7.87e-01
 1.20100e+22	0.00e+00	0.00e+00	0.00e+00	5.31e-25	2.40e-20	2.20e-16	5.40e-13	4.33e-10	1.47e-07	2.98e-05	1.42e-02	2.06e-01	7.80e-01
 1.22722e+22	0.00e+00	0.00e+00	0.00e+00	7.79e-25	3.37e-20	2.95e-16	6.98e-13	5.36e-10	1.73e-07	3.36e-05	1.54e-02	2.13e-01	7.72e-01
 1.24913e+22	0.00e+00	0.00e+00	0.00e+00	1.06e-24	4.44e-20	3.76e-16	8.59e-13	6.37e-10	1.99e-07	3.71e-05	1.64e-02	2.19e-01	7.65e-01
 1.27197e+22	0.00e+00	0.00e+00	0.00e+00	1.46e-24	5.88e-20	4.80e-16	1.06e-12	7.60e-10	2.28e-07	4.10e-05	1.74e-02	2.25e-01	7.58e-01
 1.30167e+22	0.00e+00	0.00e+00	0.00e+00	2.19e-24	8.40e-20	6.56e-16	1.39e-12	9.51e-10	2.72e-07	4.66e-05	1.89e-02	2.32e-01	7.49e-01
 1.33188e+22	0.00e+00	0.00e+00	0.00e+00	3.27e-24	1.20e-19	8.96e-16	1.82e-12	1.19e-09	3.24e-07	5.29e-05	2.05e-02	2.40e-01	7.39e-01
 1.35627e+22	0.00e+00	0.00e+00	0.00e+00	4.50e-24	1.59e-19	1.15e-15	2.25e-12	1.42e-09	3.72e-07	5.85e-05	2.18e-02	2.47e-01	7.32e-01
 1.38147e+22	0.00e+00	0.00e+00	0.00e+00	6.20e-24	2.11e-19	1.47e-15	2.78e-12	1.70e-09	4.28e-07	6.47e-05	2.32e-02	2.53e-01	7.24e-01
 1.40955e+22	0.00e+00	0.00e+00	0.00e+00	8.82e-24	2.88e-19	1.93e-15	3.52e-12	2.07e-09	4.98e-07	7.23e-05	2.48e-02	2.60e-01	7.15e-01
 1.43567e+22	0.00e+00	0.00e+00	0.00e+00	1.22e-23	3.83e-19	2.47e-15	4.36e-12	2.47e-09	5.73e-07	8.00e-05	2.64e-02	2.67e-01	7.07e-01
 1.46015e+22	0.00e+00	0.00e+00	0.00e+00	1.64e-23	4.98e-19	3.11e-15	5.31e-12	2.92e-09	6.52e-07	8.78e-05	2.80e-02	2.73e-01	6.99e-01
 1.48820e+22	0.00e+00	0.00e+00	1.26e-28	2.26e-23	6.62e-19	3.98e-15	6.58e-12	3.49e-09	7.49e-07	9.70e-05	2.98e-02	2.80e-01	6.90e-01
 1.52467e+22	0.00e+00	0.00e+00	2.03e-28	3.45e-23	9.65e-19	5.53e-15	8.74e-12	4.41e-09	9.01e-07	1.11e-04	3.23e-02	2.89e-01	6.79e-01
 1.56055e+22	0.00e+00	0.00e+00	3.20e-28	5.20e-23	1.39e-18	7.58e-15	1.15e-11	5.54e-09	1.08e-06	1.26e-04	3.50e-02	2.98e-01	6.67e-01
 1.58794e+22	0.00e+00	0.00e+00	4.50e-28	7.05e-23	1.81e-18	9.60e-15	1.41e-11	6.56e-09	1.23e-06	1.38e-04	3.71e-02	3.05e-01	6.58e-01
 1.61583e+22	0.00e+00	0.00e+00	6.31e-28	9.53e-23	2.37e-18	1.21e-14	1.72e-11	7.76e-09	1.40e-06	1.52e-04	3.92e-02	3.11e-01	6.49e-01
 1.65207e+22	0.00e+00	0.00e+00	9.68e-28	1.40e-22	3.33e-18	1.63e-14	2.22e-11	9.61e-09	1.65e-06	1.71e-04	4.22e-02	3.20e-01	6.38e-01
 1.69039e+22	0.00e+00	0.00e+00	1.52e-27	2.09e-22	4.76e-18	2.23e-14	2.90e-11	1.20e-08	1.96e-06	1.93e-04	4.55e-02	3.29e-01	6.26e-01
 1.72053e+22	0.00e+00	0.00e+00	2.15e-27	2.86e-22	6.27e-18	2.83e-14	3.58e-11	1.43e-08	2.25e-06	2.13e-04	4.82e-02	3.36e-01	6.16e-01
 1.74427e+22	0.00e+00	0.00e+00	2.80e-27	3.63e-22	7.73e-18	3.40e-14	4.19e-11	1.63e-08	2.49e-06	2.29e-04	5.04e-02	3.41e-01	6.08e-01
 1.77055e+22	0.00e+00	0.00e+00	3.76e-27	4.73e-22	9.77e-18	4.17e-14	5.00e-11	1.89e-08	2.79e-06	2.48e-04	5.29e-02	3.47e-01	6.00e-01
 1.80471e+22	0.00e+00	0.00e+00	5.40e-27	6.53e-22	1.30e-17	5.36e-14	6.20e-11	2.26e-08	3.20e-06	2.74e-04	5.61e-02	3.54e-01	5.89e-01
 1.84177e+22	0.00e+00	0.00e+00	8.12e-27	9.43e-22	1.80e-17	7.11e-14	7.92e-11	2.77e-08	3.75e-06	3.06e-04	6.00e-02	3.62e-01	5.77e-01
 1.87380e+22	0.00e+00	0.00e+00	1.14e-26	1.28e-21	2.36e-17	9.01e-14	9.70e-11	3.28e-08	4.28e-06	3.36e-04	6.34e-02	3.69e-01	5.67e-01
 1.89980e+22	0.00e+00	0.00e+00	1.50e-26	1.63e-21	2.93e-17	1.09e-13	1.14e-10	3.75e-08	4.75e-06	3.62e-04	6.62e-02	3.74e-01	5.59e-01
 1.92675e+22	0.00e+00	0.00e+00	1.98e-26	2.09e-21	3.65e-17	1.32e-13	1.35e-10	4.31e-08	5.29e-06	3.90e-04	6.92e-02	3.80e-01	5.51e-01
 1.96180e+22	0.00e+00	0.00e+00	2.78e-26	2.84e-21	4.79e-17	1.67e-13	1.65e-10	5.10e-08	6.03e-06	4.28e-04	7.31e-02	3.86e-01	5.40e-01
 1.99827e+22	0.00e+00	0.00e+00	4.06e-26	3.99e-21	6.46e-17	2.17e-13	2.07e-10	6.16e-08	6.97e-06	4.74e-04	7.76e-02	3.94e-01	5.28e-01
 2.02753e+22	0.00e+00	0.00e+00	5.43e-26	5.18e-21	8.14e-17	2.65e-13	2.47e-10	7.11e-08	7.80e-06	5.12e-04	8.12e-02	3.99e-01	5.19e-01
 2.05650e+22	0.00e+00	0.00e+00	7.20e-26	6.67e-21	1.02e-16	3.23e-13	2.92e-10	8.19e-08	8.69e-06	5.52e-04	8.49e-02	4.04e-01	5.10e-01
 2.08745e+22	0.00e+00	0.00e+00	9.68e-26	8.70e-21	1.29e-16	3.96e-13	3.49e-10	9.48e-08	9.73e-06	5.98e-04	8.88e-02	4.10e-01	5.01e-01
 2.11448e+22	0.00e+00	0.00e+00	1.25e-25	1.10e-20	1.58e-16	4.74e-13	4.07e-10	1.08e-07	1.08e-05	6.41e-04	9.24e-02	4.15e-01	4.92e-01
 2.13932e+22	0.00e+00	0.00e+00	1.58e-25	1.35e-20	1.90e-16	5.56e-13	4.67e-10	1.21e-07	1.17e-05	6.81e-04	9.58e-02	4.19e-01	4.85e-01
 2.16780e+22	0.00e+00	0.00e+00	2.06e-25	1.71e-20	2.35e-16	6.69e-13	5.48e-10	1.38e-07	1.30e-05	7.31e-04	9.97e-02	4.23e-01	4.76e-01
 2.19971e+22	0.00e+00	0.00e+00	2.74e-25	2.21e-20	2.95e-16	8.15e-13	6.50e-10	1.59e-07	1.45e-05	7.88e-04	1.04e-01	4.28e-01	4.67e-01
 2.23000e+22	0.00e+00	0.00e+00	3.64e-25	2.86e-20	3.69e-16	9.93e-13	7.71e-10	1.83e-07	1.62e-05	8.50e-04	1.09e-01	4.33e-01	4.57e-01
 2.25785e+22	0.00e+00	0.00e+00	4.69e-25	3.59e-20	4.52e-16	1.18e-12	8.98e-10	2.08e-07	1.78e-05	9.09e-04	1.13e-01	4.37e-01	4.49e-01
 2.28861e+22	0.00e+00	0.00e+00	6.10e-25	4.54e-20	5.57e-16	1.42e-12	1.05e-09	2.37e-07	1.97e-05	9.74e-04	1.17e-01	4.41e-01	4.40e-01
 2.32859e+22	0.00e+00	0.00e+00	8.68e-25	6.24e-20	7.39e-16	1.82e-12	1.30e-09	2.83e-07	2.26e-05	1.07e-03	1.24e-01	4.47e-01	4.29e-01
 2.36611e+22	0.00e+00	0.00e+00	1.22e-24	8.46e-20	9.67e-16	2.30e-12	1.60e-09	3.36e-07	2.57e-05	1.17e-03	1.30e-01	4.52e-01	4.17e-01
 2.39150e+22	0.00e+00	0.00e+00	1.50e-24	1.02e-19	1.14e-15	2.66e-12	1.81e-09	3.73e-07	2.79e-05	1.23e-03	1.34e-01	4.55e-01	4.10e-01
 2.41560e+22	0.00e+00	0.00e+00	1.85e-24	1.23e-19	1.35e-15	3.08e-12	2.06e-09	4.14e-07	3.02e-05	1.30e-03	1.38e-01	4.58e-01	4.03e-01
 2.44693e+22	0.00e+00	0.00e+00	2.38e-24	1.55e-19	1.65e-15	3.68e-12	2.39e-09	4.70e-07	3.33e-05	1.39e-03	1.43e-01	4.61e-01	3.95e-01
 2.48231e+22	0.00e+00	0.00e+00	3.23e-24	2.04e-19	2.11e-15	4.55e-12	2.88e-09	5.48e-07	3.74e-05	1.51e-03	1.49e-01	4.65e-01	3.84e-01
 2.51445e+22	0.00e+00	0.00e+00	4.22e-24	2.59e-19	2.62e-15	5.49e-12	3.39e-09	6.27e-07	4.15e-05	1.62e-03	1.55e-01	4.68e-01	3.75e-01
 2.54268e+22	0.00e+00	0.00e+00	5.32e-24	3.19e-19	3.15e-15	6.45e-12	3.90e-09	7.04e-07	4.54e-05	1.72e-03	1.60e-01	4.70e-01	3.68e-01
 2.57431e+22	0.00e+00	0.00e+00	6.86e-24	4.02e-19	3.86e-15	7.71e-12	4.55e-09	8.00e-07	5.00e-05	1.83e-03	1.66e-01	4.73e-01	3.59e-01
 2.61543e+22	0.00e+00	0.00e+00	9.52e-24	5.40e-19	5.02e-15	9.70e-12	5.55e-09	9.44e-07	5.68e-05	1.99e-03	1.74e-01	4.76e-01	3.48e-01
 2.65526e+22	0.00e+00	0.00e+00	1.31e-23	7.22e-19	6.50e-15	1.22e-11	6.75e-09	1.11e-06	6.43e-05	2.17e-03	1.81e-01	4.79e-01	3.37e-01
 2.68416e+22	0.00e+00	0.00e+00	1.65e-23	8.87e-19	7.82e-15	1.43e-11	7.77e-09	1.25e-06	7.03e-05	2.30e-03	1.87e-01	4.81e-01	3.30e-01
 2.71250e+22	0.00e+00	0.00e+00	2.05e-23	1.08e-18	9.33e-15	1.67e-11	8.88e-09	1.40e-06	7.65e-05	2.43e-03	1.93e-01	4.83e-01	3.22e-01
 2.74933e+22	0.00e+00	0.00e+00	2.73e-23	1.40e-18	1.17e-14	2.03e-11	1.06e-08	1.61e-06	8.54e-05	2.62e-03	2.00e-01	4.84e-01	3.13e-01
 2.78770e+22	0.00e+00	0.00e+00	3.66e-23	1.83e-18	1.49e-14	2.51e-11	1.27e-08	1.88e-06	9.59e-05	2.82e-03	2.08e-01	4.86e-01	3.03e-01
 2.81944e+22	0.00e+00	0.00e+00	4.69e-23	2.29e-18	1.82e-14	2.99e-11	1.48e-08	2.13e-06	1.06e-04	3.01e-03	2.15e-01	4.87e-01	2.95e-01
 2.84777e+22	0.00e+00	0.00e+00	5.77e-23	2.76e-18	2.15e-14	3.46e-11	1.68e-08	2.37e-06	1.14e-04	3.17e-03	2.21e-01	4.88e-01	2.88e-01
 2.88029e+22	0.00e+00	0.00e+00	7.34e-23	3.43e-18	2.62e-14	4.11e-11	1.95e-08	2.68e-06	1.26e-04	3.37e-03	2.28e-01	4.89e-01	2.80e-01
 2.92257e+22	0.00e+00	1.49e-28	9.97e-23	4.54e-18	3.36e-14	5.11e-11	2.36e-08	3.14e-06	1.42e-04	3.65e-03	2.37e-01	4.89e-01	2.70e-01
 2.96523e+22	0.00e+00	2.10e-28	1.36e-22	6.04e-18	4.34e-14	6.40e-11	2.86e-08	3.69e-06	1.61e-04	3.96e-03	2.47e-01	4.89e-01	2.60e-01
 2.99846e+22	0.00e+00	2.73e-28	1.75e-22	7.58e-18	5.33e-14	7.65e-11	3.35e-08	4.20e-06	1.77e-04	4.22e-03	2.54e-01	4.89e-01	2.52e-01
 3.03173e+22	0.00e+00	3.51e-28	2.21e-22	9.37e-18	6.45e-14	9.04e-11	3.87e-08	4.75e-06	1.94e-04	4.48e-03	2.62e-01	4.89e-01	2.45e-01
 3.07498e+22	0.00e+00	4.81e-28	2.96e-22	1.22e-17	8.20e-14	1.12e-10	4.65e-08	5.52e-06	2.18e-04	4.82e-03	2.72e-01	4.88e-01	2.35e-01
 3.12024e+22	0.00e+00	6.72e-28	4.05e-22	1.63e-17	1.06e-13	1.40e-10	5.67e-08	6.51e-06	2.48e-04	5.23e-03	2.82e-01	4.87e-01	2.25e-01
 3.15751e+22	0.00e+00	8.86e-28	5.24e-22	2.07e-17	1.32e-13	1.69e-10	6.69e-08	7.47e-06	2.75e-04	5.59e-03	2.91e-01	4.86e-01	2.17e-01
 3.18982e+22	0.00e+00	1.12e-27	6.52e-22	2.53e-17	1.58e-13	1.98e-10	7.68e-08	8.38e-06	3.00e-04	5.91e-03	2.99e-01	4.84e-01	2.11e-01
 3.22630e+22	0.00e+00	1.43e-27	8.22e-22	3.13e-17	1.91e-13	2.35e-10	8.89e-08	9.47e-06	3.29e-04	6.27e-03	3.07e-01	4.82e-01	2.04e-01
 3.27372e+22	0.00e+00	1.97e-27	1.11e-21	4.13e-17	2.46e-13	2.92e-10	1.08e-07	1.11e-05	3.72e-04	6.78e-03	3.18e-01	4.80e-01	1.95e-01
 3.32353e+22	0.00e+00	2.75e-27	1.52e-21	5.54e-17	3.21e-13	3.69e-10	1.32e-07	1.31e-05	4.23e-04	7.35e-03	3.30e-01	4.77e-01	1.85e-01
 3.36538e+22	0.00e+00	3.62e-27	1.98e-21	7.05e-17	3.99e-13	4.47e-10	1.56e-07	1.51e-05	4.70e-04	7.87e-03	3.40e-01	4.74e-01	1.78e-01
 3.40085e+22	0.00e+00	4.55e-27	2.46e-21	8.64e-17	4.80e-13	5.26e-10	1.80e-07	1.70e-05	5.15e-04	8.32e-03	3.49e-01	4.71e-01	1.71e-01
 3.43910e+22	0.00e+00	5.72e-27	3.06e-21	1.06e-16	5.77e-13	6.18e-10	2.07e-07	1.91e-05	5.63e-04	8.80e-03	3.57e-01	4.68e-01	1.65e-01
 3.48882e+22	0.00e+00	7.67e-27	4.05e-21	1.37e-16	7.33e-13	7.61e-10	2.48e-07	2.22e-05	6.32e-04	9.47e-03	3.69e-01	4.64e-01	1.57e-01
 3.53988e+22	0.00e+00	1.04e-26	5.41e-21	1.80e-16	9.37e-13	9.44e-10	3.00e-07	2.60e-05	7.12e-04	1.02e-02	3.80e-01	4.59e-01	1.50e-01
 3.58104e+22	0.00e+00	1.31e-26	6.79e-21	2.22e-16	1.14e-12	1.12e-09	3.47e-07	2.94e-05	7.82e-04	1.08e-02	3.90e-01	4.55e-01	1.44e-01
 3.62290e+22	0.00e+00	1.64e-26	8.43e-21	2.72e-16	1.37e-12	1.32e-09	4.00e-07	3.30e-05	8.55e-04	1.14e-02	3.99e-01	4.51e-01	1.38e-01
 3.67733e+22	0.00e+00	2.18e-26	1.11e-20	3.52e-16	1.73e-12	1.62e-09	4.78e-07	3.83e-05	9.58e-04	1.23e-02	4.10e-01	4.45e-01	1.31e-01
 3.73425e+22	0.00e+00	2.93e-26	1.48e-20	4.60e-16	2.21e-12	2.00e-09	5.76e-07	4.47e-05	1.08e-03	1.32e-02	4.23e-01	4.39e-01	1.24e-01
 3.78174e+22	0.00e+00	3.72e-26	1.86e-20	5.71e-16	2.70e-12	2.38e-09	6.70e-07	5.07e-05	1.19e-03	1.40e-02	4.33e-01	4.34e-01	1.18e-01
 3.83083e+22	0.00e+00	4.68e-26	2.32e-20	7.05e-16	3.27e-12	2.82e-09	7.76e-07	5.72e-05	1.30e-03	1.49e-02	4.42e-01	4.29e-01	1.13e-01
 3.89463e+22	0.00e+00	6.24e-26	3.08e-20	9.19e-16	4.17e-12	3.49e-09	9.33e-07	6.66e-05	1.46e-03	1.60e-02	4.54e-01	4.22e-01	1.06e-01
 3.96067e+22	0.00e+00	8.38e-26	4.11e-20	1.21e-15	5.36e-12	4.34e-09	1.13e-06	7.80e-05	1.65e-03	1.72e-02	4.67e-01	4.14e-01	9.97e-02
 4.01486e+22	0.00e+00	1.06e-25	5.16e-20	1.50e-15	6.54e-12	5.17e-09	1.31e-06	8.83e-05	1.81e-03	1.82e-02	4.77e-01	4.08e-01	9.48e-02
 4.06188e+22	0.00e+00	1.29e-25	6.27e-20	1.80e-15	7.74e-12	5.99e-09	1.49e-06	9.82e-05	1.97e-03	1.92e-02	4.86e-01	4.03e-01	9.06e-02
 4.11434e+22	0.00e+00	1.58e-25	7.65e-20	2.17e-15	9.20e-12	6.97e-09	1.70e-06	1.09e-04	2.14e-03	2.02e-02	4.94e-01	3.97e-01	8.66e-02
 4.18254e+22	0.00e+00	2.04e-25	9.86e-20	2.76e-15	1.15e-11	8.45e-09	2.00e-06	1.25e-04	2.37e-03	2.15e-02	5.05e-01	3.89e-01	8.16e-02
 4.25169e+22	0.00e+00	2.66e-25	1.28e-19	3.53e-15	1.44e-11	1.03e-08	2.37e-06	1.44e-04	2.64e-03	2.29e-02	5.16e-01	3.81e-01	7.67e-02
 4.30616e+22	0.00e+00	3.24e-25	1.56e-19	4.27e-15	1.71e-11	1.20e-08	2.71e-06	1.61e-04	2.87e-03	2.41e-02	5.25e-01	3.75e-01	7.29e-02
 4.36106e+22	0.00e+00	3.91e-25	1.87e-19	5.07e-15	2.00e-11	1.37e-08	3.05e-06	1.77e-04	3.09e-03	2.52e-02	5.32e-01	3.69e-01	6.97e-02
 4.43243e+22	0.00e+00	4.95e-25	2.36e-19	6.33e-15	2.46e-11	1.64e-08	3.55e-06	2.01e-04	3.39e-03	2.67e-02	5.42e-01	3.62e-01	6.57e-02
 4.50831e+22	0.00e+00	6.36e-25	3.02e-19	8.01e-15	3.05e-11	1.98e-08	4.18e-06	2.29e-04	3.76e-03	2.84e-02	5.52e-01	3.54e-01	6.17e-02
 4.57329e+22	0.00e+00	7.82e-25	3.72e-19	9.77e-15	3.66e-11	2.33e-08	4.80e-06	2.57e-04	4.09e-03	3.00e-02	5.61e-01	3.46e-01	5.83e-02
 4.63200e+22	0.00e+00	9.36e-25	4.44e-19	1.15e-14	4.26e-11	2.65e-08	5.37e-06	2.82e-04	4.39e-03	3.12e-02	5.68e-01	3.41e-01	5.57e-02
 4.69932e+22	0.00e+00	1.14e-24	5.40e-19	1.39e-14	5.05e-11	3.08e-08	6.10e-06	3.13e-04	4.75e-03	3.28e-02	5.76e-01	3.34e-01	5.28e-02
 4.77321e+22	0.00e+00	1.41e-24	6.68e-19	1.70e-14	6.09e-11	3.62e-08	7.01e-06	3.50e-04	5.17e-03	3.45e-02	5.84e-01	3.26e-01	4.98e-02
 4.83981e+22	0.00e+00	1.71e-24	8.07e-19	2.04e-14	7.18e-11	4.18e-08	7.93e-06	3.87e-04	5.59e-03	3.61e-02	5.91e-01	3.20e-01	4.72e-02
 4.90074e+22	0.00e+00	2.02e-24	9.51e-19	2.38e-14	8.28e-11	4.73e-08	8.81e-06	4.22e-04	5.96e-03	3.75e-02	5.97e-01	3.14e-01	4.51e-02
 4.97012e+22	0.00e+00	2.42e-24	1.14e-18	2.82e-14	9.69e-11	5.42e-08	9.90e-06	4.64e-04	6.40e-03	3.91e-02	6.03e-01	3.08e-01	4.29e-02
 5.06032e+22	0.00e+00	3.04e-24	1.43e-18	3.50e-14	1.18e-10	6.43e-08	1.15e-05	5.22e-04	6.99e-03	4.13e-02	6.11e-01	3.00e-01	4.02e-02
 5.15395e+22	0.00e+00	3.86e-24	1.81e-18	4.38e-14	1.45e-10	7.70e-08	1.33e-05	5.91e-04	7.67e-03	4.36e-02	6.19e-01	2.91e-01	3.75e-02
 5.23079e+22	0.00e+00	4.68e-24	2.19e-18	5.24e-14	1.71e-10	8.87e-08	1.51e-05	6.52e-04	8.25e-03	4.55e-02	6.25e-01	2.85e-01	3.55e-02
 5.30945e+22	0.00e+00	5.61e-24	2.62e-18	6.23e-14	2.00e-10	1.02e-07	1.69e-05	7.17e-04	8.86e-03	4.74e-02	6.31e-01	2.78e-01	3.36e-02
 5.41172e+22	1.29e-28	7.08e-24	3.29e-18	7.72e-14	2.43e-10	1.21e-07	1.95e-05	8.05e-04	9.65e-03	4.99e-02	6.38e-01	2.70e-01	3.14e-02
 5.52084e+22	1.74e-28	9.09e-24	4.21e-18	9.75e-14	3.01e-10	1.45e-07	2.28e-05	9.12e-04	1.06e-02	5.26e-02	6.45e-01	2.62e-01	2.91e-02
 5.61382e+22	2.22e-28	1.12e-23	5.16e-18	1.18e-13	3.58e-10	1.69e-07	2.60e-05	1.01e-03	1.14e-02	5.50e-02	6.50e-01	2.55e-01	2.74e-02
 5.69341e+22	2.72e-28	1.32e-23	6.10e-18	1.38e-13	4.14e-10	1.91e-07	2.88e-05	1.10e-03	1.22e-02	5.70e-02	6.54e-01	2.49e-01	2.60e-02
 5.78067e+22	3.38e-28	1.59e-23	7.29e-18	1.63e-13	4.82e-10	2.18e-07	3.22e-05	1.20e-03	1.30e-02	5.92e-02	6.59e-01	2.43e-01	2.46e-02
 5.89410e+22	4.42e-28	1.99e-23	9.07e-18	2.01e-13	5.81e-10	2.56e-07	3.69e-05	1.34e-03	1.41e-02	6.19e-02	6.64e-01	2.36e-01	2.30e-02
 6.01530e+22	5.90e-28	2.53e-23	1.15e-17	2.51e-13	7.12e-10	3.05e-07	4.28e-05	1.51e-03	1.53e-02	6.51e-02	6.69e-01	2.28e-01	2.14e-02
 6.11940e+22	7.53e-28	3.11e-23	1.41e-17	3.03e-13	8.44e-10	3.53e-07	4.84e-05	1.66e-03	1.65e-02	6.77e-02	6.72e-01	2.22e-01	2.01e-02
 6.22754e+22	9.52e-28	3.80e-23	1.71e-17	3.64e-13	9.95e-10	4.07e-07	5.45e-05	1.83e-03	1.76e-02	7.04e-02	6.76e-01	2.16e-01	1.89e-02
 6.36812e+22	1.28e-27	4.89e-23	2.18e-17	4.56e-13	1.22e-09	4.85e-07	6.31e-05	2.05e-03	1.92e-02	7.38e-02	6.79e-01	2.08e-01	1.75e-02
 6.51842e+22	1.76e-27	6.39e-23	2.83e-17	5.83e-13	1.52e-09	5.88e-07	7.41e-05	2.33e-03	2.10e-02	7.76e-02	6.83e-01	2.00e-01	1.60e-02
 6.64814e+22	2.31e-27	8.04e-23	3.53e-17	7.17e-13	1.84e-09	6.90e-07	8.47e-05	2.59e-03	2.27e-02	8.09e-02	6.86e-01	1.93e-01	1.49e-02
 6.78357e+22	2.99e-27	1.00e-22	4.37e-17	8.75e-13	2.20e-09	8.05e-07	9.63e-05	2.86e-03	2.44e-02	8.42e-02	6.88e-01	1.87e-01	1.39e-02
 6.93415e+22	4.01e-27	1.29e-22	5.56e-17	1.09e-12	2.68e-09	9.55e-07	1.11e-04	3.20e-03	2.64e-02	8.79e-02	6.90e-01	1.80e-01	1.29e-02
 7.07397e+22	5.22e-27	1.61e-22	6.90e-17	1.34e-12	3.22e-09	1.12e-06	1.26e-04	3.54e-03	2.84e-02	9.14e-02	6.91e-01	1.74e-01	1.20e-02
 7.20439e+22	6.61e-27	1.97e-22	8.36e-17	1.60e-12	3.78e-09	1.28e-06	1.42e-04	3.87e-03	3.02e-02	9.46e-02	6.92e-01	1.68e-01	1.12e-02
 7.35303e+22	8.53e-27	2.44e-22	1.03e-16	1.95e-12	4.51e-09	1.49e-06	1.60e-04	4.27e-03	3.24e-02	9.81e-02	6.92e-01	1.62e-01	1.05e-02
 7.51988e+22	1.13e-26	3.11e-22	1.30e-16	2.42e-12	5.48e-09	1.76e-06	1.84e-04	4.75e-03	3.49e-02	1.02e-01	6.92e-01	1.56e-01	9.66e-03
 7.67713e+22	1.47e-26	3.90e-22	1.61e-16	2.95e-12	6.55e-09	2.05e-06	2.09e-04	5.25e-03	3.74e-02	1.06e-01	6.92e-01	1.50e-01	8.97e-03
 7.82476e+22	1.87e-26	4.77e-22	1.96e-16	3.53e-12	7.69e-09	2.35e-06	2.34e-04	5.73e-03	3.98e-02	1.09e-01	6.91e-01	1.45e-01	8.39e-03
 7.99315e+22	2.40e-26	5.91e-22	2.41e-16	4.28e-12	9.16e-09	2.73e-06	2.64e-04	6.30e-03	4.25e-02	1.13e-01	6.90e-01	1.40e-01	7.78e-03
 8.21205e+22	3.28e-26	7.71e-22	3.10e-16	5.42e-12	1.13e-08	3.26e-06	3.06e-04	7.06e-03	4.60e-02	1.18e-01	6.88e-01	1.33e-01	7.12e-03
 8.43999e+22	4.60e-26	1.03e-21	4.09e-16	7.00e-12	1.42e-08	3.97e-06	3.60e-04	8.00e-03	5.02e-02	1.23e-01	6.85e-01	1.27e-01	6.43e-03
 8.62373e+22	5.98e-26	1.29e-21	5.07e-16	8.55e-12	1.70e-08	4.63e-06	4.08e-04	8.82e-03	5.37e-02	1.27e-01	6.83e-01	1.21e-01	5.93e-03
 8.80666e+22	7.55e-26	1.57e-21	6.14e-16	1.02e-11	1.99e-08	5.30e-06	4.56e-04	9.59e-03	5.69e-02	1.31e-01	6.80e-01	1.17e-01	5.53e-03
 9.04447e+22	1.01e-25	2.00e-21	7.75e-16	1.27e-11	2.43e-08	6.27e-06	5.23e-04	1.07e-02	6.12e-02	1.36e-01	6.75e-01	1.11e-01	5.05e-03
 9.30322e+22	1.39e-25	2.63e-21	1.01e-15	1.62e-11	3.03e-08	7.56e-06	6.10e-04	1.20e-02	6.63e-02	1.41e-01	6.70e-01	1.05e-01	4.55e-03
 9.53061e+22	1.83e-25	3.32e-21	1.26e-15	2.00e-11	3.65e-08	8.87e-06	6.94e-04	1.33e-02	7.10e-02	1.46e-01	6.65e-01	1.00e-01	4.16e-03
 9.76767e+22	2.35e-25	4.11e-21	1.55e-15	2.42e-11	4.34e-08	1.03e-05	7.83e-04	1.45e-02	7.56e-02	1.50e-01	6.59e-01	9.56e-02	3.82e-03
 1.00255e+23	3.13e-25	5.24e-21	1.95e-15	3.00e-11	5.26e-08	1.21e-05	8.94e-04	1.61e-02	8.09e-02	1.55e-01	6.53e-01	9.08e-02	3.48e-03
 1.02541e+23	3.97e-25	6.39e-21	2.37e-15	3.60e-11	6.21e-08	1.39e-05	1.00e-03	1.76e-02	8.59e-02	1.59e-01	6.46e-01	8.65e-02	3.20e-03
 1.04590e+23	4.86e-25	7.58e-21	2.78e-15	4.20e-11	7.12e-08	1.57e-05	1.10e-03	1.89e-02	9.01e-02	1.63e-01	6.41e-01	8.32e-02	2.98e-03
 1.06898e+23	5.99e-25	9.02e-21	3.30e-15	4.93e-11	8.24e-08	1.78e-05	1.22e-03	2.04e-02	9.49e-02	1.67e-01	6.34e-01	7.96e-02	2.75e-03
 1.09897e+23	7.70e-25	1.11e-20	4.04e-15	5.97e-11	9.79e-08	2.06e-05	1.37e-03	2.23e-02	1.01e-01	1.71e-01	6.26e-01	7.55e-02	2.51e-03
 1.13207e+23	1.03e-24	1.42e-20	5.09e-15	7.43e-11	1.19e-07	2.44e-05	1.58e-03	2.47e-02	1.08e-01	1.77e-01	6.16e-01	7.09e-02	2.25e-03
 1.16132e+23	1.32e-24	1.74e-20	6.23e-15	8.99e-11	1.42e-07	2.82e-05	1.77e-03	2.70e-02	1.14e-01	1.81e-01	6.07e-01	6.70e-02	2.04e-03
 1.18700e+23	1.61e-24	2.06e-20	7.31e-15	1.05e-10	1.63e-07	3.17e-05	1.95e-03	2.90e-02	1.20e-01	1.85e-01	5.99e-01	6.39e-02	1.89e-03
 1.21595e+23	1.97e-24	2.43e-20	8.59e-15	1.22e-10	1.87e-07	3.58e-05	2.15e-03	3.12e-02	1.26e-01	1.88e-01	5.90e-01	6.09e-02	1.74e-03
 1.25358e+23	2.51e-24	2.97e-20	1.04e-14	1.47e-10	2.21e-07	4.12e-05	2.41e-03	3.40e-02	1.33e-01	1.92e-01	5.80e-01	5.74e-02	1.57e-03
 1.30096e+23	3.36e-24	3.77e-20	1.31e-14	1.83e-10	2.70e-07	4.88e-05	2.76e-03	3.76e-02	1.42e-01	1.97e-01	5.66e-01	5.33e-02	1.39e-03
 1.34880e+23	4.59e-24	4.87e-20	1.68e-14	2.32e-10	3.36e-07	5.88e-05	3.20e-03	4.20e-02	1.52e-01	2.02e-01	5.50e-01	4.90e-02	1.21e-03
 1.38705e+23	5.81e-24	5.91e-20	2.02e-14	2.77e-10	3.95e-07	6.74e-05	3.57e-03	4.55e-02	1.60e-01	2.06e-01	5.38e-01	4.60e-02	1.09e-03
 1.42509e+23	7.04e-24	6.90e-20	2.34e-14	3.20e-10	4.51e-07	7.55e-05	3.91e-03	4.86e-02	1.67e-01	2.09e-01	5.27e-01	4.35e-02	9.94e-04
 1.47453e+23	8.78e-24	8.25e-20	2.78e-14	3.77e-10	5.25e-07	8.60e-05	4.33e-03	5.24e-02	1.75e-01	2.12e-01	5.14e-01	4.08e-02	8.95e-04
 1.53314e+23	1.10e-23	1.02e-19	3.41e-14	4.59e-10	6.29e-07	1.00e-04	4.88e-03	5.72e-02	1.85e-01	2.16e-01	4.99e-01	3.77e-02	7.87e-04
 1.59240e+23	1.44e-23	1.26e-19	4.17e-14	5.59e-10	7.54e-07	1.17e-04	5.51e-03	6.24e-02	1.95e-01	2.19e-01	4.83e-01	3.46e-02	6.89e-04
 1.64745e+23	1.80e-23	1.52e-19	4.95e-14	6.61e-10	8.80e-07	1.33e-04	6.10e-03	6.71e-02	2.03e-01	2.22e-01	4.69e-01	3.22e-02	6.15e-04
 1.70801e+23	2.20e-23	1.78e-19	5.75e-14	7.64e-10	1.00e-06	1.49e-04	6.66e-03	7.14e-02	2.11e-01	2.24e-01	4.56e-01	3.02e-02	5.56e-04
 1.77756e+23	2.76e-23	2.13e-19	6.80e-14	9.02e-10	1.17e-06	1.70e-04	7.37e-03	7.68e-02	2.20e-01	2.26e-01	4.41e-01	2.80e-02	4.92e-04
 1.84729e+23	3.45e-23	2.54e-19	8.00e-14	1.06e-09	1.36e-06	1.93e-04	8.11e-03	8.21e-02	2.29e-01	2.28e-01	4.26e-01	2.59e-02	4.37e-04
 1.91980e+23	4.16e-23	2.95e-19	9.17e-14	1.21e-09	1.54e-06	2.14e-04	8.79e-03	8.68e-02	2.36e-01	2.29e-01	4.14e-01	2.43e-02	3.95e-04
 1.99782e+23	5.04e-23	3.44e-19	1.06e-13	1.38e-09	1.74e-06	2.38e-04	9.53e-03	9.18e-02	2.44e-01	2.30e-01	4.01e-01	2.27e-02	3.55e-04
 2.07897e+23	6.04e-23	3.97e-19	1.20e-13	1.57e-09	1.96e-06	2.62e-04	1.03e-02	9.65e-02	2.51e-01	2.31e-01	3.90e-01	2.13e-02	3.22e-04
 2.16336e+23	7.13e-23	4.54e-19	1.35e-13	1.76e-09	2.18e-06	2.87e-04	1.10e-02	1.01e-01	2.57e-01	2.32e-01	3.79e-01	2.00e-02	2.94e-04
 2.24881e+23	8.34e-23	5.14e-19	1.51e-13	1.96e-09	2.40e-06	3.11e-04	1.17e-02	1.05e-01	2.63e-01	2.32e-01	3.69e-01	1.89e-02	2.70e-04
 2.32941e+23	9.62e-23	5.76e-19	1.67e-13	2.17e-09	2.63e-06	3.36e-04	1.24e-02	1.09e-01	2.68e-01	2.32e-01	3.59e-01	1.79e-02	2.49e-04
 2.40195e+23	1.08e-22	6.33e-19	1.82e-13	2.35e-09	2.83e-06	3.57e-04	1.29e-02	1.13e-01	2.72e-01	2.33e-01	3.52e-01	1.72e-02	2.33e-04
 2.46724e+23	1.19e-22	6.83e-19	1.94e-13	2.50e-09	3.00e-06	3.75e-04	1.34e-02	1.15e-01	2.75e-01	2.33e-01	3.46e-01	1.66e-02	2.21e-04
 2.52600e+23	1.29e-22	7.28e-19	2.05e-13	2.64e-09	3.15e-06	3.90e-04	1.38e-02	1.18e-01	2.78e-01	2.32e-01	3.41e-01	1.61e-02	2.12e-04
 2.57888e+23	1.37e-22	7.65e-19	2.14e-13	2.75e-09	3.27e-06	4.03e-04	1.42e-02	1.20e-01	2.80e-01	2.32e-01	3.37e-01	1.58e-02	2.05e-04
 2.62647e+23	1.45e-22	7.99e-19	2.23e-13	2.85e-09	3.38e-06	4.14e-04	1.44e-02	1.21e-01	2.82e-01	2.32e-01	3.34e-01	1.54e-02	1.99e-04
 2.66931e+23	1.50e-22	8.24e-19	2.29e-13	2.93e-09	3.46e-06	4.23e-04	1.47e-02	1.22e-01	2.84e-01	2.32e-01	3.31e-01	1.52e-02	1.94e-04
 2.70786e+23	1.56e-22	8.47e-19	2.34e-13	3.00e-09	3.54e-06	4.30e-04	1.48e-02	1.23e-01	2.85e-01	2.32e-01	3.29e-01	1.50e-02	1.91e-04
 2.74255e+23	1.60e-22	8.69e-19	2.39e-13	3.06e-09	3.60e-06	4.37e-04	1.50e-02	1.24e-01	2.86e-01	2.32e-01	3.27e-01	1.48e-02	1.87e-04
 2.77426e+23	1.64e-22	8.86e-19	2.43e-13	3.11e-09	3.66e-06	4.42e-04	1.52e-02	1.25e-01	2.87e-01	2.32e-01	3.26e-01	1.47e-02	1.85e-04
 2.80481e+23	1.67e-22	8.96e-19	2.46e-13	3.14e-09	3.69e-06	4.45e-04	1.52e-02	1.25e-01	2.87e-01	2.32e-01	3.25e-01	1.46e-02	1.83e-04
 2.83536e+23	1.68e-22	9.04e-19	2.48e-13	3.16e-09	3.71e-06	4.48e-04	1.53e-02	1.26e-01	2.87e-01	2.32e-01	3.24e-01	1.46e-02	1.83e-04
 2.86591e+23	1.70e-22	9.13e-19	2.50e-13	3.19e-09	3.74e-06	4.50e-04	1.54e-02	1.26e-01	2.88e-01	2.32e-01	3.24e-01	1.45e-02	1.81e-04
 2.89646e+23	1.73e-22	9.22e-19	2.52e-13	3.21e-09	3.77e-06	4.53e-04	1.54e-02	1.26e-01	2.88e-01	2.32e-01	3.23e-01	1.44e-02	1.80e-04
 2.92700e+23	1.73e-22	9.27e-19	2.53e-13	3.23e-09	3.78e-06	4.55e-04	1.55e-02	1.27e-01	2.88e-01	2.32e-01	3.22e-01	1.44e-02	1.79e-04
 2.95755e+23	1.74e-22	9.29e-19	2.53e-13	3.23e-09	3.79e-06	4.55e-04	1.55e-02	1.27e-01	2.89e-01	2.32e-01	3.22e-01	1.44e-02	1.79e-04
 2.98810e+23	1.75e-22	9.32e-19	2.54e-13	3.24e-09	3.80e-06	4.57e-04	1.55e-02	1.27e-01	2.89e-01	2.32e-01	3.22e-01	1.44e-02	1.78e-04
 3.01865e+23	1.75e-22	9.35e-19	2.55e-13	3.25e-09	3.80e-06	4.57e-04	1.55e-02	1.27e-01	2.89e-01	2.32e-01	3.22e-01	1.44e-02	1.78e-04
 3.04437e+23	1.80e-22	9.54e-19	2.59e-13	3.31e-09	3.87e-06	4.64e-04	1.57e-02	1.28e-01	2.90e-01	2.32e-01	3.20e-01	1.42e-02	1.75e-04
