#depth	Ne	Ne+	Ne+2	Ne+3	Ne+4	Ne+5	Ne+6	Ne+7	Ne+8	Ne+9	Ne+10
 6.17135e+19	0.00e+00	0.00e+00	0.00e+00	0.00e+00	2.45e-27	1.03e-21	1.51e-16	9.40e-12	6.67e-07	1.56e-03	9.98e-01
 1.87609e+20	0.00e+00	0.00e+00	0.00e+00	0.00e+00	3.96e-27	1.53e-21	2.07e-16	1.19e-11	7.82e-07	1.69e-03	9.98e-01
 3.18540e+20	0.00e+00	0.00e+00	0.00e+00	0.00e+00	6.44e-27	2.29e-21	2.84e-16	1.50e-11	9.17e-07	1.83e-03	9.98e-01
 4.54709e+20	0.00e+00	0.00e+00	0.00e+00	0.00e+00	1.05e-26	3.42e-21	3.90e-16	1.89e-11	1.08e-06	1.99e-03	9.98e-01
 5.74411e+20	0.00e+00	0.00e+00	0.00e+00	0.00e+00	1.59e-26	4.82e-21	5.10e-16	2.31e-11	1.23e-06	2.13e-03	9.98e-01
 6.66685e+20	0.00e+00	0.00e+00	0.00e+00	0.00e+00	2.17e-26	6.23e-21	6.24e-16	2.68e-11	1.37e-06	2.25e-03	9.98e-01
 7.48882e+20	0.00e+00	0.00e+00	0.00e+00	0.00e+00	2.84e-26	7.80e-21	7.45e-16	3.04e-11	1.49e-06	2.36e-03	9.98e-01
 8.41357e+20	0.00e+00	0.00e+00	0.00e+00	0.00e+00	3.84e-26	9.98e-21	9.04e-16	3.51e-11	1.65e-06	2.48e-03	9.98e-01
 9.61574e+20	0.00e+00	0.00e+00	0.00e+00	0.00e+00	5.61e-26	1.36e-20	1.16e-15	4.20e-11	1.86e-06	2.64e-03	9.97e-01
 1.08324e+21	0.00e+00	0.00e+00	0.00e+00	0.00e+00	8.18e-26	1.86e-20	1.47e-15	5.01e-11	2.11e-06	2.82e-03	9.97e-01
 1.17841e+21	0.00e+00	0.00e+00	0.00e+00	0.00e+00	1.09e-25	2.35e-20	1.77e-15	5.73e-11	2.31e-06	2.96e-03	9.97e-01
 1.27376e+21	0.00e+00	0.00e+00	0.00e+00	0.00e+00	1.45e-25	2.97e-20	2.12e-15	6.54e-11	2.54e-06	3.10e-03	9.97e-01
 1.39771e+21	0.00e+00	0.00e+00	0.00e+00	0.00e+00	2.07e-25	3.99e-20	2.68e-15	7.73e-11	2.85e-06	3.30e-03	9.97e-01
 1.52616e+21	0.00e+00	0.00e+00	0.00e+00	0.00e+00	2.99e-25	5.39e-20	3.38e-15	9.16e-11	3.21e-06	3.51e-03	9.96e-01
 1.63080e+21	0.00e+00	0.00e+00	0.00e+00	0.00e+00	4.00e-25	6.84e-20	4.07e-15	1.05e-10	3.53e-06	3.68e-03	9.96e-01
 1.73722e+21	0.00e+00	0.00e+00	0.00e+00	0.00e+00	5.35e-25	8.68e-20	4.90e-15	1.20e-10	3.88e-06	3.87e-03	9.96e-01
 1.84877e+21	0.00e+00	0.00e+00	0.00e+00	0.00e+00	7.24e-25	1.11e-19	5.93e-15	1.37e-10	4.28e-06	4.07e-03	9.96e-01
 1.94277e+21	0.00e+00	0.00e+00	0.00e+00	0.00e+00	9.27e-25	1.36e-19	6.94e-15	1.54e-10	4.63e-06	4.25e-03	9.96e-01
 2.04073e+21	0.00e+00	0.00e+00	0.00e+00	0.00e+00	1.20e-24	1.68e-19	8.16e-15	1.73e-10	5.03e-06	4.44e-03	9.96e-01
 2.16808e+21	0.00e+00	0.00e+00	0.00e+00	0.00e+00	1.66e-24	2.19e-19	1.00e-14	2.01e-10	5.59e-06	4.69e-03	9.95e-01
 2.29610e+21	0.00e+00	0.00e+00	0.00e+00	0.00e+00	2.30e-24	2.85e-19	1.23e-14	2.32e-10	6.20e-06	4.95e-03	9.95e-01
 2.39468e+21	0.00e+00	0.00e+00	0.00e+00	0.00e+00	2.94e-24	3.48e-19	1.44e-14	2.59e-10	6.71e-06	5.16e-03	9.95e-01
 2.49251e+21	0.00e+00	0.00e+00	0.00e+00	0.00e+00	3.73e-24	4.24e-19	1.67e-14	2.89e-10	7.25e-06	5.38e-03	9.95e-01
 2.61970e+21	0.00e+00	0.00e+00	0.00e+00	0.00e+00	5.06e-24	5.43e-19	2.02e-14	3.31e-10	7.99e-06	5.66e-03	9.94e-01
 2.75179e+21	0.00e+00	0.00e+00	0.00e+00	0.00e+00	6.96e-24	7.04e-19	2.47e-14	3.81e-10	8.85e-06	5.97e-03	9.94e-01
 2.85994e+21	0.00e+00	0.00e+00	0.00e+00	0.00e+00	8.97e-24	8.66e-19	2.89e-14	4.27e-10	9.60e-06	6.24e-03	9.94e-01
 2.94880e+21	0.00e+00	0.00e+00	0.00e+00	0.00e+00	1.11e-23	1.03e-18	3.30e-14	4.68e-10	1.03e-05	6.46e-03	9.94e-01
 3.04292e+21	0.00e+00	0.00e+00	0.00e+00	0.00e+00	1.37e-23	1.22e-18	3.77e-14	5.15e-10	1.10e-05	6.70e-03	9.93e-01
 3.16527e+21	0.00e+00	0.00e+00	0.00e+00	4.19e-29	1.81e-23	1.53e-18	4.49e-14	5.82e-10	1.20e-05	7.02e-03	9.93e-01
 3.28917e+21	0.00e+00	0.00e+00	0.00e+00	5.81e-29	2.39e-23	1.92e-18	5.33e-14	6.58e-10	1.31e-05	7.35e-03	9.93e-01
 3.38839e+21	0.00e+00	0.00e+00	0.00e+00	7.62e-29	3.00e-23	2.31e-18	6.14e-14	7.26e-10	1.41e-05	7.64e-03	9.92e-01
 3.49071e+21	0.00e+00	0.00e+00	0.00e+00	9.94e-29	3.75e-23	2.77e-18	7.06e-14	8.01e-10	1.52e-05	7.93e-03	9.92e-01
 3.60585e+21	0.00e+00	0.00e+00	0.00e+00	1.34e-28	4.83e-23	3.40e-18	8.25e-14	8.95e-10	1.64e-05	8.27e-03	9.92e-01
 3.71332e+21	0.00e+00	0.00e+00	0.00e+00	1.78e-28	6.11e-23	4.11e-18	9.55e-14	9.91e-10	1.77e-05	8.61e-03	9.91e-01
 3.81157e+21	0.00e+00	0.00e+00	0.00e+00	2.28e-28	7.53e-23	4.87e-18	1.09e-13	1.09e-09	1.89e-05	8.91e-03	9.91e-01
 3.92217e+21	0.00e+00	0.00e+00	0.00e+00	3.02e-28	9.53e-23	5.90e-18	1.26e-13	1.20e-09	2.04e-05	9.27e-03	9.91e-01
 4.04541e+21	0.00e+00	0.00e+00	0.00e+00	4.11e-28	1.24e-22	7.29e-18	1.48e-13	1.35e-09	2.21e-05	9.68e-03	9.90e-01
 4.15238e+21	0.00e+00	0.00e+00	0.00e+00	5.38e-28	1.55e-22	8.75e-18	1.70e-13	1.49e-09	2.38e-05	1.00e-02	9.90e-01
 4.24069e+21	0.00e+00	0.00e+00	0.00e+00	6.68e-28	1.86e-22	1.02e-17	1.91e-13	1.61e-09	2.52e-05	1.04e-02	9.90e-01
 4.33744e+21	0.00e+00	0.00e+00	0.00e+00	8.50e-28	2.28e-22	1.20e-17	2.16e-13	1.76e-09	2.68e-05	1.07e-02	9.89e-01
 4.46322e+21	0.00e+00	0.00e+00	0.00e+00	1.15e-27	2.94e-22	1.47e-17	2.53e-13	1.97e-09	2.91e-05	1.12e-02	9.89e-01
 4.59248e+21	0.00e+00	0.00e+00	0.00e+00	1.58e-27	3.83e-22	1.83e-17	2.98e-13	2.21e-09	3.16e-05	1.17e-02	9.88e-01
 4.69760e+21	0.00e+00	0.00e+00	0.00e+00	2.03e-27	4.74e-22	2.17e-17	3.41e-13	2.43e-09	3.38e-05	1.21e-02	9.88e-01
 4.78994e+21	0.00e+00	0.00e+00	0.00e+00	2.54e-27	5.72e-22	2.53e-17	3.82e-13	2.63e-09	3.59e-05	1.25e-02	9.88e-01
 4.89439e+21	0.00e+00	0.00e+00	0.00e+00	3.25e-27	7.04e-22	2.99e-17	4.35e-13	2.88e-09	3.83e-05	1.29e-02	9.87e-01
 5.03017e+21	0.00e+00	0.00e+00	0.00e+00	4.47e-27	9.21e-22	3.72e-17	5.14e-13	3.24e-09	4.17e-05	1.35e-02	9.87e-01
 5.16659e+21	0.00e+00	0.00e+00	0.00e+00	6.16e-27	1.21e-21	4.64e-17	6.08e-13	3.65e-09	4.53e-05	1.41e-02	9.86e-01
 5.27334e+21	0.00e+00	0.00e+00	0.00e+00	7.91e-27	1.49e-21	5.50e-17	6.93e-13	4.00e-09	4.84e-05	1.45e-02	9.85e-01
 5.38161e+21	0.00e+00	0.00e+00	0.00e+00	1.01e-26	1.83e-21	6.52e-17	7.90e-13	4.39e-09	5.17e-05	1.50e-02	9.85e-01
 5.50321e+21	0.00e+00	0.00e+00	0.00e+00	1.34e-26	2.32e-21	7.90e-17	9.14e-13	4.86e-09	5.56e-05	1.56e-02	9.84e-01
 5.61735e+21	0.00e+00	0.00e+00	0.00e+00	1.74e-26	2.89e-21	9.45e-17	1.05e-12	5.36e-09	5.96e-05	1.62e-02	9.84e-01
 5.72348e+21	0.00e+00	0.00e+00	0.00e+00	2.21e-26	3.54e-21	1.11e-16	1.19e-12	5.86e-09	6.35e-05	1.67e-02	9.83e-01
 5.84399e+21	0.00e+00	0.00e+00	0.00e+00	2.90e-26	4.45e-21	1.34e-16	1.37e-12	6.48e-09	6.82e-05	1.73e-02	9.83e-01
 5.97766e+21	0.00e+00	0.00e+00	0.00e+00	3.91e-26	5.72e-21	1.65e-16	1.61e-12	7.25e-09	7.37e-05	1.80e-02	9.82e-01
 6.10070e+21	0.00e+00	0.00e+00	0.00e+00	5.14e-26	7.20e-21	1.99e-16	1.86e-12	8.03e-09	7.92e-05	1.87e-02	9.81e-01
 6.21464e+21	0.00e+00	0.00e+00	0.00e+00	6.60e-26	8.90e-21	2.37e-16	2.12e-12	8.82e-09	8.46e-05	1.93e-02	9.81e-01
 6.34452e+21	0.00e+00	0.00e+00	0.00e+00	8.76e-26	1.13e-20	2.88e-16	2.46e-12	9.82e-09	9.11e-05	2.01e-02	9.80e-01
 6.48396e+21	0.00e+00	0.00e+00	0.00e+00	1.18e-25	1.46e-20	3.54e-16	2.89e-12	1.10e-08	9.86e-05	2.09e-02	9.79e-01
 6.60585e+21	0.00e+00	0.00e+00	0.00e+00	1.54e-25	1.82e-20	4.25e-16	3.33e-12	1.22e-08	1.06e-04	2.16e-02	9.78e-01
 6.73434e+21	0.00e+00	0.00e+00	0.00e+00	2.02e-25	2.29e-20	5.13e-16	3.85e-12	1.35e-08	1.13e-04	2.24e-02	9.77e-01
 6.87810e+21	0.00e+00	0.00e+00	0.00e+00	2.73e-25	2.96e-20	6.32e-16	4.52e-12	1.51e-08	1.23e-04	2.33e-02	9.77e-01
 7.01212e+21	0.00e+00	0.00e+00	0.00e+00	3.61e-25	3.75e-20	7.68e-16	5.25e-12	1.68e-08	1.32e-04	2.42e-02	9.76e-01
 7.13671e+21	0.00e+00	0.00e+00	0.00e+00	4.70e-25	4.68e-20	9.21e-16	6.04e-12	1.86e-08	1.41e-04	2.50e-02	9.75e-01
 7.27862e+21	0.00e+00	0.00e+00	0.00e+00	6.22e-25	5.94e-20	1.12e-15	7.03e-12	2.07e-08	1.52e-04	2.59e-02	9.74e-01
 7.43465e+21	0.00e+00	0.00e+00	0.00e+00	8.52e-25	7.75e-20	1.39e-15	8.32e-12	2.34e-08	1.65e-04	2.70e-02	9.73e-01
 7.57180e+21	0.00e+00	0.00e+00	0.00e+00	1.13e-24	9.83e-20	1.69e-15	9.68e-12	2.61e-08	1.78e-04	2.80e-02	9.72e-01
 7.69043e+21	0.00e+00	0.00e+00	0.00e+00	1.41e-24	1.19e-19	1.98e-15	1.09e-11	2.85e-08	1.88e-04	2.88e-02	9.71e-01
 7.82226e+21	0.00e+00	0.00e+00	0.00e+00	1.82e-24	1.47e-19	2.37e-15	1.25e-11	3.14e-08	2.01e-04	2.98e-02	9.70e-01
 7.99363e+21	0.00e+00	0.00e+00	0.00e+00	2.52e-24	1.94e-19	2.97e-15	1.49e-11	3.57e-08	2.19e-04	3.11e-02	9.69e-01
 8.17009e+21	0.00e+00	0.00e+00	0.00e+00	3.50e-24	2.57e-19	3.74e-15	1.79e-11	4.06e-08	2.39e-04	3.24e-02	9.67e-01
 8.31234e+21	0.00e+00	0.00e+00	0.00e+00	4.55e-24	3.22e-19	4.50e-15	2.06e-11	4.50e-08	2.56e-04	3.35e-02	9.66e-01
 8.45645e+21	0.00e+00	0.00e+00	0.00e+00	5.90e-24	4.01e-19	5.39e-15	2.38e-11	4.99e-08	2.74e-04	3.47e-02	9.65e-01
 8.64378e+21	0.00e+00	0.00e+00	0.00e+00	8.21e-24	5.31e-19	6.80e-15	2.85e-11	5.68e-08	2.99e-04	3.62e-02	9.64e-01
 8.83278e+21	0.00e+00	0.00e+00	0.00e+00	1.14e-23	7.02e-19	8.57e-15	3.41e-11	6.47e-08	3.26e-04	3.77e-02	9.62e-01
 8.98233e+21	0.00e+00	0.00e+00	3.97e-29	1.47e-23	8.73e-19	1.03e-14	3.92e-11	7.16e-08	3.48e-04	3.90e-02	9.61e-01
 9.13512e+21	0.00e+00	0.00e+00	5.33e-29	1.90e-23	1.08e-18	1.23e-14	4.51e-11	7.92e-08	3.72e-04	4.03e-02	9.59e-01
 9.33374e+21	0.00e+00	0.00e+00	7.72e-29	2.62e-23	1.43e-18	1.54e-14	5.38e-11	9.01e-08	4.05e-04	4.20e-02	9.58e-01
 9.54210e+21	0.00e+00	0.00e+00	1.14e-28	3.67e-23	1.90e-18	1.95e-14	6.47e-11	1.03e-07	4.43e-04	4.38e-02	9.56e-01
 9.71781e+21	0.00e+00	0.00e+00	1.56e-28	4.84e-23	2.40e-18	2.37e-14	7.53e-11	1.15e-07	4.76e-04	4.54e-02	9.54e-01
 9.87201e+21	0.00e+00	0.00e+00	2.05e-28	6.12e-23	2.94e-18	2.80e-14	8.57e-11	1.26e-07	5.06e-04	4.68e-02	9.53e-01
 1.00435e+22	0.00e+00	0.00e+00	2.76e-28	7.92e-23	3.66e-18	3.36e-14	9.88e-11	1.40e-07	5.42e-04	4.84e-02	9.51e-01
 1.02665e+22	0.00e+00	0.00e+00	4.02e-28	1.10e-22	4.83e-18	4.23e-14	1.18e-10	1.60e-07	5.91e-04	5.04e-02	9.49e-01
 1.04939e+22	0.00e+00	0.00e+00	5.87e-28	1.52e-22	6.39e-18	5.33e-14	1.42e-10	1.82e-07	6.44e-04	5.26e-02	9.47e-01
 1.06777e+22	0.00e+00	0.00e+00	7.92e-28	1.98e-22	7.98e-18	6.40e-14	1.64e-10	2.02e-07	6.90e-04	5.43e-02	9.45e-01
 1.08674e+22	0.00e+00	0.00e+00	1.07e-27	2.56e-22	9.96e-18	7.70e-14	1.89e-10	2.25e-07	7.39e-04	5.62e-02	9.43e-01
 1.11140e+22	0.00e+00	0.00e+00	1.56e-27	3.57e-22	1.32e-17	9.73e-14	2.27e-10	2.57e-07	8.07e-04	5.86e-02	9.41e-01
 1.13666e+22	0.00e+00	0.00e+00	2.29e-27	4.98e-22	1.76e-17	1.23e-13	2.73e-10	2.94e-07	8.81e-04	6.11e-02	9.38e-01
 1.15641e+22	0.00e+00	0.00e+00	3.08e-27	6.42e-22	2.18e-17	1.48e-13	3.15e-10	3.26e-07	9.42e-04	6.32e-02	9.36e-01
 1.17580e+22	0.00e+00	0.00e+00	4.07e-27	8.19e-22	2.69e-17	1.75e-13	3.61e-10	3.60e-07	1.01e-03	6.51e-02	9.34e-01
 1.20100e+22	0.00e+00	0.00e+00	5.81e-27	1.12e-21	3.50e-17	2.18e-13	4.28e-10	4.08e-07	1.09e-03	6.78e-02	9.31e-01
 1.22722e+22	0.00e+00	0.00e+00	8.38e-27	1.53e-21	4.59e-17	2.74e-13	5.11e-10	4.64e-07	1.19e-03	7.05e-02	9.28e-01
 1.24913e+22	0.00e+00	0.00e+00	1.13e-26	1.99e-21	5.73e-17	3.29e-13	5.91e-10	5.16e-07	1.27e-03	7.29e-02	9.26e-01
 1.27197e+22	0.00e+00	0.00e+00	1.53e-26	2.59e-21	7.18e-17	3.97e-13	6.84e-10	5.74e-07	1.36e-03	7.54e-02	9.23e-01
 1.30167e+22	0.00e+00	0.00e+00	2.25e-26	3.62e-21	9.56e-17	5.03e-13	8.24e-10	6.58e-07	1.49e-03	7.86e-02	9.20e-01
 1.33188e+22	0.00e+00	0.00e+00	3.31e-26	5.06e-21	1.27e-16	6.39e-13	9.94e-10	7.54e-07	1.63e-03	8.20e-02	9.16e-01
 1.35627e+22	0.00e+00	0.00e+00	4.50e-26	6.60e-21	1.60e-16	7.72e-13	1.15e-09	8.40e-07	1.75e-03	8.48e-02	9.13e-01
 1.38147e+22	0.00e+00	0.00e+00	6.11e-26	8.62e-21	2.01e-16	9.33e-13	1.34e-09	9.37e-07	1.88e-03	8.77e-02	9.10e-01
 1.40955e+22	0.00e+00	0.00e+00	8.56e-26	1.16e-20	2.58e-16	1.15e-12	1.58e-09	1.06e-06	2.03e-03	9.10e-02	9.07e-01
 1.43567e+22	0.00e+00	0.00e+00	1.17e-25	1.51e-20	3.25e-16	1.39e-12	1.83e-09	1.18e-06	2.18e-03	9.41e-02	9.04e-01
 1.46015e+22	0.00e+00	0.00e+00	1.55e-25	1.94e-20	4.02e-16	1.66e-12	2.10e-09	1.30e-06	2.32e-03	9.70e-02	9.01e-01
 1.48820e+22	0.00e+00	0.00e+00	2.11e-25	2.53e-20	5.05e-16	2.01e-12	2.44e-09	1.45e-06	2.49e-03	1.00e-01	8.97e-01
 1.52467e+22	0.00e+00	0.00e+00	3.18e-25	3.62e-20	6.85e-16	2.59e-12	2.98e-09	1.68e-06	2.74e-03	1.05e-01	8.92e-01
 1.56055e+22	0.00e+00	0.00e+00	4.72e-25	5.10e-20	9.19e-16	3.30e-12	3.61e-09	1.93e-06	3.00e-03	1.09e-01	8.88e-01
 1.58794e+22	0.00e+00	0.00e+00	6.33e-25	6.58e-20	1.14e-15	3.96e-12	4.16e-09	2.14e-06	3.21e-03	1.13e-01	8.84e-01
 1.61583e+22	0.00e+00	0.00e+00	8.47e-25	8.48e-20	1.42e-15	4.75e-12	4.80e-09	2.38e-06	3.43e-03	1.16e-01	8.80e-01
 1.65207e+22	0.00e+00	0.00e+00	1.23e-24	1.17e-19	1.87e-15	5.97e-12	5.75e-09	2.71e-06	3.73e-03	1.21e-01	8.75e-01
 1.69039e+22	0.00e+00	0.00e+00	1.81e-24	1.65e-19	2.50e-15	7.60e-12	6.95e-09	3.11e-06	4.08e-03	1.26e-01	8.70e-01
 1.72053e+22	0.00e+00	0.00e+00	2.46e-24	2.14e-19	3.14e-15	9.17e-12	8.05e-09	3.46e-06	4.37e-03	1.30e-01	8.65e-01
 1.74427e+22	0.00e+00	0.00e+00	3.09e-24	2.61e-19	3.72e-15	1.06e-11	9.00e-09	3.76e-06	4.60e-03	1.33e-01	8.62e-01
 1.77055e+22	0.00e+00	0.00e+00	4.00e-24	3.27e-19	4.51e-15	1.24e-11	1.02e-08	4.12e-06	4.88e-03	1.37e-01	8.58e-01
 1.80471e+22	0.00e+00	0.00e+00	5.47e-24	4.29e-19	5.70e-15	1.51e-11	1.19e-08	4.60e-06	5.24e-03	1.42e-01	8.53e-01
 1.84177e+22	0.00e+00	0.00e+00	7.83e-24	5.87e-19	7.44e-15	1.88e-11	1.41e-08	5.22e-06	5.68e-03	1.47e-01	8.47e-01
 1.87380e+22	0.00e+00	0.00e+00	1.06e-23	7.61e-19	9.29e-15	2.26e-11	1.64e-08	5.80e-06	6.08e-03	1.51e-01	8.43e-01
 1.89980e+22	0.00e+00	0.00e+00	1.34e-23	9.35e-19	1.11e-14	2.62e-11	1.84e-08	6.30e-06	6.42e-03	1.55e-01	8.38e-01
 1.92675e+22	0.00e+00	0.00e+00	1.71e-23	1.16e-18	1.33e-14	3.05e-11	2.07e-08	6.87e-06	6.78e-03	1.59e-01	8.34e-01
 1.96180e+22	0.00e+00	3.90e-29	2.30e-23	1.50e-18	1.66e-14	3.67e-11	2.39e-08	7.63e-06	7.25e-03	1.64e-01	8.29e-01
 1.99827e+22	0.00e+00	5.69e-29	3.22e-23	2.01e-18	2.13e-14	4.52e-11	2.81e-08	8.58e-06	7.81e-03	1.69e-01	8.23e-01
 2.02753e+22	0.00e+00	7.62e-29	4.16e-23	2.51e-18	2.58e-14	5.30e-11	3.19e-08	9.39e-06	8.28e-03	1.74e-01	8.18e-01
 2.05650e+22	0.00e+00	1.01e-28	5.34e-23	3.12e-18	3.11e-14	6.19e-11	3.60e-08	1.03e-05	8.75e-03	1.78e-01	8.13e-01
 2.08745e+22	0.00e+00	1.36e-28	6.94e-23	3.91e-18	3.78e-14	7.28e-11	4.09e-08	1.12e-05	9.28e-03	1.83e-01	8.08e-01
 2.11448e+22	0.00e+00	1.77e-28	8.74e-23	4.78e-18	4.49e-14	8.40e-11	4.57e-08	1.22e-05	9.77e-03	1.87e-01	8.03e-01
 2.13932e+22	0.00e+00	2.23e-28	1.07e-22	5.71e-18	5.23e-14	9.54e-11	5.05e-08	1.31e-05	1.02e-02	1.91e-01	7.99e-01
 2.16780e+22	0.00e+00	2.92e-28	1.36e-22	7.01e-18	6.24e-14	1.10e-10	5.66e-08	1.42e-05	1.08e-02	1.95e-01	7.94e-01
 2.19971e+22	0.00e+00	3.89e-28	1.75e-22	8.74e-18	7.54e-14	1.29e-10	6.41e-08	1.55e-05	1.14e-02	2.00e-01	7.88e-01
 2.23000e+22	0.00e+00	5.19e-28	2.26e-22	1.09e-17	9.12e-14	1.52e-10	7.25e-08	1.70e-05	1.21e-02	2.05e-01	7.83e-01
 2.25785e+22	0.00e+00	6.72e-28	2.84e-22	1.33e-17	1.08e-13	1.75e-10	8.10e-08	1.84e-05	1.27e-02	2.10e-01	7.78e-01
 2.28861e+22	0.00e+00	8.78e-28	3.59e-22	1.63e-17	1.29e-13	2.02e-10	9.08e-08	2.00e-05	1.33e-02	2.14e-01	7.72e-01
 2.32859e+22	0.00e+00	1.26e-27	4.93e-22	2.15e-17	1.63e-13	2.47e-10	1.06e-07	2.23e-05	1.43e-02	2.21e-01	7.65e-01
 2.36611e+22	0.00e+00	1.78e-27	6.70e-22	2.81e-17	2.05e-13	2.98e-10	1.23e-07	2.49e-05	1.53e-02	2.27e-01	7.58e-01
 2.39150e+22	0.00e+00	2.21e-27	8.10e-22	3.31e-17	2.36e-13	3.36e-10	1.35e-07	2.66e-05	1.60e-02	2.31e-01	7.53e-01
 2.41560e+22	0.00e+00	2.75e-27	9.80e-22	3.91e-17	2.73e-13	3.78e-10	1.48e-07	2.84e-05	1.66e-02	2.35e-01	7.48e-01
 2.44693e+22	0.00e+00	3.55e-27	1.23e-21	4.77e-17	3.23e-13	4.36e-10	1.66e-07	3.07e-05	1.75e-02	2.40e-01	7.42e-01
 2.48231e+22	0.00e+00	4.88e-27	1.63e-21	6.07e-17	3.98e-13	5.18e-10	1.90e-07	3.39e-05	1.86e-02	2.46e-01	7.35e-01
 2.51445e+22	0.00e+00	6.44e-27	2.08e-21	7.51e-17	4.78e-13	6.04e-10	2.14e-07	3.69e-05	1.96e-02	2.52e-01	7.29e-01
 2.54268e+22	0.00e+00	8.19e-27	2.57e-21	9.03e-17	5.60e-13	6.89e-10	2.37e-07	3.97e-05	2.05e-02	2.56e-01	7.23e-01
 2.57431e+22	0.00e+00	1.07e-26	3.24e-21	1.11e-16	6.67e-13	7.98e-10	2.66e-07	4.30e-05	2.16e-02	2.62e-01	7.17e-01
 2.61543e+22	0.00e+00	1.50e-26	4.38e-21	1.44e-16	8.36e-13	9.64e-10	3.08e-07	4.78e-05	2.30e-02	2.69e-01	7.08e-01
 2.65526e+22	0.00e+00	2.10e-26	5.90e-21	1.86e-16	1.04e-12	1.16e-09	3.56e-07	5.30e-05	2.45e-02	2.76e-01	7.00e-01
 2.68416e+22	0.00e+00	2.68e-26	7.29e-21	2.24e-16	1.22e-12	1.33e-09	3.95e-07	5.71e-05	2.57e-02	2.81e-01	6.94e-01
 2.71250e+22	0.00e+00	3.37e-26	8.94e-21	2.67e-16	1.43e-12	1.51e-09	4.37e-07	6.13e-05	2.68e-02	2.86e-01	6.88e-01
 2.74933e+22	0.00e+00	4.55e-26	1.16e-20	3.36e-16	1.74e-12	1.78e-09	4.97e-07	6.71e-05	2.83e-02	2.92e-01	6.80e-01
 2.78770e+22	0.00e+00	6.23e-26	1.54e-20	4.28e-16	2.14e-12	2.12e-09	5.70e-07	7.39e-05	3.01e-02	2.99e-01	6.71e-01
 2.81944e+22	0.00e+00	8.12e-26	1.94e-20	5.25e-16	2.55e-12	2.45e-09	6.39e-07	8.02e-05	3.16e-02	3.04e-01	6.64e-01
 2.84777e+22	0.00e+00	1.01e-25	2.35e-20	6.21e-16	2.95e-12	2.77e-09	7.03e-07	8.58e-05	3.29e-02	3.09e-01	6.58e-01
 2.88029e+22	0.00e+00	1.31e-25	2.95e-20	7.57e-16	3.50e-12	3.20e-09	7.86e-07	9.28e-05	3.45e-02	3.15e-01	6.51e-01
 2.92257e+22	0.00e+00	1.82e-25	3.95e-20	9.75e-16	4.36e-12	3.85e-09	9.08e-07	1.03e-04	3.67e-02	3.22e-01	6.41e-01
 2.96523e+22	0.00e+00	2.55e-25	5.33e-20	1.26e-15	5.46e-12	4.65e-09	1.05e-06	1.14e-04	3.91e-02	3.30e-01	6.31e-01
 2.99846e+22	0.00e+00	3.35e-25	6.76e-20	1.56e-15	6.54e-12	5.41e-09	1.19e-06	1.24e-04	4.11e-02	3.36e-01	6.23e-01
 3.03173e+22	0.00e+00	4.31e-25	8.45e-20	1.89e-15	7.75e-12	6.24e-09	1.33e-06	1.34e-04	4.31e-02	3.42e-01	6.15e-01
 3.07498e+22	0.00e+00	5.92e-25	1.12e-19	2.42e-15	9.57e-12	7.45e-09	1.52e-06	1.48e-04	4.57e-02	3.49e-01	6.05e-01
 3.12024e+22	0.00e+00	8.34e-25	1.52e-19	3.15e-15	1.21e-11	9.05e-09	1.77e-06	1.64e-04	4.87e-02	3.57e-01	5.94e-01
 3.15751e+22	0.00e+00	1.11e-24	1.95e-19	3.93e-15	1.46e-11	1.06e-08	2.01e-06	1.79e-04	5.13e-02	3.63e-01	5.85e-01
 3.18982e+22	0.00e+00	1.41e-24	2.42e-19	4.73e-15	1.72e-11	1.22e-08	2.24e-06	1.93e-04	5.36e-02	3.69e-01	5.77e-01
 3.22630e+22	0.00e+00	1.82e-24	3.03e-19	5.76e-15	2.04e-11	1.41e-08	2.51e-06	2.09e-04	5.62e-02	3.75e-01	5.69e-01
 3.27372e+22	0.00e+00	2.54e-24	4.07e-19	7.45e-15	2.55e-11	1.70e-08	2.91e-06	2.32e-04	5.97e-02	3.82e-01	5.58e-01
 3.32353e+22	0.00e+00	3.62e-24	5.56e-19	9.79e-15	3.24e-11	2.08e-08	3.41e-06	2.59e-04	6.37e-02	3.90e-01	5.46e-01
 3.36538e+22	0.00e+00	4.84e-24	7.20e-19	1.23e-14	3.94e-11	2.46e-08	3.89e-06	2.84e-04	6.72e-02	3.97e-01	5.35e-01
 3.40085e+22	0.00e+00	6.20e-24	8.96e-19	1.49e-14	4.66e-11	2.84e-08	4.35e-06	3.07e-04	7.03e-02	4.03e-01	5.27e-01
 3.43910e+22	0.00e+00	7.91e-24	1.11e-18	1.80e-14	5.50e-11	3.26e-08	4.86e-06	3.31e-04	7.35e-02	4.08e-01	5.18e-01
 3.48882e+22	0.00e+00	1.09e-23	1.47e-18	2.30e-14	6.82e-11	3.92e-08	5.61e-06	3.66e-04	7.79e-02	4.15e-01	5.06e-01
 3.53988e+22	0.00e+00	1.51e-23	1.97e-18	2.97e-14	8.52e-11	4.74e-08	6.51e-06	4.06e-04	8.26e-02	4.22e-01	4.94e-01
 3.58104e+22	0.00e+00	1.95e-23	2.48e-18	3.62e-14	1.02e-10	5.50e-08	7.32e-06	4.40e-04	8.66e-02	4.28e-01	4.85e-01
 3.62290e+22	0.00e+00	2.49e-23	3.09e-18	4.39e-14	1.20e-10	6.34e-08	8.20e-06	4.76e-04	9.05e-02	4.33e-01	4.76e-01
 3.67733e+22	0.00e+00	3.40e-23	4.08e-18	5.61e-14	1.49e-10	7.60e-08	9.46e-06	5.25e-04	9.58e-02	4.40e-01	4.64e-01
 3.73425e+22	0.00e+00	4.71e-23	5.45e-18	7.23e-14	1.86e-10	9.19e-08	1.10e-05	5.82e-04	1.02e-01	4.47e-01	4.51e-01
 3.78174e+22	0.00e+00	6.13e-23	6.90e-18	8.89e-14	2.23e-10	1.07e-07	1.24e-05	6.33e-04	1.06e-01	4.52e-01	4.41e-01
 3.83083e+22	4.50e-29	7.92e-23	8.67e-18	1.09e-13	2.66e-10	1.24e-07	1.40e-05	6.87e-04	1.11e-01	4.57e-01	4.31e-01
 3.89463e+22	6.41e-29	1.09e-22	1.16e-17	1.40e-13	3.32e-10	1.50e-07	1.62e-05	7.62e-04	1.18e-01	4.63e-01	4.18e-01
 3.96067e+22	9.24e-29	1.52e-22	1.56e-17	1.82e-13	4.17e-10	1.83e-07	1.89e-05	8.47e-04	1.25e-01	4.69e-01	4.05e-01
 4.01486e+22	1.23e-28	1.98e-22	1.97e-17	2.23e-13	5.01e-10	2.13e-07	2.14e-05	9.21e-04	1.31e-01	4.74e-01	3.94e-01
 4.06188e+22	1.58e-28	2.48e-22	2.41e-17	2.67e-13	5.85e-10	2.43e-07	2.37e-05	9.90e-04	1.36e-01	4.77e-01	3.85e-01
 4.11434e+22	2.03e-28	3.11e-22	2.96e-17	3.19e-13	6.84e-10	2.78e-07	2.64e-05	1.06e-03	1.42e-01	4.81e-01	3.76e-01
 4.18254e+22	2.79e-28	4.17e-22	3.84e-17	4.02e-13	8.37e-10	3.30e-07	3.02e-05	1.17e-03	1.49e-01	4.85e-01	3.64e-01
 4.25169e+22	3.87e-28	5.61e-22	5.01e-17	5.08e-13	1.03e-09	3.93e-07	3.47e-05	1.28e-03	1.57e-01	4.89e-01	3.52e-01
 4.30616e+22	4.99e-28	7.07e-22	6.17e-17	6.10e-13	1.21e-09	4.50e-07	3.86e-05	1.38e-03	1.63e-01	4.92e-01	3.43e-01
 4.36106e+22	6.27e-28	8.71e-22	7.44e-17	7.19e-13	1.40e-09	5.09e-07	4.25e-05	1.48e-03	1.69e-01	4.95e-01	3.35e-01
 4.43243e+22	8.42e-28	1.14e-21	9.47e-17	8.89e-13	1.68e-09	5.96e-07	4.82e-05	1.61e-03	1.77e-01	4.98e-01	3.24e-01
 4.50831e+22	1.15e-27	1.51e-21	1.22e-16	1.11e-12	2.05e-09	7.04e-07	5.50e-05	1.76e-03	1.85e-01	5.00e-01	3.12e-01
 4.57329e+22	1.50e-27	1.93e-21	1.52e-16	1.35e-12	2.42e-09	8.13e-07	6.16e-05	1.90e-03	1.93e-01	5.02e-01	3.03e-01
 4.63200e+22	1.86e-27	2.35e-21	1.82e-16	1.58e-12	2.78e-09	9.12e-07	6.75e-05	2.03e-03	1.99e-01	5.04e-01	2.95e-01
 4.69932e+22	2.38e-27	2.94e-21	2.23e-16	1.88e-12	3.25e-09	1.04e-06	7.49e-05	2.17e-03	2.07e-01	5.05e-01	2.86e-01
 4.77321e+22	3.11e-27	3.76e-21	2.78e-16	2.29e-12	3.85e-09	1.20e-06	8.39e-05	2.35e-03	2.15e-01	5.06e-01	2.76e-01
 4.83981e+22	3.95e-27	4.68e-21	3.38e-16	2.72e-12	4.48e-09	1.37e-06	9.28e-05	2.52e-03	2.22e-01	5.07e-01	2.68e-01
 4.90074e+22	4.84e-27	5.63e-21	3.99e-16	3.15e-12	5.09e-09	1.52e-06	1.01e-04	2.66e-03	2.29e-01	5.08e-01	2.61e-01
 4.97012e+22	6.05e-27	6.91e-21	4.81e-16	3.70e-12	5.86e-09	1.72e-06	1.11e-04	2.84e-03	2.36e-01	5.08e-01	2.53e-01
 5.06032e+22	8.01e-27	8.94e-21	6.06e-16	4.54e-12	7.00e-09	1.99e-06	1.25e-04	3.07e-03	2.46e-01	5.08e-01	2.43e-01
 5.15395e+22	1.08e-26	1.17e-20	7.72e-16	5.62e-12	8.43e-09	2.33e-06	1.41e-04	3.34e-03	2.56e-01	5.07e-01	2.33e-01
 5.23079e+22	1.36e-26	1.45e-20	9.36e-16	6.65e-12	9.77e-09	2.64e-06	1.56e-04	3.57e-03	2.64e-01	5.07e-01	2.26e-01
 5.30945e+22	1.70e-26	1.78e-20	1.13e-15	7.83e-12	1.13e-08	2.98e-06	1.71e-04	3.80e-03	2.72e-01	5.06e-01	2.18e-01
 5.41172e+22	2.24e-26	2.29e-20	1.42e-15	9.57e-12	1.34e-08	3.44e-06	1.92e-04	4.10e-03	2.82e-01	5.04e-01	2.09e-01
 5.52084e+22	3.03e-26	3.02e-20	1.82e-15	1.19e-11	1.62e-08	4.04e-06	2.17e-04	4.46e-03	2.93e-01	5.02e-01	2.00e-01
 5.61382e+22	3.89e-26	3.79e-20	2.23e-15	1.42e-11	1.89e-08	4.60e-06	2.40e-04	4.77e-03	3.03e-01	5.00e-01	1.92e-01
 5.69341e+22	4.76e-26	4.56e-20	2.63e-15	1.65e-11	2.15e-08	5.11e-06	2.61e-04	5.04e-03	3.11e-01	4.98e-01	1.86e-01
 5.78067e+22	5.90e-26	5.55e-20	3.14e-15	1.92e-11	2.46e-08	5.72e-06	2.84e-04	5.34e-03	3.19e-01	4.96e-01	1.79e-01
 5.89410e+22	7.68e-26	7.07e-20	3.90e-15	2.32e-11	2.89e-08	6.55e-06	3.16e-04	5.73e-03	3.29e-01	4.93e-01	1.72e-01
 6.01530e+22	1.02e-25	9.19e-20	4.94e-15	2.86e-11	3.46e-08	7.61e-06	3.55e-04	6.18e-03	3.41e-01	4.89e-01	1.64e-01
 6.11940e+22	1.30e-25	1.14e-19	6.02e-15	3.39e-11	4.02e-08	8.61e-06	3.90e-04	6.59e-03	3.50e-01	4.86e-01	1.57e-01
 6.22754e+22	1.64e-25	1.41e-19	7.27e-15	4.00e-11	4.63e-08	9.70e-06	4.28e-04	6.99e-03	3.59e-01	4.82e-01	1.51e-01
 6.36812e+22	2.18e-25	1.84e-19	9.20e-15	4.91e-11	5.53e-08	1.12e-05	4.78e-04	7.53e-03	3.71e-01	4.78e-01	1.43e-01
 6.51842e+22	2.98e-25	2.44e-19	1.19e-14	6.14e-11	6.71e-08	1.32e-05	5.41e-04	8.16e-03	3.84e-01	4.72e-01	1.35e-01
 6.64814e+22	3.87e-25	3.10e-19	1.47e-14	7.40e-11	7.87e-08	1.50e-05	5.99e-04	8.71e-03	3.94e-01	4.67e-01	1.29e-01
 6.78357e+22	4.98e-25	3.90e-19	1.81e-14	8.86e-11	9.18e-08	1.71e-05	6.60e-04	9.28e-03	4.05e-01	4.62e-01	1.23e-01
 6.93415e+22	6.58e-25	5.03e-19	2.27e-14	1.08e-10	1.09e-07	1.96e-05	7.33e-04	9.94e-03	4.16e-01	4.56e-01	1.17e-01
 7.07397e+22	8.49e-25	6.34e-19	2.80e-14	1.29e-10	1.27e-07	2.24e-05	8.10e-04	1.06e-02	4.27e-01	4.51e-01	1.11e-01
 7.20439e+22	1.06e-24	7.78e-19	3.36e-14	1.52e-10	1.46e-07	2.50e-05	8.82e-04	1.12e-02	4.36e-01	4.46e-01	1.06e-01
 7.35303e+22	1.36e-24	9.74e-19	4.11e-14	1.81e-10	1.69e-07	2.83e-05	9.69e-04	1.19e-02	4.46e-01	4.40e-01	1.01e-01
 7.51988e+22	1.78e-24	1.25e-18	5.12e-14	2.19e-10	2.00e-07	3.24e-05	1.07e-03	1.27e-02	4.57e-01	4.33e-01	9.57e-02
 7.67713e+22	2.28e-24	1.56e-18	6.28e-14	2.62e-10	2.32e-07	3.67e-05	1.18e-03	1.35e-02	4.68e-01	4.27e-01	9.09e-02
 7.82476e+22	2.86e-24	1.92e-18	7.54e-14	3.06e-10	2.66e-07	4.09e-05	1.28e-03	1.42e-02	4.77e-01	4.21e-01	8.68e-02
 7.99315e+22	3.64e-24	2.39e-18	9.19e-14	3.64e-10	3.08e-07	4.62e-05	1.40e-03	1.50e-02	4.87e-01	4.14e-01	8.23e-02
 8.21205e+22	4.87e-24	3.12e-18	1.17e-13	4.48e-10	3.68e-07	5.34e-05	1.56e-03	1.61e-02	4.99e-01	4.06e-01	7.73e-02
 8.43999e+22	6.70e-24	4.18e-18	1.52e-13	5.62e-10	4.47e-07	6.26e-05	1.76e-03	1.74e-02	5.12e-01	3.97e-01	7.20e-02
 8.62373e+22	8.60e-24	5.25e-18	1.86e-13	6.72e-10	5.20e-07	7.09e-05	1.93e-03	1.84e-02	5.22e-01	3.90e-01	6.80e-02
 8.80666e+22	1.07e-23	6.41e-18	2.22e-13	7.84e-10	5.93e-07	7.90e-05	2.10e-03	1.94e-02	5.31e-01	3.83e-01	6.47e-02
 9.04447e+22	1.40e-23	8.21e-18	2.78e-13	9.52e-10	7.01e-07	9.05e-05	2.32e-03	2.06e-02	5.42e-01	3.75e-01	6.06e-02
 9.30322e+22	1.90e-23	1.08e-17	3.57e-13	1.18e-09	8.44e-07	1.05e-04	2.60e-03	2.21e-02	5.54e-01	3.65e-01	5.63e-02
 9.53061e+22	2.46e-23	1.37e-17	4.41e-13	1.42e-09	9.89e-07	1.20e-04	2.86e-03	2.35e-02	5.64e-01	3.57e-01	5.29e-02
 9.76767e+22	3.12e-23	1.71e-17	5.37e-13	1.69e-09	1.14e-06	1.35e-04	3.13e-03	2.48e-02	5.73e-01	3.49e-01	4.98e-02
 1.00255e+23	4.06e-23	2.18e-17	6.68e-13	2.04e-09	1.34e-06	1.54e-04	3.45e-03	2.64e-02	5.83e-01	3.40e-01	4.66e-02
 1.02541e+23	5.09e-23	2.68e-17	8.06e-13	2.41e-09	1.55e-06	1.73e-04	3.76e-03	2.78e-02	5.92e-01	3.33e-01	4.38e-02
 1.04590e+23	6.13e-23	3.18e-17	9.42e-13	2.75e-09	1.74e-06	1.90e-04	4.04e-03	2.90e-02	5.99e-01	3.26e-01	4.16e-02
 1.06898e+23	7.46e-23	3.82e-17	1.11e-12	3.18e-09	1.97e-06	2.11e-04	4.36e-03	3.04e-02	6.06e-01	3.19e-01	3.94e-02
 1.09897e+23	9.43e-23	4.74e-17	1.35e-12	3.77e-09	2.28e-06	2.38e-04	4.76e-03	3.21e-02	6.15e-01	3.11e-01	3.69e-02
 1.13207e+23	1.23e-22	6.08e-17	1.69e-12	4.60e-09	2.71e-06	2.73e-04	5.28e-03	3.42e-02	6.25e-01	3.01e-01	3.41e-02
 1.16132e+23	1.55e-22	7.53e-17	2.06e-12	5.45e-09	3.14e-06	3.08e-04	5.78e-03	3.61e-02	6.33e-01	2.93e-01	3.19e-02
 1.18700e+23	1.87e-22	8.95e-17	2.41e-12	6.26e-09	3.53e-06	3.40e-04	6.21e-03	3.78e-02	6.39e-01	2.86e-01	3.01e-02
 1.21595e+23	2.24e-22	1.06e-16	2.82e-12	7.20e-09	3.99e-06	3.76e-04	6.69e-03	3.95e-02	6.46e-01	2.79e-01	2.84e-02
 1.25358e+23	2.80e-22	1.31e-16	3.41e-12	8.50e-09	4.60e-06	4.22e-04	7.29e-03	4.16e-02	6.53e-01	2.71e-01	2.64e-02
 1.30096e+23	3.63e-22	1.67e-16	4.27e-12	1.04e-08	5.47e-06	4.87e-04	8.10e-03	4.44e-02	6.61e-01	2.61e-01	2.43e-02
 1.34880e+23	4.80e-22	2.18e-16	5.46e-12	1.29e-08	6.60e-06	5.69e-04	9.09e-03	4.76e-02	6.70e-01	2.50e-01	2.20e-02
 1.38705e+23	5.92e-22	2.65e-16	6.55e-12	1.51e-08	7.59e-06	6.38e-04	9.89e-03	5.01e-02	6.77e-01	2.42e-01	2.04e-02
 1.42509e+23	6.99e-22	3.11e-16	7.61e-12	1.73e-08	8.53e-06	7.03e-04	1.06e-02	5.23e-02	6.82e-01	2.36e-01	1.92e-02
 1.47453e+23	8.45e-22	3.74e-16	9.02e-12	2.01e-08	9.75e-06	7.85e-04	1.15e-02	5.49e-02	6.87e-01	2.28e-01	1.78e-02
 1.53314e+23	1.06e-21	4.64e-16	1.10e-11	2.41e-08	1.14e-05	8.94e-04	1.27e-02	5.82e-02	6.93e-01	2.19e-01	1.63e-02
 1.59240e+23	1.31e-21	5.74e-16	1.35e-11	2.88e-08	1.34e-05	1.02e-03	1.40e-02	6.17e-02	6.98e-01	2.10e-01	1.49e-02
 1.64745e+23	1.58e-21	6.87e-16	1.60e-11	3.36e-08	1.53e-05	1.14e-03	1.52e-02	6.48e-02	7.03e-01	2.02e-01	1.37e-02
 1.70801e+23	1.85e-21	8.02e-16	1.86e-11	3.83e-08	1.72e-05	1.26e-03	1.63e-02	6.77e-02	7.06e-01	1.96e-01	1.28e-02
 1.77756e+23	2.20e-21	9.54e-16	2.19e-11	4.47e-08	1.97e-05	1.41e-03	1.77e-02	7.11e-02	7.10e-01	1.88e-01	1.18e-02
 1.84729e+23	2.59e-21	1.13e-15	2.57e-11	5.16e-08	2.24e-05	1.57e-03	1.91e-02	7.46e-02	7.13e-01	1.81e-01	1.09e-02
 1.91980e+23	2.97e-21	1.29e-15	2.94e-11	5.83e-08	2.50e-05	1.71e-03	2.04e-02	7.76e-02	7.15e-01	1.75e-01	1.01e-02
 1.99782e+23	3.40e-21	1.48e-15	3.37e-11	6.60e-08	2.79e-05	1.88e-03	2.19e-02	8.08e-02	7.17e-01	1.69e-01	9.45e-03
 2.07897e+23	3.85e-21	1.68e-15	3.81e-11	7.39e-08	3.09e-05	2.04e-03	2.32e-02	8.38e-02	7.18e-01	1.64e-01	8.84e-03
 2.16336e+23	4.30e-21	1.89e-15	4.27e-11	8.20e-08	3.39e-05	2.21e-03	2.46e-02	8.67e-02	7.19e-01	1.59e-01	8.31e-03
 2.24881e+23	4.75e-21	2.09e-15	4.74e-11	9.03e-08	3.70e-05	2.37e-03	2.59e-02	8.95e-02	7.20e-01	1.55e-01	7.83e-03
 2.32941e+23	5.20e-21	2.30e-15	5.21e-11	9.86e-08	4.00e-05	2.53e-03	2.71e-02	9.20e-02	7.20e-01	1.50e-01	7.43e-03
 2.40195e+23	5.58e-21	2.48e-15	5.62e-11	1.06e-07	4.27e-05	2.67e-03	2.82e-02	9.42e-02	7.21e-01	1.47e-01	7.11e-03
 2.46724e+23	5.92e-21	2.64e-15	5.98e-11	1.12e-07	4.49e-05	2.78e-03	2.90e-02	9.59e-02	7.21e-01	1.45e-01	6.86e-03
 2.52600e+23	6.20e-21	2.78e-15	6.29e-11	1.17e-07	4.68e-05	2.88e-03	2.98e-02	9.73e-02	7.21e-01	1.43e-01	6.66e-03
 2.57888e+23	6.43e-21	2.89e-15	6.54e-11	1.22e-07	4.84e-05	2.96e-03	3.03e-02	9.85e-02	7.21e-01	1.41e-01	6.51e-03
 2.62647e+23	6.63e-21	2.99e-15	6.77e-11	1.26e-07	4.98e-05	3.03e-03	3.09e-02	9.95e-02	7.21e-01	1.39e-01	6.38e-03
 2.66931e+23	6.77e-21	3.06e-15	6.93e-11	1.29e-07	5.08e-05	3.08e-03	3.13e-02	1.00e-01	7.21e-01	1.38e-01	6.28e-03
 2.70786e+23	6.90e-21	3.12e-15	7.09e-11	1.31e-07	5.18e-05	3.13e-03	3.16e-02	1.01e-01	7.21e-01	1.37e-01	6.20e-03
 2.74255e+23	7.02e-21	3.18e-15	7.22e-11	1.34e-07	5.26e-05	3.17e-03	3.19e-02	1.02e-01	7.21e-01	1.37e-01	6.13e-03
 2.77426e+23	7.12e-21	3.23e-15	7.34e-11	1.36e-07	5.33e-05	3.20e-03	3.21e-02	1.02e-01	7.21e-01	1.36e-01	6.08e-03
 2.80481e+23	7.18e-21	3.26e-15	7.40e-11	1.37e-07	5.37e-05	3.22e-03	3.23e-02	1.02e-01	7.20e-01	1.36e-01	6.05e-03
 2.83536e+23	7.24e-21	3.28e-15	7.45e-11	1.37e-07	5.40e-05	3.24e-03	3.24e-02	1.02e-01	7.20e-01	1.36e-01	6.03e-03
 2.86591e+23	7.28e-21	3.31e-15	7.50e-11	1.38e-07	5.43e-05	3.25e-03	3.25e-02	1.03e-01	7.20e-01	1.35e-01	6.00e-03
 2.89646e+23	7.32e-21	3.33e-15	7.56e-11	1.39e-07	5.47e-05	3.27e-03	3.26e-02	1.03e-01	7.20e-01	1.35e-01	5.97e-03
 2.92700e+23	7.36e-21	3.34e-15	7.59e-11	1.40e-07	5.48e-05	3.28e-03	3.27e-02	1.03e-01	7.20e-01	1.35e-01	5.96e-03
 2.95755e+23	7.36e-21	3.35e-15	7.61e-11	1.40e-07	5.49e-05	3.28e-03	3.27e-02	1.03e-01	7.20e-01	1.35e-01	5.95e-03
 2.98810e+23	7.38e-21	3.36e-15	7.63e-11	1.41e-07	5.51e-05	3.29e-03	3.28e-02	1.03e-01	7.20e-01	1.34e-01	5.94e-03
 3.01865e+23	7.41e-21	3.37e-15	7.64e-11	1.41e-07	5.51e-05	3.29e-03	3.28e-02	1.03e-01	7.20e-01	1.34e-01	5.93e-03
 3.04437e+23	7.47e-21	3.41e-15	7.76e-11	1.43e-07	5.60e-05	3.34e-03	3.31e-02	1.04e-01	7.20e-01	1.34e-01	5.86e-03
