#depth	C	C+	C+2	C+3	C+4	C+5	C+6	C[1]	C[2]	C[3]	C+[1]	C+[2]	CO
 6.17135e+19	0.00e+00	0.00e+00	2.65e-23	3.24e-16	7.09e-10	2.86e-05	1.00e+00	0.00e+00	0.00e+00	0.00e+00	0.00e+00	0.00e+00	2.26e-95
 1.87609e+20	0.00e+00	0.00e+00	3.66e-23	4.11e-16	8.31e-10	3.10e-05	1.00e+00	0.00e+00	0.00e+00	0.00e+00	0.00e+00	0.00e+00	2.62e-95
 3.18540e+20	0.00e+00	0.00e+00	5.05e-23	5.21e-16	9.75e-10	3.36e-05	1.00e+00	0.00e+00	0.00e+00	0.00e+00	0.00e+00	0.00e+00	2.85e-95
 4.54709e+20	0.00e+00	0.00e+00	6.98e-23	6.62e-16	1.14e-09	3.65e-05	1.00e+00	0.00e+00	0.00e+00	0.00e+00	0.00e+00	0.00e+00	3.01e-96
 5.74411e+20	0.00e+00	0.00e+00	9.20e-23	8.11e-16	1.31e-09	3.92e-05	1.00e+00	0.00e+00	0.00e+00	0.00e+00	0.00e+00	0.00e+00	2.54e-96
 6.66685e+20	0.00e+00	0.00e+00	1.13e-22	9.45e-16	1.45e-09	4.13e-05	1.00e+00	0.00e+00	0.00e+00	0.00e+00	0.00e+00	0.00e+00	2.06e-96
 7.48882e+20	0.00e+00	0.00e+00	1.36e-22	1.08e-15	1.59e-09	4.33e-05	1.00e+00	0.00e+00	0.00e+00	0.00e+00	0.00e+00	0.00e+00	1.65e-96
 8.41357e+20	0.00e+00	0.00e+00	1.65e-22	1.25e-15	1.75e-09	4.56e-05	1.00e+00	0.00e+00	0.00e+00	0.00e+00	0.00e+00	0.00e+00	1.34e-96
 9.61574e+20	0.00e+00	0.00e+00	2.13e-22	1.50e-15	1.98e-09	4.86e-05	1.00e+00	0.00e+00	0.00e+00	0.00e+00	0.00e+00	0.00e+00	1.10e-96
 1.08324e+21	0.00e+00	0.00e+00	2.73e-22	1.80e-15	2.24e-09	5.18e-05	1.00e+00	0.00e+00	0.00e+00	0.00e+00	0.00e+00	0.00e+00	9.02e-97
 1.17841e+21	0.00e+00	0.00e+00	3.30e-22	2.07e-15	2.46e-09	5.44e-05	1.00e+00	0.00e+00	0.00e+00	0.00e+00	0.00e+00	0.00e+00	7.28e-97
 1.27376e+21	0.00e+00	0.00e+00	3.98e-22	2.37e-15	2.70e-09	5.71e-05	1.00e+00	0.00e+00	0.00e+00	0.00e+00	0.00e+00	0.00e+00	5.86e-97
 1.39771e+21	0.00e+00	0.00e+00	5.05e-22	2.82e-15	3.03e-09	6.08e-05	1.00e+00	0.00e+00	0.00e+00	0.00e+00	0.00e+00	0.00e+00	4.77e-97
 1.52616e+21	0.00e+00	0.00e+00	6.42e-22	3.36e-15	3.41e-09	6.47e-05	1.00e+00	0.00e+00	0.00e+00	0.00e+00	0.00e+00	0.00e+00	3.88e-97
 1.63080e+21	0.00e+00	1.48e-29	7.78e-22	3.86e-15	3.75e-09	6.80e-05	1.00e+00	0.00e+00	0.00e+00	0.00e+00	0.00e+00	0.00e+00	1.69e-97
 1.73722e+21	0.00e+00	1.89e-29	9.42e-22	4.43e-15	4.11e-09	7.15e-05	1.00e+00	0.00e+00	0.00e+00	0.00e+00	0.00e+00	0.00e+00	1.35e-97
 1.84877e+21	0.00e+00	2.44e-29	1.15e-21	5.11e-15	4.53e-09	7.53e-05	1.00e+00	0.00e+00	0.00e+00	0.00e+00	0.00e+00	0.00e+00	1.09e-97
 1.94277e+21	0.00e+00	3.00e-29	1.35e-21	5.74e-15	4.90e-09	7.85e-05	1.00e+00	0.00e+00	0.00e+00	0.00e+00	0.00e+00	0.00e+00	8.56e-98
 2.04073e+21	0.00e+00	3.73e-29	1.59e-21	6.47e-15	5.32e-09	8.21e-05	1.00e+00	0.00e+00	0.00e+00	0.00e+00	0.00e+00	0.00e+00	6.75e-98
 2.16808e+21	0.00e+00	4.90e-29	1.97e-21	7.54e-15	5.90e-09	8.68e-05	1.00e+00	0.00e+00	0.00e+00	0.00e+00	0.00e+00	0.00e+00	5.39e-98
 2.29610e+21	0.00e+00	6.43e-29	2.43e-21	8.76e-15	6.53e-09	9.18e-05	1.00e+00	0.00e+00	0.00e+00	0.00e+00	0.00e+00	0.00e+00	4.32e-98
 2.39468e+21	0.00e+00	7.90e-29	2.85e-21	9.81e-15	7.05e-09	9.58e-05	1.00e+00	0.00e+00	0.00e+00	0.00e+00	0.00e+00	0.00e+00	3.37e-98
 2.49251e+21	0.00e+00	9.65e-29	3.33e-21	1.09e-14	7.60e-09	9.98e-05	1.00e+00	0.00e+00	0.00e+00	0.00e+00	0.00e+00	0.00e+00	2.61e-98
 2.61970e+21	0.00e+00	1.24e-28	4.04e-21	1.26e-14	8.36e-09	1.05e-04	1.00e+00	0.00e+00	0.00e+00	0.00e+00	0.00e+00	0.00e+00	2.04e-98
 2.75179e+21	0.00e+00	1.62e-28	4.96e-21	1.45e-14	9.22e-09	1.11e-04	1.00e+00	0.00e+00	0.00e+00	0.00e+00	0.00e+00	0.00e+00	1.59e-98
 2.85994e+21	0.00e+00	2.00e-28	5.83e-21	1.63e-14	9.97e-09	1.16e-04	1.00e+00	0.00e+00	0.00e+00	0.00e+00	0.00e+00	0.00e+00	1.24e-98
 2.94880e+21	0.00e+00	2.39e-28	6.66e-21	1.79e-14	1.06e-08	1.20e-04	1.00e+00	0.00e+00	0.00e+00	0.00e+00	0.00e+00	0.00e+00	9.38e-99
 3.04292e+21	0.00e+00	2.85e-28	7.62e-21	1.97e-14	1.13e-08	1.25e-04	1.00e+00	0.00e+00	0.00e+00	0.00e+00	0.00e+00	0.00e+00	7.21e-99
 3.16527e+21	0.00e+00	3.58e-28	9.08e-21	2.22e-14	1.23e-08	1.31e-04	1.00e+00	0.00e+00	0.00e+00	0.00e+00	0.00e+00	0.00e+00	5.58e-99
 3.28917e+21	0.00e+00	4.49e-28	1.08e-20	2.51e-14	1.34e-08	1.37e-04	1.00e+00	0.00e+00	0.00e+00	0.00e+00	0.00e+00	0.00e+00	4.33e-99
 3.38839e+21	0.00e+00	5.41e-28	1.24e-20	2.76e-14	1.43e-08	1.43e-04	1.00e+00	0.00e+00	0.00e+00	0.00e+00	0.00e+00	0.00e+00	3.37e-99
 3.49071e+21	0.00e+00	6.49e-28	1.43e-20	3.04e-14	1.53e-08	1.49e-04	1.00e+00	0.00e+00	0.00e+00	0.00e+00	0.00e+00	0.00e+00	2.58e-99
 3.60585e+21	0.00e+00	7.97e-28	1.67e-20	3.39e-14	1.65e-08	1.55e-04	1.00e+00	0.00e+00	0.00e+00	0.00e+00	0.00e+00	0.00e+00	1.98e-99
 3.71332e+21	0.00e+00	9.64e-28	1.92e-20	3.73e-14	1.77e-08	1.61e-04	1.00e+00	0.00e+00	0.00e+00	0.00e+00	0.00e+00	0.00e+00	1.53e-99
 3.81157e+21	0.00e+00	1.14e-27	2.18e-20	4.08e-14	1.88e-08	1.67e-04	1.00e+00	0.00e+00	0.00e+00	0.00e+00	0.00e+00	0.00e+00	1.16e-99
 3.92217e+21	0.00e+00	1.38e-27	2.52e-20	4.49e-14	2.01e-08	1.74e-04	1.00e+00	0.00e+00	0.00e+00	0.00e+00	0.00e+00	0.00e+00	8.87e-100
 4.04541e+21	0.00e+00	1.70e-27	2.94e-20	5.00e-14	2.17e-08	1.82e-04	1.00e+00	0.00e+00	0.00e+00	0.00e+00	0.00e+00	0.00e+00	6.75e-100
 4.15238e+21	0.00e+00	2.03e-27	3.36e-20	5.47e-14	2.31e-08	1.89e-04	1.00e+00	0.00e+00	0.00e+00	0.00e+00	0.00e+00	0.00e+00	5.13e-100
 4.24069e+21	0.00e+00	2.35e-27	3.75e-20	5.89e-14	2.43e-08	1.95e-04	1.00e+00	0.00e+00	0.00e+00	0.00e+00	0.00e+00	0.00e+00	3.86e-100
 4.33744e+21	0.00e+00	2.75e-27	4.22e-20	6.37e-14	2.57e-08	2.02e-04	1.00e+00	0.00e+00	0.00e+00	0.00e+00	0.00e+00	0.00e+00	2.91e-100
 4.46322e+21	0.00e+00	3.36e-27	4.90e-20	7.05e-14	2.76e-08	2.11e-04	1.00e+00	0.00e+00	0.00e+00	0.00e+00	0.00e+00	0.00e+00	2.19e-100
 4.59248e+21	0.00e+00	4.13e-27	5.71e-20	7.80e-14	2.97e-08	2.21e-04	1.00e+00	0.00e+00	0.00e+00	0.00e+00	0.00e+00	0.00e+00	1.65e-100
 4.69760e+21	0.00e+00	4.87e-27	6.45e-20	8.46e-14	3.14e-08	2.29e-04	1.00e+00	0.00e+00	0.00e+00	0.00e+00	0.00e+00	0.00e+00	1.25e-100
 4.78994e+21	0.00e+00	5.62e-27	7.17e-20	9.07e-14	3.30e-08	2.36e-04	1.00e+00	0.00e+00	0.00e+00	0.00e+00	0.00e+00	0.00e+00	9.31e-101
 4.89439e+21	0.00e+00	6.59e-27	8.06e-20	9.80e-14	3.49e-08	2.45e-04	1.00e+00	0.00e+00	0.00e+00	0.00e+00	0.00e+00	0.00e+00	6.93e-101
 5.03017e+21	0.00e+00	8.08e-27	9.36e-20	1.08e-13	3.75e-08	2.56e-04	1.00e+00	0.00e+00	0.00e+00	0.00e+00	0.00e+00	0.00e+00	5.18e-101
 5.16659e+21	0.00e+00	9.90e-27	1.09e-19	1.19e-13	4.02e-08	2.68e-04	1.00e+00	0.00e+00	0.00e+00	0.00e+00	0.00e+00	0.00e+00	3.90e-101
 5.27334e+21	0.00e+00	1.16e-26	1.22e-19	1.28e-13	4.24e-08	2.77e-04	1.00e+00	0.00e+00	0.00e+00	0.00e+00	0.00e+00	0.00e+00	2.89e-101
 5.38161e+21	0.00e+00	1.35e-26	1.37e-19	1.38e-13	4.47e-08	2.87e-04	1.00e+00	0.00e+00	0.00e+00	0.00e+00	0.00e+00	0.00e+00	2.14e-101
 5.50321e+21	0.00e+00	1.61e-26	1.55e-19	1.50e-13	4.75e-08	2.99e-04	1.00e+00	0.00e+00	0.00e+00	0.00e+00	0.00e+00	0.00e+00	1.58e-101
 5.61735e+21	0.00e+00	1.89e-26	1.74e-19	1.61e-13	5.01e-08	3.10e-04	1.00e+00	0.00e+00	0.00e+00	0.00e+00	0.00e+00	0.00e+00	1.17e-101
 5.72348e+21	0.00e+00	2.19e-26	1.94e-19	1.73e-13	5.27e-08	3.20e-04	1.00e+00	0.00e+00	0.00e+00	0.00e+00	0.00e+00	0.00e+00	8.59e-102
 5.84399e+21	0.00e+00	2.58e-26	2.18e-19	1.86e-13	5.57e-08	3.33e-04	1.00e+00	0.00e+00	0.00e+00	0.00e+00	0.00e+00	0.00e+00	6.25e-102
 5.97766e+21	0.00e+00	3.09e-26	2.48e-19	2.02e-13	5.92e-08	3.47e-04	1.00e+00	0.00e+00	0.00e+00	0.00e+00	0.00e+00	0.00e+00	4.51e-102
 6.10070e+21	0.00e+00	3.65e-26	2.80e-19	2.17e-13	6.25e-08	3.60e-04	1.00e+00	0.00e+00	0.00e+00	0.00e+00	0.00e+00	0.00e+00	3.28e-102
 6.21464e+21	0.00e+00	4.23e-26	3.11e-19	2.32e-13	6.57e-08	3.73e-04	1.00e+00	0.00e+00	0.00e+00	0.00e+00	0.00e+00	0.00e+00	2.41e-102
 6.34452e+21	0.00e+00	5.00e-26	3.51e-19	2.50e-13	6.95e-08	3.88e-04	1.00e+00	0.00e+00	0.00e+00	0.00e+00	0.00e+00	0.00e+00	1.72e-102
 6.48396e+21	0.00e+00	5.98e-26	3.98e-19	2.70e-13	7.37e-08	4.04e-04	1.00e+00	0.00e+00	0.00e+00	0.00e+00	0.00e+00	0.00e+00	1.26e-102
 6.60585e+21	0.00e+00	6.97e-26	4.44e-19	2.89e-13	7.75e-08	4.19e-04	1.00e+00	0.00e+00	0.00e+00	0.00e+00	0.00e+00	0.00e+00	8.91e-103
 6.73434e+21	0.00e+00	8.16e-26	4.96e-19	3.09e-13	8.17e-08	4.35e-04	1.00e+00	0.00e+00	0.00e+00	0.00e+00	0.00e+00	0.00e+00	6.33e-103
 6.87810e+21	0.00e+00	9.71e-26	5.61e-19	3.33e-13	8.65e-08	4.53e-04	1.00e+00	0.00e+00	0.00e+00	0.00e+00	0.00e+00	0.00e+00	4.62e-103
 7.01212e+21	0.00e+00	1.14e-25	6.28e-19	3.56e-13	9.12e-08	4.71e-04	1.00e+00	0.00e+00	0.00e+00	0.00e+00	0.00e+00	0.00e+00	3.30e-103
 7.13671e+21	0.00e+00	1.32e-25	6.97e-19	3.78e-13	9.57e-08	4.88e-04	1.00e+00	0.00e+00	0.00e+00	0.00e+00	0.00e+00	0.00e+00	2.32e-103
 7.27862e+21	0.00e+00	1.55e-25	7.81e-19	4.05e-13	1.01e-07	5.07e-04	9.99e-01	0.00e+00	0.00e+00	0.00e+00	0.00e+00	0.00e+00	1.67e-103
 7.43465e+21	0.00e+00	1.85e-25	8.84e-19	4.35e-13	1.07e-07	5.29e-04	9.99e-01	0.00e+00	0.00e+00	0.00e+00	0.00e+00	0.00e+00	1.20e-103
 7.57180e+21	0.00e+00	2.17e-25	9.85e-19	4.63e-13	1.13e-07	5.50e-04	9.99e-01	0.00e+00	0.00e+00	0.00e+00	0.00e+00	0.00e+00	8.41e-109
 7.69043e+21	0.00e+00	2.46e-25	1.08e-18	4.89e-13	1.17e-07	5.67e-04	9.99e-01	0.00e+00	0.00e+00	0.00e+00	0.00e+00	0.00e+00	1.43e-108
 7.82226e+21	0.00e+00	2.84e-25	1.19e-18	5.18e-13	1.23e-07	5.87e-04	9.99e-01	0.00e+00	0.00e+00	0.00e+00	0.00e+00	0.00e+00	2.43e-108
 7.99363e+21	0.00e+00	3.40e-25	1.35e-18	5.57e-13	1.31e-07	6.13e-04	9.99e-01	0.00e+00	0.00e+00	0.00e+00	0.00e+00	0.00e+00	4.74e-108
 8.17009e+21	0.00e+00	4.08e-25	1.53e-18	6.00e-13	1.39e-07	6.42e-04	9.99e-01	0.00e+00	0.00e+00	0.00e+00	0.00e+00	0.00e+00	9.68e-108
 8.31234e+21	0.00e+00	4.72e-25	1.70e-18	6.37e-13	1.46e-07	6.65e-04	9.99e-01	0.00e+00	0.00e+00	0.00e+00	0.00e+00	0.00e+00	1.78e-107
 8.45645e+21	0.00e+00	5.45e-25	1.88e-18	6.75e-13	1.53e-07	6.89e-04	9.99e-01	0.00e+00	0.00e+00	0.00e+00	0.00e+00	0.00e+00	3.14e-107
 8.64378e+21	0.00e+00	6.54e-25	2.13e-18	7.26e-13	1.62e-07	7.20e-04	9.99e-01	0.00e+00	0.00e+00	0.00e+00	0.00e+00	0.00e+00	6.23e-107
 8.83278e+21	0.00e+00	7.85e-25	2.42e-18	7.82e-13	1.72e-07	7.54e-04	9.99e-01	0.00e+00	0.00e+00	0.00e+00	0.00e+00	0.00e+00	1.28e-106
 8.98233e+21	0.00e+00	9.05e-25	2.68e-18	8.28e-13	1.81e-07	7.80e-04	9.99e-01	0.00e+00	0.00e+00	0.00e+00	0.00e+00	0.00e+00	2.33e-106
 9.13512e+21	0.00e+00	1.04e-24	2.95e-18	8.77e-13	1.90e-07	8.08e-04	9.99e-01	0.00e+00	0.00e+00	0.00e+00	0.00e+00	0.00e+00	4.09e-106
 9.33374e+21	0.00e+00	1.25e-24	3.35e-18	9.44e-13	2.02e-07	8.44e-04	9.99e-01	0.00e+00	0.00e+00	0.00e+00	0.00e+00	0.00e+00	8.07e-106
 9.54210e+21	0.00e+00	1.50e-24	3.82e-18	1.02e-12	2.15e-07	8.84e-04	9.99e-01	0.00e+00	0.00e+00	0.00e+00	0.00e+00	0.00e+00	1.68e-105
 9.71781e+21	0.00e+00	1.75e-24	4.26e-18	1.08e-12	2.27e-07	9.18e-04	9.99e-01	0.00e+00	0.00e+00	0.00e+00	0.00e+00	0.00e+00	3.19e-105
 9.87201e+21	0.00e+00	2.00e-24	4.67e-18	1.15e-12	2.37e-07	9.48e-04	9.99e-01	0.00e+00	0.00e+00	0.00e+00	0.00e+00	0.00e+00	5.52e-105
 1.00435e+22	0.00e+00	2.31e-24	5.17e-18	1.22e-12	2.49e-07	9.82e-04	9.99e-01	0.00e+00	0.00e+00	0.00e+00	0.00e+00	0.00e+00	9.71e-105
 1.02665e+22	0.00e+00	2.78e-24	5.89e-18	1.31e-12	2.66e-07	1.03e-03	9.99e-01	0.00e+00	0.00e+00	0.00e+00	0.00e+00	0.00e+00	1.95e-104
 1.04939e+22	0.00e+00	3.35e-24	6.72e-18	1.42e-12	2.84e-07	1.07e-03	9.99e-01	0.00e+00	0.00e+00	0.00e+00	0.00e+00	0.00e+00	4.06e-104
 1.06777e+22	0.00e+00	3.89e-24	7.47e-18	1.51e-12	2.99e-07	1.11e-03	9.99e-01	0.00e+00	0.00e+00	0.00e+00	0.00e+00	0.00e+00	7.53e-104
 1.08674e+22	0.00e+00	4.51e-24	8.30e-18	1.61e-12	3.15e-07	1.15e-03	9.99e-01	0.00e+00	0.00e+00	0.00e+00	0.00e+00	0.00e+00	1.36e-103
 1.11140e+22	0.00e+00	5.45e-24	9.50e-18	1.75e-12	3.37e-07	1.21e-03	9.99e-01	0.00e+00	0.00e+00	0.00e+00	0.00e+00	0.00e+00	2.78e-103
 1.13666e+22	0.00e+00	6.61e-24	1.09e-17	1.90e-12	3.61e-07	1.26e-03	9.99e-01	0.00e+00	0.00e+00	0.00e+00	0.00e+00	0.00e+00	2.29e-86
 1.15641e+22	0.00e+00	7.66e-24	1.21e-17	2.03e-12	3.81e-07	1.31e-03	9.99e-01	0.00e+00	0.00e+00	0.00e+00	0.00e+00	0.00e+00	4.93e-86
 1.17580e+22	0.00e+00	8.83e-24	1.34e-17	2.16e-12	4.01e-07	1.35e-03	9.99e-01	0.00e+00	0.00e+00	0.00e+00	0.00e+00	0.00e+00	8.29e-86
 1.20100e+22	0.00e+00	1.06e-23	1.53e-17	2.34e-12	4.29e-07	1.41e-03	9.99e-01	0.00e+00	0.00e+00	0.00e+00	0.00e+00	0.00e+00	1.12e-85
 1.22722e+22	0.00e+00	1.28e-23	1.75e-17	2.54e-12	4.59e-07	1.48e-03	9.99e-01	0.00e+00	0.00e+00	0.00e+00	0.00e+00	0.00e+00	2.18e-85
 1.24913e+22	0.00e+00	1.49e-23	1.95e-17	2.72e-12	4.86e-07	1.53e-03	9.98e-01	0.00e+00	0.00e+00	0.00e+00	0.00e+00	0.00e+00	6.46e-85
 1.27197e+22	0.00e+00	1.74e-23	2.19e-17	2.91e-12	5.14e-07	1.59e-03	9.98e-01	0.00e+00	0.00e+00	0.00e+00	0.00e+00	0.00e+00	6.84e-85
 1.30167e+22	0.00e+00	2.12e-23	2.53e-17	3.19e-12	5.54e-07	1.66e-03	9.98e-01	0.00e+00	0.00e+00	0.00e+00	0.00e+00	0.00e+00	1.19e-84
 1.33188e+22	0.00e+00	2.60e-23	2.93e-17	3.49e-12	5.97e-07	1.74e-03	9.98e-01	0.00e+00	0.00e+00	0.00e+00	0.00e+00	0.00e+00	2.80e-84
 1.35627e+22	0.00e+00	3.05e-23	3.29e-17	3.76e-12	6.34e-07	1.81e-03	9.98e-01	0.00e+00	0.00e+00	0.00e+00	0.00e+00	0.00e+00	6.95e-84
 1.38147e+22	0.00e+00	3.58e-23	3.70e-17	4.05e-12	6.74e-07	1.88e-03	9.98e-01	0.00e+00	0.00e+00	0.00e+00	0.00e+00	0.00e+00	1.23e-83
 1.40955e+22	0.00e+00	4.28e-23	4.22e-17	4.40e-12	7.20e-07	1.96e-03	9.98e-01	0.00e+00	0.00e+00	0.00e+00	0.00e+00	0.00e+00	1.49e-83
 1.43567e+22	0.00e+00	5.05e-23	4.75e-17	4.74e-12	7.66e-07	2.03e-03	9.98e-01	0.00e+00	0.00e+00	0.00e+00	0.00e+00	0.00e+00	4.13e-83
 1.46015e+22	0.00e+00	5.87e-23	5.31e-17	5.08e-12	8.11e-07	2.10e-03	9.98e-01	0.00e+00	0.00e+00	0.00e+00	0.00e+00	0.00e+00	8.30e-83
 1.48820e+22	0.00e+00	6.94e-23	6.01e-17	5.51e-12	8.65e-07	2.18e-03	9.98e-01	0.00e+00	0.00e+00	0.00e+00	0.00e+00	0.00e+00	7.46e-83
 1.52467e+22	0.00e+00	8.64e-23	7.05e-17	6.09e-12	9.40e-07	2.30e-03	9.98e-01	0.00e+00	0.00e+00	0.00e+00	0.00e+00	0.00e+00	1.73e-82
 1.56055e+22	0.00e+00	1.07e-22	8.25e-17	6.74e-12	1.02e-06	2.41e-03	9.98e-01	0.00e+00	0.00e+00	0.00e+00	0.00e+00	0.00e+00	3.28e-82
 1.58794e+22	0.00e+00	1.25e-22	9.28e-17	7.27e-12	1.08e-06	2.50e-03	9.98e-01	0.00e+00	0.00e+00	0.00e+00	0.00e+00	0.00e+00	9.99e-82
 1.61583e+22	0.00e+00	1.47e-22	1.04e-16	7.83e-12	1.15e-06	2.59e-03	9.97e-01	0.00e+00	0.00e+00	0.00e+00	0.00e+00	0.00e+00	1.74e-81
 1.65207e+22	0.00e+00	1.80e-22	1.21e-16	8.63e-12	1.25e-06	2.71e-03	9.97e-01	0.00e+00	0.00e+00	0.00e+00	0.00e+00	0.00e+00	2.34e-81
 1.69039e+22	0.00e+00	2.24e-22	1.42e-16	9.56e-12	1.35e-06	2.84e-03	9.97e-01	0.00e+00	0.00e+00	0.00e+00	0.00e+00	0.00e+00	4.89e-81
 1.72053e+22	0.00e+00	2.64e-22	1.61e-16	1.04e-11	1.44e-06	2.95e-03	9.97e-01	0.00e+00	0.00e+00	0.00e+00	0.00e+00	0.00e+00	1.30e-80
 1.74427e+22	0.00e+00	3.01e-22	1.77e-16	1.10e-11	1.52e-06	3.03e-03	9.97e-01	0.00e+00	0.00e+00	0.00e+00	0.00e+00	0.00e+00	3.08e-80
 1.77055e+22	0.00e+00	3.47e-22	1.97e-16	1.18e-11	1.60e-06	3.13e-03	9.97e-01	0.00e+00	0.00e+00	0.00e+00	0.00e+00	0.00e+00	4.30e-80
 1.80471e+22	1.50e-29	4.14e-22	2.25e-16	1.29e-11	1.72e-06	3.25e-03	9.97e-01	0.00e+00	0.00e+00	0.00e+00	0.00e+00	0.00e+00	3.17e-80
 1.84177e+22	1.93e-29	5.06e-22	2.60e-16	1.42e-11	1.86e-06	3.40e-03	9.97e-01	0.00e+00	0.00e+00	0.00e+00	0.00e+00	0.00e+00	8.19e-80
 1.87380e+22	2.38e-29	5.99e-22	2.95e-16	1.54e-11	1.98e-06	3.53e-03	9.96e-01	0.00e+00	0.00e+00	0.00e+00	0.00e+00	0.00e+00	2.10e-79
 1.89980e+22	2.83e-29	6.86e-22	3.27e-16	1.64e-11	2.09e-06	3.63e-03	9.96e-01	0.00e+00	0.00e+00	0.00e+00	0.00e+00	0.00e+00	4.28e-79
 1.92675e+22	3.37e-29	7.89e-22	3.62e-16	1.76e-11	2.20e-06	3.75e-03	9.96e-01	0.00e+00	0.00e+00	0.00e+00	0.00e+00	0.00e+00	4.87e-79
 1.96180e+22	4.18e-29	9.38e-22	4.13e-16	1.92e-11	2.36e-06	3.89e-03	9.96e-01	0.00e+00	0.00e+00	0.00e+00	0.00e+00	0.00e+00	5.30e-79
 1.99827e+22	5.32e-29	1.14e-21	4.75e-16	2.10e-11	2.54e-06	4.05e-03	9.96e-01	0.00e+00	0.00e+00	0.00e+00	0.00e+00	0.00e+00	1.28e-78
 2.02753e+22	6.41e-29	1.32e-21	5.31e-16	2.26e-11	2.69e-06	4.18e-03	9.96e-01	0.00e+00	0.00e+00	0.00e+00	0.00e+00	0.00e+00	2.99e-78
 2.05650e+22	7.70e-29	1.53e-21	5.92e-16	2.43e-11	2.85e-06	4.31e-03	9.96e-01	0.00e+00	0.00e+00	0.00e+00	0.00e+00	0.00e+00	5.95e-78
 2.08745e+22	9.33e-29	1.78e-21	6.65e-16	2.62e-11	3.02e-06	4.46e-03	9.96e-01	0.00e+00	0.00e+00	0.00e+00	0.00e+00	0.00e+00	8.08e-78
 2.11448e+22	1.11e-28	2.04e-21	7.36e-16	2.80e-11	3.19e-06	4.59e-03	9.95e-01	0.00e+00	0.00e+00	0.00e+00	0.00e+00	0.00e+00	1.55e-77
 2.13932e+22	1.29e-28	2.30e-21	8.06e-16	2.97e-11	3.34e-06	4.70e-03	9.95e-01	0.00e+00	0.00e+00	0.00e+00	0.00e+00	0.00e+00	2.35e-77
 2.16780e+22	1.53e-28	2.65e-21	8.96e-16	3.19e-11	3.53e-06	4.84e-03	9.95e-01	0.00e+00	0.00e+00	0.00e+00	0.00e+00	0.00e+00	3.30e-77
 2.19971e+22	1.85e-28	3.08e-21	1.00e-15	3.44e-11	3.74e-06	5.00e-03	9.95e-01	0.00e+00	0.00e+00	0.00e+00	0.00e+00	0.00e+00	2.95e-77
 2.23000e+22	2.25e-28	3.60e-21	1.13e-15	3.71e-11	3.97e-06	5.16e-03	9.95e-01	0.00e+00	0.00e+00	0.00e+00	0.00e+00	0.00e+00	6.67e-77
 2.25785e+22	2.67e-28	4.13e-21	1.25e-15	3.98e-11	4.19e-06	5.31e-03	9.95e-01	0.00e+00	0.00e+00	0.00e+00	0.00e+00	0.00e+00	1.27e-76
 2.28861e+22	3.19e-28	4.76e-21	1.39e-15	4.28e-11	4.43e-06	5.47e-03	9.95e-01	0.00e+00	0.00e+00	0.00e+00	0.00e+00	0.00e+00	8.56e-77
 2.32859e+22	4.07e-28	5.79e-21	1.61e-15	4.72e-11	4.77e-06	5.69e-03	9.94e-01	0.00e+00	0.00e+00	0.00e+00	0.00e+00	0.00e+00	1.63e-76
 2.36611e+22	5.16e-28	7.00e-21	1.86e-15	5.18e-11	5.13e-06	5.92e-03	9.94e-01	0.00e+00	0.00e+00	0.00e+00	0.00e+00	0.00e+00	2.64e-76
 2.39150e+22	5.97e-28	7.88e-21	2.04e-15	5.51e-11	5.37e-06	6.06e-03	9.94e-01	0.00e+00	0.00e+00	0.00e+00	0.00e+00	0.00e+00	1.13e-75
 2.41560e+22	6.93e-28	8.88e-21	2.23e-15	5.85e-11	5.62e-06	6.21e-03	9.94e-01	0.00e+00	0.00e+00	0.00e+00	0.00e+00	0.00e+00	1.62e-75
 2.44693e+22	8.28e-28	1.03e-20	2.49e-15	6.30e-11	5.94e-06	6.39e-03	9.94e-01	0.00e+00	0.00e+00	0.00e+00	0.00e+00	0.00e+00	9.25e-76
 2.48231e+22	1.03e-27	1.22e-20	2.84e-15	6.89e-11	6.36e-06	6.62e-03	9.93e-01	0.00e+00	0.00e+00	0.00e+00	0.00e+00	0.00e+00	1.98e-75
 2.51445e+22	1.25e-27	1.43e-20	3.20e-15	7.46e-11	6.75e-06	6.83e-03	9.93e-01	0.00e+00	0.00e+00	0.00e+00	0.00e+00	0.00e+00	6.07e-75
 2.54268e+22	1.49e-27	1.64e-20	3.55e-15	8.01e-11	7.11e-06	7.01e-03	9.93e-01	0.00e+00	0.00e+00	0.00e+00	0.00e+00	0.00e+00	1.02e-74
 2.57431e+22	1.79e-27	1.91e-20	3.98e-15	8.66e-11	7.53e-06	7.22e-03	9.93e-01	0.00e+00	0.00e+00	0.00e+00	0.00e+00	0.00e+00	4.25e-75
 2.61543e+22	2.29e-27	2.33e-20	4.63e-15	9.58e-11	8.11e-06	7.51e-03	9.92e-01	0.00e+00	0.00e+00	0.00e+00	0.00e+00	0.00e+00	1.51e-74
 2.65526e+22	2.92e-27	2.84e-20	5.38e-15	1.06e-10	8.74e-06	7.80e-03	9.92e-01	0.00e+00	0.00e+00	0.00e+00	0.00e+00	0.00e+00	1.71e-74
 2.68416e+22	3.48e-27	3.27e-20	6.00e-15	1.14e-10	9.21e-06	8.01e-03	9.92e-01	0.00e+00	0.00e+00	0.00e+00	0.00e+00	0.00e+00	5.51e-74
 2.71250e+22	4.13e-27	3.75e-20	6.67e-15	1.23e-10	9.70e-06	8.23e-03	9.92e-01	0.00e+00	0.00e+00	0.00e+00	0.00e+00	0.00e+00	8.48e-74
 2.74933e+22	5.15e-27	4.49e-20	7.65e-15	1.35e-10	1.04e-05	8.51e-03	9.91e-01	0.00e+00	0.00e+00	0.00e+00	0.00e+00	0.00e+00	8.12e-74
 2.78770e+22	6.51e-27	5.43e-20	8.85e-15	1.49e-10	1.11e-05	8.82e-03	9.91e-01	0.00e+00	0.00e+00	0.00e+00	0.00e+00	0.00e+00	1.51e-73
 2.81944e+22	7.95e-27	6.38e-20	1.00e-14	1.62e-10	1.18e-05	9.09e-03	9.91e-01	0.00e+00	0.00e+00	0.00e+00	0.00e+00	0.00e+00	1.61e-73
 2.84777e+22	9.38e-27	7.31e-20	1.11e-14	1.74e-10	1.24e-05	9.32e-03	9.91e-01	0.00e+00	0.00e+00	0.00e+00	0.00e+00	0.00e+00	6.55e-73
 2.88029e+22	1.14e-26	8.57e-20	1.26e-14	1.89e-10	1.32e-05	9.60e-03	9.90e-01	0.00e+00	0.00e+00	0.00e+00	0.00e+00	0.00e+00	4.38e-73
 2.92257e+22	1.47e-26	1.05e-19	1.47e-14	2.11e-10	1.42e-05	9.98e-03	9.90e-01	0.00e+00	0.00e+00	0.00e+00	0.00e+00	0.00e+00	4.10e-72
 2.96523e+22	1.92e-26	1.31e-19	1.74e-14	2.37e-10	1.54e-05	1.04e-02	9.90e-01	0.00e+00	0.00e+00	0.00e+00	0.00e+00	0.00e+00	7.68e-72
 2.99846e+22	2.37e-26	1.55e-19	1.99e-14	2.60e-10	1.64e-05	1.07e-02	9.89e-01	0.00e+00	0.00e+00	0.00e+00	0.00e+00	0.00e+00	1.28e-71
 3.03173e+22	2.90e-26	1.83e-19	2.25e-14	2.83e-10	1.74e-05	1.10e-02	9.89e-01	0.00e+00	0.00e+00	0.00e+00	0.00e+00	0.00e+00	2.05e-71
 3.07498e+22	3.73e-26	2.25e-19	2.64e-14	3.17e-10	1.87e-05	1.15e-02	9.89e-01	0.00e+00	0.00e+00	0.00e+00	0.00e+00	0.00e+00	3.72e-71
 3.12024e+22	4.92e-26	2.82e-19	3.15e-14	3.58e-10	2.03e-05	1.19e-02	9.88e-01	0.00e+00	0.00e+00	0.00e+00	0.00e+00	0.00e+00	7.15e-71
 3.15751e+22	6.21e-26	3.41e-19	3.65e-14	3.96e-10	2.18e-05	1.23e-02	9.88e-01	0.00e+00	0.00e+00	0.00e+00	0.00e+00	0.00e+00	1.23e-70
 3.18982e+22	7.57e-26	4.01e-19	4.14e-14	4.32e-10	2.31e-05	1.27e-02	9.87e-01	0.00e+00	0.00e+00	0.00e+00	0.00e+00	0.00e+00	1.96e-70
 3.22630e+22	9.33e-26	4.76e-19	4.73e-14	4.74e-10	2.46e-05	1.31e-02	9.87e-01	0.00e+00	0.00e+00	0.00e+00	0.00e+00	0.00e+00	3.19e-70
 3.27372e+22	1.23e-25	5.97e-19	5.65e-14	5.37e-10	2.67e-05	1.36e-02	9.86e-01	0.00e+00	0.00e+00	0.00e+00	0.00e+00	0.00e+00	6.09e-70
 3.32353e+22	1.65e-25	7.62e-19	6.83e-14	6.13e-10	2.91e-05	1.42e-02	9.86e-01	0.00e+00	0.00e+00	0.00e+00	0.00e+00	0.00e+00	1.21e-69
 3.36538e+22	2.12e-25	9.33e-19	7.99e-14	6.84e-10	3.13e-05	1.48e-02	9.85e-01	0.00e+00	0.00e+00	0.00e+00	0.00e+00	0.00e+00	2.15e-69
 3.40085e+22	2.61e-25	1.11e-18	9.15e-14	7.52e-10	3.33e-05	1.52e-02	9.85e-01	0.00e+00	0.00e+00	0.00e+00	0.00e+00	0.00e+00	3.48e-69
 3.43910e+22	3.22e-25	1.32e-18	1.05e-13	8.26e-10	3.55e-05	1.57e-02	9.84e-01	0.00e+00	0.00e+00	0.00e+00	0.00e+00	0.00e+00	5.63e-69
 3.48882e+22	4.23e-25	1.65e-18	1.25e-13	9.35e-10	3.85e-05	1.63e-02	9.84e-01	0.00e+00	0.00e+00	0.00e+00	0.00e+00	0.00e+00	1.06e-68
 3.53988e+22	5.62e-25	2.08e-18	1.50e-13	1.06e-09	4.18e-05	1.70e-02	9.83e-01	0.00e+00	0.00e+00	0.00e+00	0.00e+00	0.00e+00	2.03e-68
 3.58104e+22	7.03e-25	2.51e-18	1.73e-13	1.18e-09	4.47e-05	1.76e-02	9.82e-01	0.00e+00	0.00e+00	0.00e+00	0.00e+00	0.00e+00	3.40e-68
 3.62290e+22	8.73e-25	3.00e-18	1.99e-13	1.30e-09	4.77e-05	1.82e-02	9.82e-01	0.00e+00	0.00e+00	0.00e+00	0.00e+00	0.00e+00	5.59e-68
 3.67733e+22	1.15e-24	3.76e-18	2.38e-13	1.48e-09	5.18e-05	1.89e-02	9.81e-01	0.00e+00	0.00e+00	0.00e+00	0.00e+00	0.00e+00	1.05e-67
 3.73425e+22	1.54e-24	4.78e-18	2.88e-13	1.69e-09	5.65e-05	1.97e-02	9.80e-01	0.00e+00	0.00e+00	0.00e+00	0.00e+00	0.00e+00	2.03e-67
 3.78174e+22	1.94e-24	5.80e-18	3.35e-13	1.88e-09	6.06e-05	2.04e-02	9.80e-01	0.00e+00	0.00e+00	0.00e+00	0.00e+00	0.00e+00	3.48e-67
 3.83083e+22	2.44e-24	7.01e-18	3.89e-13	2.09e-09	6.50e-05	2.11e-02	9.79e-01	0.00e+00	0.00e+00	0.00e+00	0.00e+00	0.00e+00	5.88e-67
 3.89463e+22	3.27e-24	8.92e-18	4.71e-13	2.39e-09	7.10e-05	2.21e-02	9.78e-01	0.00e+00	0.00e+00	0.00e+00	0.00e+00	0.00e+00	1.14e-66
 3.96067e+22	4.42e-24	1.14e-17	5.73e-13	2.75e-09	7.77e-05	2.31e-02	9.77e-01	0.00e+00	0.00e+00	0.00e+00	0.00e+00	0.00e+00	2.26e-66
 4.01486e+22	5.61e-24	1.40e-17	6.71e-13	3.08e-09	8.36e-05	2.39e-02	9.76e-01	0.00e+00	0.00e+00	0.00e+00	0.00e+00	0.00e+00	3.90e-66
 4.06188e+22	6.91e-24	1.66e-17	7.69e-13	3.39e-09	8.91e-05	2.47e-02	9.75e-01	0.00e+00	0.00e+00	0.00e+00	0.00e+00	0.00e+00	6.25e-66
 4.11434e+22	8.49e-24	1.97e-17	8.81e-13	3.74e-09	9.49e-05	2.54e-02	9.74e-01	0.00e+00	0.00e+00	0.00e+00	0.00e+00	0.00e+00	1.00e-65
 4.18254e+22	1.11e-23	2.46e-17	1.05e-12	4.24e-09	1.03e-04	2.65e-02	9.73e-01	0.00e+00	0.00e+00	0.00e+00	0.00e+00	0.00e+00	1.84e-65
 4.25169e+22	1.46e-23	3.09e-17	1.26e-12	4.83e-09	1.12e-04	2.76e-02	9.72e-01	0.00e+00	0.00e+00	0.00e+00	0.00e+00	0.00e+00	3.43e-65
 4.30616e+22	1.82e-23	3.70e-17	1.45e-12	5.35e-09	1.20e-04	2.85e-02	9.71e-01	0.00e+00	0.00e+00	0.00e+00	0.00e+00	0.00e+00	5.61e-65
 4.36106e+22	2.20e-23	4.34e-17	1.65e-12	5.86e-09	1.27e-04	2.94e-02	9.71e-01	0.00e+00	0.00e+00	0.00e+00	0.00e+00	0.00e+00	8.68e-65
 4.43243e+22	2.82e-23	5.34e-17	1.95e-12	6.61e-09	1.38e-04	3.05e-02	9.69e-01	0.00e+00	0.00e+00	0.00e+00	5.34e-17	3.16e-24	1.53e-64
 4.50831e+22	3.69e-23	6.67e-17	2.33e-12	7.50e-09	1.50e-04	3.18e-02	9.68e-01	0.00e+00	0.00e+00	0.00e+00	6.67e-17	3.94e-24	2.80e-64
 4.57329e+22	4.64e-23	8.08e-17	2.71e-12	8.38e-09	1.61e-04	3.29e-02	9.67e-01	0.00e+00	0.00e+00	0.00e+00	8.08e-17	4.76e-24	4.72e-64
 4.63200e+22	5.57e-23	9.42e-17	3.06e-12	9.16e-09	1.70e-04	3.38e-02	9.66e-01	0.00e+00	0.00e+00	0.00e+00	9.42e-17	5.52e-24	7.16e-64
 4.69932e+22	6.88e-23	1.12e-16	3.53e-12	1.01e-08	1.82e-04	3.50e-02	9.65e-01	0.00e+00	0.00e+00	0.00e+00	1.12e-16	6.56e-24	1.16e-63
 4.77321e+22	8.67e-23	1.36e-16	4.12e-12	1.13e-08	1.96e-04	3.62e-02	9.64e-01	0.00e+00	0.00e+00	0.00e+00	1.36e-16	7.94e-24	1.95e-63
 4.83981e+22	1.07e-22	1.62e-16	4.73e-12	1.25e-08	2.09e-04	3.74e-02	9.62e-01	0.00e+00	0.00e+00	0.00e+00	1.62e-16	9.42e-24	3.13e-63
 4.90074e+22	1.27e-22	1.87e-16	5.31e-12	1.36e-08	2.21e-04	3.84e-02	9.61e-01	0.00e+00	0.00e+00	0.00e+00	1.87e-16	1.09e-23	4.65e-63
 4.97012e+22	1.54e-22	2.21e-16	6.06e-12	1.50e-08	2.35e-04	3.96e-02	9.60e-01	0.00e+00	0.00e+00	0.00e+00	2.21e-16	1.27e-23	7.23e-63
 5.06032e+22	1.97e-22	2.70e-16	7.13e-12	1.69e-08	2.54e-04	4.11e-02	9.59e-01	0.00e+00	0.00e+00	0.00e+00	2.70e-16	1.55e-23	1.26e-62
 5.15395e+22	2.55e-22	3.35e-16	8.47e-12	1.92e-08	2.76e-04	4.28e-02	9.57e-01	0.00e+00	0.00e+00	0.00e+00	3.35e-16	1.92e-23	2.25e-62
 5.23079e+22	3.12e-22	3.97e-16	9.71e-12	2.12e-08	2.94e-04	4.42e-02	9.56e-01	0.00e+00	0.00e+00	0.00e+00	3.97e-16	2.26e-23	3.57e-62
 5.30945e+22	3.81e-22	4.70e-16	1.11e-11	2.33e-08	3.13e-04	4.55e-02	9.54e-01	0.00e+00	0.00e+00	0.00e+00	4.70e-16	2.66e-23	5.61e-62
 5.41172e+22	4.83e-22	5.74e-16	1.30e-11	2.63e-08	3.38e-04	4.73e-02	9.52e-01	0.00e+00	0.00e+00	0.00e+00	5.74e-16	3.23e-23	9.65e-62
 5.52084e+22	6.28e-22	7.15e-16	1.56e-11	2.99e-08	3.68e-04	4.92e-02	9.50e-01	0.00e+00	0.00e+00	0.00e+00	7.15e-16	4.01e-23	1.75e-61
 5.61382e+22	7.80e-22	8.56e-16	1.80e-11	3.32e-08	3.95e-04	5.09e-02	9.49e-01	0.00e+00	0.00e+00	0.00e+00	8.56e-16	4.78e-23	2.86e-61
 5.69341e+22	9.31e-22	9.94e-16	2.03e-11	3.63e-08	4.18e-04	5.24e-02	9.47e-01	0.00e+00	0.00e+00	0.00e+00	9.94e-16	5.52e-23	4.29e-61
 5.78067e+22	1.12e-21	1.16e-15	2.30e-11	3.98e-08	4.44e-04	5.39e-02	9.46e-01	0.00e+00	0.00e+00	0.00e+00	1.16e-15	6.42e-23	6.56e-61
 5.89410e+22	1.41e-21	1.41e-15	2.69e-11	4.46e-08	4.78e-04	5.59e-02	9.44e-01	0.00e+00	0.00e+00	0.00e+00	1.41e-15	7.72e-23	1.10e-60
 6.01530e+22	1.81e-21	1.74e-15	3.19e-11	5.05e-08	5.19e-04	5.81e-02	9.41e-01	0.00e+00	0.00e+00	0.00e+00	1.74e-15	9.47e-23	1.95e-60
 6.11940e+22	2.23e-21	2.07e-15	3.67e-11	5.60e-08	5.55e-04	6.00e-02	9.39e-01	0.00e+00	0.00e+00	0.00e+00	2.07e-15	1.12e-22	3.14e-60
 6.22754e+22	2.73e-21	2.45e-15	4.20e-11	6.19e-08	5.92e-04	6.19e-02	9.37e-01	0.00e+00	0.00e+00	0.00e+00	2.45e-15	1.32e-22	4.96e-60
 6.36812e+22	3.49e-21	3.01e-15	4.96e-11	7.00e-08	6.42e-04	6.44e-02	9.35e-01	0.00e+00	0.00e+00	0.00e+00	3.01e-15	1.61e-22	8.72e-60
 6.51842e+22	4.58e-21	3.79e-15	5.98e-11	8.02e-08	7.01e-04	6.72e-02	9.32e-01	0.00e+00	0.00e+00	0.00e+00	3.79e-15	2.01e-22	1.62e-59
 6.64814e+22	5.74e-21	4.59e-15	6.97e-11	8.98e-08	7.55e-04	6.96e-02	9.30e-01	0.00e+00	0.00e+00	0.00e+00	4.59e-15	2.41e-22	2.72e-59
 6.78357e+22	7.15e-21	5.51e-15	8.08e-11	1.00e-07	8.11e-04	7.20e-02	9.27e-01	0.00e+00	0.00e+00	0.00e+00	5.51e-15	2.87e-22	4.48e-59
 6.93415e+22	9.05e-21	6.73e-15	9.49e-11	1.13e-07	8.76e-04	7.47e-02	9.24e-01	0.00e+00	0.00e+00	0.00e+00	6.73e-15	3.47e-22	7.70e-59
 7.07397e+22	1.13e-20	8.13e-15	1.11e-10	1.26e-07	9.43e-04	7.74e-02	9.22e-01	0.00e+00	0.00e+00	0.00e+00	8.13e-15	4.16e-22	1.28e-58
 7.20439e+22	1.38e-20	9.57e-15	1.26e-10	1.39e-07	1.00e-03	7.98e-02	9.19e-01	0.00e+00	0.00e+00	0.00e+00	9.57e-15	4.86e-22	2.00e-58
 7.35303e+22	1.71e-20	1.15e-14	1.46e-10	1.55e-07	1.08e-03	8.25e-02	9.16e-01	0.00e+00	0.00e+00	0.00e+00	1.15e-14	5.77e-22	3.27e-58
 7.51988e+22	2.16e-20	1.40e-14	1.71e-10	1.75e-07	1.16e-03	8.56e-02	9.13e-01	0.00e+00	0.00e+00	0.00e+00	1.40e-14	6.96e-22	5.58e-58
 7.67713e+22	2.68e-20	1.68e-14	1.99e-10	1.95e-07	1.25e-03	8.85e-02	9.10e-01	0.00e+00	0.00e+00	0.00e+00	1.68e-14	8.28e-22	9.17e-58
 7.82476e+22	3.25e-20	1.98e-14	2.27e-10	2.15e-07	1.33e-03	9.12e-02	9.07e-01	0.00e+00	0.00e+00	0.00e+00	1.98e-14	9.66e-22	1.42e-57
 7.99315e+22	4.04e-20	2.37e-14	2.63e-10	2.39e-07	1.43e-03	9.43e-02	9.04e-01	0.00e+00	0.00e+00	0.00e+00	2.37e-14	1.15e-21	2.32e-57
 8.21205e+22	5.20e-20	2.94e-14	3.12e-10	2.72e-07	1.55e-03	9.81e-02	9.00e-01	0.00e+00	0.00e+00	0.00e+00	2.94e-14	1.40e-21	4.15e-57
 8.43999e+22	6.92e-20	3.73e-14	3.79e-10	3.14e-07	1.70e-03	1.02e-01	8.96e-01	0.00e+00	0.00e+00	0.00e+00	3.73e-14	1.76e-21	7.91e-57
 8.62373e+22	8.64e-20	4.51e-14	4.42e-10	3.52e-07	1.83e-03	1.06e-01	8.92e-01	0.00e+00	0.00e+00	0.00e+00	4.51e-14	2.10e-21	1.31e-56
 8.80666e+22	1.04e-19	5.30e-14	5.04e-10	3.87e-07	1.95e-03	1.09e-01	8.89e-01	0.00e+00	0.00e+00	0.00e+00	5.30e-14	2.44e-21	2.02e-56
 9.04447e+22	1.34e-19	6.54e-14	5.97e-10	4.39e-07	2.12e-03	1.13e-01	8.84e-01	0.00e+00	0.00e+00	0.00e+00	6.54e-14	2.96e-21	3.54e-56
 9.30322e+22	1.76e-19	8.25e-14	7.21e-10	5.05e-07	2.32e-03	1.18e-01	8.79e-01	0.00e+00	0.00e+00	0.00e+00	8.25e-14	3.68e-21	6.59e-56
 9.53061e+22	2.23e-19	1.01e-13	8.48e-10	5.69e-07	2.50e-03	1.23e-01	8.75e-01	0.00e+00	0.00e+00	0.00e+00	1.01e-13	4.43e-21	1.12e-55
 9.76767e+22	2.78e-19	1.21e-13	9.87e-10	6.37e-07	2.69e-03	1.27e-01	8.70e-01	0.00e+00	0.00e+00	0.00e+00	1.21e-13	5.26e-21	1.83e-55
 1.00255e+23	3.53e-19	1.49e-13	1.16e-09	7.19e-07	2.91e-03	1.32e-01	8.66e-01	0.00e+00	0.00e+00	0.00e+00	1.49e-13	6.34e-21	3.15e-55
 1.02541e+23	4.40e-19	1.79e-13	1.35e-09	8.04e-07	3.13e-03	1.36e-01	8.61e-01	0.00e+00	0.00e+00	0.00e+00	1.79e-13	7.53e-21	5.12e-55
 1.04590e+23	5.23e-19	2.08e-13	1.53e-09	8.79e-07	3.31e-03	1.40e-01	8.57e-01	0.00e+00	0.00e+00	0.00e+00	2.08e-13	8.63e-21	7.58e-55
 1.06898e+23	6.34e-19	2.45e-13	1.75e-09	9.71e-07	3.53e-03	1.44e-01	8.53e-01	0.00e+00	0.00e+00	0.00e+00	2.45e-13	1.00e-20	1.16e-54
 1.09897e+23	7.93e-19	2.97e-13	2.04e-09	1.09e-06	3.80e-03	1.49e-01	8.48e-01	0.00e+00	0.00e+00	0.00e+00	2.97e-13	1.19e-20	1.91e-54
 1.13207e+23	1.03e-18	3.72e-13	2.45e-09	1.25e-06	4.15e-03	1.55e-01	8.41e-01	0.00e+00	0.00e+00	0.00e+00	3.72e-13	1.46e-20	3.43e-54
 1.16132e+23	1.30e-18	4.52e-13	2.88e-09	1.40e-06	4.48e-03	1.60e-01	8.35e-01	0.00e+00	0.00e+00	0.00e+00	4.52e-13	1.74e-20	5.68e-54
 1.18700e+23	1.57e-18	5.31e-13	3.28e-09	1.55e-06	4.76e-03	1.65e-01	8.31e-01	0.00e+00	0.00e+00	0.00e+00	5.31e-13	2.02e-20	8.59e-54
 1.21595e+23	1.89e-18	6.24e-13	3.74e-09	1.71e-06	5.07e-03	1.69e-01	8.26e-01	0.00e+00	0.00e+00	0.00e+00	6.24e-13	2.33e-20	1.30e-53
 1.25358e+23	2.37e-18	7.58e-13	4.39e-09	1.92e-06	5.47e-03	1.75e-01	8.19e-01	0.00e+00	0.00e+00	0.00e+00	7.58e-13	2.75e-20	2.13e-53
 1.30096e+23	3.11e-18	9.59e-13	5.32e-09	2.22e-06	5.99e-03	1.82e-01	8.12e-01	0.00e+00	0.00e+00	0.00e+00	9.59e-13	3.37e-20	3.87e-53
 1.34880e+23	4.21e-18	1.24e-12	6.59e-09	2.60e-06	6.62e-03	1.91e-01	8.03e-01	0.00e+00	0.00e+00	0.00e+00	1.24e-12	4.26e-20	7.46e-53
 1.38705e+23	5.27e-18	1.51e-12	7.73e-09	2.92e-06	7.14e-03	1.97e-01	7.96e-01	0.00e+00	0.00e+00	0.00e+00	1.51e-12	5.06e-20	1.21e-52
 1.42509e+23	6.38e-18	1.78e-12	8.86e-09	3.23e-06	7.61e-03	2.03e-01	7.90e-01	0.00e+00	0.00e+00	0.00e+00	1.78e-12	5.81e-20	1.83e-52
 1.47453e+23	7.92e-18	2.15e-12	1.03e-08	3.63e-06	8.19e-03	2.09e-01	7.83e-01	0.00e+00	0.00e+00	0.00e+00	2.15e-12	6.77e-20	2.90e-52
 1.53314e+23	1.03e-17	2.69e-12	1.25e-08	4.17e-06	8.93e-03	2.17e-01	7.74e-01	0.00e+00	0.00e+00	0.00e+00	2.69e-12	8.17e-20	5.06e-52
 1.59240e+23	1.33e-17	3.39e-12	1.51e-08	4.80e-06	9.76e-03	2.26e-01	7.65e-01	0.00e+00	0.00e+00	0.00e+00	3.39e-12	9.92e-20	8.82e-52
 1.64745e+23	1.66e-17	4.11e-12	1.77e-08	5.41e-06	1.05e-02	2.33e-01	7.56e-01	0.00e+00	0.00e+00	0.00e+00	4.11e-12	1.17e-19	1.41e-51
 1.70801e+23	2.01e-17	4.87e-12	2.03e-08	6.00e-06	1.12e-02	2.40e-01	7.49e-01	0.00e+00	0.00e+00	0.00e+00	4.87e-12	1.32e-19	2.12e-51
 1.77756e+23	2.53e-17	5.95e-12	2.41e-08	6.80e-06	1.21e-02	2.48e-01	7.40e-01	0.00e+00	0.00e+00	0.00e+00	5.95e-12	1.55e-19	3.41e-51
 1.84729e+23	3.13e-17	7.19e-12	2.82e-08	7.66e-06	1.31e-02	2.55e-01	7.32e-01	0.00e+00	0.00e+00	0.00e+00	7.19e-12	1.80e-19	5.34e-51
 1.91980e+23	3.75e-17	8.44e-12	3.22e-08	8.46e-06	1.39e-02	2.62e-01	7.24e-01	0.00e+00	0.00e+00	0.00e+00	8.44e-12	2.01e-19	7.78e-51
 1.99782e+23	4.49e-17	9.95e-12	3.70e-08	9.38e-06	1.48e-02	2.69e-01	7.16e-01	0.00e+00	0.00e+00	0.00e+00	9.95e-12	2.26e-19	1.14e-50
 2.07897e+23	5.32e-17	1.16e-11	4.20e-08	1.03e-05	1.58e-02	2.76e-01	7.09e-01	5.32e-17	1.33e-22	3.17e-23	1.16e-11	2.49e-19	1.62e-50
 2.16336e+23	6.19e-17	1.33e-11	4.72e-08	1.13e-05	1.66e-02	2.82e-01	7.02e-01	6.19e-17	1.46e-22	3.49e-23	1.33e-11	2.72e-19	2.22e-50
 2.24881e+23	7.15e-17	1.51e-11	5.27e-08	1.22e-05	1.75e-02	2.87e-01	6.95e-01	7.15e-17	1.60e-22	3.81e-23	1.51e-11	2.93e-19	2.99e-50
 2.32941e+23	8.11e-17	1.70e-11	5.81e-08	1.32e-05	1.83e-02	2.93e-01	6.89e-01	8.11e-17	1.73e-22	4.12e-23	1.70e-11	3.14e-19	3.89e-50
 2.40195e+23	9.00e-17	1.87e-11	6.30e-08	1.40e-05	1.90e-02	2.97e-01	6.84e-01	9.00e-17	1.84e-22	4.37e-23	1.87e-11	3.31e-19	4.83e-50
 2.46724e+23	9.79e-17	2.02e-11	6.72e-08	1.47e-05	1.96e-02	3.01e-01	6.80e-01	9.79e-17	1.92e-22	4.57e-23	2.02e-11	3.44e-19	5.74e-50
 2.52600e+23	1.04e-16	2.15e-11	7.09e-08	1.53e-05	2.01e-02	3.04e-01	6.76e-01	1.04e-16	1.98e-22	4.70e-23	2.15e-11	3.53e-19	6.59e-50
 2.57888e+23	1.10e-16	2.26e-11	7.39e-08	1.58e-05	2.05e-02	3.06e-01	6.74e-01	1.10e-16	2.02e-22	4.80e-23	2.26e-11	3.60e-19	7.35e-50
 2.62647e+23	1.15e-16	2.36e-11	7.67e-08	1.62e-05	2.08e-02	3.08e-01	6.71e-01	1.15e-16	2.05e-22	4.88e-23	2.36e-11	3.65e-19	8.09e-50
 2.66931e+23	1.19e-16	2.44e-11	7.88e-08	1.65e-05	2.11e-02	3.09e-01	6.69e-01	1.19e-16	2.07e-22	4.92e-23	2.44e-11	3.67e-19	8.68e-50
 2.70786e+23	1.23e-16	2.50e-11	8.07e-08	1.68e-05	2.13e-02	3.11e-01	6.68e-01	1.23e-16	2.08e-22	4.94e-23	2.50e-11	3.69e-19	9.20e-50
 2.74255e+23	1.26e-16	2.57e-11	8.24e-08	1.71e-05	2.15e-02	3.12e-01	6.67e-01	1.26e-16	2.09e-22	4.97e-23	2.57e-11	3.70e-19	9.71e-50
 2.77426e+23	1.28e-16	2.62e-11	8.37e-08	1.73e-05	2.17e-02	3.13e-01	6.65e-01	1.28e-16	2.09e-22	4.97e-23	2.62e-11	3.70e-19	1.01e-49
 2.80481e+23	1.30e-16	2.64e-11	8.44e-08	1.74e-05	2.18e-02	3.13e-01	6.65e-01	1.30e-16	2.07e-22	4.91e-23	2.64e-11	3.66e-19	1.03e-49
 2.83536e+23	1.31e-16	2.66e-11	8.49e-08	1.75e-05	2.18e-02	3.14e-01	6.64e-01	1.31e-16	2.04e-22	4.85e-23	2.66e-11	3.62e-19	1.05e-49
 2.86591e+23	1.32e-16	2.69e-11	8.56e-08	1.76e-05	2.19e-02	3.14e-01	6.64e-01	1.32e-16	2.02e-22	4.80e-23	2.69e-11	3.58e-19	1.07e-49
 2.89646e+23	1.33e-16	2.72e-11	8.65e-08	1.77e-05	2.20e-02	3.15e-01	6.63e-01	1.33e-16	2.00e-22	4.75e-23	2.72e-11	3.56e-19	1.10e-49
 2.92700e+23	1.33e-16	2.72e-11	8.66e-08	1.78e-05	2.20e-02	3.15e-01	6.63e-01	1.33e-16	1.96e-22	4.66e-23	2.72e-11	3.49e-19	1.10e-49
 2.95755e+23	1.34e-16	2.74e-11	8.70e-08	1.78e-05	2.21e-02	3.15e-01	6.63e-01	1.34e-16	1.93e-22	4.58e-23	2.74e-11	3.44e-19	1.11e-49
 2.98810e+23	1.34e-16	2.75e-11	8.72e-08	1.79e-05	2.21e-02	3.15e-01	6.63e-01	1.34e-16	1.89e-22	4.50e-23	2.75e-11	3.39e-19	1.12e-49
 3.01865e+23	1.34e-16	2.75e-11	8.73e-08	1.79e-05	2.21e-02	3.15e-01	6.63e-01	1.34e-16	1.86e-22	4.42e-23	2.75e-11	3.32e-19	1.12e-49
 3.04437e+23	1.38e-16	2.82e-11	8.92e-08	1.82e-05	2.23e-02	3.16e-01	6.61e-01	1.37e-16	1.88e-22	4.48e-23	2.82e-11	3.36e-19	1.18e-49
