#depth	S	S+	S+2	S+3	S+4	S+5	S+6	S+7	S+8	S+9	S+10	S+11	S+12	S+13	S+14	S+15	S+16
 6.17135e+19	0.00e+00	0.00e+00	0.00e+00	0.00e+00	0.00e+00	0.00e+00	0.00e+00	0.00e+00	2.68e-24	2.19e-20	8.28e-17	1.54e-13	2.13e-10	2.10e-07	3.87e-04	3.57e-02	9.64e-01
 1.87609e+20	0.00e+00	0.00e+00	0.00e+00	0.00e+00	0.00e+00	0.00e+00	0.00e+00	2.41e-28	5.11e-24	3.86e-20	1.34e-16	2.31e-13	2.94e-10	2.67e-07	4.54e-04	3.86e-02	9.61e-01
 3.18540e+20	0.00e+00	0.00e+00	0.00e+00	0.00e+00	0.00e+00	0.00e+00	0.00e+00	4.99e-28	9.76e-24	6.81e-20	2.19e-16	3.46e-13	4.06e-10	3.40e-07	5.33e-04	4.18e-02	9.58e-01
 4.54709e+20	0.00e+00	0.00e+00	0.00e+00	0.00e+00	0.00e+00	0.00e+00	0.00e+00	1.04e-27	1.87e-23	1.20e-19	3.56e-16	5.20e-13	5.62e-10	4.33e-07	6.25e-04	4.52e-02	9.54e-01
 5.74411e+20	0.00e+00	0.00e+00	0.00e+00	0.00e+00	0.00e+00	0.00e+00	0.00e+00	1.94e-27	3.26e-23	1.95e-19	5.40e-16	7.36e-13	7.41e-10	5.33e-07	7.17e-04	4.83e-02	9.51e-01
 6.66685e+20	0.00e+00	0.00e+00	0.00e+00	0.00e+00	0.00e+00	0.00e+00	0.00e+00	3.10e-27	4.94e-23	2.81e-19	7.39e-16	9.55e-13	9.12e-10	6.23e-07	7.94e-04	5.08e-02	9.48e-01
 7.48882e+20	0.00e+00	0.00e+00	0.00e+00	0.00e+00	0.00e+00	0.00e+00	0.00e+00	4.66e-27	7.11e-23	3.87e-19	9.71e-16	1.20e-12	1.09e-09	7.13e-07	8.68e-04	5.30e-02	9.46e-01
 8.41357e+20	0.00e+00	0.00e+00	0.00e+00	0.00e+00	0.00e+00	0.00e+00	0.00e+00	7.31e-27	1.06e-22	5.49e-19	1.31e-15	1.54e-12	1.33e-09	8.28e-07	9.58e-04	5.56e-02	9.43e-01
 9.61574e+20	0.00e+00	0.00e+00	0.00e+00	0.00e+00	0.00e+00	0.00e+00	0.00e+00	1.30e-26	1.76e-22	8.57e-19	1.92e-15	2.12e-12	1.72e-09	1.00e-06	1.08e-03	5.91e-02	9.40e-01
 1.08324e+21	0.00e+00	0.00e+00	0.00e+00	0.00e+00	0.00e+00	0.00e+00	0.00e+00	2.28e-26	2.92e-22	1.33e-18	2.80e-15	2.91e-12	2.21e-09	1.21e-06	1.23e-03	6.27e-02	9.36e-01
 1.17841e+21	0.00e+00	0.00e+00	0.00e+00	0.00e+00	0.00e+00	0.00e+00	0.00e+00	3.51e-26	4.28e-22	1.86e-18	3.74e-15	3.70e-12	2.67e-09	1.39e-06	1.35e-03	6.56e-02	9.33e-01
 1.27376e+21	0.00e+00	0.00e+00	0.00e+00	0.00e+00	0.00e+00	0.00e+00	0.00e+00	5.38e-26	6.25e-22	2.59e-18	4.97e-15	4.68e-12	3.23e-09	1.60e-06	1.48e-03	6.85e-02	9.30e-01
 1.39771e+21	0.00e+00	0.00e+00	0.00e+00	0.00e+00	0.00e+00	0.00e+00	0.00e+00	9.24e-26	1.01e-21	3.95e-18	7.14e-15	6.34e-12	4.10e-09	1.92e-06	1.66e-03	7.25e-02	9.26e-01
 1.52616e+21	0.00e+00	0.00e+00	0.00e+00	0.00e+00	0.00e+00	0.00e+00	0.00e+00	1.60e-25	1.65e-21	6.05e-18	1.03e-14	8.61e-12	5.24e-09	2.30e-06	1.87e-03	7.68e-02	9.21e-01
 1.63080e+21	0.00e+00	0.00e+00	0.00e+00	0.00e+00	0.00e+00	0.00e+00	0.00e+00	2.47e-25	2.43e-21	8.50e-18	1.38e-14	1.10e-11	6.35e-09	2.65e-06	2.06e-03	8.03e-02	9.18e-01
 1.73722e+21	0.00e+00	0.00e+00	0.00e+00	0.00e+00	0.00e+00	0.00e+00	0.00e+00	3.83e-25	3.58e-21	1.19e-17	1.85e-14	1.40e-11	7.71e-09	3.07e-06	2.26e-03	8.40e-02	9.14e-01
 1.84877e+21	0.00e+00	0.00e+00	0.00e+00	0.00e+00	0.00e+00	0.00e+00	0.00e+00	6.01e-25	5.34e-21	1.70e-17	2.50e-14	1.80e-11	9.42e-09	3.56e-06	2.49e-03	8.80e-02	9.10e-01
 1.94277e+21	0.00e+00	0.00e+00	0.00e+00	0.00e+00	0.00e+00	0.00e+00	0.00e+00	8.70e-25	7.42e-21	2.26e-17	3.20e-14	2.22e-11	1.11e-08	4.02e-06	2.70e-03	9.14e-02	9.06e-01
 2.04073e+21	0.00e+00	0.00e+00	0.00e+00	0.00e+00	0.00e+00	0.00e+00	0.00e+00	1.28e-24	1.04e-20	3.05e-17	4.14e-14	2.75e-11	1.32e-08	4.57e-06	2.93e-03	9.50e-02	9.02e-01
 2.16808e+21	0.00e+00	0.00e+00	0.00e+00	0.00e+00	0.00e+00	0.00e+00	0.00e+00	2.08e-24	1.61e-20	4.46e-17	5.74e-14	3.61e-11	1.63e-08	5.36e-06	3.26e-03	9.98e-02	8.97e-01
 2.29610e+21	0.00e+00	0.00e+00	0.00e+00	0.00e+00	0.00e+00	0.00e+00	0.00e+00	3.37e-24	2.47e-20	6.49e-17	7.93e-14	4.73e-11	2.02e-08	6.29e-06	3.61e-03	1.05e-01	8.92e-01
 2.39468e+21	0.00e+00	0.00e+00	0.00e+00	0.00e+00	0.00e+00	0.00e+00	2.48e-28	4.85e-24	3.42e-20	8.63e-17	1.01e-13	5.81e-11	2.38e-08	7.10e-06	3.91e-03	1.09e-01	8.87e-01
 2.49251e+21	0.00e+00	0.00e+00	0.00e+00	0.00e+00	0.00e+00	0.00e+00	3.68e-28	6.93e-24	4.69e-20	1.14e-16	1.29e-13	7.09e-11	2.79e-08	7.98e-06	4.22e-03	1.13e-01	8.83e-01
 2.61970e+21	0.00e+00	0.00e+00	0.00e+00	0.00e+00	0.00e+00	0.00e+00	6.06e-28	1.09e-23	7.00e-20	1.62e-16	1.74e-13	9.13e-11	3.40e-08	9.26e-06	4.65e-03	1.18e-01	8.77e-01
 2.75179e+21	0.00e+00	0.00e+00	0.00e+00	0.00e+00	0.00e+00	0.00e+00	1.02e-27	1.74e-23	1.06e-19	2.34e-16	2.39e-13	1.19e-10	4.20e-08	1.08e-05	5.14e-03	1.24e-01	8.71e-01
 2.85994e+21	0.00e+00	0.00e+00	0.00e+00	0.00e+00	0.00e+00	0.00e+00	1.55e-27	2.53e-23	1.49e-19	3.13e-16	3.07e-13	1.47e-10	4.96e-08	1.23e-05	5.57e-03	1.28e-01	8.66e-01
 2.94880e+21	0.00e+00	0.00e+00	0.00e+00	0.00e+00	0.00e+00	0.00e+00	2.19e-27	3.46e-23	1.96e-19	3.99e-16	3.79e-13	1.75e-10	5.70e-08	1.36e-05	5.95e-03	1.32e-01	8.62e-01
 3.04292e+21	0.00e+00	0.00e+00	0.00e+00	0.00e+00	0.00e+00	0.00e+00	3.10e-27	4.73e-23	2.59e-19	5.09e-16	4.67e-13	2.09e-10	6.55e-08	1.51e-05	6.36e-03	1.36e-01	8.57e-01
 3.16527e+21	0.00e+00	0.00e+00	0.00e+00	0.00e+00	0.00e+00	0.00e+00	4.88e-27	7.11e-23	3.72e-19	6.99e-16	6.15e-13	2.63e-10	7.85e-08	1.72e-05	6.94e-03	1.42e-01	8.51e-01
 3.28917e+21	0.00e+00	0.00e+00	0.00e+00	0.00e+00	0.00e+00	0.00e+00	7.63e-27	1.06e-22	5.31e-19	9.57e-16	8.06e-13	3.30e-10	9.38e-08	1.97e-05	7.56e-03	1.47e-01	8.45e-01
 3.38839e+21	0.00e+00	0.00e+00	0.00e+00	0.00e+00	0.00e+00	0.00e+00	1.10e-26	1.48e-22	7.13e-19	1.24e-15	1.01e-12	3.98e-10	1.09e-07	2.20e-05	8.11e-03	1.52e-01	8.40e-01
 3.49071e+21	0.00e+00	0.00e+00	0.00e+00	0.00e+00	0.00e+00	0.00e+00	1.58e-26	2.04e-22	9.52e-19	1.60e-15	1.25e-12	4.78e-10	1.26e-07	2.45e-05	8.69e-03	1.57e-01	8.34e-01
 3.60585e+21	0.00e+00	0.00e+00	0.00e+00	0.00e+00	0.00e+00	0.00e+00	2.36e-26	2.94e-22	1.32e-18	2.12e-15	1.60e-12	5.87e-10	1.48e-07	2.76e-05	9.39e-03	1.62e-01	8.28e-01
 3.71332e+21	0.00e+00	0.00e+00	0.00e+00	0.00e+00	0.00e+00	0.00e+00	3.44e-26	4.12e-22	1.78e-18	2.76e-15	2.02e-12	7.11e-10	1.72e-07	3.09e-05	1.01e-02	1.68e-01	8.22e-01
 3.81157e+21	0.00e+00	0.00e+00	0.00e+00	0.00e+00	0.00e+00	0.00e+00	4.80e-26	5.57e-22	2.32e-18	3.50e-15	2.47e-12	8.43e-10	1.97e-07	3.41e-05	1.07e-02	1.73e-01	8.17e-01
 3.92217e+21	0.00e+00	0.00e+00	0.00e+00	0.00e+00	0.00e+00	0.00e+00	6.97e-26	7.80e-22	3.14e-18	4.55e-15	3.10e-12	1.02e-09	2.29e-07	3.81e-05	1.15e-02	1.78e-01	8.10e-01
 4.04541e+21	0.00e+00	0.00e+00	0.00e+00	0.00e+00	0.00e+00	0.00e+00	1.05e-25	1.13e-21	4.36e-18	6.08e-15	3.99e-12	1.26e-09	2.70e-07	4.31e-05	1.25e-02	1.84e-01	8.03e-01
 4.15238e+21	0.00e+00	0.00e+00	0.00e+00	0.00e+00	0.00e+00	0.00e+00	1.49e-25	1.55e-21	5.79e-18	7.80e-15	4.95e-12	1.51e-09	3.11e-07	4.79e-05	1.33e-02	1.90e-01	7.97e-01
 4.24069e+21	0.00e+00	0.00e+00	0.00e+00	0.00e+00	0.00e+00	0.00e+00	1.99e-25	2.01e-21	7.29e-18	9.55e-15	5.89e-12	1.75e-09	3.49e-07	5.21e-05	1.41e-02	1.94e-01	7.92e-01
 4.33744e+21	0.00e+00	0.00e+00	0.00e+00	0.00e+00	0.00e+00	0.00e+00	2.72e-25	2.67e-21	9.38e-18	1.19e-14	7.14e-12	2.06e-09	3.96e-07	5.73e-05	1.49e-02	1.99e-01	7.86e-01
 4.46322e+21	0.00e+00	0.00e+00	0.00e+00	0.00e+00	0.00e+00	0.00e+00	4.05e-25	3.81e-21	1.29e-17	1.58e-14	9.12e-12	2.53e-09	4.66e-07	6.45e-05	1.61e-02	2.06e-01	7.78e-01
 4.59248e+21	0.00e+00	0.00e+00	0.00e+00	0.00e+00	0.00e+00	0.00e+00	6.07e-25	5.50e-21	1.79e-17	2.10e-14	1.17e-11	3.12e-09	5.49e-07	7.28e-05	1.74e-02	2.13e-01	7.70e-01
 4.69760e+21	0.00e+00	0.00e+00	0.00e+00	0.00e+00	0.00e+00	0.00e+00	8.41e-25	7.38e-21	2.33e-17	2.65e-14	1.43e-11	3.69e-09	6.26e-07	8.03e-05	1.85e-02	2.18e-01	7.63e-01
 4.78994e+21	0.00e+00	0.00e+00	0.00e+00	0.00e+00	0.00e+00	0.00e+00	1.12e-24	9.53e-21	2.92e-17	3.24e-14	1.70e-11	4.27e-09	7.03e-07	8.74e-05	1.95e-02	2.23e-01	7.57e-01
 4.89439e+21	0.00e+00	0.00e+00	0.00e+00	0.00e+00	0.00e+00	0.00e+00	1.53e-24	1.27e-20	3.77e-17	4.05e-14	2.07e-11	5.03e-09	7.99e-07	9.60e-05	2.07e-02	2.29e-01	7.50e-01
 5.03017e+21	0.00e+00	0.00e+00	0.00e+00	0.00e+00	0.00e+00	0.00e+00	2.29e-24	1.82e-20	5.22e-17	5.40e-14	2.65e-11	6.20e-09	9.42e-07	1.08e-04	2.23e-02	2.36e-01	7.41e-01
 5.16659e+21	0.00e+00	0.00e+00	0.00e+00	0.00e+00	0.00e+00	0.00e+00	3.42e-24	2.63e-20	7.23e-17	7.19e-14	3.41e-11	7.65e-09	1.11e-06	1.22e-04	2.41e-02	2.44e-01	7.32e-01
 5.27334e+21	0.00e+00	0.00e+00	0.00e+00	0.00e+00	0.00e+00	0.00e+00	4.67e-24	3.48e-20	9.29e-17	8.98e-14	4.13e-11	9.00e-09	1.26e-06	1.34e-04	2.55e-02	2.50e-01	7.25e-01
 5.38161e+21	0.00e+00	0.00e+00	0.00e+00	0.00e+00	0.00e+00	1.94e-28	6.36e-24	4.60e-20	1.19e-16	1.12e-13	5.01e-11	1.06e-08	1.43e-06	1.47e-04	2.70e-02	2.56e-01	7.17e-01
 5.50321e+21	0.00e+00	0.00e+00	0.00e+00	0.00e+00	0.00e+00	2.82e-28	8.98e-24	6.28e-20	1.58e-16	1.43e-13	6.20e-11	1.27e-08	1.65e-06	1.63e-04	2.88e-02	2.62e-01	7.09e-01
 5.61735e+21	0.00e+00	0.00e+00	0.00e+00	0.00e+00	0.00e+00	3.99e-28	1.24e-23	8.39e-20	2.04e-16	1.80e-13	7.57e-11	1.50e-08	1.88e-06	1.80e-04	3.06e-02	2.69e-01	7.01e-01
 5.72348e+21	0.00e+00	0.00e+00	0.00e+00	0.00e+00	0.00e+00	5.49e-28	1.66e-23	1.09e-19	2.59e-16	2.22e-13	9.09e-11	1.75e-08	2.12e-06	1.96e-04	3.23e-02	2.74e-01	6.93e-01
 5.84399e+21	0.00e+00	0.00e+00	0.00e+00	0.00e+00	0.00e+00	7.85e-28	2.30e-23	1.47e-19	3.38e-16	2.81e-13	1.12e-10	2.08e-08	2.42e-06	2.16e-04	3.43e-02	2.81e-01	6.85e-01
 5.97766e+21	0.00e+00	0.00e+00	0.00e+00	0.00e+00	0.00e+00	1.16e-27	3.29e-23	2.04e-19	4.53e-16	3.63e-13	1.40e-10	2.52e-08	2.81e-06	2.41e-04	3.66e-02	2.88e-01	6.75e-01
 6.10070e+21	0.00e+00	0.00e+00	0.00e+00	0.00e+00	0.00e+00	1.66e-27	4.57e-23	2.75e-19	5.91e-16	4.60e-13	1.72e-10	2.99e-08	3.21e-06	2.66e-04	3.89e-02	2.95e-01	6.66e-01
 6.21464e+21	0.00e+00	0.00e+00	0.00e+00	0.00e+00	0.00e+00	2.29e-27	6.15e-23	3.60e-19	7.53e-16	5.70e-13	2.07e-10	3.51e-08	3.63e-06	2.91e-04	4.11e-02	3.01e-01	6.57e-01
 6.34452e+21	0.00e+00	0.00e+00	0.00e+00	0.00e+00	0.00e+00	3.29e-27	8.59e-23	4.88e-19	9.89e-16	7.25e-13	2.56e-10	4.19e-08	4.17e-06	3.21e-04	4.37e-02	3.08e-01	6.48e-01
 6.48396e+21	0.00e+00	0.00e+00	0.00e+00	0.00e+00	0.00e+00	4.83e-27	1.23e-22	6.73e-19	1.32e-15	9.36e-13	3.20e-10	5.06e-08	4.83e-06	3.57e-04	4.66e-02	3.16e-01	6.37e-01
 6.60585e+21	0.00e+00	0.00e+00	0.00e+00	0.00e+00	0.00e+00	6.74e-27	1.67e-22	8.90e-19	1.70e-15	1.17e-12	3.88e-10	5.96e-08	5.48e-06	3.92e-04	4.92e-02	3.22e-01	6.28e-01
 6.73434e+21	0.00e+00	0.00e+00	0.00e+00	0.00e+00	0.00e+00	9.48e-27	2.28e-22	1.19e-18	2.20e-15	1.47e-12	4.74e-10	7.05e-08	6.25e-06	4.30e-04	5.21e-02	3.29e-01	6.19e-01
 6.87810e+21	0.00e+00	0.00e+00	0.00e+00	0.00e+00	0.00e+00	1.38e-26	3.24e-22	1.63e-18	2.92e-15	1.89e-12	5.92e-10	8.50e-08	7.22e-06	4.78e-04	5.55e-02	3.36e-01	6.08e-01
 7.01212e+21	0.00e+00	0.00e+00	0.00e+00	0.00e+00	0.00e+00	1.96e-26	4.47e-22	2.18e-18	3.80e-15	2.39e-12	7.26e-10	1.01e-07	8.25e-06	5.26e-04	5.88e-02	3.43e-01	5.98e-01
 7.13671e+21	0.00e+00	0.00e+00	0.00e+00	0.00e+00	0.00e+00	2.70e-26	6.01e-22	2.87e-18	4.86e-15	2.97e-12	8.79e-10	1.19e-07	9.35e-06	5.75e-04	6.20e-02	3.49e-01	5.88e-01
 7.27862e+21	0.00e+00	0.00e+00	0.00e+00	0.00e+00	0.00e+00	3.83e-26	8.30e-22	3.84e-18	6.33e-15	3.75e-12	1.08e-09	1.41e-07	1.07e-05	6.32e-04	6.56e-02	3.56e-01	5.78e-01
 7.43465e+21	0.00e+00	0.00e+00	0.00e+00	0.00e+00	0.00e+00	5.62e-26	1.19e-21	5.32e-18	8.48e-15	4.86e-12	1.35e-09	1.71e-07	1.24e-05	7.03e-04	6.98e-02	3.63e-01	5.66e-01
 7.57180e+21	0.00e+00	0.00e+00	0.00e+00	0.00e+00	0.00e+00	7.87e-26	1.62e-21	7.08e-18	1.10e-14	6.11e-12	1.66e-09	2.02e-07	1.41e-05	7.71e-04	7.38e-02	3.70e-01	5.55e-01
 7.69043e+21	0.00e+00	0.00e+00	0.00e+00	0.00e+00	0.00e+00	1.04e-25	2.09e-21	8.95e-18	1.35e-14	7.36e-12	1.95e-09	2.32e-07	1.57e-05	8.31e-04	7.71e-02	3.75e-01	5.47e-01
 7.82226e+21	0.00e+00	0.00e+00	0.00e+00	0.00e+00	0.00e+00	1.41e-25	2.79e-21	1.16e-17	1.71e-14	9.06e-12	2.34e-09	2.71e-07	1.76e-05	9.04e-04	8.10e-02	3.81e-01	5.37e-01
 7.99363e+21	0.00e+00	0.00e+00	0.00e+00	0.00e+00	0.00e+00	2.08e-25	4.00e-21	1.62e-17	2.31e-14	1.18e-11	2.95e-09	3.29e-07	2.05e-05	1.01e-03	8.61e-02	3.88e-01	5.25e-01
 8.17009e+21	0.00e+00	0.00e+00	0.00e+00	0.00e+00	0.00e+00	3.10e-25	5.79e-21	2.27e-17	3.13e-14	1.55e-11	3.74e-09	4.01e-07	2.39e-05	1.12e-03	9.17e-02	3.96e-01	5.12e-01
 8.31234e+21	0.00e+00	0.00e+00	0.00e+00	0.00e+00	0.00e+00	4.23e-25	7.75e-21	2.96e-17	3.99e-14	1.91e-11	4.51e-09	4.70e-07	2.70e-05	1.22e-03	9.63e-02	4.01e-01	5.01e-01
 8.45645e+21	0.00e+00	0.00e+00	0.00e+00	0.00e+00	0.00e+00	5.76e-25	1.03e-20	3.85e-17	5.06e-14	2.36e-11	5.42e-09	5.48e-07	3.04e-05	1.32e-03	1.01e-01	4.07e-01	4.91e-01
 8.64378e+21	0.00e+00	0.00e+00	0.00e+00	0.00e+00	0.00e+00	8.54e-25	1.49e-20	5.39e-17	6.85e-14	3.09e-11	6.86e-09	6.68e-07	3.53e-05	1.47e-03	1.07e-01	4.13e-01	4.78e-01
 8.83278e+21	0.00e+00	0.00e+00	0.00e+00	0.00e+00	0.00e+00	1.26e-24	2.15e-20	7.53e-17	9.27e-14	4.04e-11	8.67e-09	8.12e-07	4.10e-05	1.63e-03	1.14e-01	4.20e-01	4.65e-01
 8.98233e+21	0.00e+00	0.00e+00	0.00e+00	0.00e+00	0.00e+00	1.71e-24	2.85e-20	9.76e-17	1.17e-13	4.97e-11	1.04e-08	9.45e-07	4.60e-05	1.77e-03	1.19e-01	4.24e-01	4.55e-01
 9.13512e+21	0.00e+00	0.00e+00	0.00e+00	0.00e+00	0.00e+00	2.31e-24	3.78e-20	1.26e-16	1.48e-13	6.10e-11	1.24e-08	1.10e-06	5.16e-05	1.92e-03	1.25e-01	4.29e-01	4.44e-01
 9.33374e+21	0.00e+00	0.00e+00	0.00e+00	0.00e+00	2.58e-28	3.38e-24	5.40e-20	1.75e-16	1.99e-13	7.92e-11	1.56e-08	1.33e-06	5.97e-05	2.12e-03	1.32e-01	4.35e-01	4.31e-01
 9.54210e+21	0.00e+00	0.00e+00	0.00e+00	0.00e+00	4.04e-28	5.02e-24	7.81e-20	2.46e-16	2.70e-13	1.04e-10	1.98e-08	1.62e-06	6.94e-05	2.35e-03	1.40e-01	4.40e-01	4.18e-01
 9.71781e+21	0.00e+00	0.00e+00	0.00e+00	0.00e+00	5.85e-28	6.95e-24	1.06e-19	3.25e-16	3.47e-13	1.30e-10	2.40e-08	1.90e-06	7.85e-05	2.56e-03	1.46e-01	4.44e-01	4.07e-01
 9.87201e+21	0.00e+00	0.00e+00	0.00e+00	0.00e+00	8.03e-28	9.19e-24	1.38e-19	4.13e-16	4.31e-13	1.57e-10	2.84e-08	2.19e-06	8.72e-05	2.75e-03	1.52e-01	4.48e-01	3.97e-01
 1.00435e+22	0.00e+00	0.00e+00	0.00e+00	0.00e+00	1.13e-27	1.24e-23	1.83e-19	5.36e-16	5.46e-13	1.93e-10	3.40e-08	2.54e-06	9.77e-05	2.97e-03	1.59e-01	4.51e-01	3.87e-01
 1.02665e+22	0.00e+00	0.00e+00	0.00e+00	0.00e+00	1.76e-27	1.83e-23	2.62e-19	7.47e-16	7.36e-13	2.52e-10	4.28e-08	3.07e-06	1.13e-04	3.28e-03	1.67e-01	4.55e-01	3.74e-01
 1.04939e+22	0.00e+00	0.00e+00	0.00e+00	0.00e+00	2.73e-27	2.69e-23	3.77e-19	1.04e-15	9.94e-13	3.28e-10	5.38e-08	3.72e-06	1.30e-04	3.61e-03	1.76e-01	4.59e-01	3.61e-01
 1.06777e+22	0.00e+00	0.00e+00	0.00e+00	0.00e+00	3.86e-27	3.66e-23	5.02e-19	1.36e-15	1.26e-12	4.04e-10	6.45e-08	4.32e-06	1.46e-04	3.90e-03	1.84e-01	4.62e-01	3.50e-01
 1.08674e+22	0.00e+00	0.00e+00	0.00e+00	0.00e+00	5.47e-27	4.97e-23	6.70e-19	1.77e-15	1.60e-12	4.98e-10	7.74e-08	5.02e-06	1.63e-04	4.21e-03	1.91e-01	4.64e-01	3.40e-01
 1.11140e+22	0.00e+00	0.00e+00	0.00e+00	0.00e+00	8.51e-27	7.34e-23	9.66e-19	2.47e-15	2.16e-12	6.50e-10	9.75e-08	6.07e-06	1.89e-04	4.63e-03	2.01e-01	4.67e-01	3.27e-01
 1.13666e+22	0.00e+00	0.00e+00	0.00e+00	0.00e+00	1.33e-26	1.09e-22	1.40e-18	3.46e-15	2.94e-12	8.50e-10	1.23e-07	7.35e-06	2.18e-04	5.10e-03	2.11e-01	4.69e-01	3.14e-01
 1.15641e+22	0.00e+00	0.00e+00	0.00e+00	0.00e+00	1.87e-26	1.47e-22	1.85e-18	4.49e-15	3.71e-12	1.04e-09	1.47e-07	8.51e-06	2.43e-04	5.48e-03	2.20e-01	4.70e-01	3.05e-01
 1.17580e+22	0.00e+00	0.00e+00	0.00e+00	0.00e+00	2.59e-26	1.96e-22	2.43e-18	5.74e-15	4.63e-12	1.27e-09	1.74e-07	9.77e-06	2.70e-04	5.87e-03	2.27e-01	4.71e-01	2.95e-01
 1.20100e+22	0.00e+00	0.00e+00	0.00e+00	0.00e+00	3.92e-26	2.82e-22	3.42e-18	7.87e-15	6.15e-12	1.62e-09	2.15e-07	1.16e-05	3.08e-04	6.40e-03	2.38e-01	4.72e-01	2.84e-01
 1.22722e+22	0.00e+00	0.00e+00	0.00e+00	0.00e+00	6.00e-26	4.10e-22	4.86e-18	1.09e-14	8.22e-12	2.10e-09	2.68e-07	1.39e-05	3.52e-04	7.00e-03	2.48e-01	4.72e-01	2.72e-01
 1.24913e+22	0.00e+00	0.00e+00	0.00e+00	0.00e+00	8.49e-26	5.57e-22	6.48e-18	1.41e-14	1.04e-11	2.58e-09	3.20e-07	1.61e-05	3.92e-04	7.51e-03	2.57e-01	4.72e-01	2.63e-01
 1.27197e+22	0.00e+00	0.00e+00	0.00e+00	0.00e+00	1.21e-25	7.59e-22	8.67e-18	1.85e-14	1.33e-11	3.18e-09	3.84e-07	1.87e-05	4.38e-04	8.08e-03	2.66e-01	4.72e-01	2.53e-01
 1.30167e+22	0.00e+00	0.00e+00	0.00e+00	0.00e+00	1.89e-25	1.13e-21	1.26e-17	2.59e-14	1.80e-11	4.16e-09	4.83e-07	2.26e-05	5.04e-04	8.84e-03	2.78e-01	4.71e-01	2.41e-01
 1.33188e+22	0.00e+00	0.00e+00	0.00e+00	0.00e+00	2.96e-25	1.67e-21	1.82e-17	3.65e-14	2.45e-11	5.43e-09	6.08e-07	2.72e-05	5.79e-04	9.67e-03	2.91e-01	4.69e-01	2.30e-01
 1.35627e+22	0.00e+00	0.00e+00	0.00e+00	0.00e+00	4.22e-25	2.28e-21	2.44e-17	4.77e-14	3.11e-11	6.71e-09	7.28e-07	3.15e-05	6.45e-04	1.04e-02	3.00e-01	4.68e-01	2.21e-01
 1.38147e+22	0.00e+00	0.00e+00	0.00e+00	0.00e+00	6.02e-25	3.12e-21	3.28e-17	6.26e-14	3.97e-11	8.29e-09	8.73e-07	3.65e-05	7.20e-04	1.11e-02	3.10e-01	4.66e-01	2.12e-01
 1.40955e+22	0.00e+00	0.00e+00	0.00e+00	0.00e+00	8.90e-25	4.40e-21	4.54e-17	8.42e-14	5.18e-11	1.05e-08	1.06e-06	4.29e-05	8.11e-04	1.20e-02	3.21e-01	4.63e-01	2.03e-01
 1.43567e+22	0.00e+00	0.00e+00	0.00e+00	0.00e+00	1.27e-24	6.02e-21	6.10e-17	1.10e-13	6.62e-11	1.29e-08	1.28e-06	4.97e-05	9.04e-04	1.29e-02	3.32e-01	4.60e-01	1.94e-01
 1.46015e+22	0.00e+00	0.00e+00	0.00e+00	0.00e+00	1.77e-24	8.04e-21	8.02e-17	1.42e-13	8.29e-11	1.57e-08	1.51e-06	5.69e-05	9.98e-04	1.37e-02	3.41e-01	4.58e-01	1.87e-01
 1.48820e+22	0.00e+00	0.00e+00	0.00e+00	2.12e-28	2.53e-24	1.10e-20	1.08e-16	1.86e-13	1.06e-10	1.94e-08	1.81e-06	6.58e-05	1.11e-03	1.46e-02	3.51e-01	4.54e-01	1.79e-01
 1.52467e+22	0.00e+00	0.00e+00	0.00e+00	3.59e-28	4.04e-24	1.67e-20	1.59e-16	2.66e-13	1.46e-10	2.57e-08	2.29e-06	7.98e-05	1.28e-03	1.60e-02	3.65e-01	4.49e-01	1.68e-01
 1.56055e+22	0.00e+00	0.00e+00	0.00e+00	5.97e-28	6.36e-24	2.48e-20	2.32e-16	3.76e-13	1.99e-10	3.36e-08	2.88e-06	9.60e-05	1.46e-03	1.74e-02	3.78e-01	4.44e-01	1.59e-01
 1.58794e+22	0.00e+00	0.00e+00	0.00e+00	8.71e-28	8.90e-24	3.33e-20	3.07e-16	4.86e-13	2.50e-10	4.11e-08	3.42e-06	1.10e-04	1.62e-03	1.85e-02	3.88e-01	4.40e-01	1.52e-01
 1.61583e+22	0.00e+00	0.00e+00	0.00e+00	1.27e-27	1.24e-23	4.47e-20	4.06e-16	6.27e-13	3.14e-10	5.01e-08	4.04e-06	1.26e-04	1.79e-03	1.97e-02	3.98e-01	4.35e-01	1.45e-01
 1.65207e+22	0.00e+00	0.00e+00	0.00e+00	2.04e-27	1.90e-23	6.48e-20	5.77e-16	8.66e-13	4.20e-10	6.44e-08	5.00e-06	1.50e-04	2.02e-03	2.12e-02	4.11e-01	4.29e-01	1.37e-01
 1.69039e+22	0.00e+00	0.00e+00	0.00e+00	3.36e-27	2.96e-23	9.56e-20	8.35e-16	1.22e-12	5.70e-10	8.37e-08	6.25e-06	1.79e-04	2.30e-03	2.30e-02	4.24e-01	4.22e-01	1.28e-01
 1.72053e+22	0.00e+00	0.00e+00	0.00e+00	4.94e-27	4.18e-23	1.29e-19	1.11e-15	1.58e-12	7.21e-10	1.03e-07	7.43e-06	2.05e-04	2.55e-03	2.44e-02	4.34e-01	4.17e-01	1.22e-01
 1.74427e+22	0.00e+00	0.00e+00	0.00e+00	6.63e-27	5.43e-23	1.63e-19	1.38e-15	1.93e-12	8.63e-10	1.20e-07	8.47e-06	2.28e-04	2.75e-03	2.56e-02	4.42e-01	4.12e-01	1.17e-01
 1.77055e+22	0.00e+00	0.00e+00	0.00e+00	9.19e-27	7.25e-23	2.09e-19	1.76e-15	2.41e-12	1.05e-09	1.42e-07	9.81e-06	2.56e-04	2.99e-03	2.69e-02	4.50e-01	4.07e-01	1.12e-01
 1.80471e+22	0.00e+00	0.00e+00	0.00e+00	1.37e-26	1.04e-22	2.87e-19	2.37e-15	3.17e-12	1.34e-09	1.76e-07	1.17e-05	2.95e-04	3.31e-03	2.86e-02	4.60e-01	4.01e-01	1.07e-01
 1.84177e+22	0.00e+00	0.00e+00	0.00e+00	2.15e-26	1.54e-22	4.06e-19	3.31e-15	4.31e-12	1.77e-09	2.23e-07	1.43e-05	3.47e-04	3.71e-03	3.06e-02	4.72e-01	3.93e-01	1.00e-01
 1.87380e+22	0.00e+00	0.00e+00	0.00e+00	3.14e-26	2.16e-22	5.43e-19	4.37e-15	5.57e-12	2.23e-09	2.72e-07	1.69e-05	3.96e-04	4.09e-03	3.24e-02	4.81e-01	3.87e-01	9.50e-02
 1.89980e+22	0.00e+00	0.00e+00	0.00e+00	4.24e-26	2.81e-22	6.85e-19	5.46e-15	6.83e-12	2.68e-09	3.19e-07	1.94e-05	4.41e-04	4.41e-03	3.39e-02	4.89e-01	3.82e-01	9.11e-02
 1.92675e+22	0.00e+00	0.00e+00	0.00e+00	5.75e-26	3.69e-22	8.67e-19	6.85e-15	8.42e-12	3.23e-09	3.75e-07	2.22e-05	4.91e-04	4.76e-03	3.54e-02	4.96e-01	3.76e-01	8.71e-02
 1.96180e+22	0.00e+00	0.00e+00	0.00e+00	8.41e-26	5.18e-22	1.17e-18	9.09e-15	1.09e-11	4.07e-09	4.57e-07	2.62e-05	5.61e-04	5.24e-03	3.74e-02	5.05e-01	3.69e-01	8.25e-02
 1.99827e+22	0.00e+00	0.00e+00	0.00e+00	1.27e-25	7.45e-22	1.60e-18	1.23e-14	1.45e-11	5.25e-09	5.69e-07	3.15e-05	6.50e-04	5.81e-03	3.98e-02	5.15e-01	3.61e-01	7.75e-02
 2.02753e+22	0.00e+00	0.00e+00	0.00e+00	1.75e-25	9.88e-22	2.04e-18	1.56e-14	1.80e-11	6.39e-09	6.74e-07	3.64e-05	7.27e-04	6.30e-03	4.16e-02	5.22e-01	3.55e-01	7.38e-02
 2.05650e+22	0.00e+00	0.00e+00	0.00e+00	2.38e-25	1.30e-21	2.59e-18	1.97e-14	2.23e-11	7.73e-09	7.94e-07	4.17e-05	8.11e-04	6.81e-03	4.35e-02	5.29e-01	3.49e-01	7.04e-02
 2.08745e+22	0.00e+00	0.00e+00	0.00e+00	3.30e-25	1.73e-21	3.33e-18	2.50e-14	2.78e-11	9.44e-09	9.42e-07	4.82e-05	9.09e-04	7.38e-03	4.56e-02	5.37e-01	3.43e-01	6.69e-02
 2.11448e+22	0.00e+00	0.00e+00	0.00e+00	4.38e-25	2.23e-21	4.13e-18	3.09e-14	3.38e-11	1.12e-08	1.10e-06	5.47e-05	1.00e-03	7.92e-03	4.74e-02	5.43e-01	3.37e-01	6.40e-02
 2.13932e+22	0.00e+00	0.00e+00	0.00e+00	5.65e-25	2.78e-21	5.02e-18	3.73e-14	4.02e-11	1.31e-08	1.25e-06	6.12e-05	1.10e-03	8.43e-03	4.91e-02	5.48e-01	3.32e-01	6.15e-02
 2.16780e+22	0.00e+00	0.00e+00	0.00e+00	7.54e-25	3.59e-21	6.26e-18	4.63e-14	4.91e-11	1.57e-08	1.46e-06	6.96e-05	1.22e-03	9.06e-03	5.12e-02	5.54e-01	3.26e-01	5.86e-02
 2.19971e+22	0.00e+00	0.00e+00	0.00e+00	1.03e-24	4.75e-21	7.97e-18	5.85e-14	6.09e-11	1.91e-08	1.72e-06	7.99e-05	1.36e-03	9.78e-03	5.34e-02	5.61e-01	3.19e-01	5.57e-02
 2.23000e+22	0.00e+00	0.00e+00	0.00e+00	1.41e-24	6.22e-21	1.01e-17	7.35e-14	7.53e-11	2.31e-08	2.03e-06	9.18e-05	1.51e-03	1.06e-02	5.57e-02	5.67e-01	3.13e-01	5.29e-02
 2.25785e+22	0.00e+00	0.00e+00	2.13e-28	1.85e-24	7.93e-21	1.24e-17	9.03e-14	9.11e-11	2.74e-08	2.35e-06	1.04e-04	1.67e-03	1.13e-02	5.78e-02	5.72e-01	3.07e-01	5.05e-02
 2.28861e+22	0.00e+00	0.00e+00	2.94e-28	2.48e-24	1.02e-20	1.55e-17	1.12e-13	1.11e-10	3.28e-08	2.74e-06	1.18e-04	1.84e-03	1.21e-02	6.01e-02	5.77e-01	3.01e-01	4.81e-02
 2.32859e+22	0.00e+00	0.00e+00	4.51e-28	3.63e-24	1.43e-20	2.06e-17	1.49e-13	1.45e-10	4.16e-08	3.36e-06	1.40e-04	2.11e-03	1.33e-02	6.33e-02	5.84e-01	2.92e-01	4.49e-02
 2.36611e+22	0.00e+00	0.00e+00	6.80e-28	5.23e-24	1.97e-20	2.71e-17	1.95e-13	1.87e-10	5.23e-08	4.09e-06	1.65e-04	2.40e-03	1.46e-02	6.64e-02	5.90e-01	2.84e-01	4.21e-02
 2.39150e+22	0.00e+00	0.00e+00	8.81e-28	6.60e-24	2.42e-20	3.23e-17	2.32e-13	2.19e-10	6.03e-08	4.62e-06	1.82e-04	2.60e-03	1.54e-02	6.84e-02	5.94e-01	2.79e-01	4.04e-02
 2.41560e+22	0.00e+00	0.00e+00	1.14e-27	8.27e-24	2.95e-20	3.83e-17	2.75e-13	2.56e-10	6.95e-08	5.21e-06	2.02e-04	2.81e-03	1.63e-02	7.05e-02	5.97e-01	2.74e-01	3.88e-02
 2.44693e+22	0.00e+00	0.00e+00	1.55e-27	1.09e-23	3.76e-20	4.72e-17	3.38e-13	3.10e-10	8.25e-08	6.03e-06	2.28e-04	3.09e-03	1.74e-02	7.30e-02	6.01e-01	2.68e-01	3.69e-02
 2.48231e+22	0.00e+00	0.00e+00	2.24e-27	1.51e-23	5.00e-20	6.01e-17	4.31e-13	3.90e-10	1.01e-07	7.19e-06	2.64e-04	3.47e-03	1.89e-02	7.61e-02	6.05e-01	2.61e-01	3.47e-02
 2.51445e+22	0.00e+00	0.00e+00	3.10e-27	2.02e-23	6.44e-20	7.46e-17	5.35e-13	4.77e-10	1.22e-07	8.40e-06	3.01e-04	3.84e-03	2.02e-02	7.90e-02	6.09e-01	2.55e-01	3.28e-02
 2.54268e+22	0.00e+00	0.00e+00	4.11e-27	2.60e-23	8.01e-20	8.99e-17	6.44e-13	5.68e-10	1.42e-07	9.60e-06	3.36e-04	4.19e-03	2.15e-02	8.15e-02	6.12e-01	2.49e-01	3.13e-02
 2.57431e+22	0.00e+00	0.00e+00	5.61e-27	3.42e-23	1.02e-19	1.10e-16	7.91e-13	6.88e-10	1.69e-07	1.11e-05	3.80e-04	4.61e-03	2.30e-02	8.43e-02	6.15e-01	2.43e-01	2.96e-02
 2.61543e+22	0.00e+00	0.00e+00	8.35e-27	4.87e-23	1.38e-19	1.43e-16	1.03e-12	8.81e-10	2.11e-07	1.34e-05	4.45e-04	5.22e-03	2.50e-02	8.81e-02	6.18e-01	2.35e-01	2.76e-02
 2.65526e+22	0.00e+00	0.00e+00	1.23e-26	6.88e-23	1.87e-19	1.85e-16	1.33e-12	1.12e-09	2.63e-07	1.62e-05	5.19e-04	5.89e-03	2.72e-02	9.19e-02	6.21e-01	2.28e-01	2.57e-02
 2.68416e+22	0.00e+00	0.00e+00	1.63e-26	8.81e-23	2.32e-19	2.21e-16	1.60e-12	1.34e-09	3.07e-07	1.85e-05	5.80e-04	6.42e-03	2.88e-02	9.46e-02	6.23e-01	2.22e-01	2.45e-02
 2.71250e+22	0.00e+00	0.00e+00	2.13e-26	1.12e-22	2.85e-19	2.63e-16	1.91e-12	1.58e-09	3.57e-07	2.10e-05	6.44e-04	6.97e-03	3.05e-02	9.73e-02	6.24e-01	2.17e-01	2.33e-02
 2.74933e+22	0.00e+00	0.00e+00	3.01e-26	1.51e-22	3.71e-19	3.29e-16	2.40e-12	1.95e-09	4.32e-07	2.47e-05	7.37e-04	7.75e-03	3.28e-02	1.01e-01	6.26e-01	2.10e-01	2.18e-02
 2.78770e+22	0.00e+00	0.00e+00	4.32e-26	2.08e-22	4.88e-19	4.14e-16	3.04e-12	2.44e-09	5.29e-07	2.93e-05	8.50e-04	8.66e-03	3.53e-02	1.05e-01	6.27e-01	2.03e-01	2.04e-02
 2.81944e+22	0.00e+00	0.00e+00	5.83e-26	2.71e-22	6.14e-19	5.02e-16	3.70e-12	2.94e-09	6.26e-07	3.38e-05	9.57e-04	9.50e-03	3.76e-02	1.08e-01	6.27e-01	1.98e-01	1.92e-02
 2.84777e+22	0.00e+00	0.00e+00	7.52e-26	3.40e-22	7.45e-19	5.91e-16	4.37e-12	3.44e-09	7.21e-07	3.81e-05	1.06e-03	1.03e-02	3.96e-02	1.11e-01	6.27e-01	1.93e-01	1.83e-02
 2.88029e+22	0.00e+00	0.00e+00	1.01e-25	4.40e-22	9.31e-19	7.12e-16	5.29e-12	4.12e-09	8.49e-07	4.37e-05	1.18e-03	1.12e-02	4.21e-02	1.14e-01	6.27e-01	1.87e-01	1.73e-02
 2.92257e+22	0.00e+00	0.00e+00	1.47e-25	6.12e-22	1.24e-18	9.03e-16	6.76e-12	5.20e-09	1.05e-06	5.22e-05	1.37e-03	1.26e-02	4.55e-02	1.18e-01	6.26e-01	1.80e-01	1.60e-02
 2.96523e+22	0.00e+00	0.00e+00	2.16e-25	8.59e-22	1.66e-18	1.15e-15	8.68e-12	6.59e-09	1.30e-06	6.26e-05	1.59e-03	1.41e-02	4.92e-02	1.22e-01	6.25e-01	1.73e-01	1.48e-02
 2.99846e+22	0.00e+00	0.00e+00	2.92e-25	1.12e-21	2.08e-18	1.39e-15	1.06e-11	7.95e-09	1.54e-06	7.22e-05	1.79e-03	1.55e-02	5.23e-02	1.26e-01	6.23e-01	1.67e-01	1.38e-02
 3.03173e+22	0.00e+00	0.00e+00	3.89e-25	1.44e-21	2.58e-18	1.66e-15	1.27e-11	9.48e-09	1.80e-06	8.25e-05	2.00e-03	1.69e-02	5.54e-02	1.29e-01	6.22e-01	1.62e-01	1.30e-02
 3.07498e+22	0.00e+00	0.00e+00	5.59e-25	1.98e-21	3.40e-18	2.09e-15	1.60e-11	1.18e-08	2.20e-06	9.76e-05	2.30e-03	1.88e-02	5.95e-02	1.34e-01	6.19e-01	1.55e-01	1.20e-02
 3.12024e+22	0.00e+00	0.00e+00	8.26e-25	2.79e-21	4.55e-18	2.66e-15	2.06e-11	1.50e-08	2.72e-06	1.17e-04	2.67e-03	2.11e-02	6.43e-02	1.38e-01	6.15e-01	1.48e-01	1.10e-02
 3.15751e+22	0.00e+00	0.00e+00	1.14e-24	3.70e-21	5.80e-18	3.25e-15	2.52e-11	1.83e-08	3.25e-06	1.36e-04	3.01e-03	2.32e-02	6.85e-02	1.42e-01	6.11e-01	1.42e-01	1.03e-02
 3.18982e+22	0.00e+00	0.00e+00	1.50e-24	4.70e-21	7.11e-18	3.84e-15	3.00e-11	2.15e-08	3.77e-06	1.54e-04	3.34e-03	2.51e-02	7.22e-02	1.45e-01	6.07e-01	1.37e-01	9.63e-03
 3.22630e+22	0.00e+00	0.00e+00	2.00e-24	6.08e-21	8.85e-18	4.61e-15	3.60e-11	2.56e-08	4.42e-06	1.75e-04	3.72e-03	2.73e-02	7.62e-02	1.48e-01	6.03e-01	1.32e-01	9.00e-03
 3.27372e+22	0.00e+00	0.00e+00	2.93e-24	8.47e-21	1.18e-17	5.82e-15	4.56e-11	3.21e-08	5.42e-06	2.08e-04	4.28e-03	3.04e-02	8.18e-02	1.53e-01	5.97e-01	1.26e-01	8.23e-03
 3.32353e+22	0.00e+00	0.00e+00	4.38e-24	1.21e-20	1.59e-17	7.47e-15	5.85e-11	4.08e-08	6.72e-06	2.49e-04	4.95e-03	3.40e-02	8.81e-02	1.57e-01	5.89e-01	1.19e-01	7.46e-03
 3.36538e+22	0.00e+00	0.00e+00	6.12e-24	1.62e-20	2.04e-17	9.18e-15	7.18e-11	4.97e-08	8.02e-06	2.89e-04	5.59e-03	3.74e-02	9.35e-02	1.61e-01	5.82e-01	1.13e-01	6.86e-03
 3.40085e+22	0.00e+00	0.00e+00	8.11e-24	2.07e-20	2.52e-17	1.09e-14	8.51e-11	5.86e-08	9.31e-06	3.27e-04	6.18e-03	4.04e-02	9.83e-02	1.64e-01	5.76e-01	1.09e-01	6.39e-03
 3.43910e+22	0.00e+00	2.97e-28	1.08e-23	2.65e-20	3.12e-17	1.30e-14	1.01e-10	6.90e-08	1.08e-05	3.70e-04	6.82e-03	4.36e-02	1.03e-01	1.67e-01	5.69e-01	1.04e-01	5.95e-03
 3.48882e+22	0.00e+00	4.48e-28	1.55e-23	3.66e-20	4.11e-17	1.63e-14	1.26e-10	8.52e-08	1.30e-05	4.33e-04	7.75e-03	4.80e-02	1.10e-01	1.71e-01	5.59e-01	9.85e-02	5.40e-03
 3.53988e+22	0.00e+00	6.85e-28	2.27e-23	5.11e-20	5.46e-17	2.06e-14	1.58e-10	1.06e-07	1.59e-05	5.09e-04	8.83e-03	5.31e-02	1.17e-01	1.74e-01	5.49e-01	9.27e-02	4.88e-03
 3.58104e+22	0.00e+00	9.59e-28	3.07e-23	6.65e-20	6.85e-17	2.49e-14	1.88e-10	1.25e-07	1.85e-05	5.78e-04	9.77e-03	5.73e-02	1.23e-01	1.77e-01	5.40e-01	8.83e-02	4.50e-03
 3.62290e+22	0.00e+00	1.33e-27	4.10e-23	8.58e-20	8.51e-17	2.98e-14	2.23e-10	1.47e-07	2.14e-05	6.52e-04	1.08e-02	6.16e-02	1.28e-01	1.79e-01	5.31e-01	8.41e-02	4.16e-03
 3.67733e+22	0.00e+00	2.00e-27	5.93e-23	1.19e-19	1.12e-16	3.75e-14	2.76e-10	1.81e-07	2.57e-05	7.58e-04	1.21e-02	6.75e-02	1.36e-01	1.82e-01	5.19e-01	7.89e-02	3.75e-03
 3.73425e+22	0.00e+00	3.08e-27	8.73e-23	1.67e-19	1.51e-16	4.77e-14	3.44e-10	2.24e-07	3.11e-05	8.87e-04	1.38e-02	7.42e-02	1.44e-01	1.85e-01	5.05e-01	7.37e-02	3.35e-03
 3.78174e+22	0.00e+00	4.37e-27	1.19e-22	2.20e-19	1.91e-16	5.81e-14	4.12e-10	2.66e-07	3.62e-05	1.01e-03	1.52e-02	7.99e-02	1.50e-01	1.87e-01	4.94e-01	6.96e-02	3.06e-03
 3.83083e+22	0.00e+00	6.16e-27	1.62e-22	2.88e-19	2.41e-16	7.05e-14	4.90e-10	3.14e-07	4.20e-05	1.14e-03	1.67e-02	8.58e-02	1.57e-01	1.89e-01	4.82e-01	6.57e-02	2.79e-03
 3.89463e+22	0.00e+00	9.50e-27	2.40e-22	4.07e-19	3.24e-16	9.01e-14	6.10e-10	3.86e-07	5.06e-05	1.32e-03	1.88e-02	9.37e-02	1.65e-01	1.90e-01	4.67e-01	6.09e-02	2.48e-03
 3.96067e+22	0.00e+00	1.49e-26	3.58e-22	5.80e-19	4.39e-16	1.16e-13	7.63e-10	4.78e-07	6.12e-05	1.55e-03	2.12e-02	1.02e-01	1.74e-01	1.92e-01	4.51e-01	5.62e-02	2.19e-03
 4.01486e+22	0.00e+00	2.12e-26	4.94e-22	7.70e-19	5.61e-16	1.42e-13	9.11e-10	5.66e-07	7.11e-05	1.75e-03	2.33e-02	1.10e-01	1.80e-01	1.93e-01	4.38e-01	5.26e-02	1.98e-03
 4.06188e+22	0.00e+00	2.88e-26	6.49e-22	9.81e-19	6.91e-16	1.69e-13	1.06e-09	6.53e-07	8.07e-05	1.94e-03	2.53e-02	1.16e-01	1.86e-01	1.93e-01	4.26e-01	4.96e-02	1.81e-03
 4.11434e+22	0.00e+00	3.93e-26	8.60e-22	1.26e-18	8.57e-16	2.03e-13	1.24e-09	7.56e-07	9.18e-05	2.15e-03	2.74e-02	1.23e-01	1.92e-01	1.93e-01	4.14e-01	4.67e-02	1.65e-03
 4.18254e+22	0.00e+00	5.86e-26	1.23e-21	1.73e-18	1.13e-15	2.55e-13	1.51e-09	9.10e-07	1.08e-04	2.46e-03	3.03e-02	1.32e-01	1.99e-01	1.93e-01	3.98e-01	4.31e-02	1.47e-03
 4.25169e+22	0.00e+00	8.81e-26	1.78e-21	2.39e-18	1.49e-15	3.22e-13	1.84e-09	1.10e-06	1.28e-04	2.81e-03	3.35e-02	1.42e-01	2.07e-01	1.93e-01	3.81e-01	3.97e-02	1.29e-03
 4.30616e+22	0.00e+00	1.21e-25	2.37e-21	3.09e-18	1.86e-15	3.87e-13	2.15e-09	1.27e-06	1.45e-04	3.11e-03	3.62e-02	1.50e-01	2.12e-01	1.92e-01	3.68e-01	3.70e-02	1.17e-03
 4.36106e+22	0.00e+00	1.62e-25	3.08e-21	3.89e-18	2.27e-15	4.58e-13	2.48e-09	1.45e-06	1.63e-04	3.41e-03	3.87e-02	1.57e-01	2.17e-01	1.91e-01	3.57e-01	3.48e-02	1.07e-03
 4.43243e+22	0.00e+00	2.35e-25	4.30e-21	5.25e-18	2.94e-15	5.69e-13	2.97e-09	1.72e-06	1.89e-04	3.84e-03	4.23e-02	1.67e-01	2.23e-01	1.89e-01	3.41e-01	3.21e-02	9.45e-04
 4.50831e+22	0.00e+00	3.49e-25	6.15e-21	7.21e-18	3.88e-15	7.17e-13	3.61e-09	2.05e-06	2.21e-04	4.34e-03	4.63e-02	1.77e-01	2.30e-01	1.87e-01	3.25e-01	2.93e-02	8.29e-04
 4.57329e+22	0.00e+00	4.88e-25	8.34e-21	9.44e-18	4.89e-15	8.71e-13	4.24e-09	2.39e-06	2.52e-04	4.82e-03	4.99e-02	1.86e-01	2.35e-01	1.85e-01	3.11e-01	2.70e-02	7.39e-04
 4.63200e+22	0.00e+00	6.45e-25	1.07e-20	1.18e-17	5.95e-15	1.03e-12	4.87e-09	2.70e-06	2.80e-04	5.25e-03	5.31e-02	1.94e-01	2.38e-01	1.83e-01	3.00e-01	2.53e-02	6.72e-04
 4.69932e+22	0.00e+00	8.83e-25	1.42e-20	1.52e-17	7.40e-15	1.24e-12	5.67e-09	3.11e-06	3.16e-04	5.77e-03	5.68e-02	2.03e-01	2.42e-01	1.81e-01	2.87e-01	2.35e-02	6.03e-04
 4.77321e+22	0.00e+00	1.25e-24	1.94e-20	2.01e-17	9.42e-15	1.51e-12	6.71e-09	3.62e-06	3.61e-04	6.39e-03	6.11e-02	2.13e-01	2.46e-01	1.78e-01	2.73e-01	2.15e-02	5.34e-04
 4.83981e+22	0.00e+00	1.69e-24	2.56e-20	2.57e-17	1.17e-14	1.81e-12	7.78e-09	4.14e-06	4.05e-04	6.99e-03	6.51e-02	2.21e-01	2.50e-01	1.75e-01	2.61e-01	1.99e-02	4.77e-04
 4.90074e+22	0.00e+00	2.20e-24	3.25e-20	3.17e-17	1.40e-14	2.11e-12	8.85e-09	4.65e-06	4.47e-04	7.54e-03	6.87e-02	2.29e-01	2.52e-01	1.73e-01	2.51e-01	1.86e-02	4.34e-04
 4.97012e+22	0.00e+00	2.94e-24	4.22e-20	4.01e-17	1.72e-14	2.51e-12	1.02e-08	5.28e-06	4.98e-04	8.20e-03	7.28e-02	2.37e-01	2.55e-01	1.70e-01	2.39e-01	1.72e-02	3.90e-04
 5.06032e+22	0.00e+00	4.22e-24	5.87e-20	5.37e-17	2.22e-14	3.11e-12	1.22e-08	6.18e-06	5.70e-04	9.09e-03	7.82e-02	2.48e-01	2.57e-01	1.66e-01	2.26e-01	1.56e-02	3.40e-04
 5.15395e+22	0.00e+00	6.19e-24	8.30e-20	7.31e-17	2.90e-14	3.91e-12	1.47e-08	7.30e-06	6.55e-04	1.01e-02	8.41e-02	2.59e-01	2.60e-01	1.61e-01	2.11e-01	1.40e-02	2.94e-04
 5.23079e+22	0.00e+00	8.38e-24	1.09e-19	9.35e-17	3.59e-14	4.68e-12	1.70e-08	8.33e-06	7.32e-04	1.10e-02	8.90e-02	2.67e-01	2.61e-01	1.57e-01	2.01e-01	1.29e-02	2.61e-04
 5.30945e+22	0.00e+00	1.13e-23	1.43e-19	1.19e-16	4.42e-14	5.58e-12	1.96e-08	9.45e-06	8.14e-04	1.19e-02	9.39e-02	2.75e-01	2.62e-01	1.53e-01	1.90e-01	1.18e-02	2.32e-04
 5.41172e+22	0.00e+00	1.61e-23	1.98e-19	1.59e-16	5.70e-14	6.93e-12	2.34e-08	1.10e-05	9.26e-04	1.31e-02	1.00e-01	2.85e-01	2.63e-01	1.49e-01	1.78e-01	1.07e-02	2.01e-04
 5.52084e+22	0.00e+00	2.39e-23	2.83e-19	2.19e-16	7.53e-14	8.77e-12	2.84e-08	1.31e-05	1.06e-03	1.46e-02	1.07e-01	2.96e-01	2.63e-01	1.43e-01	1.65e-01	9.48e-03	1.72e-04
 5.61382e+22	0.00e+00	3.31e-23	3.79e-19	2.84e-16	9.46e-14	1.06e-11	3.33e-08	1.50e-05	1.19e-03	1.59e-02	1.13e-01	3.05e-01	2.63e-01	1.39e-01	1.55e-01	8.59e-03	1.50e-04
 5.69341e+22	0.00e+00	4.31e-23	4.83e-19	3.53e-16	1.14e-13	1.25e-11	3.79e-08	1.68e-05	1.31e-03	1.70e-02	1.18e-01	3.11e-01	2.62e-01	1.35e-01	1.47e-01	7.92e-03	1.34e-04
 5.78067e+22	0.00e+00	5.71e-23	6.23e-19	4.43e-16	1.39e-13	1.48e-11	4.36e-08	1.89e-05	1.44e-03	1.83e-02	1.24e-01	3.19e-01	2.61e-01	1.31e-01	1.39e-01	7.25e-03	1.19e-04
 5.89410e+22	0.00e+00	8.06e-23	8.52e-19	5.86e-16	1.78e-13	1.82e-11	5.16e-08	2.19e-05	1.62e-03	1.99e-02	1.31e-01	3.27e-01	2.59e-01	1.26e-01	1.29e-01	6.50e-03	1.03e-04
 6.01530e+22	0.00e+00	1.18e-22	1.20e-18	7.97e-16	2.33e-13	2.28e-11	6.21e-08	2.56e-05	1.85e-03	2.19e-02	1.39e-01	3.36e-01	2.57e-01	1.20e-01	1.19e-01	5.75e-03	8.76e-05
 6.11940e+22	0.00e+00	1.61e-22	1.60e-18	1.03e-15	2.91e-13	2.76e-11	7.25e-08	2.92e-05	2.05e-03	2.36e-02	1.45e-01	3.43e-01	2.54e-01	1.15e-01	1.11e-01	5.19e-03	7.64e-05
 6.22754e+22	0.00e+00	2.18e-22	2.10e-18	1.31e-15	3.60e-13	3.32e-11	8.42e-08	3.32e-05	2.27e-03	2.54e-02	1.52e-01	3.49e-01	2.52e-01	1.11e-01	1.04e-01	4.69e-03	6.68e-05
 6.36812e+22	0.00e+00	3.17e-22	2.95e-18	1.78e-15	4.70e-13	4.16e-11	1.01e-07	3.88e-05	2.57e-03	2.78e-02	1.60e-01	3.56e-01	2.48e-01	1.05e-01	9.54e-02	4.13e-03	5.66e-05
 6.51842e+22	0.00e+00	4.78e-22	4.29e-18	2.49e-15	6.29e-13	5.33e-11	1.24e-07	4.59e-05	2.95e-03	3.05e-02	1.69e-01	3.64e-01	2.44e-01	9.95e-02	8.66e-02	3.59e-03	4.69e-05
 6.64814e+22	2.74e-28	6.74e-22	5.85e-18	3.29e-15	8.03e-13	6.56e-11	1.47e-07	5.29e-05	3.29e-03	3.30e-02	1.77e-01	3.69e-01	2.39e-01	9.46e-02	7.98e-02	3.18e-03	4.01e-05
 6.78357e+22	3.93e-28	9.37e-22	7.89e-18	4.30e-15	1.01e-12	8.00e-11	1.73e-07	6.06e-05	3.66e-03	3.56e-02	1.85e-01	3.74e-01	2.35e-01	9.00e-02	7.36e-02	2.83e-03	3.44e-05
 6.93415e+22	5.85e-28	1.35e-21	1.10e-17	5.78e-15	1.31e-12	9.97e-11	2.07e-07	7.03e-05	4.12e-03	3.86e-02	1.93e-01	3.79e-01	2.30e-01	8.50e-02	6.73e-02	2.48e-03	2.90e-05
 7.07397e+22	8.47e-28	1.88e-21	1.49e-17	7.59e-15	1.67e-12	1.22e-10	2.44e-07	8.06e-05	4.58e-03	4.15e-02	2.01e-01	3.83e-01	2.25e-01	8.04e-02	6.17e-02	2.20e-03	2.47e-05
 7.20439e+22	1.17e-27	2.53e-21	1.95e-17	9.64e-15	2.05e-12	1.46e-10	2.81e-07	9.08e-05	5.02e-03	4.42e-02	2.08e-01	3.87e-01	2.20e-01	7.66e-02	5.72e-02	1.97e-03	2.15e-05
 7.35303e+22	1.67e-27	3.50e-21	2.61e-17	1.25e-14	2.58e-12	1.78e-10	3.30e-07	1.03e-04	5.56e-03	4.74e-02	2.16e-01	3.89e-01	2.15e-01	7.24e-02	5.25e-02	1.74e-03	1.83e-05
 7.51988e+22	2.46e-27	4.98e-21	3.60e-17	1.67e-14	3.32e-12	2.20e-10	3.93e-07	1.19e-04	6.20e-03	5.10e-02	2.25e-01	3.92e-01	2.09e-01	6.80e-02	4.78e-02	1.52e-03	1.54e-05
 7.67713e+22	3.54e-27	6.92e-21	4.85e-17	2.18e-14	4.19e-12	2.68e-10	4.61e-07	1.36e-04	6.86e-03	5.46e-02	2.33e-01	3.94e-01	2.03e-01	6.41e-02	4.37e-02	1.34e-03	1.31e-05
 7.82476e+22	4.87e-27	9.27e-21	6.33e-17	2.77e-14	5.16e-12	3.20e-10	5.32e-07	1.53e-04	7.49e-03	5.79e-02	2.40e-01	3.95e-01	1.98e-01	6.07e-02	4.03e-02	1.20e-03	1.13e-05
 7.99315e+22	6.93e-27	1.28e-20	8.47e-17	3.60e-14	6.48e-12	3.88e-10	6.22e-07	1.74e-04	8.26e-03	6.17e-02	2.47e-01	3.96e-01	1.92e-01	5.71e-02	3.68e-02	1.06e-03	9.60e-06
 8.21205e+22	1.06e-26	1.88e-20	1.20e-16	4.92e-14	8.51e-12	4.90e-10	7.51e-07	2.02e-04	9.26e-03	6.65e-02	2.56e-01	3.96e-01	1.84e-01	5.29e-02	3.30e-02	9.06e-04	7.89e-06
 8.43999e+22	1.68e-26	2.87e-20	1.77e-16	6.94e-14	1.15e-11	6.32e-10	9.23e-07	2.39e-04	1.05e-02	7.22e-02	2.66e-01	3.96e-01	1.76e-01	4.86e-02	2.92e-02	7.63e-04	6.33e-06
 8.62373e+22	2.42e-26	4.00e-20	2.39e-16	9.09e-14	1.46e-11	7.73e-10	1.09e-06	2.72e-04	1.16e-02	7.68e-02	2.74e-01	3.95e-01	1.70e-01	4.54e-02	2.64e-02	6.65e-04	5.31e-06
 8.80666e+22	3.32e-26	5.33e-20	3.10e-16	1.15e-13	1.79e-11	9.19e-10	1.25e-06	3.05e-04	1.26e-02	8.10e-02	2.80e-01	3.94e-01	1.65e-01	4.27e-02	2.42e-02	5.91e-04	4.56e-06
 9.04447e+22	4.96e-26	7.69e-20	4.32e-16	1.55e-13	2.32e-11	1.15e-09	1.49e-06	3.52e-04	1.40e-02	8.66e-02	2.88e-01	3.91e-01	1.58e-01	3.95e-02	2.17e-02	5.06e-04	3.75e-06
 9.30322e+22	7.76e-26	1.16e-19	6.27e-16	2.16e-13	3.09e-11	1.47e-09	1.82e-06	4.12e-04	1.57e-02	9.31e-02	2.97e-01	3.88e-01	1.50e-01	3.60e-02	1.91e-02	4.25e-04	3.00e-06
 9.53061e+22	1.14e-25	1.64e-19	8.60e-16	2.86e-13	3.96e-11	1.81e-09	2.15e-06	4.71e-04	1.73e-02	9.89e-02	3.04e-01	3.85e-01	1.43e-01	3.33e-02	1.71e-02	3.66e-04	2.48e-06
 9.76767e+22	1.62e-25	2.26e-19	1.16e-15	3.73e-13	4.99e-11	2.20e-09	2.52e-06	5.34e-04	1.90e-02	1.05e-01	3.11e-01	3.81e-01	1.37e-01	3.09e-02	1.54e-02	3.17e-04	2.07e-06
 1.00255e+23	2.39e-25	3.23e-19	1.60e-15	4.98e-13	6.42e-11	2.73e-09	2.99e-06	6.12e-04	2.09e-02	1.11e-01	3.18e-01	3.77e-01	1.31e-01	2.84e-02	1.37e-02	2.71e-04	1.70e-06
 1.02541e+23	3.38e-25	4.43e-19	2.13e-15	6.45e-13	8.04e-11	3.31e-09	3.49e-06	6.90e-04	2.28e-02	1.17e-01	3.24e-01	3.72e-01	1.25e-01	2.63e-02	1.24e-02	2.35e-04	1.42e-06
 1.04590e+23	4.48e-25	5.73e-19	2.69e-15	7.96e-13	9.66e-11	3.86e-09	3.95e-06	7.62e-04	2.45e-02	1.22e-01	3.28e-01	3.68e-01	1.20e-01	2.47e-02	1.13e-02	2.09e-04	1.22e-06
 1.06898e+23	6.07e-25	7.58e-19	3.47e-15	1.00e-12	1.18e-10	4.58e-09	4.52e-06	8.47e-04	2.64e-02	1.27e-01	3.33e-01	3.64e-01	1.15e-01	2.31e-02	1.03e-02	1.84e-04	1.04e-06
 1.09897e+23	8.68e-25	1.05e-18	4.67e-15	1.31e-12	1.49e-10	5.58e-09	5.30e-06	9.59e-04	2.88e-02	1.34e-01	3.38e-01	3.58e-01	1.09e-01	2.12e-02	9.22e-03	1.58e-04	8.58e-07
 1.13207e+23	1.32e-24	1.54e-18	6.62e-15	1.79e-12	1.96e-10	7.05e-09	6.38e-06	1.11e-03	3.19e-02	1.42e-01	3.44e-01	3.51e-01	1.03e-01	1.92e-02	8.07e-03	1.32e-04	6.84e-07
 1.16132e+23	1.89e-24	2.14e-18	8.95e-15	2.35e-12	2.48e-10	8.62e-09	7.49e-06	1.26e-03	3.49e-02	1.49e-01	3.48e-01	3.44e-01	9.73e-02	1.76e-02	7.18e-03	1.13e-04	5.61e-07
 1.18700e+23	2.54e-24	2.81e-18	1.15e-14	2.93e-12	3.01e-10	1.02e-08	8.54e-06	1.39e-03	3.74e-02	1.55e-01	3.51e-01	3.39e-01	9.29e-02	1.64e-02	6.51e-03	9.88e-05	4.76e-07
 1.21595e+23	3.41e-24	3.68e-18	1.47e-14	3.67e-12	3.66e-10	1.20e-08	9.75e-06	1.54e-03	4.02e-02	1.61e-01	3.55e-01	3.33e-01	8.85e-02	1.52e-02	5.90e-03	8.65e-05	4.03e-07
 1.25358e+23	4.85e-24	5.10e-18	1.98e-14	4.79e-12	4.63e-10	1.47e-08	1.14e-05	1.75e-03	4.37e-02	1.69e-01	3.58e-01	3.25e-01	8.35e-02	1.39e-02	5.23e-03	7.36e-05	3.30e-07
 1.30096e+23	7.42e-24	7.55e-18	2.84e-14	6.63e-12	6.15e-10	1.87e-08	1.38e-05	2.02e-03	4.83e-02	1.78e-01	3.61e-01	3.16e-01	7.76e-02	1.24e-02	4.52e-03	6.05e-05	2.58e-07
 1.34880e+23	1.19e-23	1.16e-17	4.21e-14	9.48e-12	8.42e-10	2.45e-08	1.71e-05	2.38e-03	5.39e-02	1.89e-01	3.64e-01	3.05e-01	7.14e-02	1.10e-02	3.83e-03	4.85e-05	1.96e-07
 1.38705e+23	1.68e-23	1.60e-17	5.66e-14	1.24e-11	1.06e-09	2.99e-08	2.00e-05	2.69e-03	5.84e-02	1.97e-01	3.65e-01	2.97e-01	6.69e-02	9.96e-03	3.38e-03	4.11e-05	1.59e-07
 1.42509e+23	2.24e-23	2.09e-17	7.24e-14	1.55e-11	1.29e-09	3.54e-08	2.29e-05	2.98e-03	6.25e-02	2.03e-01	3.66e-01	2.89e-01	6.33e-02	9.18e-03	3.04e-03	3.56e-05	1.33e-07
 1.47453e+23	3.12e-23	2.84e-17	9.61e-14	2.00e-11	1.62e-09	4.30e-08	2.67e-05	3.35e-03	6.74e-02	2.11e-01	3.67e-01	2.81e-01	5.93e-02	8.35e-03	2.68e-03	3.03e-05	0.00e+00
 1.53314e+23	4.64e-23	4.10e-17	1.35e-13	2.72e-11	2.12e-09	5.42e-08	3.20e-05	3.85e-03	7.38e-02	2.20e-01	3.67e-01	2.71e-01	5.48e-02	7.44e-03	2.31e-03	2.48e-05	0.00e+00
 1.59240e+23	6.90e-23	5.93e-17	1.90e-13	3.72e-11	2.80e-09	6.87e-08	3.86e-05	4.43e-03	8.08e-02	2.30e-01	3.66e-01	2.60e-01	5.04e-02	6.60e-03	1.98e-03	2.02e-05	0.00e+00
 1.64745e+23	9.63e-23	8.10e-17	2.53e-13	4.84e-11	3.53e-09	8.39e-08	4.51e-05	4.99e-03	8.71e-02	2.38e-01	3.65e-01	2.51e-01	4.68e-02	5.94e-03	1.73e-03	1.70e-05	0.00e+00
 1.70801e+23	1.29e-22	1.06e-16	3.25e-13	6.09e-11	4.32e-09	1.00e-07	5.18e-05	5.54e-03	9.30e-02	2.45e-01	3.63e-01	2.43e-01	4.39e-02	5.42e-03	1.54e-03	1.45e-05	0.00e+00
 1.77756e+23	1.81e-22	1.46e-16	4.37e-13	7.99e-11	5.49e-09	1.23e-07	6.09e-05	6.26e-03	1.00e-01	2.53e-01	3.60e-01	2.33e-01	4.05e-02	4.86e-03	1.34e-03	1.21e-05	0.00e+00
 1.84729e+23	2.49e-22	1.97e-16	5.79e-13	1.03e-10	6.90e-09	1.50e-07	7.12e-05	7.03e-03	1.08e-01	2.61e-01	3.57e-01	2.24e-01	3.75e-02	4.36e-03	1.17e-03	1.01e-05	0.00e+00
 1.91980e+23	3.25e-22	2.53e-16	7.33e-13	1.28e-10	8.36e-09	1.78e-07	8.11e-05	7.76e-03	1.14e-01	2.67e-01	3.55e-01	2.16e-01	3.51e-02	3.98e-03	1.04e-03	8.67e-06	0.00e+00
