#depth	N	N+	N+2	N+3	N+4	N+5	N+6	N+7
 6.17135e+19	0.00e+00	0.00e+00	3.46e-28	4.11e-21	9.62e-15	5.72e-09	9.70e-05	1.00e+00
 1.87609e+20	0.00e+00	0.00e+00	5.17e-28	5.65e-21	1.22e-14	6.69e-09	1.05e-04	1.00e+00
 3.18540e+20	0.00e+00	0.00e+00	7.74e-28	7.77e-21	1.54e-14	7.84e-09	1.14e-04	1.00e+00
 4.54709e+20	0.00e+00	0.00e+00	1.16e-27	1.07e-20	1.94e-14	9.18e-09	1.24e-04	1.00e+00
 5.74411e+20	0.00e+00	0.00e+00	1.64e-27	1.40e-20	2.37e-14	1.05e-08	1.33e-04	1.00e+00
 6.66685e+20	0.00e+00	0.00e+00	2.12e-27	1.72e-20	2.75e-14	1.16e-08	1.40e-04	1.00e+00
 7.48882e+20	0.00e+00	0.00e+00	2.66e-27	2.05e-20	3.13e-14	1.27e-08	1.47e-04	1.00e+00
 8.41357e+20	0.00e+00	0.00e+00	3.41e-27	2.49e-20	3.61e-14	1.40e-08	1.55e-04	1.00e+00
 9.61574e+20	0.00e+00	0.00e+00	4.67e-27	3.19e-20	4.32e-14	1.58e-08	1.65e-04	1.00e+00
 1.08324e+21	0.00e+00	0.00e+00	6.37e-27	4.07e-20	5.16e-14	1.78e-08	1.76e-04	1.00e+00
 1.17841e+21	0.00e+00	0.00e+00	8.08e-27	4.90e-20	5.90e-14	1.95e-08	1.85e-04	1.00e+00
 1.27376e+21	0.00e+00	0.00e+00	1.02e-26	5.88e-20	6.73e-14	2.13e-08	1.94e-04	1.00e+00
 1.39771e+21	0.00e+00	0.00e+00	1.37e-26	7.41e-20	7.95e-14	2.39e-08	2.06e-04	1.00e+00
 1.52616e+21	0.00e+00	0.00e+00	1.86e-26	9.36e-20	9.41e-14	2.68e-08	2.19e-04	1.00e+00
 1.63080e+21	0.00e+00	0.00e+00	2.36e-26	1.13e-19	1.08e-13	2.94e-08	2.30e-04	1.00e+00
 1.73722e+21	0.00e+00	0.00e+00	3.00e-26	1.36e-19	1.23e-13	3.22e-08	2.42e-04	1.00e+00
 1.84877e+21	0.00e+00	0.00e+00	3.83e-26	1.64e-19	1.41e-13	3.54e-08	2.55e-04	1.00e+00
 1.94277e+21	0.00e+00	0.00e+00	4.69e-26	1.92e-19	1.57e-13	3.82e-08	2.66e-04	1.00e+00
 2.04073e+21	0.00e+00	0.00e+00	5.79e-26	2.25e-19	1.76e-13	4.14e-08	2.78e-04	1.00e+00
 2.16808e+21	0.00e+00	0.00e+00	7.55e-26	2.76e-19	2.04e-13	4.57e-08	2.94e-04	1.00e+00
 2.29610e+21	0.00e+00	0.00e+00	9.82e-26	3.38e-19	2.35e-13	5.05e-08	3.11e-04	1.00e+00
 2.39468e+21	0.00e+00	0.00e+00	1.20e-25	3.94e-19	2.61e-13	5.44e-08	3.24e-04	1.00e+00
 2.49251e+21	0.00e+00	0.00e+00	1.45e-25	4.57e-19	2.90e-13	5.85e-08	3.38e-04	1.00e+00
 2.61970e+21	0.00e+00	0.00e+00	1.86e-25	5.51e-19	3.31e-13	6.41e-08	3.56e-04	1.00e+00
 2.75179e+21	0.00e+00	0.00e+00	2.40e-25	6.68e-19	3.78e-13	7.04e-08	3.76e-04	1.00e+00
 2.85994e+21	0.00e+00	0.00e+00	2.94e-25	7.79e-19	4.21e-13	7.60e-08	3.93e-04	1.00e+00
 2.94880e+21	0.00e+00	0.00e+00	3.47e-25	8.84e-19	4.58e-13	8.08e-08	4.07e-04	1.00e+00
 3.04292e+21	0.00e+00	0.00e+00	4.11e-25	1.01e-18	5.01e-13	8.60e-08	4.22e-04	1.00e+00
 3.16527e+21	0.00e+00	0.00e+00	5.12e-25	1.19e-18	5.62e-13	9.33e-08	4.43e-04	1.00e+00
 3.28917e+21	0.00e+00	0.00e+00	6.37e-25	1.40e-18	6.29e-13	1.01e-07	4.64e-04	1.00e+00
 3.38839e+21	0.00e+00	0.00e+00	7.60e-25	1.60e-18	6.87e-13	1.08e-07	4.83e-04	1.00e+00
 3.49071e+21	0.00e+00	0.00e+00	9.05e-25	1.82e-18	7.51e-13	1.15e-07	5.02e-04	9.99e-01
 3.60585e+21	0.00e+00	0.00e+00	1.10e-24	2.11e-18	8.28e-13	1.23e-07	5.24e-04	9.99e-01
 3.71332e+21	0.00e+00	0.00e+00	1.32e-24	2.41e-18	9.06e-13	1.32e-07	5.45e-04	9.99e-01
 3.81157e+21	0.00e+00	0.00e+00	1.55e-24	2.72e-18	9.82e-13	1.40e-07	5.65e-04	9.99e-01
 3.92217e+21	0.00e+00	0.00e+00	1.86e-24	3.10e-18	1.07e-12	1.49e-07	5.88e-04	9.99e-01
 4.04541e+21	0.00e+00	0.00e+00	2.26e-24	3.59e-18	1.18e-12	1.60e-07	6.15e-04	9.99e-01
 4.15238e+21	0.00e+00	0.00e+00	2.68e-24	4.07e-18	1.28e-12	1.70e-07	6.39e-04	9.99e-01
 4.24069e+21	0.00e+00	0.00e+00	3.07e-24	4.51e-18	1.37e-12	1.79e-07	6.59e-04	9.99e-01
 4.33744e+21	0.00e+00	0.00e+00	3.57e-24	5.03e-18	1.47e-12	1.88e-07	6.82e-04	9.99e-01
 4.46322e+21	0.00e+00	0.00e+00	4.32e-24	5.79e-18	1.61e-12	2.02e-07	7.12e-04	9.99e-01
 4.59248e+21	0.00e+00	0.00e+00	5.25e-24	6.68e-18	1.77e-12	2.16e-07	7.44e-04	9.99e-01
 4.69760e+21	0.00e+00	0.00e+00	6.14e-24	7.48e-18	1.90e-12	2.29e-07	7.71e-04	9.99e-01
 4.78994e+21	0.00e+00	0.00e+00	7.03e-24	8.25e-18	2.03e-12	2.40e-07	7.96e-04	9.99e-01
 4.89439e+21	0.00e+00	0.00e+00	8.18e-24	9.21e-18	2.17e-12	2.53e-07	8.24e-04	9.99e-01
 5.03017e+21	0.00e+00	0.00e+00	9.92e-24	1.06e-17	2.37e-12	2.71e-07	8.61e-04	9.99e-01
 5.16659e+21	0.00e+00	0.00e+00	1.20e-23	1.22e-17	2.59e-12	2.90e-07	9.01e-04	9.99e-01
 5.27334e+21	0.00e+00	0.00e+00	1.40e-23	1.35e-17	2.77e-12	3.05e-07	9.33e-04	9.99e-01
 5.38161e+21	0.00e+00	0.00e+00	1.62e-23	1.51e-17	2.96e-12	3.22e-07	9.66e-04	9.99e-01
 5.50321e+21	0.00e+00	0.00e+00	1.91e-23	1.69e-17	3.18e-12	3.41e-07	1.00e-03	9.99e-01
 5.61735e+21	0.00e+00	0.00e+00	2.22e-23	1.89e-17	3.40e-12	3.60e-07	1.04e-03	9.99e-01
 5.72348e+21	0.00e+00	0.00e+00	2.56e-23	2.09e-17	3.61e-12	3.78e-07	1.08e-03	9.99e-01
 5.84399e+21	0.00e+00	0.00e+00	2.99e-23	2.33e-17	3.87e-12	3.99e-07	1.12e-03	9.99e-01
 5.97766e+21	0.00e+00	0.00e+00	3.55e-23	2.64e-17	4.16e-12	4.24e-07	1.16e-03	9.99e-01
 6.10070e+21	0.00e+00	0.00e+00	4.16e-23	2.95e-17	4.45e-12	4.48e-07	1.21e-03	9.99e-01
 6.21464e+21	0.00e+00	0.00e+00	4.80e-23	3.26e-17	4.73e-12	4.71e-07	1.25e-03	9.99e-01
 6.34452e+21	0.00e+00	0.00e+00	5.63e-23	3.65e-17	5.06e-12	4.98e-07	1.30e-03	9.99e-01
 6.48396e+21	0.00e+00	0.00e+00	6.68e-23	4.12e-17	5.43e-12	5.29e-07	1.35e-03	9.99e-01
 6.60585e+21	0.00e+00	0.00e+00	7.75e-23	4.57e-17	5.78e-12	5.58e-07	1.40e-03	9.99e-01
 6.73434e+21	0.00e+00	0.00e+00	9.03e-23	5.09e-17	6.15e-12	5.89e-07	1.46e-03	9.99e-01
 6.87810e+21	0.00e+00	0.00e+00	1.07e-22	5.73e-17	6.60e-12	6.25e-07	1.52e-03	9.98e-01
 7.01212e+21	0.00e+00	0.00e+00	1.25e-22	6.40e-17	7.04e-12	6.61e-07	1.58e-03	9.98e-01
 7.13671e+21	0.00e+00	0.00e+00	1.45e-22	7.08e-17	7.46e-12	6.96e-07	1.63e-03	9.98e-01
 7.27862e+21	0.00e+00	0.00e+00	1.69e-22	7.92e-17	7.97e-12	7.36e-07	1.70e-03	9.98e-01
 7.43465e+21	0.00e+00	4.40e-29	2.02e-22	8.96e-17	8.57e-12	7.84e-07	1.77e-03	9.98e-01
 7.57180e+21	0.00e+00	5.38e-29	2.36e-22	9.97e-17	9.11e-12	8.29e-07	1.84e-03	9.98e-01
 7.69043e+21	0.00e+00	6.35e-29	2.68e-22	1.09e-16	9.62e-12	8.68e-07	1.90e-03	9.98e-01
 7.82226e+21	0.00e+00	7.63e-29	3.09e-22	1.21e-16	1.02e-11	9.15e-07	1.96e-03	9.98e-01
 7.99363e+21	0.00e+00	9.67e-29	3.71e-22	1.37e-16	1.10e-11	9.77e-07	2.05e-03	9.98e-01
 8.17009e+21	0.00e+00	1.23e-28	4.47e-22	1.57e-16	1.19e-11	1.05e-06	2.14e-03	9.98e-01
 8.31234e+21	0.00e+00	1.49e-28	5.19e-22	1.74e-16	1.27e-11	1.11e-06	2.22e-03	9.98e-01
 8.45645e+21	0.00e+00	1.80e-28	6.01e-22	1.93e-16	1.35e-11	1.17e-06	2.30e-03	9.98e-01
 8.64378e+21	0.00e+00	2.30e-28	7.26e-22	2.21e-16	1.46e-11	1.25e-06	2.40e-03	9.98e-01
 8.83278e+21	0.00e+00	2.94e-28	8.78e-22	2.53e-16	1.59e-11	1.35e-06	2.51e-03	9.97e-01
 8.98233e+21	0.00e+00	3.56e-28	1.02e-21	2.82e-16	1.69e-11	1.42e-06	2.60e-03	9.97e-01
 9.13512e+21	0.00e+00	4.30e-28	1.18e-21	3.13e-16	1.81e-11	1.50e-06	2.69e-03	9.97e-01
 9.33374e+21	0.00e+00	5.48e-28	1.43e-21	3.59e-16	1.97e-11	1.62e-06	2.81e-03	9.97e-01
 9.54210e+21	0.00e+00	7.06e-28	1.74e-21	4.15e-16	2.15e-11	1.74e-06	2.94e-03	9.97e-01
 9.71781e+21	0.00e+00	8.71e-28	2.06e-21	4.67e-16	2.31e-11	1.86e-06	3.05e-03	9.97e-01
 9.87201e+21	0.00e+00	1.04e-27	2.37e-21	5.18e-16	2.47e-11	1.96e-06	3.15e-03	9.97e-01
 1.00435e+22	0.00e+00	1.27e-27	2.77e-21	5.81e-16	2.65e-11	2.08e-06	3.26e-03	9.97e-01
 1.02665e+22	0.00e+00	1.64e-27	3.38e-21	6.72e-16	2.91e-11	2.24e-06	3.41e-03	9.97e-01
 1.04939e+22	0.00e+00	2.11e-27	4.14e-21	7.79e-16	3.20e-11	2.43e-06	3.57e-03	9.96e-01
 1.06777e+22	0.00e+00	2.59e-27	4.86e-21	8.77e-16	3.45e-11	2.58e-06	3.70e-03	9.96e-01
 1.08674e+22	0.00e+00	3.18e-27	5.72e-21	9.89e-16	3.73e-11	2.75e-06	3.83e-03	9.96e-01
 1.11140e+22	0.00e+00	4.13e-27	7.03e-21	1.15e-15	4.13e-11	2.98e-06	4.01e-03	9.96e-01
 1.13666e+22	0.00e+00	5.38e-27	8.69e-21	1.35e-15	4.58e-11	3.23e-06	4.19e-03	9.96e-01
 1.15641e+22	0.00e+00	6.60e-27	1.02e-20	1.52e-15	4.96e-11	3.44e-06	4.34e-03	9.96e-01
 1.17580e+22	0.00e+00	8.02e-27	1.20e-20	1.71e-15	5.36e-11	3.66e-06	4.49e-03	9.96e-01
 1.20100e+22	0.00e+00	1.03e-26	1.46e-20	1.99e-15	5.92e-11	3.96e-06	4.68e-03	9.95e-01
 1.22722e+22	0.00e+00	1.33e-26	1.80e-20	2.33e-15	6.57e-11	4.29e-06	4.89e-03	9.95e-01
 1.24913e+22	0.00e+00	1.65e-26	2.13e-20	2.64e-15	7.16e-11	4.58e-06	5.07e-03	9.95e-01
 1.27197e+22	0.00e+00	2.05e-26	2.54e-20	3.01e-15	7.82e-11	4.90e-06	5.26e-03	9.95e-01
 1.30167e+22	0.00e+00	2.70e-26	3.17e-20	3.57e-15	8.76e-11	5.34e-06	5.51e-03	9.94e-01
 1.33188e+22	0.00e+00	3.56e-26	3.96e-20	4.23e-15	9.83e-11	5.83e-06	5.77e-03	9.94e-01
 1.35627e+22	0.00e+00	4.44e-26	4.74e-20	4.84e-15	1.08e-10	6.25e-06	5.98e-03	9.94e-01
 1.38147e+22	0.00e+00	5.56e-26	5.67e-20	5.55e-15	1.18e-10	6.70e-06	6.21e-03	9.94e-01
 1.40955e+22	0.00e+00	7.11e-26	6.92e-20	6.46e-15	1.31e-10	7.24e-06	6.47e-03	9.94e-01
 1.43567e+22	0.00e+00	8.91e-26	8.31e-20	7.43e-15	1.45e-10	7.77e-06	6.71e-03	9.93e-01
 1.46015e+22	0.00e+00	1.10e-25	9.86e-20	8.46e-15	1.58e-10	8.30e-06	6.95e-03	9.93e-01
 1.48820e+22	0.00e+00	1.38e-25	1.19e-19	9.75e-15	1.75e-10	8.92e-06	7.21e-03	9.93e-01
 1.52467e+22	0.00e+00	1.87e-25	1.52e-19	1.18e-14	1.99e-10	9.81e-06	7.58e-03	9.92e-01
 1.56055e+22	0.00e+00	2.51e-25	1.93e-19	1.41e-14	2.26e-10	1.08e-05	7.94e-03	9.92e-01
 1.58794e+22	0.00e+00	3.13e-25	2.30e-19	1.62e-14	2.48e-10	1.15e-05	8.23e-03	9.92e-01
 1.61583e+22	0.00e+00	3.89e-25	2.75e-19	1.86e-14	2.73e-10	1.24e-05	8.53e-03	9.91e-01
 1.65207e+22	0.00e+00	5.15e-25	3.46e-19	2.21e-14	3.09e-10	1.35e-05	8.92e-03	9.91e-01
 1.69039e+22	0.00e+00	6.92e-25	4.40e-19	2.67e-14	3.51e-10	1.48e-05	9.35e-03	9.91e-01
 1.72053e+22	0.00e+00	8.70e-25	5.30e-19	3.08e-14	3.89e-10	1.59e-05	9.70e-03	9.90e-01
 1.74427e+22	0.00e+00	1.04e-24	6.12e-19	3.44e-14	4.20e-10	1.68e-05	9.98e-03	9.90e-01
 1.77055e+22	0.00e+00	1.26e-24	7.18e-19	3.89e-14	4.59e-10	1.79e-05	1.03e-02	9.90e-01
 1.80471e+22	0.00e+00	1.61e-24	8.74e-19	4.53e-14	5.11e-10	1.93e-05	1.07e-02	9.89e-01
 1.84177e+22	0.00e+00	2.12e-24	1.10e-18	5.40e-14	5.77e-10	2.10e-05	1.12e-02	9.89e-01
 1.87380e+22	0.00e+00	2.67e-24	1.32e-18	6.24e-14	6.39e-10	2.26e-05	1.16e-02	9.88e-01
 1.89980e+22	0.00e+00	3.21e-24	1.54e-18	7.02e-14	6.94e-10	2.39e-05	1.19e-02	9.88e-01
 1.92675e+22	0.00e+00	3.88e-24	1.80e-18	7.92e-14	7.56e-10	2.53e-05	1.23e-02	9.88e-01
 1.96180e+22	0.00e+00	4.89e-24	2.17e-18	9.18e-14	8.39e-10	2.73e-05	1.27e-02	9.87e-01
 1.99827e+22	0.00e+00	6.36e-24	2.69e-18	1.08e-13	9.43e-10	2.96e-05	1.33e-02	9.87e-01
 2.02753e+22	0.00e+00	7.78e-24	3.18e-18	1.23e-13	1.03e-09	3.15e-05	1.37e-02	9.86e-01
 2.05650e+22	0.00e+00	9.48e-24	3.74e-18	1.40e-13	1.13e-09	3.34e-05	1.41e-02	9.86e-01
 2.08745e+22	0.00e+00	1.17e-23	4.43e-18	1.59e-13	1.24e-09	3.57e-05	1.46e-02	9.85e-01
 2.11448e+22	0.00e+00	1.40e-23	5.14e-18	1.79e-13	1.35e-09	3.77e-05	1.50e-02	9.85e-01
 2.13932e+22	0.00e+00	1.65e-23	5.88e-18	1.99e-13	1.45e-09	3.97e-05	1.54e-02	9.85e-01
 2.16780e+22	0.00e+00	1.99e-23	6.86e-18	2.24e-13	1.58e-09	4.20e-05	1.58e-02	9.84e-01
 2.19971e+22	0.00e+00	2.44e-23	8.10e-18	2.55e-13	1.73e-09	4.48e-05	1.63e-02	9.84e-01
 2.23000e+22	0.00e+00	2.99e-23	9.59e-18	2.91e-13	1.90e-09	4.77e-05	1.69e-02	9.83e-01
 2.25785e+22	0.00e+00	3.60e-23	1.12e-17	3.27e-13	2.06e-09	5.04e-05	1.73e-02	9.83e-01
 2.28861e+22	0.00e+00	4.35e-23	1.30e-17	3.69e-13	2.25e-09	5.35e-05	1.78e-02	9.82e-01
 2.32859e+22	0.00e+00	5.63e-23	1.61e-17	4.36e-13	2.53e-09	5.79e-05	1.86e-02	9.81e-01
 2.36611e+22	0.00e+00	7.24e-23	1.98e-17	5.11e-13	2.83e-09	6.24e-05	1.93e-02	9.81e-01
 2.39150e+22	0.00e+00	8.44e-23	2.25e-17	5.64e-13	3.04e-09	6.55e-05	1.97e-02	9.80e-01
 2.41560e+22	0.00e+00	9.88e-23	2.56e-17	6.24e-13	3.26e-09	6.87e-05	2.02e-02	9.80e-01
 2.44693e+22	0.00e+00	1.19e-22	2.98e-17	7.04e-13	3.55e-09	7.27e-05	2.08e-02	9.79e-01
 2.48231e+22	0.00e+00	1.50e-22	3.61e-17	8.16e-13	3.94e-09	7.79e-05	2.15e-02	9.78e-01
 2.51445e+22	0.00e+00	1.84e-22	4.26e-17	9.29e-13	4.32e-09	8.29e-05	2.22e-02	9.78e-01
 2.54268e+22	0.00e+00	2.19e-22	4.93e-17	1.04e-12	4.69e-09	8.74e-05	2.28e-02	9.77e-01
 2.57431e+22	0.00e+00	2.67e-22	5.79e-17	1.18e-12	5.12e-09	9.28e-05	2.34e-02	9.76e-01
 2.61543e+22	0.00e+00	3.43e-22	7.13e-17	1.39e-12	5.75e-09	1.00e-04	2.43e-02	9.76e-01
 2.65526e+22	5.89e-29	4.41e-22	8.77e-17	1.63e-12	6.44e-09	1.08e-04	2.52e-02	9.75e-01
 2.68416e+22	7.27e-29	5.28e-22	1.02e-16	1.83e-12	6.99e-09	1.14e-04	2.59e-02	9.74e-01
 2.71250e+22	8.93e-29	6.28e-22	1.17e-16	2.05e-12	7.57e-09	1.20e-04	2.66e-02	9.73e-01
 2.74933e+22	1.16e-28	7.87e-22	1.41e-16	2.37e-12	8.39e-09	1.28e-04	2.75e-02	9.72e-01
 2.78770e+22	1.54e-28	9.98e-22	1.72e-16	2.76e-12	9.35e-09	1.38e-04	2.85e-02	9.71e-01
 2.81944e+22	1.95e-28	1.22e-21	2.03e-16	3.14e-12	1.03e-08	1.47e-04	2.93e-02	9.71e-01
 2.84777e+22	2.38e-28	1.44e-21	2.33e-16	3.50e-12	1.11e-08	1.54e-04	3.01e-02	9.70e-01
 2.88029e+22	3.00e-28	1.76e-21	2.74e-16	3.98e-12	1.21e-08	1.63e-04	3.09e-02	9.69e-01
 2.92257e+22	4.04e-28	2.27e-21	3.38e-16	4.68e-12	1.36e-08	1.76e-04	3.21e-02	9.68e-01
 2.96523e+22	5.50e-28	2.95e-21	4.20e-16	5.55e-12	1.53e-08	1.91e-04	3.33e-02	9.66e-01
 2.99846e+22	7.06e-28	3.64e-21	5.00e-16	6.36e-12	1.69e-08	2.03e-04	3.44e-02	9.65e-01
 3.03173e+22	8.91e-28	4.44e-21	5.89e-16	7.23e-12	1.85e-08	2.15e-04	3.54e-02	9.64e-01
 3.07498e+22	1.19e-27	5.69e-21	7.23e-16	8.50e-12	2.07e-08	2.32e-04	3.67e-02	9.63e-01
 3.12024e+22	1.64e-27	7.46e-21	9.06e-16	1.01e-11	2.35e-08	2.52e-04	3.82e-02	9.62e-01
 3.15751e+22	2.15e-27	9.37e-21	1.09e-15	1.18e-11	2.61e-08	2.69e-04	3.94e-02	9.60e-01
 3.18982e+22	2.69e-27	1.14e-20	1.28e-15	1.33e-11	2.85e-08	2.85e-04	4.06e-02	9.59e-01
 3.22630e+22	3.42e-27	1.39e-20	1.52e-15	1.52e-11	3.13e-08	3.03e-04	4.18e-02	9.58e-01
 3.27372e+22	4.68e-27	1.82e-20	1.90e-15	1.81e-11	3.54e-08	3.29e-04	4.34e-02	9.56e-01
 3.32353e+22	6.55e-27	2.43e-20	2.41e-15	2.19e-11	4.04e-08	3.58e-04	4.53e-02	9.54e-01
 3.36538e+22	8.66e-27	3.08e-20	2.94e-15	2.56e-11	4.52e-08	3.85e-04	4.69e-02	9.53e-01
 3.40085e+22	1.10e-26	3.77e-20	3.48e-15	2.92e-11	4.96e-08	4.09e-04	4.83e-02	9.51e-01
 3.43910e+22	1.39e-26	4.60e-20	4.11e-15	3.33e-11	5.45e-08	4.34e-04	4.97e-02	9.50e-01
 3.48882e+22	1.89e-26	5.98e-20	5.11e-15	3.96e-11	6.16e-08	4.70e-04	5.16e-02	9.48e-01
 3.53988e+22	2.60e-26	7.85e-20	6.41e-15	4.73e-11	6.99e-08	5.10e-04	5.37e-02	9.46e-01
 3.58104e+22	3.34e-26	9.73e-20	7.66e-15	5.45e-11	7.73e-08	5.45e-04	5.54e-02	9.44e-01
 3.62290e+22	4.24e-26	1.20e-19	9.10e-15	6.25e-11	8.52e-08	5.80e-04	5.71e-02	9.42e-01
 3.67733e+22	5.77e-26	1.55e-19	1.13e-14	7.44e-11	9.65e-08	6.28e-04	5.94e-02	9.40e-01
 3.73425e+22	7.96e-26	2.05e-19	1.43e-14	8.94e-11	1.10e-07	6.84e-04	6.18e-02	9.38e-01
 3.78174e+22	1.03e-25	2.56e-19	1.72e-14	1.04e-10	1.22e-07	7.32e-04	6.39e-02	9.35e-01
 3.83083e+22	1.33e-25	3.18e-19	2.07e-14	1.20e-10	1.36e-07	7.83e-04	6.60e-02	9.33e-01
 3.89463e+22	1.84e-25	4.19e-19	2.60e-14	1.44e-10	1.55e-07	8.53e-04	6.87e-02	9.30e-01
 3.96067e+22	2.56e-25	5.57e-19	3.31e-14	1.75e-10	1.78e-07	9.32e-04	7.17e-02	9.27e-01
 4.01486e+22	3.33e-25	6.99e-19	4.00e-14	2.03e-10	1.98e-07	1.00e-03	7.41e-02	9.25e-01
 4.06188e+22	4.19e-25	8.50e-19	4.72e-14	2.32e-10	2.18e-07	1.06e-03	7.63e-02	9.23e-01
 4.11434e+22	5.26e-25	1.03e-18	5.56e-14	2.65e-10	2.40e-07	1.13e-03	7.86e-02	9.20e-01
 4.18254e+22	7.06e-25	1.33e-18	6.89e-14	3.14e-10	2.71e-07	1.22e-03	8.16e-02	9.17e-01
 4.25169e+22	9.54e-25	1.72e-18	8.57e-14	3.74e-10	3.08e-07	1.33e-03	8.48e-02	9.14e-01
 4.30616e+22	1.21e-24	2.12e-18	1.02e-13	4.30e-10	3.40e-07	1.42e-03	8.75e-02	9.11e-01
 4.36106e+22	1.49e-24	2.54e-18	1.19e-13	4.86e-10	3.72e-07	1.50e-03	8.99e-02	9.09e-01
 4.43243e+22	1.96e-24	3.21e-18	1.45e-13	5.71e-10	4.18e-07	1.62e-03	9.31e-02	9.05e-01
 4.50831e+22	2.63e-24	4.13e-18	1.79e-13	6.78e-10	4.73e-07	1.75e-03	9.67e-02	9.02e-01
 4.57329e+22	3.37e-24	5.12e-18	2.15e-13	7.86e-10	5.26e-07	1.88e-03	9.98e-02	8.98e-01
 4.63200e+22	4.13e-24	6.09e-18	2.49e-13	8.84e-10	5.73e-07	1.99e-03	1.02e-01	8.96e-01
 4.69932e+22	5.20e-24	7.43e-18	2.95e-13	1.01e-09	6.33e-07	2.12e-03	1.06e-01	8.92e-01
 4.77321e+22	6.69e-24	9.24e-18	3.54e-13	1.18e-09	7.06e-07	2.27e-03	1.09e-01	8.89e-01
 4.83981e+22	8.39e-24	1.12e-17	4.18e-13	1.35e-09	7.78e-07	2.42e-03	1.12e-01	8.85e-01
 4.90074e+22	1.01e-23	1.32e-17	4.80e-13	1.50e-09	8.44e-07	2.55e-03	1.15e-01	8.82e-01
 4.97012e+22	1.25e-23	1.59e-17	5.61e-13	1.71e-09	9.25e-07	2.70e-03	1.18e-01	8.79e-01
 5.06032e+22	1.63e-23	2.00e-17	6.81e-13	2.00e-09	1.04e-06	2.91e-03	1.22e-01	8.75e-01
 5.15395e+22	2.16e-23	2.54e-17	8.36e-13	2.36e-09	1.17e-06	3.14e-03	1.27e-01	8.70e-01
 5.23079e+22	2.69e-23	3.08e-17	9.83e-13	2.69e-09	1.29e-06	3.34e-03	1.31e-01	8.66e-01
 5.30945e+22	3.34e-23	3.71e-17	1.15e-12	3.06e-09	1.42e-06	3.55e-03	1.34e-01	8.62e-01
 5.41172e+22	4.34e-23	4.64e-17	1.39e-12	3.57e-09	1.59e-06	3.82e-03	1.39e-01	8.57e-01
 5.52084e+22	5.77e-23	5.94e-17	1.72e-12	4.23e-09	1.80e-06	4.14e-03	1.44e-01	8.52e-01
 5.61382e+22	7.30e-23	7.28e-17	2.04e-12	4.87e-09	1.99e-06	4.42e-03	1.48e-01	8.47e-01
 5.69341e+22	8.85e-23	8.60e-17	2.35e-12	5.46e-09	2.17e-06	4.66e-03	1.52e-01	8.43e-01
 5.78067e+22	1.08e-22	1.02e-16	2.73e-12	6.16e-09	2.37e-06	4.94e-03	1.56e-01	8.39e-01
 5.89410e+22	1.39e-22	1.27e-16	3.27e-12	7.14e-09	2.64e-06	5.29e-03	1.61e-01	8.34e-01
 6.01530e+22	1.83e-22	1.61e-16	4.00e-12	8.41e-09	2.97e-06	5.71e-03	1.67e-01	8.28e-01
 6.11940e+22	2.29e-22	1.95e-16	4.72e-12	9.62e-09	3.28e-06	6.08e-03	1.71e-01	8.23e-01
 6.22754e+22	2.85e-22	2.36e-16	5.54e-12	1.10e-08	3.61e-06	6.46e-03	1.76e-01	8.18e-01
 6.36812e+22	3.72e-22	2.98e-16	6.74e-12	1.28e-08	4.06e-06	6.97e-03	1.82e-01	8.11e-01
 6.51842e+22	5.01e-22	3.85e-16	8.38e-12	1.53e-08	4.62e-06	7.57e-03	1.89e-01	8.04e-01
 6.64814e+22	6.40e-22	4.76e-16	1.00e-11	1.77e-08	5.15e-06	8.10e-03	1.95e-01	7.97e-01
 6.78357e+22	8.12e-22	5.84e-16	1.19e-11	2.04e-08	5.71e-06	8.65e-03	2.00e-01	7.91e-01
 6.93415e+22	1.05e-21	7.30e-16	1.44e-11	2.38e-08	6.39e-06	9.29e-03	2.07e-01	7.84e-01
 7.07397e+22	1.34e-21	9.00e-16	1.72e-11	2.75e-08	7.11e-06	9.94e-03	2.13e-01	7.77e-01
 7.20439e+22	1.66e-21	1.08e-15	2.01e-11	3.12e-08	7.79e-06	1.05e-02	2.18e-01	7.71e-01
 7.35303e+22	2.09e-21	1.32e-15	2.39e-11	3.59e-08	8.63e-06	1.12e-02	2.24e-01	7.65e-01
 7.51988e+22	2.70e-21	1.65e-15	2.88e-11	4.17e-08	9.64e-06	1.20e-02	2.31e-01	7.57e-01
 7.67713e+22	3.42e-21	2.02e-15	3.42e-11	4.80e-08	1.07e-05	1.29e-02	2.37e-01	7.50e-01
 7.82476e+22	4.21e-21	2.42e-15	3.98e-11	5.43e-08	1.17e-05	1.36e-02	2.43e-01	7.43e-01
 7.99315e+22	5.32e-21	2.96e-15	4.72e-11	6.24e-08	1.30e-05	1.45e-02	2.50e-01	7.36e-01
 8.21205e+22	7.01e-21	3.76e-15	5.78e-11	7.35e-08	1.46e-05	1.56e-02	2.58e-01	7.27e-01
 8.43999e+22	9.52e-21	4.89e-15	7.23e-11	8.82e-08	1.67e-05	1.70e-02	2.67e-01	7.16e-01
 8.62373e+22	1.21e-20	6.02e-15	8.63e-11	1.02e-07	1.86e-05	1.82e-02	2.74e-01	7.08e-01
 8.80666e+22	1.49e-20	7.20e-15	1.00e-10	1.15e-07	2.03e-05	1.92e-02	2.80e-01	7.01e-01
 9.04447e+22	1.94e-20	9.06e-15	1.22e-10	1.35e-07	2.28e-05	2.06e-02	2.88e-01	6.91e-01
 9.30322e+22	2.61e-20	1.17e-14	1.52e-10	1.61e-07	2.59e-05	2.23e-02	2.98e-01	6.80e-01
 9.53061e+22	3.36e-20	1.45e-14	1.82e-10	1.87e-07	2.89e-05	2.39e-02	3.06e-01	6.70e-01
 9.76767e+22	4.25e-20	1.78e-14	2.17e-10	2.15e-07	3.21e-05	2.55e-02	3.13e-01	6.61e-01
 1.00255e+23	5.49e-20	2.23e-14	2.62e-10	2.51e-07	3.59e-05	2.73e-02	3.22e-01	6.51e-01
 1.02541e+23	6.91e-20	2.72e-14	3.10e-10	2.88e-07	3.97e-05	2.90e-02	3.29e-01	6.42e-01
 1.04590e+23	8.33e-20	3.19e-14	3.56e-10	3.22e-07	4.31e-05	3.05e-02	3.36e-01	6.34e-01
 1.06898e+23	1.02e-19	3.81e-14	4.14e-10	3.64e-07	4.72e-05	3.23e-02	3.43e-01	6.25e-01
 1.09897e+23	1.29e-19	4.68e-14	4.93e-10	4.20e-07	5.24e-05	3.44e-02	3.51e-01	6.15e-01
 1.13207e+23	1.71e-19	5.95e-14	6.05e-10	4.97e-07	5.92e-05	3.70e-02	3.60e-01	6.03e-01
 1.16132e+23	2.17e-19	7.33e-14	7.23e-10	5.75e-07	6.58e-05	3.95e-02	3.69e-01	5.92e-01
 1.18700e+23	2.64e-19	8.69e-14	8.36e-10	6.48e-07	7.19e-05	4.16e-02	3.75e-01	5.83e-01
 1.21595e+23	3.22e-19	1.03e-13	9.68e-10	7.31e-07	7.85e-05	4.38e-02	3.82e-01	5.74e-01
 1.25358e+23	4.07e-19	1.27e-13	1.15e-09	8.44e-07	8.72e-05	4.67e-02	3.91e-01	5.63e-01
 1.30096e+23	5.41e-19	1.62e-13	1.43e-09	1.00e-06	9.90e-05	5.04e-02	4.01e-01	5.49e-01
 1.34880e+23	7.39e-19	2.13e-13	1.80e-09	1.22e-06	1.14e-04	5.47e-02	4.12e-01	5.34e-01
 1.38705e+23	9.32e-19	2.60e-13	2.14e-09	1.41e-06	1.27e-04	5.82e-02	4.20e-01	5.22e-01
 1.42509e+23	1.13e-18	3.08e-13	2.48e-09	1.59e-06	1.38e-04	6.13e-02	4.27e-01	5.12e-01
 1.47453e+23	1.41e-18	3.74e-13	2.93e-09	1.82e-06	1.53e-04	6.50e-02	4.34e-01	5.01e-01
 1.53314e+23	1.83e-18	4.70e-13	3.57e-09	2.15e-06	1.73e-04	6.97e-02	4.43e-01	4.87e-01
 1.59240e+23	2.39e-18	5.93e-13	4.37e-09	2.54e-06	1.95e-04	7.49e-02	4.53e-01	4.72e-01
 1.64745e+23	2.99e-18	7.21e-13	5.18e-09	2.93e-06	2.16e-04	7.95e-02	4.60e-01	4.60e-01
 1.70801e+23	3.62e-18	8.54e-13	6.00e-09	3.31e-06	2.37e-04	8.37e-02	4.66e-01	4.50e-01
 1.77756e+23	4.54e-18	1.04e-12	7.14e-09	3.84e-06	2.64e-04	8.89e-02	4.74e-01	4.37e-01
 1.84729e+23	5.62e-18	1.26e-12	8.42e-09	4.41e-06	2.92e-04	9.42e-02	4.81e-01	4.25e-01
 1.91980e+23	6.71e-18	1.47e-12	9.66e-09	4.95e-06	3.18e-04	9.88e-02	4.86e-01	4.14e-01
 1.99782e+23	8.05e-18	1.73e-12	1.11e-08	5.58e-06	3.47e-04	1.04e-01	4.92e-01	4.04e-01
 2.07897e+23	9.51e-18	2.00e-12	1.27e-08	6.22e-06	3.76e-04	1.09e-01	4.97e-01	3.94e-01
 2.16336e+23	1.11e-17	2.29e-12	1.43e-08	6.88e-06	4.05e-04	1.13e-01	5.01e-01	3.85e-01
 2.24881e+23	1.27e-17	2.59e-12	1.59e-08	7.56e-06	4.34e-04	1.17e-01	5.05e-01	3.77e-01
 2.32941e+23	1.44e-17	2.90e-12	1.76e-08	8.23e-06	4.62e-04	1.22e-01	5.09e-01	3.69e-01
 2.40195e+23	1.60e-17	3.18e-12	1.91e-08	8.81e-06	4.86e-04	1.25e-01	5.11e-01	3.63e-01
 2.46724e+23	1.74e-17	3.42e-12	2.03e-08	9.31e-06	5.06e-04	1.28e-01	5.14e-01	3.58e-01
 2.52600e+23	1.86e-17	3.63e-12	2.14e-08	9.74e-06	5.23e-04	1.30e-01	5.15e-01	3.54e-01
 2.57888e+23	1.96e-17	3.80e-12	2.23e-08	1.01e-05	5.37e-04	1.32e-01	5.17e-01	3.51e-01
 2.62647e+23	2.05e-17	3.96e-12	2.32e-08	1.04e-05	5.50e-04	1.34e-01	5.18e-01	3.48e-01
 2.66931e+23	2.12e-17	4.08e-12	2.38e-08	1.07e-05	5.59e-04	1.35e-01	5.19e-01	3.46e-01
 2.70786e+23	2.18e-17	4.19e-12	2.44e-08	1.09e-05	5.68e-04	1.36e-01	5.19e-01	3.44e-01
 2.74255e+23	2.24e-17	4.28e-12	2.49e-08	1.11e-05	5.75e-04	1.37e-01	5.20e-01	3.43e-01
 2.77426e+23	2.28e-17	4.36e-12	2.53e-08	1.12e-05	5.81e-04	1.38e-01	5.20e-01	3.41e-01
 2.80481e+23	2.31e-17	4.40e-12	2.55e-08	1.13e-05	5.84e-04	1.38e-01	5.21e-01	3.41e-01
 2.83536e+23	2.33e-17	4.44e-12	2.56e-08	1.14e-05	5.86e-04	1.38e-01	5.21e-01	3.40e-01
 2.86591e+23	2.35e-17	4.48e-12	2.58e-08	1.14e-05	5.89e-04	1.39e-01	5.21e-01	3.40e-01
 2.89646e+23	2.38e-17	4.52e-12	2.61e-08	1.15e-05	5.93e-04	1.39e-01	5.21e-01	3.39e-01
 2.92700e+23	2.39e-17	4.54e-12	2.61e-08	1.16e-05	5.94e-04	1.39e-01	5.21e-01	3.39e-01
 2.95755e+23	2.39e-17	4.55e-12	2.62e-08	1.16e-05	5.95e-04	1.39e-01	5.21e-01	3.39e-01
 2.98810e+23	2.40e-17	4.57e-12	2.63e-08	1.16e-05	5.96e-04	1.40e-01	5.22e-01	3.38e-01
 3.01865e+23	2.41e-17	4.57e-12	2.63e-08	1.16e-05	5.96e-04	1.40e-01	5.22e-01	3.38e-01
 3.04437e+23	2.47e-17	4.67e-12	2.69e-08	1.18e-05	6.05e-04	1.41e-01	5.22e-01	3.37e-01
