#depth	H	H+	H2
 6.52245e+17	8.59e-05	1.00e+00	3.43e-19
 3.91347e+18	8.62e-05	1.00e+00	3.47e-19
 1.69584e+19	8.70e-05	1.00e+00	3.64e-19
 6.91380e+19	9.05e-05	1.00e+00	4.39e-19
 1.65148e+20	9.63e-05	1.00e+00	6.02e-19
 2.51388e+20	1.01e-04	1.00e+00	7.68e-19
 3.05700e+20	1.04e-04	1.00e+00	8.91e-19
 3.57083e+20	1.07e-04	1.00e+00	1.05e-18
 4.23880e+20	1.12e-04	1.00e+00	1.29e-18
 4.94755e+20	1.16e-04	1.00e+00	1.58e-18
 5.55936e+20	1.20e-04	1.00e+00	1.88e-18
 6.11816e+20	1.24e-04	1.00e+00	2.19e-18
 6.75802e+20	1.29e-04	1.00e+00	2.60e-18
 7.44039e+20	1.33e-04	1.00e+00	3.08e-18
 8.02850e+20	1.37e-04	1.00e+00	3.51e-18
 8.54983e+20	1.40e-04	1.00e+00	3.94e-18
 9.13387e+20	1.44e-04	1.00e+00	4.47e-18
 9.74925e+20	1.48e-04	1.00e+00	4.96e-18
 1.02649e+21	1.50e-04	1.00e+00	5.35e-18
 1.07103e+21	1.52e-04	1.00e+00	5.67e-18
 1.12048e+21	1.55e-04	1.00e+00	6.13e-18
 1.17267e+21	1.57e-04	1.00e+00	6.43e-18
 1.21617e+21	1.58e-04	1.00e+00	6.60e-18
 1.25294e+21	1.60e-04	1.00e+00	6.86e-18
 1.29323e+21	1.61e-04	1.00e+00	7.02e-18
 1.33544e+21	1.63e-04	1.00e+00	7.31e-18
 1.37000e+21	1.64e-04	1.00e+00	7.37e-18
 1.39951e+21	1.65e-04	1.00e+00	7.49e-18
 1.42747e+21	1.66e-04	1.00e+00	7.73e-18
 1.45379e+21	1.68e-04	1.00e+00	8.01e-18
 1.47905e+21	1.70e-04	1.00e+00	8.35e-18
 1.50785e+21	1.72e-04	1.00e+00	8.87e-18
 1.53810e+21	1.75e-04	1.00e+00	9.54e-18
 1.56370e+21	1.79e-04	1.00e+00	1.03e-17
 1.59043e+21	1.83e-04	1.00e+00	1.13e-17
 1.61994e+21	1.87e-04	1.00e+00	1.25e-17
 1.64713e+21	1.92e-04	1.00e+00	1.41e-17
 1.67104e+21	1.97e-04	1.00e+00	1.57e-17
 1.69660e+21	2.03e-04	1.00e+00	1.78e-17
 1.72444e+21	2.09e-04	1.00e+00	2.04e-17
 1.74992e+21	2.16e-04	1.00e+00	2.33e-17
 1.77776e+21	2.23e-04	1.00e+00	2.70e-17
 1.80871e+21	2.31e-04	1.00e+00	3.17e-17
 1.83841e+21	2.39e-04	1.00e+00	3.71e-17
 1.87018e+21	2.49e-04	1.00e+00	4.39e-17
 1.90688e+21	2.60e-04	1.00e+00	5.33e-17
 1.94601e+21	2.71e-04	1.00e+00	6.44e-17
 1.98572e+21	2.84e-04	1.00e+00	7.83e-17
 2.02704e+21	2.97e-04	1.00e+00	9.49e-17
 2.07189e+21	3.11e-04	1.00e+00	1.16e-16
 2.12120e+21	3.28e-04	1.00e+00	1.44e-16
 2.17509e+21	3.46e-04	1.00e+00	1.81e-16
 2.23414e+21	3.68e-04	1.00e+00	2.28e-16
 2.29979e+21	3.92e-04	1.00e+00	2.92e-16
 2.37450e+21	4.22e-04	1.00e+00	3.83e-16
 2.46176e+21	4.60e-04	1.00e+00	5.18e-16
 2.55293e+21	5.02e-04	9.99e-01	6.93e-16
 2.64002e+21	5.46e-04	9.99e-01	8.99e-16
 2.73932e+21	6.04e-04	9.99e-01	1.23e-15
 2.85109e+21	6.78e-04	9.99e-01	1.70e-15
 2.95975e+21	7.63e-04	9.99e-01	2.33e-15
 3.08166e+21	8.76e-04	9.99e-01	3.34e-15
 3.21408e+21	1.03e-03	9.99e-01	4.90e-15
 3.33340e+21	1.21e-03	9.99e-01	7.01e-15
 3.44382e+21	1.43e-03	9.99e-01	9.94e-15
 3.54469e+21	1.68e-03	9.98e-01	1.39e-14
 3.63068e+21	1.96e-03	9.98e-01	1.88e-14
 3.69056e+21	2.21e-03	9.98e-01	2.35e-14
 3.72421e+21	2.37e-03	9.98e-01	2.69e-14
 3.75531e+21	2.53e-03	9.97e-01	3.05e-14
 3.79573e+21	2.76e-03	9.97e-01	3.62e-14
 3.83893e+21	3.06e-03	9.97e-01	4.41e-14
 3.87377e+21	3.34e-03	9.97e-01	5.18e-14
 3.90027e+21	3.57e-03	9.96e-01	5.89e-14
 3.92788e+21	3.85e-03	9.96e-01	6.83e-14
 3.95844e+21	4.20e-03	9.96e-01	8.04e-14
 3.98541e+21	4.55e-03	9.95e-01	9.40e-14
 4.00768e+21	4.88e-03	9.95e-01	1.07e-13
 4.02811e+21	5.21e-03	9.95e-01	1.22e-13
 4.05156e+21	5.63e-03	9.94e-01	1.42e-13
 4.07617e+21	6.14e-03	9.94e-01	1.67e-13
 4.09608e+21	6.63e-03	9.93e-01	1.94e-13
 4.11216e+21	7.06e-03	9.93e-01	2.18e-13
 4.12951e+21	7.57e-03	9.92e-01	2.50e-13
 4.14867e+21	8.21e-03	9.92e-01	2.92e-13
 4.16552e+21	8.87e-03	9.91e-01	3.39e-13
 4.17948e+21	9.47e-03	9.91e-01	3.84e-13
 4.19434e+21	1.02e-02	9.90e-01	4.42e-13
 4.21051e+21	1.10e-02	9.89e-01	5.16e-13
 4.22440e+21	1.19e-02	9.88e-01	6.01e-13
 4.23586e+21	1.28e-02	9.87e-01	6.85e-13
 4.24817e+21	1.37e-02	9.86e-01	7.87e-13
 4.26175e+21	1.49e-02	9.85e-01	9.21e-13
 4.27370e+21	1.62e-02	9.84e-01	1.08e-12
 4.28369e+21	1.74e-02	9.83e-01	1.25e-12
 4.29442e+21	1.88e-02	9.81e-01	1.45e-12
 4.30632e+21	2.05e-02	9.79e-01	1.72e-12
 4.31692e+21	2.25e-02	9.78e-01	2.06e-12
 4.32592e+21	2.43e-02	9.76e-01	2.41e-12
 4.33567e+21	2.66e-02	9.73e-01	2.86e-12
 4.34666e+21	2.95e-02	9.70e-01	3.51e-12
 4.35663e+21	3.29e-02	9.67e-01	4.37e-12
 4.36485e+21	3.61e-02	9.64e-01	5.21e-12
 4.37342e+21	3.98e-02	9.60e-01	6.34e-12
 4.38289e+21	4.50e-02	9.55e-01	8.11e-12
 4.39113e+21	5.04e-02	9.50e-01	1.01e-11
 4.39785e+21	5.56e-02	9.44e-01	1.23e-11
 4.40501e+21	6.17e-02	9.38e-01	1.53e-11
 4.41433e+21	7.15e-02	9.29e-01	2.06e-11
 4.42272e+21	8.39e-02	9.16e-01	2.84e-11
 4.42762e+21	9.24e-02	9.08e-01	3.46e-11
 4.43104e+21	9.87e-02	9.01e-01	3.98e-11
 4.43487e+21	1.06e-01	8.94e-01	4.63e-11
 4.43984e+21	1.17e-01	8.83e-01	5.72e-11
 4.44509e+21	1.31e-01	8.69e-01	7.25e-11
 4.44940e+21	1.45e-01	8.55e-01	8.96e-11
 4.45289e+21	1.57e-01	8.43e-01	1.06e-10
 4.45663e+21	1.70e-01	8.30e-01	1.27e-10
 4.46149e+21	1.90e-01	8.10e-01	1.62e-10
 4.46628e+21	2.15e-01	7.85e-01	2.13e-10
 4.46970e+21	2.35e-01	7.65e-01	2.59e-10
 4.47241e+21	2.50e-01	7.50e-01	3.00e-10
 4.47545e+21	2.68e-01	7.32e-01	3.53e-10
 4.47940e+21	2.96e-01	7.04e-01	4.42e-10
 4.48359e+21	3.30e-01	6.70e-01	5.68e-10
 4.48708e+21	3.60e-01	6.40e-01	6.99e-10
 4.49008e+21	3.86e-01	6.14e-01	8.31e-10
 4.49315e+21	4.14e-01	5.86e-01	9.91e-10
 4.49623e+21	4.44e-01	5.56e-01	1.18e-09
 4.49888e+21	4.72e-01	5.28e-01	1.38e-09
 4.50110e+21	4.92e-01	5.08e-01	1.53e-09
 4.50324e+21	5.14e-01	4.86e-01	1.73e-09
 4.50540e+21	5.37e-01	4.63e-01	1.95e-09
 4.50711e+21	5.54e-01	4.46e-01	2.12e-09
 4.50818e+21	5.63e-01	4.37e-01	2.23e-09
 4.50922e+21	5.72e-01	4.28e-01	2.34e-09
 4.51058e+21	5.85e-01	4.15e-01	2.51e-09
 4.51206e+21	6.02e-01	3.98e-01	2.72e-09
 4.51332e+21	6.15e-01	3.85e-01	2.87e-09
 4.51438e+21	6.25e-01	3.75e-01	3.03e-09
 4.51552e+21	6.36e-01	3.64e-01	3.21e-09
 4.51682e+21	6.49e-01	3.51e-01	3.41e-09
 4.51808e+21	6.62e-01	3.38e-01	3.61e-09
 4.51919e+21	6.73e-01	3.27e-01	3.82e-09
 4.52025e+21	6.83e-01	3.17e-01	3.99e-09
 4.52142e+21	6.94e-01	3.06e-01	4.21e-09
 4.52268e+21	7.07e-01	2.93e-01	4.46e-09
 4.52383e+21	7.18e-01	2.82e-01	4.69e-09
 4.52485e+21	7.26e-01	2.74e-01	4.88e-09
 4.52594e+21	7.36e-01	2.64e-01	5.12e-09
 4.52718e+21	7.47e-01	2.53e-01	5.38e-09
 4.52838e+21	7.59e-01	2.41e-01	5.67e-09
 4.52940e+21	7.67e-01	2.33e-01	5.88e-09
 4.53041e+21	7.74e-01	2.26e-01	6.12e-09
 4.53163e+21	7.84e-01	2.16e-01	6.40e-09
 4.53291e+21	7.95e-01	2.05e-01	6.69e-09
 4.53400e+21	8.03e-01	1.97e-01	6.94e-09
 4.53497e+21	8.09e-01	1.91e-01	7.17e-09
 4.53609e+21	8.16e-01	1.84e-01	7.47e-09
 4.53739e+21	8.25e-01	1.75e-01	7.77e-09
 4.53859e+21	8.34e-01	1.66e-01	8.03e-09
 4.53957e+21	8.39e-01	1.61e-01	8.26e-09
 4.54058e+21	8.44e-01	1.56e-01	8.52e-09
 4.54179e+21	8.51e-01	1.49e-01	8.78e-09
 4.54302e+21	8.58e-01	1.42e-01	9.00e-09
 4.54406e+21	8.63e-01	1.37e-01	9.19e-09
 4.54504e+21	8.67e-01	1.33e-01	9.37e-09
 4.54618e+21	8.71e-01	1.29e-01	9.57e-09
 4.54743e+21	8.77e-01	1.23e-01	9.68e-09
 4.54855e+21	8.81e-01	1.19e-01	9.78e-09
 4.54959e+21	8.85e-01	1.15e-01	9.87e-09
 4.55074e+21	8.88e-01	1.12e-01	9.95e-09
 4.55206e+21	8.93e-01	1.07e-01	9.98e-09
 4.55332e+21	8.96e-01	1.04e-01	9.98e-09
 4.55448e+21	8.99e-01	1.01e-01	9.98e-09
 4.55572e+21	9.02e-01	9.81e-02	9.97e-09
 4.55709e+21	9.05e-01	9.50e-02	9.91e-09
 4.55850e+21	9.08e-01	9.22e-02	9.83e-09
 4.55994e+21	9.10e-01	8.97e-02	9.71e-09
 4.56137e+21	9.12e-01	8.75e-02	9.57e-09
 4.56279e+21	9.14e-01	8.57e-02	9.43e-09
 4.56422e+21	9.16e-01	8.41e-02	9.29e-09
 4.56570e+21	9.17e-01	8.26e-02	9.15e-09
 4.56731e+21	9.19e-01	8.11e-02	9.00e-09
 4.56911e+21	9.20e-01	7.95e-02	8.85e-09
 4.57113e+21	9.22e-01	7.80e-02	8.70e-09
 4.57340e+21	9.23e-01	7.66e-02	8.56e-09
 4.57588e+21	9.25e-01	7.54e-02	8.43e-09
 4.57867e+21	9.26e-01	7.44e-02	8.30e-09
 4.58167e+21	9.27e-01	7.33e-02	8.17e-09
 4.58465e+21	9.27e-01	7.28e-02	8.10e-09
 4.58763e+21	9.28e-01	7.25e-02	8.03e-09
 4.59061e+21	9.28e-01	7.20e-02	7.98e-09
 4.59403e+21	9.28e-01	7.17e-02	7.94e-09
 4.59847e+21	9.29e-01	7.10e-02	7.90e-09
 4.60425e+21	9.30e-01	7.05e-02	7.86e-09
 4.61177e+21	9.30e-01	6.99e-02	7.83e-09
 4.62153e+21	9.31e-01	6.94e-02	7.81e-09
 4.63423e+21	9.31e-01	6.86e-02	7.78e-09
 4.65073e+21	9.32e-01	6.77e-02	7.74e-09
 4.67219e+21	9.33e-01	6.66e-02	7.70e-09
 4.69761e+21	9.35e-01	6.54e-02	7.64e-09
 4.72347e+21	9.36e-01	6.42e-02	7.58e-09
 4.74747e+21	9.37e-01	6.30e-02	7.51e-09
 4.76931e+21	9.38e-01	6.19e-02	7.44e-09
 4.78918e+21	9.39e-01	6.10e-02	7.37e-09
 4.80727e+21	9.40e-01	6.02e-02	7.32e-09
 4.82373e+21	9.41e-01	5.94e-02	7.26e-09
 4.83870e+21	9.41e-01	5.87e-02	7.20e-09
 4.85233e+21	9.42e-01	5.80e-02	7.15e-09
 4.86473e+21	9.43e-01	5.75e-02	7.10e-09
 4.87832e+21	9.43e-01	5.68e-02	7.05e-09
 4.89299e+21	9.44e-01	5.61e-02	6.98e-09
 4.90634e+21	9.44e-01	5.56e-02	6.93e-09
 4.92097e+21	9.45e-01	5.49e-02	6.87e-09
 4.93677e+21	9.46e-01	5.42e-02	6.79e-09
 4.95114e+21	9.46e-01	5.36e-02	6.73e-09
 4.96422e+21	9.47e-01	5.30e-02	6.67e-09
 4.97855e+21	9.48e-01	5.24e-02	6.61e-09
 4.99402e+21	9.48e-01	5.18e-02	6.54e-09
 5.00810e+21	9.49e-01	5.12e-02	6.49e-09
 5.02353e+21	9.49e-01	5.07e-02	6.44e-09
 5.04359e+21	9.50e-01	5.00e-02	6.36e-09
 5.06524e+21	9.51e-01	4.92e-02	6.29e-09
 5.08494e+21	9.51e-01	4.86e-02	6.22e-09
 5.10287e+21	9.52e-01	4.80e-02	6.16e-09
 5.11919e+21	9.53e-01	4.74e-02	6.10e-09
 5.13404e+21	9.53e-01	4.69e-02	6.05e-09
 5.15031e+21	9.54e-01	4.64e-02	5.99e-09
 5.16788e+21	9.54e-01	4.58e-02	5.93e-09
 5.18386e+21	9.55e-01	4.54e-02	5.88e-09
 5.20138e+21	9.55e-01	4.48e-02	5.81e-09
 5.22029e+21	9.56e-01	4.42e-02	5.75e-09
 5.23750e+21	9.56e-01	4.37e-02	5.69e-09
 5.25316e+21	9.57e-01	4.32e-02	5.63e-09
 5.26741e+21	9.57e-01	4.28e-02	5.58e-09
 5.28302e+21	9.58e-01	4.23e-02	5.52e-09
 5.29988e+21	9.58e-01	4.18e-02	5.45e-09
 5.31522e+21	9.59e-01	4.14e-02	5.40e-09
 5.32918e+21	9.59e-01	4.10e-02	5.35e-09
 5.34448e+21	9.59e-01	4.05e-02	5.30e-09
 5.36099e+21	9.60e-01	4.01e-02	5.24e-09
 5.37602e+21	9.60e-01	3.97e-02	5.19e-09
 5.39249e+21	9.61e-01	3.92e-02	5.14e-09
 5.41027e+21	9.61e-01	3.87e-02	5.06e-09
 5.42645e+21	9.62e-01	3.83e-02	5.00e-09
 5.44117e+21	9.62e-01	3.80e-02	4.95e-09
 5.45730e+21	9.62e-01	3.75e-02	4.89e-09
 5.47472e+21	9.63e-01	3.71e-02	4.83e-09
 5.49057e+21	9.63e-01	3.67e-02	4.77e-09
 5.50794e+21	9.64e-01	3.63e-02	4.71e-09
 5.52669e+21	9.64e-01	3.59e-02	4.65e-09
 5.54375e+21	9.65e-01	3.55e-02	4.60e-09
 5.56245e+21	9.65e-01	3.51e-02	4.55e-09
 5.58675e+21	9.65e-01	3.46e-02	4.49e-09
 5.61299e+21	9.66e-01	3.41e-02	4.42e-09
 5.63687e+21	9.66e-01	3.36e-02	4.37e-09
 5.65860e+21	9.67e-01	3.32e-02	4.32e-09
 5.67837e+21	9.67e-01	3.29e-02	4.28e-09
 5.70004e+21	9.68e-01	3.24e-02	4.23e-09
 5.72343e+21	9.68e-01	3.20e-02	4.18e-09
 5.74472e+21	9.68e-01	3.16e-02	4.14e-09
 5.76805e+21	9.69e-01	3.12e-02	4.09e-09
 5.79323e+21	9.69e-01	3.08e-02	4.04e-09
 5.81614e+21	9.70e-01	3.04e-02	4.00e-09
 5.83700e+21	9.70e-01	3.01e-02	3.96e-09
 5.85985e+21	9.70e-01	2.97e-02	3.92e-09
 5.88452e+21	9.71e-01	2.93e-02	3.88e-09
 5.90697e+21	9.71e-01	2.90e-02	3.84e-09
 5.93157e+21	9.71e-01	2.86e-02	3.80e-09
 5.95813e+21	9.72e-01	2.82e-02	3.76e-09
 5.98229e+21	9.72e-01	2.79e-02	3.72e-09
 6.00878e+21	9.72e-01	2.75e-02	3.69e-09
 6.03737e+21	9.73e-01	2.71e-02	3.65e-09
 6.06339e+21	9.73e-01	2.68e-02	3.61e-09
 6.08706e+21	9.73e-01	2.65e-02	3.58e-09
 6.11300e+21	9.74e-01	2.62e-02	3.55e-09
 6.14101e+21	9.74e-01	2.58e-02	3.51e-09
 6.16650e+21	9.74e-01	2.55e-02	3.49e-09
 6.19443e+21	9.75e-01	2.52e-02	3.47e-09
 6.22458e+21	9.75e-01	2.48e-02	3.44e-09
 6.25202e+21	9.75e-01	2.45e-02	3.41e-09
 6.27699e+21	9.76e-01	2.42e-02	3.40e-09
 6.30435e+21	9.76e-01	2.39e-02	3.37e-09
 6.33389e+21	9.76e-01	2.36e-02	3.35e-09
 6.36077e+21	9.77e-01	2.33e-02	3.33e-09
 6.39022e+21	9.77e-01	2.30e-02	3.31e-09
 6.42202e+21	9.77e-01	2.27e-02	3.29e-09
 6.45096e+21	9.78e-01	2.24e-02	3.27e-09
 6.48266e+21	9.78e-01	2.21e-02	3.25e-09
 6.51690e+21	9.78e-01	2.18e-02	3.23e-09
 6.54805e+21	9.78e-01	2.15e-02	3.21e-09
 6.58218e+21	9.79e-01	2.12e-02	3.19e-09
 6.61903e+21	9.79e-01	2.09e-02	3.17e-09
 6.65257e+21	9.79e-01	2.06e-02	3.16e-09
 6.68932e+21	9.80e-01	2.03e-02	3.14e-09
 6.72899e+21	9.80e-01	2.00e-02	3.12e-09
 6.76509e+21	9.80e-01	1.97e-02	3.10e-09
 6.80465e+21	9.81e-01	1.94e-02	3.09e-09
 6.84736e+21	9.81e-01	1.91e-02	3.07e-09
 6.88622e+21	9.81e-01	1.89e-02	3.05e-09
 6.92881e+21	9.81e-01	1.85e-02	3.04e-09
 6.97479e+21	9.82e-01	1.82e-02	3.02e-09
 7.01663e+21	9.82e-01	1.80e-02	3.01e-09
 7.05470e+21	9.82e-01	1.77e-02	3.00e-09
 7.09642e+21	9.83e-01	1.74e-02	2.99e-09
 7.14146e+21	9.83e-01	1.72e-02	2.97e-09
 7.18245e+21	9.83e-01	1.69e-02	2.96e-09
 7.22736e+21	9.83e-01	1.67e-02	2.95e-09
 7.27585e+21	9.84e-01	1.64e-02	2.94e-09
 7.31997e+21	9.84e-01	1.62e-02	2.93e-09
 7.36832e+21	9.84e-01	1.59e-02	2.92e-09
 7.42052e+21	9.84e-01	1.56e-02	2.90e-09
 7.46802e+21	9.85e-01	1.54e-02	2.90e-09
 7.52007e+21	9.85e-01	1.51e-02	2.89e-09
 7.57627e+21	9.85e-01	1.49e-02	2.88e-09
 7.62740e+21	9.85e-01	1.46e-02	2.87e-09
 7.68344e+21	9.86e-01	1.44e-02	2.86e-09
 7.74393e+21	9.86e-01	1.41e-02	2.85e-09
 7.79898e+21	9.86e-01	1.39e-02	2.84e-09
 7.84907e+21	9.86e-01	1.37e-02	2.84e-09
 7.90397e+21	9.87e-01	1.34e-02	2.83e-09
 7.97533e+21	9.87e-01	1.32e-02	2.83e-09
 8.05237e+21	9.87e-01	1.29e-02	2.82e-09
 8.12248e+21	9.87e-01	1.26e-02	2.81e-09
 8.18627e+21	9.88e-01	1.24e-02	2.81e-09
 8.25618e+21	9.88e-01	1.22e-02	2.81e-09
 8.33166e+21	9.88e-01	1.19e-02	2.81e-09
 8.40033e+21	9.88e-01	1.17e-02	2.80e-09
 8.46283e+21	9.89e-01	1.15e-02	2.79e-09
 8.53132e+21	9.89e-01	1.13e-02	2.80e-09
 8.62035e+21	9.89e-01	1.10e-02	2.80e-09
 8.72716e+21	9.89e-01	1.07e-02	2.80e-09
 8.84019e+21	9.90e-01	1.04e-02	2.79e-09
 8.95033e+21	9.90e-01	1.01e-02	2.79e-09
 9.05768e+21	9.90e-01	9.88e-03	2.79e-09
 9.16756e+21	9.90e-01	9.62e-03	2.79e-09
 9.28187e+21	9.91e-01	9.36e-03	2.79e-09
 9.39917e+21	9.91e-01	9.10e-03	2.79e-09
 9.51818e+21	9.91e-01	8.85e-03	2.79e-09
 9.63894e+21	9.91e-01	8.61e-03	2.79e-09
 9.76212e+21	9.92e-01	8.37e-03	2.79e-09
 9.88804e+21	9.92e-01	8.14e-03	2.79e-09
 1.00165e+22	9.92e-01	7.91e-03	2.79e-09
 1.01475e+22	9.92e-01	7.69e-03	2.79e-09
 1.02807e+22	9.93e-01	7.47e-03	2.79e-09
 1.04163e+22	9.93e-01	7.26e-03	2.80e-09
 1.05542e+22	9.93e-01	7.05e-03	2.80e-09
 1.06947e+22	9.93e-01	6.85e-03	2.80e-09
 1.08381e+22	9.93e-01	6.65e-03	2.81e-09
 1.09845e+22	9.94e-01	6.46e-03	2.81e-09
 1.11335e+22	9.94e-01	6.27e-03	2.81e-09
 1.12851e+22	9.94e-01	6.09e-03	2.82e-09
 1.14397e+22	9.94e-01	5.91e-03	2.82e-09
 1.15973e+22	9.94e-01	5.74e-03	2.83e-09
 1.17605e+22	9.94e-01	5.57e-03	2.83e-09
 1.19307e+22	9.95e-01	5.39e-03	2.84e-09
 1.21053e+22	9.95e-01	5.23e-03	2.85e-09
 1.22812e+22	9.95e-01	5.06e-03	2.86e-09
 1.24596e+22	9.95e-01	4.91e-03	2.87e-09
 1.26441e+22	9.95e-01	4.76e-03	2.88e-09
 1.28347e+22	9.95e-01	4.61e-03	2.89e-09
 1.30301e+22	9.96e-01	4.46e-03	2.90e-09
 1.32307e+22	9.96e-01	4.31e-03	2.91e-09
 1.34377e+22	9.96e-01	4.18e-03	2.93e-09
 1.36535e+22	9.96e-01	4.04e-03	2.94e-09
 1.38792e+22	9.96e-01	3.90e-03	2.96e-09
 1.41121e+22	9.96e-01	3.76e-03	2.98e-09
 1.43510e+22	9.96e-01	3.63e-03	2.99e-09
 1.45970e+22	9.96e-01	3.51e-03	3.01e-09
 1.48517e+22	9.97e-01	3.38e-03	3.03e-09
 1.51161e+22	9.97e-01	3.26e-03	3.05e-09
 1.53904e+22	9.97e-01	3.14e-03	3.07e-09
 1.56762e+22	9.97e-01	3.02e-03	3.09e-09
 1.59749e+22	9.97e-01	2.91e-03	3.12e-09
 1.62859e+22	9.97e-01	2.79e-03	3.14e-09
 1.66091e+22	9.97e-01	2.68e-03	3.17e-09
 1.69456e+22	9.97e-01	2.58e-03	3.20e-09
 1.72970e+22	9.98e-01	2.47e-03	3.23e-09
 1.76667e+22	9.98e-01	2.37e-03	3.26e-09
 1.80543e+22	9.98e-01	2.26e-03	3.29e-09
 1.84534e+22	9.98e-01	2.17e-03	3.33e-09
 1.88593e+22	9.98e-01	2.07e-03	3.36e-09
 1.92756e+22	9.98e-01	1.99e-03	3.40e-09
 1.97090e+22	9.98e-01	1.90e-03	3.44e-09
 2.01587e+22	9.98e-01	1.82e-03	3.48e-09
 2.06221e+22	9.98e-01	1.74e-03	3.52e-09
 2.10996e+22	9.98e-01	1.66e-03	3.57e-09
 2.15936e+22	9.98e-01	1.58e-03	3.62e-09
 2.21054e+22	9.98e-01	1.51e-03	3.67e-09
 2.26347e+22	9.99e-01	1.44e-03	3.72e-09
 2.31818e+22	9.99e-01	1.38e-03	3.77e-09
 2.37466e+22	9.99e-01	1.31e-03	3.83e-09
 2.43312e+22	9.99e-01	1.25e-03	3.89e-09
 2.49400e+22	9.99e-01	1.19e-03	3.95e-09
 2.55730e+22	9.99e-01	1.14e-03	4.02e-09
 2.62196e+22	9.99e-01	1.08e-03	4.08e-09
 2.68866e+22	9.99e-01	1.03e-03	4.16e-09
 2.75933e+22	9.99e-01	9.80e-04	4.24e-09
 2.83366e+22	9.99e-01	9.31e-04	4.32e-09
 2.91073e+22	9.99e-01	8.84e-04	4.41e-09
 2.99055e+22	9.99e-01	8.39e-04	4.51e-09
 3.07334e+22	9.99e-01	7.96e-04	4.61e-09
 3.15986e+22	9.99e-01	7.54e-04	4.72e-09
 3.25107e+22	9.99e-01	7.13e-04	4.84e-09
 3.34577e+22	9.99e-01	6.75e-04	4.96e-09
 3.44399e+22	9.99e-01	6.38e-04	5.09e-09
 3.54825e+22	9.99e-01	6.03e-04	5.24e-09
 3.65924e+22	9.99e-01	5.68e-04	5.40e-09
 3.77611e+22	9.99e-01	5.35e-04	5.58e-09
 3.89885e+22	9.99e-01	5.03e-04	5.77e-09
 4.02832e+22	1.00e+00	4.72e-04	5.99e-09
 4.16560e+22	1.00e+00	4.43e-04	6.22e-09
 4.31156e+22	1.00e+00	4.14e-04	6.49e-09
 4.46678e+22	1.00e+00	3.87e-04	6.79e-09
 4.63221e+22	1.00e+00	3.61e-04	7.12e-09
 4.80925e+22	1.00e+00	3.36e-04	7.51e-09
 4.99944e+22	1.00e+00	3.12e-04	7.95e-09
 5.20432e+22	1.00e+00	2.88e-04	8.47e-09
 5.42302e+22	1.00e+00	2.66e-04	9.07e-09
 5.65228e+22	1.00e+00	2.46e-04	9.75e-09
 5.89072e+22	1.00e+00	2.27e-04	1.05e-08
 6.13869e+22	1.00e+00	2.10e-04	1.15e-08
 6.39658e+22	1.00e+00	1.94e-04	1.25e-08
 6.66479e+22	1.00e+00	1.79e-04	1.38e-08
 6.94372e+22	1.00e+00	1.65e-04	1.53e-08
 7.23381e+22	1.00e+00	1.52e-04	1.70e-08
 7.53551e+22	1.00e+00	1.41e-04	1.92e-08
 7.84927e+22	1.00e+00	1.30e-04	2.18e-08
 8.16715e+22	1.00e+00	1.20e-04	2.49e-08
 8.46963e+22	1.00e+00	1.12e-04	2.86e-08
 8.74277e+22	1.00e+00	1.06e-04	3.26e-08
 8.98978e+22	1.00e+00	1.00e-04	3.70e-08
 9.22327e+22	1.00e+00	9.57e-05	4.17e-08
 9.45301e+22	1.00e+00	9.14e-05	4.71e-08
 9.67993e+22	1.00e+00	8.73e-05	5.35e-08
 9.89777e+22	1.00e+00	8.37e-05	6.09e-08
 1.01006e+23	1.00e+00	8.02e-05	6.91e-08
 1.02880e+23	1.00e+00	7.79e-05	7.79e-08
 1.04657e+23	1.00e+00	7.52e-05	8.77e-08
 1.06397e+23	1.00e+00	7.33e-05	9.87e-08
 1.08116e+23	1.00e+00	7.10e-05	1.11e-07
 1.09781e+23	1.00e+00	6.92e-05	1.26e-07
 1.11357e+23	1.00e+00	6.73e-05	1.42e-07
 1.12843e+23	1.00e+00	6.59e-05	1.60e-07
 1.14264e+23	1.00e+00	6.43e-05	1.80e-07
 1.15653e+23	1.00e+00	6.31e-05	2.02e-07
 1.17027e+23	1.00e+00	6.17e-05	2.27e-07
 1.18378e+23	1.00e+00	6.05e-05	2.56e-07
 1.19683e+23	1.00e+00	5.93e-05	2.88e-07
 1.20936e+23	1.00e+00	5.82e-05	3.23e-07
 1.22151e+23	1.00e+00	5.72e-05	3.62e-07
 1.23356e+23	1.00e+00	5.64e-05	4.04e-07
 1.24570e+23	1.00e+00	5.53e-05	4.53e-07
 1.25785e+23	1.00e+00	5.45e-05	5.09e-07
 1.26986e+23	1.00e+00	5.36e-05	5.70e-07
 1.28170e+23	1.00e+00	5.28e-05	6.38e-07
 1.29351e+23	1.00e+00	5.19e-05	7.13e-07
 1.30550e+23	1.00e+00	5.12e-05	7.96e-07
 1.31779e+23	1.00e+00	5.03e-05	8.89e-07
 1.33040e+23	1.00e+00	4.95e-05	9.93e-07
 1.34330e+23	1.00e+00	4.88e-05	1.11e-06
 1.35654e+23	1.00e+00	4.80e-05	1.24e-06
 1.37023e+23	1.00e+00	4.72e-05	1.38e-06
 1.38453e+23	1.00e+00	4.65e-05	1.54e-06
 1.39968e+23	1.00e+00	4.57e-05	1.72e-06
 1.41585e+23	1.00e+00	4.48e-05	1.92e-06
 1.43296e+23	1.00e+00	4.40e-05	2.14e-06
 1.45101e+23	1.00e+00	4.32e-05	2.39e-06
 1.47026e+23	1.00e+00	4.23e-05	2.66e-06
 1.49113e+23	1.00e+00	4.14e-05	2.97e-06
 1.51389e+23	1.00e+00	4.05e-05	3.33e-06
 1.53857e+23	1.00e+00	3.95e-05	3.73e-06
 1.56517e+23	1.00e+00	3.85e-05	4.18e-06
 1.59394e+23	1.00e+00	3.75e-05	4.69e-06
 1.62543e+23	1.00e+00	3.65e-05	5.26e-06
 1.66035e+23	1.00e+00	3.54e-05	5.93e-06
 1.69915e+23	1.00e+00	3.43e-05	6.69e-06
 1.74226e+23	1.00e+00	3.32e-05	7.56e-06
 1.79053e+23	1.00e+00	3.21e-05	8.56e-06
 1.84536e+23	1.00e+00	3.09e-05	9.72e-06
 1.90884e+23	1.00e+00	2.97e-05	1.11e-05
 1.98250e+23	1.00e+00	2.85e-05	1.27e-05
 2.06304e+23	1.00e+00	2.72e-05	1.45e-05
 2.14679e+23	1.00e+00	2.61e-05	1.63e-05
 2.23276e+23	1.00e+00	2.51e-05	1.82e-05
 2.31497e+23	1.00e+00	2.43e-05	1.99e-05
 2.38895e+23	1.00e+00	2.36e-05	2.15e-05
 2.45554e+23	1.00e+00	2.30e-05	2.28e-05
 2.51547e+23	1.00e+00	2.26e-05	2.39e-05
 2.56940e+23	1.00e+00	2.22e-05	2.49e-05
 2.61794e+23	1.00e+00	2.19e-05	2.57e-05
 2.66163e+23	1.00e+00	2.16e-05	2.64e-05
 2.70095e+23	1.00e+00	2.14e-05	2.71e-05
 2.73634e+23	1.00e+00	2.12e-05	2.76e-05
 2.76837e+23	1.00e+00	2.10e-05	2.81e-05
 2.79892e+23	1.00e+00	2.09e-05	2.85e-05
 2.82947e+23	1.00e+00	2.08e-05	2.89e-05
 2.86002e+23	1.00e+00	2.07e-05	2.93e-05
 2.89056e+23	1.00e+00	2.06e-05	2.97e-05
 2.92111e+23	1.00e+00	2.05e-05	3.01e-05
 2.95166e+23	1.00e+00	2.04e-05	3.05e-05
 2.98221e+23	1.00e+00	2.03e-05	3.08e-05
 3.01276e+23	1.00e+00	2.03e-05	3.11e-05
 3.04142e+23	1.00e+00	2.02e-05	3.15e-05
